45
0.00486334127831622	0.0	0.0	0.0	0.0	3.0127207051488893E-135	1.0870661286364468E-283	5.017159536681047E-78	0.0	0.0	8.68620461688336E-18	6.31267463067373E-11	5.075417908922537E-11	5.221714550896097E-13	0.0	2.115910541702693E-257	0.0	1.2081863642024733E-169	4.631253093282134E-67	0.0	0.0	0.0	3.974656995569458E-5	4.448776267759793E-129	0.0	8.010450825925201E-16	9.63866853135485E-14	1.9122511265758905E-187	0.0	0.0	1.5380507706281198E-14	0.0	0.0	0.48318197315640227	1.0470538576342561E-12	2.6185445917648846E-167	1.2620734133619388E-14	0.0	0.0	0.0	0.0	0.5119149388797498	1.4111256512832185E-50	0.0	0.0
2.971777980170481E-213	0.02753516070417334	0.7202901056298582	0.0023721722257196982	0.0	1.064084764003649E-170	0.0	6.5148261891051304E-192	0.0	0.0	1.6996211027568951E-91	9.323096746456645E-156	1.1830571830966048E-144	5.59924795016161E-158	0.0	2.0807436977199693E-19	4.44725734723682E-67	5.072662131682739E-6	8.084582114479225E-196	0.0	0.0	5.032649125519981E-136	1.5035713573486924E-209	4.472351006787221E-195	0.24950991072779918	0.0	0.0	6.258877560721266E-109	0.0	0.0	3.208920845461491E-154	0.0	2.8489474838329435E-4	2.618338244747039E-234	0.0	6.235371237943469E-22	0.0	1.630387728292553E-6	1.052914206264182E-6	0.0	0.0	1.4265859365050563E-253	2.9298524023087317E-164	0.0	0.0
4.8422687794145627E-79	0.0	0.0	0.0	0.0	4.311224322818107E-196	0.0	1.8710477871303987E-141	0.0	0.0	6.1940512183210155E-83	2.7117008829391963E-76	2.6385648238267813E-76	2.7205177786144694E-78	0.0	4.045894E-318	0.0	0.0	4.3632079714261846E-119	0.0	0.0	0.0	1.5835734184746038E-73	1.6258494986906272E-193	0.0	0.0021712629402219734	0.9496837304412118	8.191034573722113E-236	0.0	0.0	8.37213629812643E-79	0.0	0.0	3.621081046215232E-78	4.465509240535408E-4	4.459931688109602E-224	0.04769845569451328	0.0	0.0	0.0	0.0	1.0682618519235492E-121	1.7820948320980653E-115	0.0	0.0
1.8235874211592872E-92	2.0283582399111254E-30	2.880074841802633E-10	1.0040605259313684E-26	0.0	2.4800219799196976E-85	9.491263546964411E-268	2.9642606209790553E-74	0.0	0.0	4.2616543470148295E-36	9.080681575151925E-36	1.3651083261935953E-35	2.0991881085564175E-37	0.0	9.221878924775949E-42	6.382025379565086E-65	0.30574477459976934	2.4174666781423367E-74	0.0	0.0	1.0758162642222907E-159	3.532004449732675E-82	8.134481012088624E-74	0.6942357177460574	0.0	0.0	3.696550639644111E-34	0.0	0.0	2.0402046757257162E-38	0.0	1.9471469459376467E-5	1.847604934032329E-105	0.0	1.281282771416707E-20	0.0	1.3550077485012658E-30	3.589670673429848E-8	0.0	0.0	3.1311254831792064E-133	4.2252697382977436E-35	0.0	0.0
1.790999991279413E-45	2.775981414386573E-34	7.855655965737796E-9	5.684582631809699E-183	0.0	3.6568444538561713E-4	9.985401352725168E-142	0.4708483410064713	0.0	0.0	0.04362500447562058	0.22212540759282967	0.007648963703337474	9.551462766173303E-5	0.0	1.6159398569672387E-26	7.199997922185414E-36	0.0	2.9714525770274906E-5	0.0	0.0	0.19890991417461837	8.246361255393279E-38	4.848383164372251E-13	0.05167612072544936	0.0	0.0	3.281135953163199E-37	0.0	0.0	0.004668824916547571	0.0	6.483541150830483E-6	8.292990308850141E-57	0.0	1.780318640704714E-16	0.0	3.1775839423272374E-80	1.840901410321298E-8	0.0	0.0	1.1034921510260107E-87	4.69868507424409E-28	0.0	0.0
8.369930336709953E-287	3.9718725691600756E-17	1.3431677606022245E-56	3.6426107370657867E-7	0.0	1.2151855774692098E-29	0.632399495380729	4.3886254543515494E-8	6.874453983835603E-207	0.0	8.675558155197572E-10	5.335523349156636E-8	5.73435309562346E-8	4.684471517759744E-10	0.0	3.516037025806856E-4	1.1993264633356997E-10	1.1350902294499319E-13	6.566854011413065E-20	5.146868896353679E-34	9.05212053115253E-213	3.762905010175705E-53	6.449537757992277E-285	0.36724837960845136	2.456119584568633E-50	0.0	0.0	5.576146069037417E-136	3.6318545976735904E-214	3.1036783176228263E-15	1.006095868439423E-9	8.859174001335278E-18	4.643997171490899E-54	7.301120210193567E-45	0.0	4.0467833007612814E-69	0.0	7.776051440059523E-19	1.1257060866718893E-55	4.718814611319162E-44	6.322967157838375E-218	0.0	6.211487403774784E-47	9.413024169967782E-42	1.1392843565618212E-41
1.075737008582899E-203	0.0	7.162942218569599E-160	0.0	0.0	6.465459344217436E-27	2.8475602598499903E-232	6.810026012775378E-6	2.5142869152034465E-218	0.0	4.3898668094853117E-13	5.909893332697132E-7	6.93372157226594E-10	5.401668820241575E-12	0.0	7.538418820638504E-223	2.650052204205694E-193	1.1450021338422998E-144	1.4100968372125483E-18	0.0	7.919618782688777E-224	6.67838213841571E-162	2.582577662638377E-193	0.9999925982692914	1.6119337579094269E-152	0.0	0.0	1.2349720887188333E-89	2.226412483503097E-225	1.3119748906033892E-214	1.6149613965427286E-11	1.6779760898581458E-218	1.2385710375294577E-156	3.217401559080429E-216	0.0	2.086914778266568E-151	0.0	0.0	3.124702154702448E-160	0.0	1.2990672605339846E-229	5.3763163264439656E-245	2.4042191840715227E-37	0.0	0.0
0.0	5.486484384496614E-28	0.0	1.3737251938297E-13	0.0	2.081797013742635E-41	3.5647666919176177E-152	7.908627483236909E-33	1.4292601530974128E-44	0.0	2.234511186450887E-5	5.160409938700426E-4	0.0023181037801091077	1.8749355519980384E-5	0.0	0.6327171317366002	0.12035511231990252	0.1401398801950409	2.015056348350806E-39	1.0743373214377595E-20	4.107992745100246E-52	8.203125440331815E-46	0.0	1.8894590664532846E-18	0.0	0.0	0.0	5.256597507335216E-155	7.088099796034233E-52	0.103212159588671	2.2491115786568593E-6	6.982278067070048E-4	0.0	2.5755683758594537E-37	0.0	0.0	0.0	2.5447981086760798E-34	0.0	5.388443528964613E-33	1.1332746849992793E-56	0.0	6.351271483328052E-42	8.382471623653709E-32	1.0319780450382175E-31
5.712360459348585E-25	0.0	0.0	0.0	0.0	0.0	0.0	0.0	0.0	1.0	0.0	0.0	0.0	0.0	0.0	0.0	0.0	0.0	0.0	0.0	0.0	0.0	0.0	0.0	0.0	0.0	0.0	0.0	0.0	0.0	0.0	0.0	0.0	0.0	0.0	0.0	0.0	0.0	0.0	0.0	0.0	0.0	0.0	0.0	0.0
0.0	0.0	0.0	0.0	0.0	0.0	0.0	2.5436305785028516E-8	0.0	0.0	3.24737610289422E-7	0.9934358218840882	0.006430234157741529	5.87177067434048E-5	0.0	0.0	0.0	0.0	6.055112365803324E-14	0.0	0.0	0.0	0.0	2.7562063826328348E-9	0.0	0.0	0.0	0.0	0.0	0.0	7.487332124440866E-5	0.0	0.0	0.0	0.0	0.0	0.0	0.0	0.0	0.0	0.0	0.0	0.0	0.0	0.0
1.717277137215264E-98	7.586558089561809E-25	2.536682764378406E-84	8.740054476387069E-21	0.0	3.5313695231798696E-15	7.609310825093708E-140	3.4995816233485874E-6	1.206998534181981E-6	3.761060493034681E-255	0.002336151314804075	0.21051039857753834	0.01675538925405132	1.0641516193564232E-4	0.0	1.1042044742967051E-15	8.918413453514275E-47	0.0011276166934094955	2.2707857353619844E-22	8.412858665224519E-59	7.368769038842857E-12	8.419253399970219E-28	1.1590540045352851E-90	0.7687114454127686	5.131874344478771E-72	0.0	0.0	9.114167675425887E-48	1.9392264962197725E-12	1.0292398810913288E-43	4.478769960225749E-4	8.371037292318017E-46	8.110159597399188E-82	1.4349770258510614E-82	0.0	1.2860670126322338E-62	0.0	9.35648624917216E-29	7.34248775754389E-87	2.3241431266687887E-69	3.6570168886666725E-16	2.154999510230343E-146	2.4431891863074363E-33	3.2304258429740064E-68	3.738957542504663E-68
3.037392356177713E-216	3.4033990058415845E-24	5.761647240747142E-187	1.0860666332206338E-18	0.0	8.533651130323286E-16	1.973343158645009E-138	8.673747206878576E-12	5.2558251622064E-4	9.1716543E-317	0.07576591110503592	0.8197981232338721	0.08131837303983336	5.470587425516629E-4	0.0	5.56715367168359E-12	2.1037343844952623E-27	0.019080599609340373	6.696959610415421E-35	6.97604198917604E-39	1.974605803481905E-9	1.4348723563041453E-26	2.366966331333186E-205	6.859015095480226E-14	5.992924203458116E-185	0.0	0.0	2.1388453852075804E-146	1.1358656558510587E-9	6.063113019945014E-23	0.002964348628073229	4.794538144658785E-25	2.446582795492918E-189	3.6155864384403537E-65	0.0	5.104463036911654E-175	0.0	4.002621547668119E-29	8.64060448342447E-194	3.160275897994553E-49	2.913882898570382E-13	1.9442181957371108E-265	5.8964057604075846E-43	2.884963850321965E-48	3.174188096616311E-48
2.3912030467786306E-163	1.9609940479607975E-24	3.3361228795244745E-133	1.4484859067722772E-19	0.0	1.4770275691334029E-15	2.895512864398409E-139	5.22091043565493E-10	6.11938921986877E-5	4.511699832875079E-283	0.011097056528517798	0.9266327876173585	0.05762724301473165	0.001055396778751187	0.0	1.0203964871542252E-13	1.1399436007697464E-33	0.0018386316019037288	4.9859961037175695E-27	5.062194206575238E-44	3.6860111846493293E-10	4.647984014205439E-27	3.3478951057560037E-155	5.8499188664382727E-8	1.6153463213308627E-125	0.0	0.0	3.166983006750525E-107	9.193019902944776E-11	2.538522834344622E-29	0.0016876310846032454	1.9576610629843942E-31	5.305581578074993E-132	7.982332885717754E-73	0.0	1.662467814844206E-123	0.0	1.9427256761857369E-28	1.9556226158214233E-135	1.7356658538043188E-54	1.914175884986385E-14	3.461018622076307E-210	9.268924182260169E-42	2.7450434412059987E-53	3.1315655173164428E-53
5.182532329330474E-178	4.0952679609116472E-25	3.4664352007498735E-140	3.2478592216839367E-19	0.0	1.7140316554696547E-16	6.31746467963833E-140	2.7708571185363695E-11	6.3283512097383855E-6	8.782781544655852E-295	0.006402631511420605	0.8806255513564392	0.07041343097956805	0.04084406771046579	0.0	6.396600928180191E-13	3.3125648476758246E-28	3.0402563169144094E-4	3.5548913553047786E-28	5.867728254059564E-44	3.827028102682014E-11	6.085727717007166E-28	4.67648379202397E-170	7.159638476114832E-10	1.3637407049292829E-133	0.0	0.0	3.650766379067301E-116	8.21749615108249E-12	4.9980119961057944E-29	0.0014039636684027728	3.7137804591867576E-31	3.972271639066527E-139	1.6536313827984286E-66	0.0	4.042479987326813E-135	0.0	4.0961770862977295E-29	6.091639493462435E-142	2.2617533217958027E-54	1.866646995692753E-15	1.711597478061322E-224	7.294247076723829E-42	3.7198079549465003E-53	4.250703480005203E-53
1.145883763233939E-57	6.1318002982576286E-33	9.551063246411942E-22	1.184708243838633E-195	0.0	1.1657448615600048E-4	2.393266169393889E-155	1.4601923383771308E-4	0.0	0.0	8.639315576424547E-6	0.14628470824626286	0.008964098870698864	1.0496348921594033E-4	0.0	1.1951383224553503E-38	2.0495982803215383E-48	0.0	0.016873907378383554	0.0	0.0	0.8263683655744722	2.2502837781529224E-50	1.5364864019979372E-25	2.3414435069489067E-14	0.0	0.0	6.931397654939608E-50	0.0	0.0	0.0011327234053733802	0.0	2.051171483485762E-18	3.067547900270491E-69	0.0	1.4870049979222E-28	0.0	2.876549394189014E-79	5.6066904451792814E-21	0.0	0.0	3.1839082909754795E-100	2.0701997145000066E-35	0.0	0.0
1.0860279598051031E-56	3.024582462275177E-216	4.001645007577354E-21	7.13970730535958E-213	0.0	3.597325374984229E-48	1.778012854434601E-240	8.266715593675453E-37	6.481664497522647E-239	0.0	8.486021957823532E-8	0.4354989333899134	0.15663813718082983	0.0020189995854347693	0.0	6.766505052154678E-200	3.707038075119624E-48	0.22853313823998164	5.98930713171964E-39	0.0	1.4724674784801766E-244	2.6437709758452987E-181	6.773081026166457E-47	5.500499846473722E-38	4.985171741437048E-11	5.490597550983988E-302	5.905174646715454E-295	6.459513406419299E-4	9.019392103858248E-246	5.0378982291560864E-244	1.9518382481380737E-4	1.2415383290734039E-245	5.569627749169173E-16	2.538196433360683E-69	1.0545684159445925E-303	9.026681536467547E-7	1.979571347586821E-300	4.004540083376535E-216	6.64767559176204E-19	0.0	4.917774912321096E-250	1.0289599181832517E-98	0.1764686688601596	0.0	0.0
1.1565861964579574E-106	0.0	8.056061653022004E-95	0.0	0.0	8.152516442067936E-71	9.995934767619034E-293	3.861059195376534E-86	0.0	0.0	1.583846776214718E-61	6.240909257602031E-55	4.27863028621264E-55	5.848511085194986E-57	0.0	7.354524819804769E-263	3.2810295488103823E-99	1.0	1.2121916586010608E-84	0.0	0.0	2.0578427526001366E-228	1.9007742818213858E-98	4.4856713781319575E-83	3.2521174917328396E-77	3.469562595791547E-139	6.979567075409881E-134	4.276594251402678E-58	0.0	0.0	7.477864532642034E-58	0.0	4.7505485247706265E-88	4.2178507237144246E-117	4.3274901134086093E-141	2.23565224923872E-70	8.853455713111164E-138	0.0	1.3941902429154835E-92	0.0	0.0	8.080328622462999E-151	7.708360650952982E-56	0.0	0.0
0.0	0.0	0.0	0.0	0.9796863537347148	0.0	0.0	0.0	0.0	0.0	0.0	0.0	0.0	0.0	0.020313646265286704	0.0	0.0	0.0	0.0	0.0	0.0	0.0	0.0	0.0	0.0	0.0	0.0	0.0	0.0	0.0	0.0	0.0	0.0	0.0	0.0	0.0	0.0	0.0	0.0	0.0	0.0	0.0	0.0	0.0	0.0
0.0	1.736296413213656E-55	0.0	8.063308627372872E-10	0.0	4.337881050065672E-86	3.89065079461048E-177	1.0920512430746865E-59	7.629915537202673E-220	0.0	2.731603280661118E-6	5.838562302301371E-4	5.180414656057046E-4	4.6375511654535455E-6	0.0	0.8599536735502882	0.13893687870571414	3.5354699419491235E-60	1.2727671197140492E-63	1.1237891993603197E-68	7.822807020182882E-226	7.219218848066104E-90	0.0	3.6036900070553556E-70	0.0	0.0	0.0	1.2863684581250004E-165	1.0237326160055448E-226	1.1724861967491544E-53	1.8008738537644718E-7	2.9004424794564933E-55	0.0	7.371655868258603E-39	0.0	0.0	0.0	6.493337178847335E-82	0.0	1.3462058058242923E-79	1.5414910210334152E-228	0.0	1.3689920909914414E-43	1.0958297313283324E-78	1.0617865212648083E-78
0.0	0.0	0.0	0.0	0.0	3.597727147511257E-290	0.0	0.0	0.0	0.0	0.0	0.0	0.0	0.0	0.0	0.0	0.0	1.0	0.0	0.0	0.0	0.0	0.0	0.0	0.0	0.0	0.0	0.0	0.0	0.0	0.0	0.0	0.0	0.0	0.0	0.0	0.0	0.0	0.0	0.0	0.0	0.0	0.0	0.0	0.0
1.5949628448703517E-19	0.0	0.0	0.0	0.0	0.0	0.0	1.5793468146188724E-303	0.0	1.0	0.0	1.07391332E-315	0.0	0.0	0.0	0.0	0.0	0.0	3.91447772E-315	0.0	0.0	0.0	0.0	1.020822485567093E-292	0.0	0.0	0.0	0.0	0.0	0.0	0.0	0.0	0.0	0.0	0.0	0.0	0.0	0.0	0.0	0.0	0.0	0.0	0.0	0.0	0.0
9.222050817544928E-264	4.818254236954216E-7	1.0188232314317115E-20	0.9999994447126788	0.0	9.945565592669748E-53	1.937349523773004E-210	2.766182812365357E-29	0.0	0.0	8.589384957398095E-48	3.006243762952187E-48	9.99843895494239E-47	3.671821330663208E-49	0.0	5.681144040912403E-16	9.931945078460403E-65	4.891138446592953E-18	1.4175782096723347E-51	9.902834982116239E-200	0.0	1.8680101501311876E-121	0.0	2.920009559101303E-28	3.6623247633446655E-13	0.0	0.0	1.2396747812374926E-107	0.0	1.1838315408723567E-181	2.3982418209154836E-46	3.1180782560567653E-183	1.0422531478102216E-17	2.3567336717657947E-173	0.0	5.810949677504394E-34	0.0	7.346153085733844E-8	7.238286167670172E-20	1.0307361621596816E-213	0.0	0.0	6.746416271707497E-86	4.786186781168173E-208	1.860389195224117E-207
3.14651981143847E-8	0.0	0.0	0.0	0.0	3.499671247705597E-152	5.9357918393853905E-300	1.0262438176311978E-94	0.0	0.0	1.930675164718914E-35	1.8269127723715281E-28	7.812240055253152E-29	7.845019436200375E-31	0.0	3.563057899299983E-272	0.0	1.7169935232750046E-212	4.3349688769253964E-85	0.0	0.0	0.0	0.4634611446290553	1.6678648343636444E-146	0.0	6.455990723091734E-35	7.880861769108328E-32	7.374110826719381E-203	0.0	0.0	2.8326839559708954E-31	0.0	0.0	0.536538823905746	2.7978964194905723E-36	1.6261433194418145E-165	6.983887963959498E-34	0.0	0.0	0.0	0.0	4.5050257531483655E-54	9.136014535695796E-69	0.0	0.0
0.0	2.1694187740374946E-31	0.0	9.717645981914802E-26	0.0	2.5289500766882043E-23	2.2464752259856453E-146	2.0446952448222516E-19	0.8091517788227316	0.0	1.1168170030635138E-8	1.1619757545580465E-7	3.733764233227338E-8	3.411395815060636E-10	0.0	3.126154815489842E-20	3.3651503695055546E-52	1.0268424870112094E-9	2.1663985159113693E-35	2.417113322995064E-25	2.0488586382585044E-6	9.671345767678675E-36	0.0	5.5173225175061295E-21	0.0	0.0	0.0	8.073739249783346E-160	4.5936864251930247E-7	0.19075886682445511	1.2219537866748899E-9	8.667879954128943E-5	0.0	4.3863011664620925E-151	0.0	0.0	0.0	9.691053661249967E-35	0.0	1.0671593856436862E-37	3.2667786207004504E-11	0.0	4.3486590988894904E-47	8.73104509575688E-37	1.0546035045181997E-36
2.048092041992979E-31	0.0	0.0	0.0	0.0	2.358299448426494E-102	8.73586429144626E-275	8.584692415190992E-77	0.0	0.0	9.37541096751062E-17	2.826139434278914E-9	3.7780996157073217E-10	4.441107433828305E-12	0.0	3.435869072462289E-259	0.0	2.3000843768820056E-274	1.8909158752183962E-66	0.0	0.0	0.0	1.3616219889539378E-24	3.6389314392081167E-128	0.0	0.9918785225957922	0.008119588370928838	2.5662441716268126E-185	0.0	0.0	1.7113854199275128E-13	0.0	0.0	1.1383398735754165E-28	2.678302191980638E-9	2.6099976269210897E-185	1.8831464155323388E-6	0.0	0.0	0.0	0.0	6.042608113721934E-75	1.175480984487823E-50	0.0	0.0
0.0	0.0	0.0	0.0	0.0	0.0	0.0	0.0	0.0	0.0	0.0	0.0	0.0	0.0	0.0	0.0	2.0949746978266654E-186	0.0	0.0	0.9999999959404767	0.0	0.0	0.0	0.0	0.0	0.0	0.0	0.0	0.0	1.7068294795357527E-57	0.0	2.0196508589136352E-56	0.0	0.0	0.0	0.0	0.0	0.0	0.0	2.6076728304242815E-10	0.0	0.0	0.0	1.956136520948343E-9	1.8426191842874536E-9
0.0	0.0	0.0	0.0	0.0	0.0	0.0	0.0	0.0	0.0	0.0	0.0	0.0	0.0	0.0	0.0	3.6587486527013593E-186	0.0	0.0	0.9999999930292915	0.0	0.0	0.0	0.0	0.0	0.0	0.0	0.0	0.0	4.012935009428632E-67	0.0	1.36530080962063E-67	0.0	0.0	0.0	0.0	0.0	0.0	0.0	3.9871710263933564E-10	0.0	0.0	0.0	3.3484959458669955E-9	3.2234955997989435E-9
4.519732078015215E-122	0.0	0.0	6.883515340930536E-279	0.0	2.4780265288018648E-67	9.952258413609492E-241	1.7935444632652513E-68	6.433170109206622E-292	0.0	2.1156310486558822E-7	0.6728076472339138	0.323091192218593	0.0038339094332175976	0.0	2.9208904614069955E-208	4.092336179006466E-257	0.0	1.7667219715221728E-58	1.2616104775687737E-306	2.8437276972487794E-300	0.0	1.5696282132745358E-111	3.7760813171825898E-118	0.0	9.478318633001478E-16	2.4928687742232966E-13	7.149880616955741E-178	6.901575470999225E-299	4.433078816813839E-286	2.6703955089269166E-4	9.352058302189797E-280	0.0	1.3408410365542148E-117	4.1202057466688113E-16	6.112569505499084E-271	2.7746011636731813E-14	0.0	0.0	2.929740467E-314	7.083848735567132E-307	1.2040127520914042E-161	1.1506318560669628E-41	3.520956832E-314	4.659487351E-314
2.2154036508311996E-18	0.0	0.0	0.0	0.0	0.0	0.0	0.0	0.0	1.0	0.0	0.0	0.0	0.0	0.0	0.0	0.0	0.0	0.0	0.0	0.0	0.0	0.0	1.166514816683E-312	0.0	0.0	0.0	0.0	0.0	0.0	0.0	0.0	0.0	0.0	0.0	0.0	0.0	0.0	0.0	0.0	0.0	0.0	0.0	0.0	0.0
0.0	0.0	0.0	0.0	0.0	1.0	0.0	0.0	0.0	0.0	0.0	0.0	0.0	0.0	0.0	0.0	0.0	0.0	0.0	0.0	0.0	0.0	0.0	0.0	0.0	0.0	0.0	0.0	0.0	0.0	0.0	0.0	0.0	0.0	0.0	0.0	0.0	0.0	0.0	0.0	0.0	0.0	0.0	0.0	0.0
4.296295908578728E-219	1.575587031507079E-24	3.327695727850146E-180	1.878196436520835E-15	0.0	1.9670021664328053E-19	1.554169497785165E-140	1.9505106234402885E-14	1.0342279611292768E-9	0.0	0.11038665868180983	0.56224525013031	0.25982498258667386	0.001725604765028182	0.0	5.360631279002629E-6	5.716787512007253E-11	0.0645943856006031	8.238156853858741E-30	4.3158037039540686E-29	5.437916610969096E-15	2.0626290223249944E-30	6.662038433840717E-211	9.051238249363413E-12	1.4515874844584197E-172	0.0	0.0	6.786679898352048E-137	2.8561725123245123E-15	7.991122124254544E-12	0.0012177564957896432	3.805689204866521E-14	1.2892097371588405E-177	2.3824128687358493E-46	0.0	2.3304569876922425E-174	0.0	6.936588865603871E-29	1.2954209819488183E-180	2.6032296709054468E-40	9.63115384952087E-19	1.0557846673152955E-264	2.4288769850310293E-41	4.8811454032794925E-39	5.776286935223531E-39
0.0	0.0	0.0	0.0	0.0	1.0	0.0	0.0	0.0	0.0	0.0	0.0	0.0	0.0	0.0	0.0	0.0	0.0	0.0	0.0	0.0	0.0	0.0	0.0	0.0	0.0	0.0	0.0	0.0	0.0	0.0	0.0	0.0	0.0	0.0	0.0	0.0	0.0	0.0	0.0	0.0	0.0	0.0	0.0	0.0
4.167032538224554E-44	0.0	0.0	0.0	0.0	1.4196344555383764E-108	2.3393818383447186E-283	4.483352049472461E-87	0.0	0.0	3.2169470777587814E-27	2.9506189195819996E-20	8.282923756287003E-21	8.311770072957413E-23	0.0	5.124645282061342E-269	0.0	1.4356046722837987E-283	1.2556026214718256E-77	0.0	0.0	0.0	2.3922184306346115E-38	1.9069058276587745E-138	0.0	0.1196343880494685	5.645928403743318E-4	1.5231097628412122E-195	0.0	0.0	1.3849597454772434E-23	0.0	0.0	1.749286664114153E-43	3.17012371025836E-8	4.081161908823899E-194	0.8798009874089202	0.0	0.0	0.0	0.0	1.275292185571494E-88	4.385203914092016E-67	0.0	0.0
6.817400957320557E-9	0.0	0.0	0.0	0.0	2.7817379729557568E-167	1.15880722E-315	9.203707058507985E-110	0.0	0.0	2.250560482084231E-50	2.0799165731646882E-43	1.1899296410059124E-43	1.251922035585624E-45	0.0	2.3052256326114167E-291	0.0	0.45754194850535124	1.4431870560291926E-99	0.0	0.0	0.0	0.18793931829606195	3.5275967593203257E-161	0.0	1.3445702673029246E-51	2.560011331146782E-46	1.4435040409940341E-217	0.0	0.0	5.051651001849485E-47	0.0	0.0	0.3545187263811855	6.383145985818124E-51	3.0761555609103055E-140	6.777960976729574E-51	0.0	0.0	0.0	0.0	1.2655480162059855E-64	1.374683564517546E-82	0.0	0.0
0.0	0.0	0.0	0.0	0.0	0.0	0.0	0.0	0.0	0.0	0.0	0.0	0.0	0.0	0.0	0.0	8.419478855487619E-187	0.0	0.0	0.9999999998489625	0.0	0.0	0.0	0.0	0.0	0.0	0.0	0.0	0.0	6.678527026124772E-162	0.0	8.105934239571543E-156	0.0	0.0	0.0	0.0	0.0	0.0	0.0	5.6125220394842016E-11	0.0	0.0	0.0	4.915053769937016E-11	4.576236579583569E-11
2.4128189456085994E-7	0.0	0.0	0.0	0.0	3.8730691269354793E-97	3.6261637950658014E-266	1.8288629113705126E-67	0.0	0.0	4.0219559139599295E-8	0.8501612072210457	0.1262765446847083	0.0012907843363738985	0.0	1.7953334033874367E-249	0.0	0.0	8.946866749076234E-59	0.0	0.0	0.0	2.0925338211031528E-5	7.43619019198311E-118	0.0	5.155867560940037E-4	4.527275128932936E-6	3.370165662606766E-176	0.0	0.0	1.9647531856976239E-4	0.0	0.0	3.077006386037196E-8	1.3662847940298007E-10	1.4424785832419422E-160	0.021533636661722373	0.0	0.0	0.0	0.0	5.128495367194311E-56	9.28323172235825E-48	0.0	0.0
0.0	0.0	0.0	0.0	0.0	0.0	0.0	0.0	0.0	0.0	0.0	0.0	0.0	0.0	0.0	0.0	2.3113989860602468E-185	0.0	0.0	0.8548551472522646	0.0	0.0	0.0	0.0	0.0	0.0	0.0	0.0	0.0	8.802442213655767E-81	0.0	3.135178180054113E-79	0.0	0.0	0.0	0.0	0.0	0.0	0.0	0.05631171742811127	0.0	0.0	0.0	0.045897913429168005	0.042935221890456246
3.9566508948040075E-229	1.4295628079657996E-6	2.853008125388524E-12	0.0013482462848601379	0.0	8.505623789281177E-175	0.0	9.889770365365252E-210	0.0	0.0	7.204947382987947E-96	2.8147382815816764E-178	3.42829546150359E-154	5.889830855611177E-172	0.0	1.1524967675016342E-19	1.4322870477438132E-67	6.003673399543589E-7	8.787850548705271E-223	0.0	0.0	7.491572842596277E-137	5.314597669952494E-229	6.651681368376291E-219	0.0017808536289459728	0.0	0.0	1.447996423554052E-112	0.0	0.0	2.23015108641403E-168	0.0	0.015097470856173389	9.855549906357274E-256	0.0	1.188013853172029E-19	0.0	1.1178776768748549E-7	0.9817712875092528	0.0	0.0	4.3475139674575296E-275	7.202545893611632E-193	0.0	0.0
8.046165853105528E-73	0.0	0.0	0.0	0.0	1.4578431391273555E-193	0.0	1.6574671660953344E-138	0.0	0.0	1.8214714660016153E-79	1.1446084138182438E-72	1.4908849265275965E-72	1.8039502931082505E-72	0.0	0.0	0.0	0.0	7.388843098284751E-116	0.0	0.0	0.0	1.9368960500629747E-64	7.4036748704328E-188	0.0	0.08079783451947012	0.001127591704002302	6.804331613298065E-238	0.0	0.0	7.429805836468141E-75	0.0	0.0	1.2265033411548074E-71	0.41357875910196273	1.0761026025951424E-222	0.5044958146745657	0.0	0.0	0.0	0.0	4.298948624013918E-110	1.3051924355738894E-109	0.0	0.0
0.0	0.0	0.0	0.0	0.0	0.0	0.0	0.0	0.0	0.0	0.0	0.0	0.0	0.0	0.0	0.0	0.0	1.0	0.0	0.0	0.0	0.0	0.0	0.0	0.0	0.0	0.0	0.0	0.0	0.0	0.0	0.0	0.0	0.0	0.0	0.0	0.0	0.0	0.0	0.0	0.0	0.0	0.0	0.0	0.0
7.0487046364993125E-15	0.0	0.0	0.0	0.0	1.5098149776322857E-301	0.0	1.0517636883143497E-305	0.0	0.9999999999999929	0.0	0.0	0.0	0.0	0.0	0.0	0.0	0.0	0.0	0.0	0.0	0.0	0.0	2.6634398066777984E-293	0.0	0.0	0.0	0.0	0.0	0.0	0.0	0.0	0.0	0.0	0.0	0.0	0.0	0.0	0.0	0.0	0.0	0.0	0.0	0.0	0.0
8.125834105079481E-101	0.0	0.0	0.0	0.0	4.766232196535925E-233	0.0	2.1680066445716432E-175	0.0	0.0	1.798292651281781E-116	3.6823224640119983E-109	1.4040559328344092E-109	1.6648585305096326E-109	0.0	0.0	0.0	5.57094608887738E-265	4.74335046434087E-164	0.0	0.0	0.0	2.1567099284318775E-98	2.930805635615152E-225	0.0	2.0007108467215397E-108	2.7237082390393824E-110	2.765744472510508E-278	0.0	0.0	5.991091883557153E-112	0.0	0.0	1.0	1.0523299658127112E-107	5.45263399299216E-262	1.2727913907812595E-107	0.0	0.0	0.0	0.0	1.2834392222790869E-143	4.5890867090719264E-147	0.0	0.0
4.2599950649295944E-65	1.6475376466370868E-155	0.0	1.849311940860102E-99	0.0	3.33473054485994E-64	2.4621486566334475E-228	3.5216231195215913E-63	2.4888076564504726E-128	0.0	1.9387535447683973E-7	0.7568131012015918	0.24010279851425692	0.0025421209762907654	0.0	1.3487329361854849E-90	1.1813866774137635E-94	0.0	4.358837249575028E-57	5.603108240681739E-153	2.0734045320273528E-134	1.7471541476923814E-219	4.480216002762462E-58	2.1255101555329922E-79	0.0	9.399192336477262E-23	1.4904765066815666E-17	5.4205215289292935E-170	4.79701525597865E-135	1.2480305705535074E-140	5.417854325060883E-4	1.0578878710786041E-142	0.0	1.360438278505206E-61	4.547019265763549E-22	2.923492020125774E-217	5.312560082255178E-22	4.398311352916207E-199	0.0	1.3462443382478645E-164	2.23132044805534E-138	5.0720055213890335E-109	2.588330081269443E-41	1.1758864854253286E-163	1.3997201596755637E-163
0.0	0.0	0.0	0.0	0.0	0.0	0.0	0.0	0.0	0.0	0.0	0.0	0.0	0.0	0.0	0.0	0.0	1.0	0.0	0.0	0.0	0.0	0.0	0.0	0.0	0.0	0.0	0.0	0.0	0.0	0.0	0.0	0.0	0.0	0.0	0.0	0.0	0.0	0.0	0.0	0.0	0.0	0.0	0.0	0.0
0.0	0.0	0.0	0.0	0.0	0.0	0.0	0.0	0.0	0.0	0.0	0.0	0.0	0.0	0.0	0.0	0.0	1.0	0.0	0.0	0.0	0.0	0.0	0.0	0.0	0.0	0.0	0.0	0.0	0.0	0.0	0.0	0.0	0.0	0.0	0.0	0.0	0.0	0.0	0.0	0.0	0.0	0.0	0.0	0.0
0.13562039053352087	0.0	0.6675567333221678	6.648520461552366E-288	8.56634120111736E-239	0.0	0.0	0.0	0.0	0.0	0.0	2.7943907277323143E-37	0.0	0.0	0.0	0.0	0.0	0.0	0.0	0.0	0.0	0.0	0.0	0.0	0.0	0.0	0.0	0.0	0.0	0.0	0.0	0.0	0.0	2.842393196206926E-9	0.0	0.0	0.0	0.0	0.0	0.0	0.196822873301918	0.0	0.0	0.0	0.0
0.0	0.0	1.1986617889395089E-238	0.9999999999999998	1.0894801112146917E-65	0.0	0.0	0.0	0.0	0.0	0.0	3.054819421724628E-60	0.0	0.0	0.0	0.0	0.0	2.833015880585944E-210	0.0	4.286880209140128E-115	0.0	0.0	0.0	0.0	0.0	0.0	0.0	0.0	0.0	0.0	0.0	0.0	0.0	5.768634353650138E-115	0.0	6.419537691648246E-186	0.0	0.0	0.0	0.0	0.0	0.0	0.0	0.0	0.0
0.0	0.0	1.0000000000000004	0.0	0.0	0.0	0.0	0.0	0.0	0.0	0.0	3.85247950677372E-169	0.0	0.0	0.0	0.0	0.0	9.729331780956981E-214	0.0	0.0	0.0	0.0	0.0	0.0	0.0	0.0	0.0	0.0	0.0	0.0	0.0	0.0	0.0	0.0	0.0	0.0	0.0	0.0	0.0	0.0	0.0	0.0	0.0	0.0	0.0
0.0	0.0	2.706441081928163E-57	1.0000000000000009	3.826195722613176E-206	0.0	0.0	0.0	2.5164740506755492E-241	0.0	0.0	5.302910567823684E-24	0.0	0.0	0.0	0.0	0.0	4.5267363762956826E-83	0.0	1.8189959953672299E-37	0.0	0.0	0.0	0.0	0.0	0.0	0.0	0.0	0.0	0.0	0.0	0.0	0.0	4.592140050365134E-49	0.0	7.030273475021689E-50	0.0	0.0	0.0	0.0	0.0	0.0	0.0	0.0	0.0
0.0	0.0	4.4379016957790014E-57	1.0211256224349567E-79	0.9999999999999992	0.0	0.0	0.0	0.0	0.0	0.0	1.4575828616251988E-57	0.0	0.0	0.0	0.0	0.0	0.0	0.0	0.0	0.0	0.0	0.0	0.0	0.0	0.0	0.0	0.0	0.0	0.0	0.0	0.0	0.0	0.0	0.0	0.0	0.0	0.0	0.0	0.0	0.0	0.0	0.0	0.0	0.0
0.0	0.0	4.6888836115606196E-39	0.003455995165200064	1.63505372844242E-130	0.9944451234827435	0.0	0.0	1.830579778004849E-218	0.0	0.0	0.0020988813520572856	0.0	0.0	0.0	0.0	0.0	3.2702964166707327E-219	0.0	6.098479942520064E-183	0.0	0.0	0.0	0.0	0.0	0.0	0.0	0.0	0.0	0.0	0.0	0.0	0.0	1.03673460317075E-186	0.0	0.0	0.0	0.0	0.0	0.0	0.0	0.0	0.0	0.0	0.0
0.0	0.0	1.6767186949752204E-227	5.539515407321967E-23	0.0	0.0	0.0	0.0	2.1661830929573463E-219	0.0	0.0	5.695118710334096E-17	0.0	0.0	0.0	0.0	0.0	4.143980420434552E-52	0.0	4.610567784985997E-37	0.0	0.0	0.0	0.0	0.0	0.0	0.0	0.0	0.0	0.0	0.0	0.0	0.0	0.0	0.0	1.0	0.0	0.0	0.0	0.0	0.0	0.0	0.0	0.0	0.0
0.0	0.0	1.83276186760534E-28	5.252940575841343E-32	7.499513237210212E-227	0.0	0.0	0.0	3.273707954218581E-98	0.0	0.0	1.0000000000000027	0.0	0.0	0.0	0.0	0.0	1.7607272886805272E-109	0.0	3.32859617182608E-109	0.0	0.0	0.0	0.0	0.0	0.0	0.0	0.0	0.0	0.0	0.0	0.0	0.0	9.895370951898711E-176	0.0	2.3369536500406737E-100	0.0	0.0	0.0	0.0	0.0	0.0	0.0	0.0	0.0
0.0	0.0	2.5819843662225833E-172	2.5981890270772074E-22	0.0	0.0	0.0	0.0	1.0000000000000002	0.0	0.0	1.7273945890773498E-39	0.0	0.0	0.0	0.0	0.0	1.0801212882761176E-39	0.0	1.911885746244263E-28	0.0	0.0	0.0	0.0	0.0	0.0	0.0	0.0	0.0	0.0	0.0	0.0	0.0	0.0	0.0	0.0	0.0	0.0	0.0	0.0	0.0	0.0	0.0	0.0	0.0
1.0	0.0	0.0	0.0	0.0	0.0	0.0	0.0	0.0	0.0	0.0	0.0	0.0	0.0	0.0	0.0	0.0	0.0	0.0	0.0	0.0	0.0	0.0	0.0	0.0	0.0	0.0	0.0	0.0	0.0	0.0	0.0	0.0	0.0	0.0	0.0	0.0	0.0	0.0	0.0	0.0	0.0	0.0	0.0	0.0
3.966816382503807E-301	0.0	1.6749387392520931E-59	0.4443661982606255	4.1322600723184436E-113	0.0	0.0	0.0	1.7021019726586512E-15	0.0	0.0	0.5556338017393737	0.0	0.0	0.0	0.0	0.0	1.124800945713988E-37	0.0	4.433322101935474E-41	0.0	0.0	0.0	0.0	0.0	0.0	0.0	0.0	0.0	0.0	0.0	0.0	0.0	2.3426415226502105E-173	0.0	7.637827668690673E-139	1.514851242041895E-175	0.0	0.0	0.0	0.0	0.0	0.0	0.0	0.0
3.036040183644079E-287	0.0	2.1148659102792315E-38	7.337039818173292E-9	3.871890882160376E-71	0.0	0.0	0.0	1.4360785016784952E-18	0.0	0.0	0.9999999926629609	0.0	0.0	0.0	0.0	0.0	1.3669917832554709E-40	0.0	2.5018663563514157E-45	0.0	0.0	0.0	0.0	0.0	0.0	0.0	0.0	0.0	0.0	0.0	0.0	0.0	7.3031376319665435E-121	0.0	5.072738247471307E-168	4.7441705788083924E-132	0.0	0.0	0.0	0.0	0.0	0.0	0.0	0.0
6.706698053429101E-286	0.0	8.763430717667065E-30	2.4465930487471556E-7	6.185846489116601E-56	0.0	0.0	0.0	1.3722819291574242E-17	0.0	0.0	0.9999997553406921	0.0	0.0	0.0	0.0	0.0	4.3508823560335174E-39	0.0	6.481974559180098E-44	0.0	0.0	0.0	0.0	0.0	0.0	0.0	0.0	0.0	0.0	0.0	0.0	0.0	3.3801253164277364E-120	0.0	7.604521527048181E-138	2.4323880526960367E-129	0.0	0.0	0.0	0.0	0.0	0.0	0.0	0.0
3.7164124506660805E-287	0.0	6.41765690144E-25	2.081523562821988E-8	1.7719714568134333E-47	0.0	0.0	0.0	1.3371715566466367E-18	0.0	0.0	0.9999999791847646	0.0	0.0	0.0	0.0	0.0	8.831928136938023E-40	0.0	4.174411999110217E-45	0.0	0.0	0.0	0.0	0.0	0.0	0.0	0.0	0.0	0.0	0.0	0.0	0.0	3.091662714868292E-118	0.0	2.9835572596266266E-138	3.466124237885055E-126	0.0	0.0	0.0	0.0	0.0	0.0	0.0	0.0
0.0	0.0	2.402547324736372E-45	1.0657115207967952E-136	1.0000000000000004	0.0	0.0	0.0	0.0	0.0	0.0	5.523789726665406E-45	0.0	0.0	0.0	0.0	0.0	0.0	0.0	0.0	0.0	0.0	0.0	0.0	0.0	0.0	0.0	0.0	0.0	0.0	0.0	0.0	0.0	0.0	0.0	0.0	0.0	0.0	0.0	0.0	0.0	0.0	0.0	0.0	0.0
0.0	0.0	3.1164475218109015E-19	0.9999999999994744	1.036044942848936E-226	0.0	0.0	0.0	4.9223700105263506E-101	0.0	0.0	5.270091855124445E-13	0.0	0.0	0.0	0.0	0.0	1.6874660546235115E-46	0.0	2.5073390562176444E-30	0.0	0.0	0.0	0.0	0.0	0.0	0.0	0.0	0.0	0.0	0.0	0.0	0.0	2.451913015490447E-230	0.0	2.5867231834426983E-17	0.0	0.0	0.0	0.0	0.0	0.0	0.0	0.0	0.0
0.0	0.0	0.9517373343390304	0.048262665660969775	0.0	0.0	0.0	0.0	5.6213433988256715E-59	0.0	0.0	1.4241751292691983E-37	0.0	0.0	0.0	0.0	0.0	9.458878592930743E-40	0.0	7.618026230395213E-17	0.0	0.0	0.0	0.0	0.0	0.0	0.0	0.0	0.0	0.0	0.0	0.0	0.0	0.0	0.0	1.239191922795206E-103	0.0	0.0	0.0	0.0	0.0	0.0	0.0	0.0	0.0
0.0	0.0	4.477970149258556E-78	9.05766561337296E-58	0.0	1.596279659546674E-221	0.0	0.0	9.22226499646948E-50	0.0	0.0	1.9752230020556492E-61	0.0	0.0	0.0	0.0	0.0	0.9999999999999954	0.0	8.584236263205948E-61	0.0	0.0	0.0	0.0	0.0	0.0	0.0	0.0	0.0	0.0	0.0	0.0	0.0	0.0	0.0	2.8781280683991255E-186	0.0	0.0	0.0	0.0	0.0	0.0	0.0	0.0	0.0
0.0	0.0	3.164297738547542E-67	8.900075159996464E-56	3.73852011801951E-75	0.0	0.0	0.0	1.002800820077984E-281	0.0	0.0	1.0	0.0	0.0	0.0	0.0	0.0	3.864527886769652E-267	0.0	2.7803445513602434E-257	0.0	0.0	0.0	0.0	0.0	0.0	0.0	0.0	0.0	0.0	0.0	0.0	0.0	0.0	0.0	1.0970125866327813E-242	6.784731185772488E-187	0.0	0.0	0.0	0.0	0.0	0.0	0.0	0.0
0.0	0.0	4.306474968668527E-292	2.010179427410647E-31	0.0	0.0	0.0	0.0	0.0	0.0	0.0	0.0	0.0	0.0	0.0	0.0	0.0	0.0	0.0	0.9999999999999996	0.0	0.0	0.0	0.0	0.0	0.0	0.0	0.0	0.0	0.0	0.0	0.0	0.0	4.691665756186246E-28	0.0	0.0	0.0	0.0	0.0	0.0	0.0	0.0	0.0	0.0	0.0
0.0	0.0	1.0954881812262844E-167	8.019725856102826E-21	0.0	0.0	0.0	0.0	1.0000000000000002	0.0	0.0	4.1256140608723405E-37	0.0	0.0	0.0	0.0	0.0	1.4073840298519813E-38	0.0	1.218322786538589E-28	0.0	0.0	0.0	0.0	0.0	0.0	0.0	0.0	0.0	0.0	0.0	0.0	0.0	0.0	0.0	0.0	0.0	0.0	0.0	0.0	0.0	0.0	0.0	0.0	0.0
0.0	0.0	3.877355706026484E-73	0.9999999904971184	4.979475763128904E-196	0.0	0.0	0.0	0.0	0.0	0.0	9.50288156643433E-9	0.0	0.0	0.0	0.0	0.0	0.0	0.0	1.2466710358690976E-243	0.0	0.0	0.0	0.0	0.0	0.0	0.0	0.0	0.0	0.0	0.0	0.0	0.0	5.614921316166508E-244	0.0	0.0	0.0	0.0	0.0	0.0	0.0	0.0	0.0	0.0	0.0
1.6694541006924827E-166	0.0	0.9999999999521725	0.0	0.0	0.0	0.0	0.0	0.0	0.0	0.0	1.6095929657018804E-61	0.0	0.0	0.0	0.0	0.0	0.0	0.0	0.0	0.0	0.0	0.0	0.0	0.0	0.0	0.0	0.0	0.0	0.0	0.0	0.0	0.0	4.7826643944727746E-11	0.0	0.0	0.0	0.0	0.0	0.0	1.1018826718289542E-29	0.0	0.0	0.0	0.0
7.188120208791056E-270	0.0	7.946861708006275E-71	1.011083432753109E-26	0.0	0.0	0.0	0.0	6.564431740603849E-30	0.0	0.0	0.9999999999999986	0.0	0.0	0.0	0.0	0.0	1.110525471626384E-44	0.0	2.2189117595784965E-45	0.0	0.0	0.0	0.0	0.0	0.0	0.0	0.0	0.0	0.0	0.0	0.0	0.0	0.0	0.0	5.3604254977519524E-34	0.0	0.0	0.0	0.0	0.0	0.0	0.0	0.0	0.0
0.0	0.0	1.0000000000000004	1.0981101245553674E-105	2.2780070106774757E-96	0.0	0.0	0.0	0.0	0.0	0.0	2.7079252953557516E-44	0.0	0.0	0.0	0.0	0.0	1.0636585921606207E-88	0.0	0.0	0.0	0.0	0.0	0.0	0.0	0.0	0.0	0.0	0.0	0.0	0.0	0.0	0.0	0.0	0.0	0.0	0.0	0.0	0.0	0.0	0.0	0.0	0.0	0.0	0.0
0.0	0.0	0.0	0.0	0.0	0.0	0.0	0.0	0.0	0.0	0.0	0.0	0.0	0.0	0.0	0.0	0.0	0.0	0.0	0.0	0.0	0.0	0.0	0.0	0.0	0.0	0.0	0.0	0.0	0.0	0.0	0.0	0.0	0.0	0.0	0.0	0.9999999999999992	0.0	0.0	0.0	0.0	0.0	0.0	0.0	0.0
0.0	0.0	0.0	0.0	0.0	0.0	0.0	0.0	0.0	0.0	0.0	5.752496586365433E-281	0.0	0.0	0.0	0.0	0.0	0.0	0.0	0.0	0.0	0.0	0.0	0.0	0.0	0.0	0.0	0.0	0.0	0.0	0.0	0.0	0.0	0.0	0.0	0.0	1.0	0.0	0.0	0.0	0.0	0.0	0.0	0.0	0.0
0.0	0.0	0.9999980702665358	9.04057659695602E-260	2.4649537587130507E-126	0.0	0.0	0.0	2.1581145393143038E-295	0.0	0.0	1.9297334642380995E-6	0.0	0.0	0.0	0.0	0.0	4.106601576485548E-51	0.0	0.0	0.0	0.0	0.0	0.0	0.0	0.0	0.0	0.0	0.0	0.0	0.0	0.0	0.0	0.0	0.0	0.0	0.0	0.0	0.0	0.0	0.0	0.0	0.0	0.0	0.0
0.0	0.0	1.7788354794558553E-172	8.028915669839842E-21	0.0	0.0	0.0	0.0	0.9999999999999997	0.0	0.0	1.125158209283229E-39	0.0	0.0	0.0	0.0	0.0	1.7336739755467108E-38	0.0	4.027417221479248E-31	0.0	0.0	0.0	0.0	0.0	0.0	0.0	0.0	0.0	0.0	0.0	0.0	0.0	0.0	0.0	0.0	0.0	0.0	0.0	0.0	0.0	0.0	0.0	0.0	0.0
0.0	0.0	0.0	9.010715722950689E-27	0.0	0.0	0.0	0.0	1.0114829926837749E-20	0.0	0.0	2.4436800295458191E-26	0.0	0.0	0.0	0.0	0.0	5.1033266434102695E-45	0.0	0.9999999999999999	0.0	0.0	0.0	0.0	0.0	0.0	0.0	0.0	0.0	0.0	0.0	0.0	0.0	0.0	0.0	3.4704107589779105E-173	0.0	0.0	0.0	0.0	0.0	0.0	0.0	0.0	0.0
2.537465723032335E-294	0.0	2.037339873270471E-30	1.4696669038586772E-9	4.952612557205595E-52	0.0	0.0	0.0	1.924641758725482E-22	0.0	0.0	0.9999999985303314	0.0	0.0	0.0	0.0	0.0	9.944955705655558E-44	0.0	3.891793317134551E-47	0.0	0.0	0.0	0.0	0.0	0.0	0.0	0.0	0.0	0.0	0.0	0.0	0.0	2.135623696879613E-86	0.0	6.65015967229872E-127	7.6449133381260755E-137	0.0	0.0	0.0	0.0	0.0	0.0	0.0	0.0
0.0	0.0	0.0	5.9928417947892044E-27	0.0	0.0	0.0	0.0	3.0815271904657927E-29	0.0	0.0	7.782119522926402E-31	0.0	0.0	0.0	0.0	0.0	5.971781182781886E-42	0.0	1.0000000000000002	0.0	0.0	0.0	0.0	0.0	0.0	0.0	0.0	0.0	0.0	0.0	0.0	0.0	0.0	0.0	2.1915715340745553E-177	0.0	0.0	0.0	0.0	0.0	0.0	0.0	0.0	0.0
0.0	0.0	1.0000000000000004	4.378289326477256E-188	1.013058304922796E-203	0.0	0.0	0.0	0.0	0.0	0.0	7.557578412120883E-47	0.0	0.0	0.0	0.0	0.0	4.253976948400607E-95	0.0	0.0	0.0	0.0	0.0	0.0	0.0	0.0	0.0	0.0	0.0	0.0	0.0	0.0	0.0	0.0	0.0	0.0	0.0	0.0	0.0	0.0	0.0	0.0	0.0	0.0	0.0
2.0232944406559926E-159	0.0	0.00279318966936772	1.9469405355264794E-41	0.0	0.0	0.0	0.0	0.0	0.0	0.0	9.893675335533315E-59	0.0	0.0	0.0	0.0	0.0	0.0	0.0	2.235662689819833E-39	0.0	0.0	0.0	0.0	0.0	0.0	0.0	0.0	0.0	0.0	0.0	0.0	0.0	0.9972068103306326	0.0	0.0	0.0	0.0	0.0	0.0	2.3209040125457737E-20	0.0	0.0	0.0	0.0
0.0	0.0	0.0	0.0	0.0	0.0	0.0	0.0	0.0	0.0	0.0	0.0	0.0	0.0	0.0	0.0	0.0	0.0	0.0	0.0	0.0	0.0	0.0	0.0	0.0	0.0	0.0	0.0	0.0	0.0	0.0	0.0	0.0	0.0	0.0	0.0	1.0000000000000009	0.0	0.0	0.0	0.0	0.0	0.0	0.0	0.0
5.996979681905615E-153	0.0	1.0000000000000002	8.095887178696341E-126	9.731859054400884E-34	0.0	0.0	0.0	9.093569774685081E-285	0.0	0.0	1.712697049554103E-22	0.0	0.0	0.0	0.0	0.0	5.004642448105212E-83	0.0	0.0	0.0	0.0	0.0	0.0	0.0	0.0	0.0	0.0	0.0	0.0	0.0	0.0	0.0	2.7245078787983323E-146	0.0	0.0	0.0	0.0	0.0	0.0	6.331027874196423E-171	0.0	0.0	0.0	0.0
0.0	0.0	0.0	0.0	0.0	0.0	0.0	0.0	0.0	0.0	0.0	5.213668918375E-311	0.0	0.0	0.0	0.0	0.0	0.0	0.0	0.0	0.0	0.0	0.0	0.0	0.0	0.0	0.0	0.0	0.0	0.0	0.0	0.0	0.0	0.0	0.0	0.0	1.0	0.0	0.0	0.0	0.0	0.0	0.0	0.0	0.0
0.0	0.0	1.3596140343226543E-292	1.0000000000000009	2.4726967642758843E-204	0.0	0.0	0.0	0.0	0.0	0.0	8.609818643002676E-80	0.0	0.0	0.0	0.0	0.0	1.960052561760472E-241	0.0	1.867376647759088E-136	0.0	0.0	0.0	0.0	0.0	0.0	0.0	0.0	0.0	0.0	0.0	0.0	0.0	1.7628334628830027E-135	0.0	9.167619732372406E-221	0.0	0.0	0.0	0.0	0.0	0.0	0.0	0.0	0.0
0.0	0.0	1.0000000000000007	0.0	0.0	0.0	0.0	0.0	0.0	0.0	0.0	3.032609477435675E-166	0.0	0.0	0.0	0.0	0.0	1.5980320779801895E-209	0.0	0.0	0.0	0.0	0.0	0.0	0.0	0.0	0.0	0.0	0.0	0.0	0.0	0.0	0.0	0.0	0.0	0.0	0.0	0.0	0.0	0.0	0.0	0.0	0.0	0.0	0.0
0.0	0.0	0.0	1.4202608759941834E-51	0.0	0.0	0.0	0.0	0.0	0.0	0.0	0.0	0.0	0.0	0.0	0.0	0.0	0.0	0.0	1.0	0.0	0.0	0.0	0.0	0.0	0.0	0.0	0.0	0.0	0.0	0.0	0.0	0.0	8.771622457827622E-45	0.0	0.0	0.0	0.0	0.0	0.0	0.0	0.0	0.0	0.0	0.0
0.0	0.0	6.413662542842064E-171	3.793714346739783E-19	0.0	0.0	0.0	0.0	1.0	0.0	0.0	9.8082911352027E-38	0.0	0.0	0.0	0.0	0.0	1.0272800995197988E-35	0.0	5.680678192612491E-29	0.0	0.0	0.0	0.0	0.0	0.0	0.0	0.0	0.0	0.0	0.0	0.0	0.0	0.0	0.0	0.0	0.0	0.0	0.0	0.0	0.0	0.0	0.0	0.0	0.0
0.0	0.0	0.7307913510855553	0.0	0.0	0.0	0.0	0.0	0.0	0.0	0.0	9.559800705773276E-91	0.0	0.0	0.0	0.0	0.0	0.0	0.0	0.0	0.0	0.0	0.0	0.0	0.0	0.0	0.0	0.0	0.0	0.0	0.0	0.0	0.0	6.494462358542425E-12	0.0	0.0	0.0	0.0	0.0	0.0	0.2692086489079507	0.0	0.0	0.0	0.0
0.0	0.0	0.9580038702707021	1.5399200154871329E-198	2.3440002310203874E-66	0.0	0.0	0.0	2.756220811109427E-248	0.0	0.0	0.04199612972929802	0.0	0.0	0.0	0.0	0.0	8.790974175946062E-50	0.0	0.0	0.0	0.0	0.0	0.0	0.0	0.0	0.0	0.0	0.0	0.0	0.0	0.0	0.0	0.0	0.0	0.0	0.0	0.0	0.0	0.0	0.0	0.0	0.0	0.0	0.0
0.0	0.0	0.0	1.670626404736271E-76	0.0	0.0	0.0	0.0	0.0	0.0	0.0	0.0	0.0	0.0	0.0	0.0	0.0	0.0	0.0	1.0	0.0	0.0	0.0	0.0	0.0	0.0	0.0	0.0	0.0	0.0	0.0	0.0	0.0	9.915782209197696E-71	0.0	0.0	0.0	0.0	0.0	0.0	0.0	0.0	0.0	0.0	0.0
0.0	0.0	0.0	2.659764689892863E-68	0.0	0.0	0.0	0.0	0.0	0.0	0.0	0.0	0.0	0.0	0.0	0.0	0.0	0.0	0.0	0.9999999999999996	0.0	0.0	0.0	0.0	0.0	0.0	0.0	0.0	0.0	0.0	0.0	0.0	0.0	1.0947036550024211E-62	0.0	0.0	0.0	0.0	0.0	0.0	0.0	0.0	0.0	0.0	0.0
0.11117669129726844	0.011056612585388433	4.5452598620207055E-6	0.06404561955714552	0.10019687479519218	3.932304285919267E-6	8.381156463728252E-255	1.1950774109665906E-7	0.0	0.0	1.9299356108787733E-9	0.04651727571017555	0.013403959567750048	2.487088573215217E-4	0.05889403429571685	9.194311074462292E-17	7.571948610521422E-52	0.10606060606060602	0.06030711709736981	0.08333261781873916	0.0	0.0678400067616852	0.038067242924997455	7.742366812889248E-113	0.07574735880552143	0.0033847114798123074	0.004189486697614277	7.68669670968735E-6	0.0	0.0	4.079765351409401E-4	0.0	9.340005150516407E-7	0.14437792098616778	8.300736504420972E-7	1.6517980815064233E-4	7.293246805482971E-7	9.96750792268169E-4	1.0884584838363014E-6	5.469020797448169E-7	0.0	0.0018326867499788364	0.007729977745530752	6.205422043597867E-8	1.0655829395687562E-7
