32
NULL,rt_sigprocmask@sigprocmask,exit_group@_exit,rt_sigaction@__libc_sigaction,sched_yield@__sched_yield,time@time,open@__open_nocancel,read@__read_nocancel,mmap@__mmap,munmap@__munmap,mprotect@__mprotect,write@__write_nocancel,syslog@syslog,getpid@__getpid,writev@writev,close@close,open@__open,fstat@_fxstat,read@__libc_read,close@__close_nocancel,mremap@__mremap,stat@_xstat,socket@socket,fcntl@__fcntl,connect@connect,madvise@madvise,lstat@_lxstat,openat@__openat_nocancel,getdents@__getdents,lseek@lseek,getrlimit@getrlimit,write@__libc_write
0.8311647492383628	0.07443676471642584	0.016764436182773484	0.0324799437524903	2.688503777968061E-4	0.006075428888707929	0.015786808441914588	4.046516291142222E-6	0.013980158706018719	0.0015982072500808884	1.505344242594778E-5	3.566537251440774E-4	0.0017021723528695234	0.002310584746293536	0.0011768044152395303	8.772723176996538E-4	6.810689237984342E-4	7.196493875580172E-5	9.930002592274067E-8	2.1528033973807988E-8	1.0505414045935408E-6	2.8176474469253886E-4	3.3433128821714806E-4	0.0	3.3433128821714806E-4	1.0946367285705309E-8	4.947092237494247E-6	2.659255567062101E-11	1.8297025616026115E-8	6.428018531361227E-9	7.265839462895647E-8	0.0016101306591952771
0.06629363506803403	0.031756577486476256	0.037383114063897056	0.06813218949671569	4.893743455791105E-4	0.002969827112417551	0.004908315877412881	3.7227695267555936E-6	0.007452073657305615	9.862392621461389E-4	8.393699716468424E-6	3.090727984192769E-4	5.011228856793608E-4	9.843391975390375E-4	7.933617295945895E-4	6.67869829783867E-4	5.050068790458554E-4	6.201137357731955E-5	1.3520749852377223E-7	2.1675705015759243E-8	5.969326228698621E-7	8.855776774661403E-5	2.49408563413527E-4	0.0	2.49408563413527E-4	9.643401122472285E-9	1.6082637762088004E-6	3.13822261359327E-11	1.3921530340527833E-8	5.991999849976057E-9	8.747999777004047E-8	9.532188892700874E-4
0.06229305751526308	0.019299457320253774	0.00436426919228072	0.00804621613902855	6.821398877246606E-5	0.0010088362790235737	0.0029036818017785485	2.227498142289611E-6	0.0036479866908473136	5.255791268926125E-4	3.912984538406826E-6	2.849273750530217E-4	3.019543498513909E-4	6.204308828527528E-4	4.2764486519556854E-4	2.32246773709593E-4	1.6485736947121385E-4	3.244178172224671E-5	4.04444759821395E-8	1.9137142606671377E-8	2.955728509638797E-7	6.415739189853602E-5	8.045943489317285E-5	0.0	8.045943489317285E-5	6.9564754714653375E-9	9.97473749029171E-7	1.5592541116354053E-11	3.866966191852422E-9	1.4905899204257176E-9	4.3345115343762355E-8	5.14016536988924E-4
0.05965125144548961	0.024286814321419648	0.036814555364046084	0.029319713991829935	6.34758980369594E-4	0.0017171956706515475	0.0035830123257337724	2.622503350580719E-6	0.004929125429640202	6.610159218785898E-4	5.67626530507452E-6	2.746740537541724E-4	3.6739257520284463E-4	7.166183165180133E-4	5.394913810248621E-4	4.032529751574955E-4	3.302794934968222E-4	4.132281522719534E-5	7.076233357005639E-8	1.8842353735672785E-8	3.8478727757652505E-7	6.877939892308258E-5	1.6422636047832206E-4	0.0	1.6422636047832206E-4	7.698448230334292E-9	1.1479622455009073E-6	2.021476053277661E-11	9.02523977850382E-9	3.452381649574069E-9	5.627971340960907E-8	6.374990528677955E-4
6.410553884062767E-4	2.339517556223994E-4	4.0221437471192194E-4	2.976865742420244E-4	2.1497088800090085E-4	1.5946197228278756E-5	3.536326868152554E-5	2.6808759244751505E-8	4.805539165392335E-5	6.6410723582827995E-6	5.3131217318405886E-8	2.9484687467464166E-6	3.6474486265042815E-6	7.325321522473176E-6	5.386293826998872E-6	3.6498619796115114E-6	2.7381442129312754E-6	4.133872832012827E-7	6.786988653693599E-10	2.0077501031194594E-10	3.852346043029588E-9	7.185220585964203E-7	1.348310210163658E-6	0.0	1.348310210163658E-6	7.84283760604224E-11	1.182696886223625E-8	2.0283290300761307E-13	7.112999709555669E-11	2.876589775597458E-11	5.645385145737391E-10	6.453830118543692E-6
0.0037326957722543237	0.00176325243267992	5.956769805972853E-4	0.0011640084337830219	1.0546694050692137E-5	1.4047801086019223E-4	0.0077239208073969405	1.9363930121908043E-5	0.0052242353937442315	8.44708211731157E-5	5.073726140027632E-7	9.21724517685629E-6	4.134651772510614E-5	3.86295541243751E-4	5.1646541686049456E-5	3.9232991207972634E-5	3.1236291982131057E-5	3.0909319839983626E-6	8.405128294478243E-9	8.383691445746607E-10	4.288869644670318E-8	7.402548042479242E-6	1.549639597232269E-5	0.0	1.549639597232269E-5	5.17462127365739E-10	1.2301534541794136E-7	1.191882744278274E-12	8.608610257093998E-10	2.9981106884237426E-10	3.3041221366368445E-9	6.206522963377678E-5
0.00822660251538634	0.004781339676279428	0.0014722551480086518	0.002606739156956937	2.438328116213003E-5	5.456405948410843E-4	0.008272368783998132	0.003323676681702422	0.00672868256023521	5.818628773560828E-4	3.4003342710199152E-6	2.3746040623099965E-4	0.009973962168158068	2.6201680484566034E-4	1.6400451554169013E-4	2.0206494301003275E-4	6.819657680759394E-5	1.3021923737004226E-4	2.4729227205637572E-8	1.2161857930218429E-5	4.263596536829354E-7	3.726420909078418E-5	2.761175928447965E-5	0.0	2.761175928447965E-5	7.93024692923466E-9	3.110940227827111E-7	2.5502911446990506E-10	1.4370038527540715E-9	5.834274864511679E-10	6.212440728457032E-8	7.811138340098016E-4
2.8542559963542667E-4	6.204267087763282E-4	1.2348001736686915E-4	2.3715661762933323E-4	1.8931524965770924E-6	2.4672667943562636E-5	1.414548001645478E-4	7.376045808138603E-5	4.012948169949474E-4	2.129154378558609E-5	8.053509612061084E-8	0.0011335826856899648	4.0842010976219025E-6	9.277154853559477E-6	4.746679993646644E-6	1.2382159808276188E-5	4.706246346852218E-6	1.1329194103505138E-6	9.365347344965224E-10	2.4082391060381005E-10	2.5036756697354615E-8	1.4765376361627742E-6	1.9673668428731413E-6	0.0	1.9673668428731413E-6	8.690754508867908E-11	9.667603425901887E-9	2.0386612123827953E-10	1.4207175733879357E-10	4.097717922500706E-11	4.4248897565832605E-8	3.980139164397141E-5
0.004377802204033045	0.003407103713216387	0.0011745894622899483	0.002264008223791033	2.0729677113277883E-5	2.8975864415771164E-4	9.770833879721179E-4	1.0375574058763756E-6	0.04496505999573605	0.042861095875309806	0.013829171783490366	8.592472536253959E-5	9.372290523584874E-4	1.21144273038369E-4	9.718309689963749E-4	1.2182875057147583E-4	1.6031098114118895E-4	9.587499963929948E-6	1.9314314469808466E-8	2.34655560113477E-8	1.0681054492678403E-7	3.8133533305055284E-5	8.240330918048441E-5	0.0	8.240330918048441E-5	3.1979237597835776E-9	3.2153316839522875E-7	4.620011942258377E-12	1.6453702612784058E-9	5.821399585399511E-10	1.2897058745468714E-8	2.3862302742523015E-4
0.006570725680723008	0.005283752214999555	0.0018987900922480393	0.0037307720589901915	3.40738286826116E-5	7.684688340317912E-4	0.0011857982933445631	2.6357249199136054E-6	0.016103614040724013	0.01345485493124069	0.02581402418734341	6.742263912103994E-5	5.039468913572918E-4	6.552409773884092E-4	2.3244717742432541E-4	1.444213266105383E-4	1.1038685199959288E-4	3.105553036709903E-5	3.180235747513316E-8	5.441566371529619E-8	8.781414828873534E-7	1.588621813800534E-5	5.433192784448646E-5	0.0	5.433192784448646E-5	2.956015004588212E-9	3.0460270610291634E-7	1.183556458184232E-11	2.8772317228507392E-9	9.910564808450336E-10	3.3075735313595595E-8	6.160784472586649E-4
0.0034257406227462717	0.00288932516220191	0.0011363561399604573	0.002272806480694877	2.0867639506320497E-5	2.7067865259234366E-4	5.584844660496877E-4	3.8458092062979215E-7	0.006403834790861775	0.019925911544372215	1.1765053366127787E-6	1.3087324992773146E-5	5.495265978870502E-5	9.899765377540412E-5	6.293274801725342E-5	7.032531782938814E-5	6.133556691215495E-5	5.922804036612237E-6	2.114350372166807E-8	1.108295084193183E-9	7.11799355139713E-8	7.358291460666731E-6	3.057322944573059E-5	0.0	3.057322944573059E-5	8.197917605142066E-10	1.6454235300328522E-7	1.9476026439857667E-12	1.8782541255328514E-9	6.325546043762271E-10	5.4293753328312E-9	1.075217256247787E-4
6.276077723843572E-4	6.700907086234898E-4	1.2757588274020854E-4	2.4292581313670837E-4	1.915117810692757E-6	1.724244913245321E-5	0.002688722476859922	5.5818420364827465E-8	5.244936439126095E-5	7.841647485062235E-6	6.827697123113071E-8	0.0011347065537052154	3.9235604543693974E-5	8.931430426825084E-6	7.506289857940474E-5	4.589931303322846E-6	3.872008301194417E-6	4.3067495174734775E-7	6.946441164242242E-10	2.761807087721515E-10	4.6020658876919544E-9	9.558986343455422E-7	1.926233073373364E-6	0.0	1.926233073373364E-6	1.0277493487291573E-10	1.717389229564975E-8	1.6972074650060723E-13	1.0883334022803129E-10	3.914160321744775E-11	4.696396867258346E-10	7.972544816677777E-6
0.0021247130117748396	0.0025435388769618587	6.741615829929385E-4	0.0012023736170180888	1.0823927517788707E-5	1.980446838542584E-4	3.4554015060556884E-4	4.879457787938012E-7	3.956952421548649E-4	7.328982907431081E-5	1.3283405426689995E-6	2.529071372808452E-4	3.490207644835091E-5	7.583344237048565E-5	4.9344221529179434E-5	3.226576296909812E-5	2.2151211366027425E-5	6.813477009691157E-6	9.589158226185173E-9	8.581357809572373E-9	4.127092955154574E-8	4.544568410347193E-6	1.0806654565658116E-5	0.0	1.0806654565658116E-5	2.903472628273909E-9	8.825546157864821E-8	1.9959420569313745E-12	5.894843931239934E-10	2.443996714020095E-10	5.571199698154325E-9	1.0348521821135242E-4
0.0017359225174894853	0.0010893485932473468	3.7156629433673287E-4	7.06273764240425E-4	6.500117357932977E-6	0.0022769123508971857	2.1602271030643524E-4	4.4168224026268963E-7	2.762919763539609E-4	9.90753224534964E-4	3.532869371957271E-7	2.842767164860108E-5	2.596058108308092E-4	4.1754461608912594E-5	0.002259363018242989	1.4539530488884585E-4	2.8213469545464295E-4	4.68173728397665E-6	3.453227761458535E-9	2.1960203725472545E-9	5.032192834810592E-8	7.553730889446496E-5	1.481201222122473E-4	0.0	1.481201222122473E-4	6.841075163036124E-10	3.770322865477315E-7	1.1384557080856322E-12	4.847184450408955E-10	1.7836515370162875E-10	3.1718189741663947E-9	6.941245133761116E-5
0.0012460385844578594	0.0012775137956172712	5.338382541076294E-4	0.0010550939156779775	9.83173457885579E-6	1.1155247318725379E-4	1.865193457859367E-4	1.1998821442892836E-7	2.480348368731049E-4	5.02040139753498E-5	3.7896147009312E-7	0.001150531728079605	1.8381831898148664E-5	2.8203468854235412E-5	2.5639614594846772E-5	3.717357356029624E-4	8.637565437078009E-4	2.006440585865642E-6	4.363212754842321E-9	9.606598076801575E-10	1.8002354768276537E-8	2.1521740760137527E-6	4.5647267063215905E-4	0.0	4.5647267063215905E-4	4.813468517204563E-10	4.229319055054314E-8	9.361279602650543E-13	8.472680457111844E-10	2.9665377976324146E-10	2.61220103720005E-9	3.0005997484074537E-5
9.958858887287318E-4	6.878148315852778E-4	3.549421175102481E-4	5.391891256136547E-4	5.9730655272198885E-6	8.431296236286721E-5	1.5909849071333025E-4	1.400858595419702E-7	1.7995873253356433E-4	7.870053004119666E-5	2.8836439744108805E-7	3.521956968613031E-5	1.580567141465515E-5	2.5871540857609486E-5	2.3584680735534416E-5	2.715208440580248E-4	7.387438665868752E-4	2.0037160489601006E-6	4.700790973893651E-9	1.6321321784934593E-9	1.7756596246144944E-8	1.9397364183111614E-6	6.102072774075612E-4	0.0	6.102072774075612E-4	6.750402237983516E-10	4.1297470125129266E-8	9.391531787591965E-13	2.078035155086063E-10	1.3377069843498504E-10	2.6218162502617745E-9	3.346532509984601E-5
0.0010279267290980402	6.863823942734342E-4	3.2310014812578117E-4	5.194438565920152E-4	5.502472206519345E-6	1.646135035425695E-4	2.4679625348107334E-4	3.5054028906718353E-7	2.164196099629985E-4	7.101495233604858E-4	2.8121516812485967E-7	2.5683677081709457E-5	2.84786264920268E-5	1.6190295465404693E-4	2.7397781704028516E-5	3.713836912870635E-4	4.4463536141197056E-5	7.567499507854912E-5	3.977148509197659E-9	1.213834649419546E-5	4.861866017679435E-7	1.0633532587034312E-5	4.683911982621433E-6	0.0	4.683911982621433E-6	7.563290424408465E-10	4.044732359663413E-8	2.15131848024632E-12	2.45960834490993E-10	1.3057645364648062E-10	6.012716225810993E-9	1.6834693067573935E-4
1.147607426380558E-4	8.497375724437314E-5	3.463190651490719E-5	6.480042226149234E-5	6.189859397991013E-7	7.942856993626418E-6	4.181954899327194E-5	1.762123885245387E-8	3.3432560055266995E-5	4.641791266777493E-5	2.161711022993268E-8	4.923665112835375E-7	3.954673573021287E-6	2.618894872984367E-6	5.596020899722747E-6	4.8274907011551536E-6	1.8766578196154225E-6	5.687852881718228E-7	3.0037934603760417E-10	2.394990026223973E-10	3.5916157816583886E-9	3.1744292203778236E-7	9.104745381348957E-7	1.1196837590438116E-7	9.104745381348957E-7	1.41385374385152E-10	3.921202766384136E-9	1.769978017128479E-13	4.203394660768043E-8	1.3308455440047573E-9	4.944451111773085E-10	6.157014379826525E-6
9.561099335474653E-8	6.577577389170593E-8	1.450941573982235E-8	2.719496660363373E-8	2.270702804360695E-10	2.9059601916337297E-9	8.256173263986408E-8	9.546249045399179E-11	8.937327011919859E-9	5.460065685756516E-7	8.453073781979862E-12	4.817460814070543E-10	7.60014044950007E-9	1.5601717050320692E-9	6.38579486961276E-9	8.45418209248436E-10	6.082015434539459E-10	2.46314140768831E-10	1.0949543526942487E-13	3.2004785516530983E-12	2.325527374582446E-12	1.7855999875650753E-10	2.982825702051075E-10	0.0	2.982825702051075E-10	3.3250444085086583E-13	4.601163246829384E-12	3.870319208491884E-16	1.3487615981074173E-14	5.0367075081374886E-15	1.082096609001887E-12	1.5837858206968855E-8
1.915281017754426E-6	1.2954043885709802E-6	5.285672239452769E-7	9.686663346936611E-7	9.356381765794592E-9	1.2820288683238495E-7	9.077280562561854E-7	3.86260502191097E-9	2.8210352402841435E-7	9.016350841739401E-7	3.2182152194324473E-10	8.276887904542582E-9	8.511216437005846E-8	5.704782944677851E-8	7.347030438071473E-8	3.3826836641281315E-8	2.3272150185016563E-8	8.877133677737032E-6	4.786595760053196E-12	7.2575537653689036E-12	6.89994991536795E-11	4.198896560947334E-9	1.1293593014645778E-8	0.0	1.1293593014645778E-8	3.36385056937595E-12	6.508249520210761E-11	1.5626725799933574E-13	6.700629613294012E-13	2.55987644231573E-13	4.3722660521322E-10	9.563574740878134E-8
4.4985651030764943E-7	2.3218141853834528E-7	6.611621368154991E-8	1.2630010677110068E-7	1.1181976903422255E-9	3.0884608461210534E-8	4.988434903304198E-8	4.5349663228602125E-11	7.682917849219114E-8	7.152291750545746E-9	7.576910243500405E-11	1.204037453339753E-9	6.9403040642911694E-9	7.060446371025854E-9	4.478263166545623E-9	3.870026092786372E-9	2.875038168045324E-9	3.2370190426496507E-10	5.158645042222754E-13	1.2534961469125627E-13	4.937857178511191E-12	7.750257209177097E-10	1.4049646764794544E-9	0.0	1.4049646764794544E-9	5.6737699729513035E-14	1.2567992748590245E-11	2.3529669643293137E-16	8.000103698554676E-14	2.9136413969748703E-14	6.544780190669258E-13	1.1225891748580465E-6
4.4377776304933496E-5	2.308388948236425E-5	9.942599675331152E-6	1.783948080370946E-5	1.7564406180205387E-7	5.857323529432844E-6	6.560375604008506E-6	3.2831337794891766E-9	1.175532838751627E-5	1.0099593738163602E-6	1.2409650939828895E-8	1.4356520479681644E-7	6.672015860024851E-7	3.0830203262484473E-6	7.696210163307736E-7	5.481048489109717E-7	4.1938979354427954E-7	1.0761310669159811E-7	1.4445228944910794E-10	1.1553312334705336E-11	5.203818311002897E-10	1.1855963427857969E-7	2.070934935608509E-7	0.0	2.070934935608509E-7	7.511258767999377E-12	1.3937904004054158E-9	6.381012280776869E-13	1.1662283691637159E-11	4.734144162702748E-12	1.7850829483127775E-9	7.409539664831494E-7
2.242737306680565E-4	1.5489597790257662E-4	7.993306102267058E-5	1.2142552313112933E-4	1.3451360279175122E-6	1.898730168514767E-5	3.582899130915762E-5	3.154734806339668E-8	4.052675524733431E-5	1.7723353809409795E-5	6.493968124452105E-8	7.931441226147936E-6	3.559438491243043E-6	5.826275985175137E-6	5.31127430285125E-6	1.9606771571729662E-4	4.693221949487413E-4	4.512371832414072E-7	1.05861938379717E-9	3.6755595547836294E-10	3.9987895219359545E-9	4.368290917458549E-7	5.93832688134236E-4	5.92933622848474E-4	2.9736543513634407E-4	1.5201898286504233E-10	9.300199981470238E-9	2.1149751014426937E-13	4.67973947951201E-11	3.0125199126286205E-11	5.90433617930436E-10	7.536395950635778E-6
6.72993145528288E-5	4.6483403473931825E-5	2.398568580464036E-5	3.643902898543834E-5	4.036460367069416E-7	5.699325315215047E-6	1.0753610645520488E-5	9.475274236035336E-9	1.216336656787548E-5	5.322800327751939E-6	1.9487946875862678E-8	2.3795067206715464E-6	1.0683287002787223E-6	1.749502682583048E-6	1.593882559380927E-6	5.882090833543102E-5	1.4079672084467169E-4	1.3559543682420923E-7	3.176322469575996E-10	1.1037495280826245E-10	1.2034218053077633E-9	1.3128950406085943E-7	2.6987230175864824E-7	1.114458182307794E-8	1.4850349880070438E-4	4.561792132909399E-11	2.790668798612791E-9	6.347149664376549E-14	1.1583559623458227E-8	3.709544217442442E-10	1.7719220837180147E-10	2.263588153022068E-6
2.130591756179395E-4	1.471505791612448E-4	7.5936098424809E-5	1.1535377674519714E-4	1.2778740173822534E-6	1.8037863071151348E-5	3.4037402993264227E-5	2.9969858490773494E-8	3.850026054209159E-5	1.683711748393256E-5	6.169244569854609E-8	7.5348384497440594E-6	3.381452782490415E-6	5.534939623228989E-6	5.045690019403644E-6	0.0015944772819270826	4.4585426771617326E-4	4.2867357662976025E-7	1.0056843150249572E-9	3.4917673431665106E-10	3.798834560229113E-9	4.1498594550539247E-7	8.541085397766692E-7	0.0	8.541085397766692E-7	1.4441744501696475E-10	8.835153966680105E-9	2.0092181559720663E-13	4.4457343828969764E-11	2.8618822507896133E-11	5.609096505357844E-10	7.1595469678497625E-6
2.5054481095495436E-8	1.4628866504905932E-8	4.3870143723638026E-9	7.556427032501249E-9	7.128724107682422E-11	1.316920845397621E-9	2.466809923663686E-9	1.9737989273023224E-11	2.2831281608198003E-9	1.1278446552796094E-9	2.9082896749464414E-12	2.1823989985051958E-10	2.829431548630396E-10	4.728561745302725E-10	1.020377421596381E-9	3.3045436207093374E-10	2.235133507331107E-10	2.3901441800276965E-10	4.2100752320998416E-14	5.21924827949494E-13	4.826417695856034E-13	4.6356205514890194E-11	1.1133008450908853E-10	0.0	1.1133008450908853E-10	4.499576341542859E-15	9.786046816494163E-13	6.669542659396682E-17	3.5016781669876424E-15	1.607898989939974E-15	1.8643904808677185E-13	2.7669954435967658E-9
1.0386501649139589E-6	6.52597320838565E-7	1.8481731956654577E-7	3.5326636441502733E-7	3.1228922800383046E-9	2.243916617233733E-7	5.343882356930927E-7	7.143702882354708E-7	2.2439749142017835E-7	1.0368116688274935E-6	2.2047231946654257E-10	4.724585069206717E-9	5.3851579417962584E-8	2.5225650001539246E-7	4.392913268076385E-8	8.317175245122187E-8	1.5831555730336476E-8	8.640728823007808E-9	1.5288770513573777E-12	1.9815282821090133E-11	5.082821652946535E-10	1.0608894468554264E-8	4.376549749699477E-9	0.0	4.376549749699477E-9	1.7688696255223374E-12	6.369792778094878E-6	2.388659340068949E-6	2.241823010235291E-13	8.129358539632506E-14	7.423864083109009E-12	4.546489847059236E-7
1.1469083338403143E-7	7.42953784126481E-8	2.0009814227551168E-8	3.811688105387222E-8	3.3359909124462547E-10	2.094710224427734E-8	6.493161490457868E-8	1.4193294252892222E-9	2.2224161443343473E-8	1.1241261194657297E-7	2.1816765611293638E-11	5.384872759712435E-10	6.513410248957723E-9	2.30633978312504E-8	5.31833527814135E-9	7.648891473629002E-9	1.5572239514487698E-9	1.2288586014501839E-6	1.6319855144541517E-13	2.660924166973357E-12	4.6238002243915933E-11	9.883506573069682E-10	4.5864590267764005E-10	0.0	4.5864590267764005E-10	2.322834496624058E-13	4.875057789330403E-12	9.751536942074971E-16	5.399436642327753E-11	8.466788436354125E-15	2.72754588786697E-12	4.518059194146252E-8
2.9983944097047716E-8	1.6104041991884015E-8	9.690631846223623E-9	1.4791712054969782E-8	1.6627821672309908E-10	3.1699323994634915E-9	5.184480126260645E-9	6.547668889570618E-11	5.77184128656586E-9	5.663325018179763E-9	5.483695406175243E-12	1.3722424065222422E-10	5.494055027716192E-10	1.820619446825641E-9	8.117579183216496E-10	9.591793234521674E-10	3.156750908588052E-10	1.6443719732341609E-9	1.1862187754878265E-13	9.208208761263393E-14	1.1705231927236064E-11	1.6893794765402147E-9	1.279527049512059E-10	0.0	1.279527049512059E-10	1.1948111245059471E-14	1.1985340716663534E-12	6.670657231606405E-15	7.157080891868453E-15	3.4990087305278643E-9	1.8664503419840656E-11	2.8312956068038134E-9
7.520741256022422E-9	3.950349595854161E-9	2.4534682263955646E-9	3.755406465135897E-9	4.228184452897364E-11	1.2875586617685929E-9	1.1240702802017022E-9	1.376721218694782E-12	1.729187185944759E-9	2.6801465958707035E-9	1.6666350523671888E-12	3.4677721170637544E-11	1.3377378588596415E-10	1.0806345224482365E-9	1.7042759648497365E-10	4.0088728021431074E-10	9.42174519071845E-11	3.769355570165662E-11	3.0270071860151067E-14	1.0006853199981752E-14	2.026021972324247E-12	4.8321236824462475E-11	3.1778712405433845E-11	0.0	3.1778712405433845E-11	2.019513819019668E-15	2.913163899949664E-13	7.044874120351927E-18	1.6516038242070198E-15	9.98079421091099E-16	1.9663394010955643E-14	1.5782766773923644E-9
1.3806556757604845E-7	4.8638888778875634E-8	1.4200791601694998E-8	2.7257719080270518E-8	2.420928222104255E-10	1.7693753423176426E-8	3.9477481966682806E-7	1.9475111284131282E-11	1.85647752457535E-8	4.820053521805448E-8	1.8396018334988025E-11	3.4123048477698627E-10	2.392978461554515E-9	1.95176868709474E-8	2.3650243616876653E-9	2.1472997497688156E-9	8.776514173709556E-10	2.740935363652413E-10	1.1195096158939896E-13	2.3969857642891777E-13	2.8694185966639948E-11	4.2355800028311315E-9	3.7580761297768065E-10	0.0	3.7580761297768065E-10	3.193940979722443E-14	3.9880808265287705E-12	3.821610715037975E-11	4.795080556964311E-12	6.41212711570298E-15	1.0692980597569741E-7	1.0710679035556626E-8
0.0013823331149324261	0.0043512096613292795	8.057078788069835E-4	0.0015442872737786444	1.20124807751619E-5	9.686411038017303E-5	1.5573203517215027E-4	1.3916344276416899E-7	2.5279671930028157E-4	2.754575285812888E-5	2.870612407692829E-7	6.406957988641522E-6	1.4766626723570243E-5	2.5588444076022692E-5	2.5399723603860897E-5	2.419706694940493E-5	2.3262068381905924E-5	1.8776741580678455E-6	3.619176225375093E-9	5.114200690780882E-10	1.6254206806439145E-8	2.1194446222104736E-6	1.17721543026586E-5	0.0	1.17721543026586E-5	2.658985091438453E-10	4.01406015686573E-8	8.256548051986714E-13	6.86042746996396E-10	2.4286488118470746E-10	2.3028507325809995E-9	2.5409421639007864E-5
