32
NULL,lstat@_lxstat,openat@__openat_nocancel,fstat@_fxstat,time@time,open@__open_nocancel,read@__read_nocancel,mmap@__mmap,munmap@__munmap,mprotect@__mprotect,rt_sigprocmask@sigprocmask,exit_group@_exit,rt_sigaction@__libc_sigaction,sched_yield@__sched_yield,write@__write_nocancel,syslog@syslog,getpid@__getpid,writev@writev,close@close,open@__open,read@__libc_read,close@__close_nocancel,mremap@__mremap,stat@_xstat,socket@socket,fcntl@__fcntl,connect@connect,getdents@__getdents,lseek@lseek,getrlimit@getrlimit,write@__libc_write,madvise@madvise
0.6573117752667434	6.208625541888749E-5	4.671064624984521E-10	3.8209569493503464E-4	0.014019739296283525	0.03515939374672932	3.605475172198501E-5	0.043828872223273516	0.04011085358530858	2.980110042627319E-5	0.052191278028669325	0.017210631750404742	0.0338510595204048	3.059261225921732E-4	6.927220390496401E-4	0.004150181855748891	0.006112984596018231	0.004146408044606533	0.004123706346796108	0.0018825680213529839	5.011949829080224E-7	2.716299989987207E-7	5.11912442230883E-5	9.3963986378636E-4	8.056171807665203E-4	0.0	8.056171807665203E-4	2.47310332053131E-7	8.653487903000287E-8	1.285425371192589E-6	0.06700398018365417	7.62954065610055E-8
4.245498444270861E-6	1.7036837927314507E-4	6.388191407092714E-5	8.57617827855158E-8	3.649648998699339E-6	2.0156382667610657E-5	1.7612877774127703E-5	1.1049750210218362E-5	3.2687940708455415E-5	6.502059460335202E-9	1.5788406680896697E-5	4.557188421353193E-6	8.837505225061465E-6	7.832034826678291E-8	2.1350090470147756E-7	2.0459249396023142E-6	2.7004118493864885E-6	1.6611660530529176E-6	8.558156598665345E-7	4.3867359596622617E-7	1.306823243537077E-10	2.1282836691226348E-10	2.1547519235942577E-8	2.212101201403495E-7	1.953334555208811E-7	0.0	1.953334555208811E-7	5.866633117175701E-11	2.08595601065001E-11	3.021235990156379E-10	1.5478201167737335E-5	6.420009553254611E-11
4.3357834824952636E-7	1.826388982432111E-9	2.9484377479637583E-14	3.2850390701324184E-5	3.447914314097845E-7	2.2523252968239978E-6	3.467219159136256E-8	1.0913670486791124E-6	3.4784736259532866E-6	6.301223970359971E-10	1.68867688384369E-6	4.684778161169621E-7	9.064354956792663E-7	7.971456762826542E-9	2.3045836683207045E-8	2.3677883689788046E-7	2.6451575095786263E-7	1.9098635166604828E-7	8.111776985657204E-8	4.4081630298196174E-8	1.319974800307167E-11	2.5166003480785046E-11	1.951086734795587E-9	2.2914158255137947E-8	1.985563465667644E-8	0.0	1.985563465667644E-8	1.5245298887125652E-9	2.0857475133042036E-12	8.185769036916413E-11	1.462766897466715E-6	7.862312611099747E-12
1.852789774143365E-4	3.823542123921675E-7	4.735888777257097E-12	1.0637579387218185E-5	5.124092183741385E-5	2.6747631775037175E-4	2.771803368279897E-7	5.192162886920551E-4	2.3531026659823177E-4	1.2436135035810362E-7	4.4115971839117705E-4	1.778091875716182E-4	3.278543178443734E-4	3.1670932663697E-6	5.0712399866076486E-6	2.6096303252048027E-5	3.275073512778295E-5	3.454061757941428E-5	2.6449719023858842E-5	1.4291968922649656E-5	5.7490205578445845E-9	2.7380312426415215E-9	1.0920697982354889E-7	3.871453694783428E-6	7.038188164306791E-6	2.9944639002433947E-6	7.038188164306791E-6	1.1251458139404233E-6	3.5992949673782936E-8	1.3136061338183457E-8	1.4609521108932503E-4	7.627749902198884E-10
0.002497637468807773	1.0380169126024335E-5	5.6317372616676453E-11	2.8549040988636985E-5	8.48878165830439E-4	0.0234115288608234	1.6515545192402799E-4	0.017576092039561605	0.0019008498734355867	2.380304785865792E-6	0.007974464356008645	0.002638773053051262	0.005132262826246509	4.6673222129240835E-5	1.0280866589378637E-4	4.950649103002631E-4	0.0021730841287852434	5.886157142189558E-4	2.8337953046748656E-4	2.461359603751385E-4	1.1175000942659305E-7	3.1611829718227586E-8	1.9059961915203883E-6	1.0115939287896506E-4	1.2177455067141083E-4	0.0	1.2177455067141083E-4	3.694368381881302E-8	1.3031359347315962E-8	1.5414268546660795E-7	0.002468401082964295	9.467679991129778E-9
0.00507409337277849	1.824329353137572E-5	7.178119704711381E-9	0.0013703529266620733	0.002047338892921756	0.028870675036116816	0.013010204125585704	0.028043684698474396	0.00523821896557173	9.932620263035834E-6	0.020198160908485755	0.0053949783598790275	0.009895373388068009	8.853487928541838E-5	0.0010553521682453969	0.04245248786827858	0.0016504023013305528	0.0011474456759982211	5.134087103396571E-4	3.817690579946154E-4	2.533330385290407E-7	5.657562150518035E-5	4.252336187993434E-6	2.0768144115086674E-4	1.849706442807705E-4	0.0	1.849706442807705E-4	5.482975041344415E-8	2.0973067820113023E-8	1.7497465040848692E-6	0.00851526992649681	7.974322378314471E-8
3.817036361910366E-4	4.1464664075372873E-7	5.738810409397656E-9	2.6304199728170343E-6	7.238526423411052E-5	4.955018972227706E-4	2.3160998288195174E-4	0.0014009668387813354	1.2871694480428913E-4	2.3927956102888457E-7	0.0024635603521202336	4.5509657723508687E-4	8.742656013274178E-4	6.830530716759424E-6	0.004822343985158926	2.019022268377985E-5	4.191709903482612E-5	2.7426128875525924E-5	2.4746042720439507E-5	2.202618922948832E-5	1.0890524225852126E-8	4.98865584658255E-9	1.4885226967263372E-7	4.020979339043071E-6	1.0921726232178736E-5	0.0	1.0921726232178736E-5	4.6600160616621814E-9	1.382030831099953E-9	1.2514530869182204E-6	2.1319232525179402E-4	9.60388684420886E-10
0.004776163032873466	2.0266298102706574E-5	1.2126187144429052E-10	6.58999749802E-5	0.0015726942119682892	0.018650228238347756	1.4223648550804682E-5	0.1297567745049625	0.19550586201477932	0.03797129922961616	0.018247381083276133	0.005112269465161125	0.00982752000458299	8.689328538248285E-5	4.961702868659731E-4	0.005305518488717868	0.0015467498545033663	0.0038648421125778414	6.161203426560628E-4	6.83609282114719E-4	2.2868981118222574E-7	2.530029030032195E-7	3.808925172137878E-6	2.080248540013902E-4	3.4507764552456826E-4	0.0	3.4507764552456826E-4	6.357561596568943E-8	2.2626407340086734E-8	3.3292802724785306E-7	0.005917151186577357	7.028306309066018E-8
0.008030691272891308	2.001259563423285E-5	3.612948881861258E-10	1.4820509842503754E-4	0.003855704862938351	0.014383942724163752	3.6360410478662966E-5	0.053842855689871	0.047653359419368685	0.07087833133903793	0.027802831654026666	0.008105855420769451	0.015777643255509483	1.3987290408749254E-4	4.117824026564741E-4	0.0033051078268294186	0.0037927690063670324	0.001820465176800155	8.766270589281189E-4	6.924790173541915E-4	3.726856506726029E-7	1.3226065413941892E-6	2.649482354386045E-5	1.9808482986041661E-4	3.37481699571563E-4	0.0	3.37481699571563E-4	1.0780253021004087E-7	3.7628151538720204E-8	1.0055848112178334E-6	0.018197309442858526	5.5274079568417657E-8
0.0027289201709300923	5.686077467733597E-6	5.1365985248122236E-11	3.715069858001419E-5	8.366954610008357E-4	0.0023274348539479525	4.8584076472137685E-6	0.01946045889837522	0.0561922265078096	3.154579612681529E-6	0.007091986514156771	0.0028265923010287477	0.005674313767319556	5.2353284825050276E-5	6.275150175012773E-5	2.547208937565488E-4	5.818761699287222E-4	3.0825308821801853E-4	3.066208202433289E-4	2.59549600071708E-4	1.9269252722103075E-7	2.3201730901479922E-8	2.0993518422581915E-6	5.1302530814918595E-5	1.2747545868501615E-4	0.0	1.2747545868501615E-4	4.7368421933975376E-8	1.588429021464374E-8	1.4267396087615432E-7	0.002832573537191542	7.75651886217584E-9
0.09509992645075548	5.3800549294388695E-5	8.277865304963237E-10	3.3139150090783577E-4	0.008885362990606648	0.020830640136631846	4.418928098381999E-5	0.06429874507360771	0.014784063246191187	2.253905894593391E-5	0.08144004850781691	0.0977158668088534	0.17880761801453168	0.001275586533791135	0.0013488190553846142	0.0023504986764292927	0.0052742727668383125	0.0038214949829339304	0.0028162397891526203	0.002154547389705788	1.356250079542962E-6	5.012623124283329E-7	1.6939661367778734E-5	5.116740539004218E-4	0.001051771369637844	0.0	0.001051771369637844	3.5424914644809595E-7	1.5045842844853582E-7	2.303739100093266E-6	0.02437643189897901	9.558809042332826E-8
0.1071329596287291	3.232449146341961E-5	4.396427583082926E-10	1.7080555561874305E-4	0.0035313543880182295	0.011901560601106347	2.7217222101067207E-5	0.0522746024026704	0.00794529617245628	1.1371551556934755E-5	0.05098599422930825	0.011855109863203732	0.021851479228803716	1.8793689279703485E-4	0.0012359456469647875	0.0013712469596941434	0.003106897092985506	0.0021753069905852476	0.001070980373391362	7.818615012285336E-4	6.167589810793347E-7	4.77891502348255E-7	8.762140465543189E-6	3.1840875526154846E-4	3.7683766524979783E-4	0.0	3.7683766524979783E-4	1.1001570026840038E-7	4.1700311479070386E-8	1.221721071416656E-6	0.014069078278568604	7.244924668972065E-8
0.0953937941379742	3.804541400963678E-5	5.481689271511726E-10	2.178671358797788E-4	0.005407986142011619	0.01482280610447915	3.1434995413585154E-5	0.0537016280737254	0.009875992959007084	1.568546271338751E-5	0.06304592954818189	0.09785617314807442	0.07691628559036547	0.0016933256858483931	0.0011935124806101136	0.0016789061284489593	0.0037090357532811495	0.0026527281380367756	0.0017425656086935296	0.0014372063482369286	8.325371515378955E-7	4.5424119838121065E-7	1.1071336810540153E-5	3.687023475202942E-4	7.065134103537383E-4	0.0	7.065134103537383E-4	2.350373135791328E-7	8.902117969996315E-8	1.5243768164697659E-6	0.01675842128607487	7.814375454274116E-8
0.0010451162829703312	3.8763247068077875E-7	5.5405555936433976E-12	2.1829725312248962E-6	5.125461786822582E-5	1.4642184681643746E-4	3.2285945484248486E-7	5.62443870791366E-4	9.968239720674803E-5	1.484449811760845E-7	6.090025358325815E-4	0.0010719250344694519	7.851524106940171E-4	5.783166632863512E-4	1.2782057058654038E-5	1.670910310957754E-5	3.757935767874072E-5	2.669627717407796E-5	1.5993964523746392E-5	1.2182809480266183E-5	8.319598250561554E-9	4.884319183637106E-9	1.1166760258654087E-7	3.7668702182883504E-6	5.925598654610681E-6	0.0	5.925598654610681E-6	1.88550089715292E-9	7.508344233986938E-10	1.5406114877931613E-8	1.7121164329994044E-4	8.004493058146096E-10
4.937410357506855E-4	1.6628250157469543E-6	8.654771502888996E-12	3.825411955117956E-6	1.1360613888035449E-4	0.011852624144904391	7.84651239494139E-7	6.926956236197459E-4	2.5719788785306984E-4	3.4453758521160356E-7	0.003027619355706115	5.809821752595051E-4	0.0011116796548961564	8.826168539759133E-6	0.00483599346305027	2.1725244090759142E-4	1.1971257043272958E-4	3.747143594808956E-4	3.7916342134918494E-5	3.485447958442857E-5	1.1661566528949417E-8	9.273982736354074E-9	2.437973793359472E-7	1.622747961846062E-5	1.731018819792102E-5	0.0	1.731018819792102E-5	5.128221207654305E-9	1.830738918785602E-9	2.3628626391052635E-8	3.5222049919797244E-4	1.64607872019927E-9
0.002632515447809525	4.813995720185934E-6	7.02462506821466E-11	3.911534097562667E-5	0.0011190329587316286	0.0023946989899891516	6.008635035923919E-6	0.003900362654091468	0.0013255066395512851	4.758214211694136E-6	0.011783402197496639	0.0028671406768231394	0.005313845340504385	4.617232387787038E-5	0.0011009257141629855	2.613115505135795E-4	5.732867298300977E-4	3.3574768521419366E-4	2.110822970143172E-4	1.6843870622836087E-4	1.1282793952058092E-7	2.3643327624923463E-7	1.4627266853988552E-6	4.707244212244855E-5	8.253060544259974E-5	0.0	8.253060544259974E-5	2.7726497488847125E-8	1.0609624804529343E-8	1.9536789530422593E-7	0.003248319763331477	3.2973593517725735E-8
0.0016618415546634632	1.0839560777930725E-5	4.249116573548559E-11	1.9516618317768518E-5	0.009859041559975265	0.003925937027980065	4.998294439366583E-6	0.0033271168771082196	0.0038088965782283983	1.6409493622745689E-6	0.006229436444224389	0.0017649630449366174	0.0033787047773964998	3.0010661039943266E-5	1.484239883237212E-4	0.0010709425852938397	6.565249111934953E-4	0.0061624746672253004	4.773246906080957E-4	8.323538458225099E-4	5.098373849614625E-8	4.54576186704737E-8	1.3328891680832543E-6	1.375698136083791E-4	4.3422033893792956E-4	0.0	4.3422033893792956E-4	2.1448731326417248E-8	7.78940540938697E-9	1.1547600126019912E-7	0.0018508097901044302	8.190764344222936E-9
0.002029952740691875	2.378731353843676E-6	3.6735654333287825E-11	1.5580952082412437E-5	5.0125514640976E-4	0.0011557118117375505	1.97803766020931E-6	0.0023786221523241944	7.238528968573238E-4	1.50020081483253E-6	0.005189997883635673	0.0021004043439702474	0.004173191815471088	3.8793072687536335E-5	0.004908804785170921	1.2481946344509393E-4	2.4157560295187547E-4	1.8108632013349115E-4	0.0016512775469011572	0.0037401304066519018	6.096275552108019E-8	2.59881939506367E-8	7.559223353024859E-7	2.238881889841287E-5	0.0019719157176572347	0.0	0.0019719157176572347	3.344041011766851E-8	1.1635668500964422E-8	1.0223378444579881E-7	0.0010964306727219563	5.7766232053695164E-9
0.0012888313093762228	2.1419754206291682E-6	3.487156190912472E-11	1.4427619478595093E-5	3.7006530246255233E-4	9.191986225365995E-4	2.05502007880129E-6	0.0016231473830918518	7.613120720135727E-4	1.0110049589356118E-6	0.002821771459439381	0.0013571047242152405	0.002081172549506257	2.285392965874383E-5	1.6172708739524546E-4	1.0151322412429249E-4	2.12378788812012E-4	1.5614187113821E-4	0.001196723992660184	0.003165824415589051	6.06677517800763E-8	3.9332574945185824E-8	7.2522710388097E-7	1.9712322186434545E-5	0.0026042060222282166	0.0	0.0026042060222282166	8.042346110693319E-9	5.070131470291712E-9	9.711003462537315E-8	0.0011445592952278316	6.3319940159999674E-9
0.0011321684208982228	2.4070360218593205E-6	4.994836160380539E-11	2.0856042637228323E-4	4.85623519738274E-4	0.0014699366975258702	3.3061648367097057E-6	0.001787669428820004	0.0043164528959016134	1.0597481616502427E-6	0.0027872080260501744	0.0011929570509373528	0.001935508652266416	2.023962353841944E-5	1.2263700313249883E-4	1.8713049151253822E-4	3.765604094238565E-4	1.8573313572930596E-4	3.993355706610149E-4	9.528909405252373E-5	4.9663458491499576E-8	5.604471394298317E-5	3.7597152686058146E-6	5.575179106999804E-5	2.9561360509519376E-5	0.0	2.9561360509519376E-5	8.999589391693915E-9	4.718336739298251E-9	1.391191845466752E-7	0.0018832088073781437	6.898165539257869E-9
1.1166221146029677E-7	4.923881311860918E-10	5.210986425458715E-15	2.2468071712284542E-9	3.4657557100246924E-8	7.452612383445107E-7	1.0750445602355995E-9	2.4145207572736936E-7	4.229108789816585E-6	8.759281299497651E-11	5.596654873350021E-7	1.2669040005102847E-7	2.3857816100721784E-7	2.015395795834452E-9	6.704626078234557E-9	7.177179568238049E-8	3.535178114413502E-8	6.344427792809868E-8	1.0892907934503246E-8	9.466163649374471E-9	3.278849812849268E-12	2.7373778546150444E-11	8.205431247342704E-11	4.739860550997234E-9	4.688358392907612E-9	0.0	4.688358392907612E-9	1.2250478700931502E-12	4.566965460401612E-13	1.441048426641461E-11	2.117811675728111E-7	2.7972848418313987E-12
2.551171645148567E-6	6.088062358497629E-9	4.417944449857198E-12	3.780538246057185E-5	8.813381412516151E-7	5.4277130238244985E-6	9.164231102545131E-8	3.879438498378808E-6	5.9795689054932E-6	2.003566865533533E-9	6.957969193032831E-6	2.6686049667948843E-6	4.9544795372590984E-6	4.7323978699969294E-8	8.246497717228114E-8	5.608716472071206E-7	6.18191882556079E-7	5.461210896244511E-7	2.722890455392181E-7	2.0808527540138625E-7	8.508063580677943E-11	6.691804436164711E-11	2.815169355331845E-9	6.373686738462054E-8	1.0150795639637844E-7	0.0	1.0150795639637844E-7	3.4050072019834794E-11	1.2902725374553793E-11	1.2359664402369295E-8	2.77297017193673E-6	1.8872853050568547E-11
4.226924166242139E-6	2.2247351725347278E-8	9.865791293057751E-14	4.287606113561965E-8	1.8344161235023031E-6	9.384537948567748E-6	1.0208212451235044E-8	8.858898342411006E-6	3.320229345580048E-6	4.529072933160422E-9	1.816468716686395E-5	4.6749694303659305E-6	8.863248325252808E-6	7.731217431914464E-8	2.2487116061014504E-7	1.2062394247073122E-6	1.5541815190356439E-6	1.1236524513656668E-6	4.3459783742685185E-7	3.802938093712882E-7	1.246473585140483E-10	7.540989144971443E-11	3.0783064629748503E-9	2.187059572299338E-7	1.8758627755755472E-7	0.0	1.8758627755755472E-7	5.144768303589251E-11	1.8987017861144077E-11	2.679619808442673E-10	3.5550185955675686E-5	1.5710540169778748E-11
7.483776019336551E-5	1.7135258856127328E-7	1.8993252692770284E-11	1.3672835406103995E-6	6.341269450453587E-5	9.763702467710521E-5	9.699989538772029E-8	1.794250583363554E-4	3.7361620569161024E-5	1.296467335377267E-7	1.959920752084036E-4	7.819235024193062E-5	1.4812946202573353E-4	1.4084854340723407E-6	2.211679810351204E-6	1.0565594759795196E-5	2.8685147866265375E-5	1.218200158848313E-5	7.03578120292302E-6	6.378490637235362E-6	3.0871531185912546E-9	7.188636190767489E-10	3.787581018815395E-8	1.9412517672077463E-6	3.174019669691064E-6	0.0	3.174019669691064E-6	1.070639824666065E-9	3.976738348791057E-10	5.3091535898945026E-8	5.021306386145986E-5	2.4997651473145275E-10
2.910385856553152E-4	4.836919969121459E-7	7.874552341106087E-12	3.2579852596129765E-6	8.35666251399129E-5	2.0756953217997932E-4	4.6405597236963405E-7	3.665324667088512E-4	1.7191627766742897E-4	2.2830081386843348E-7	6.372003174495102E-4	3.0645579816688715E-4	4.6996175098239435E-4	5.160780499122424E-6	3.652047889805781E-5	2.2923286915029492E-5	4.795849483497811E-5	3.525930759844751E-5	8.472646596994624E-4	0.00200323913840949	1.369974308792952E-8	8.881905621375804E-9	1.6376779592952065E-7	4.4513547341782434E-6	0.0025273120250720975	0.002521356717415956	0.0012666317886417954	1.816088955798072E-9	1.1449162863217857E-9	2.1928987682642712E-8	2.5845957909131223E-4	1.4298628026221335E-9
8.745071731187541E-5	1.4534865381335076E-7	2.365030684945701E-12	9.829828925244277E-7	2.5143733796017245E-5	6.245680196427889E-5	1.3957697624626885E-7	1.1020817319743435E-4	5.178828258479987E-5	6.865495414094338E-8	1.9153227383891322E-4	9.208141068361396E-5	1.4127497243680216E-4	1.5508858390438658E-6	1.0959749661010153E-5	6.896965090613685E-6	1.4417350342917326E-5	1.0598658071732716E-5	2.541938468436948E-4	6.00983451135275E-4	4.11412673116246E-9	2.666545463448613E-9	4.931311518039627E-8	1.338999315528411E-6	1.7929476648152255E-6	2.980488703436645E-7	6.321330658799672E-4	3.099601973194266E-7	1.0023222258817931E-8	6.586084055282334E-9	7.768068661128355E-5	4.295853394698922E-10
2.764855293039651E-4	4.5950552393328084E-7	7.480794229260764E-12	3.0950733798419257E-6	7.938797026494175E-5	1.971902517425181E-4	4.408513766598609E-7	3.482044239491513E-4	1.6331979802547693E-4	2.1688488906311822E-7	6.053378339713803E-4	2.911318214856557E-4	4.464618434714161E-4	4.9027214886597155E-6	3.469431352488225E-5	2.177703379714333E-5	4.556038437038857E-5	3.3496205674232195E-5	0.0067931048582727475	0.0019030694237963536	1.3014702880258293E-8	8.437775944466438E-9	1.5557877193006603E-7	4.228769759266818E-6	5.6575192109635614E-6	0.0	5.6575192109635614E-6	1.7252774750685202E-9	1.0876660382321647E-9	2.0832453376873654E-8	2.4553559923279003E-4	1.3583641252409022E-9
2.268798650051916E-7	4.5641003412562556E-10	1.9350603606967114E-13	4.365885708348839E-8	7.808756886135251E-8	2.2997891263343132E-7	1.8363554521533315E-9	3.2839063631238E-7	2.5637911590717307E-7	1.4878759506529503E-10	4.0747127508296127E-7	2.3677232537306456E-7	3.646555488469829E-7	4.085548734224874E-9	6.39957794510729E-9	2.5982338110334534E-8	4.754331250470795E-8	3.550641092130501E-8	2.1823422269739196E-8	1.1863251850213449E-8	1.0211187032207172E-11	2.755760627721428E-12	4.5952162180949115E-10	1.4051155325018752E-8	5.4756572499702385E-9	0.0	5.4756572499702385E-9	1.6221305170172519E-12	9.357776731463912E-8	5.41318980606099E-10	2.320467503589884E-7	6.893737397867903E-13
5.817479181310235E-8	1.0980820931454498E-10	1.5062634019353364E-15	7.545812711303332E-10	2.5752707710573436E-8	5.258441856327745E-8	1.0395710466530889E-10	9.064684361021223E-8	1.046035455701943E-7	4.579625704693106E-11	1.0287688851266698E-7	6.058285112245792E-8	9.381805122767252E-8	1.0491734620975782E-9	1.609534384698159E-9	6.410638895230489E-9	1.5595170826624555E-8	8.023239314181641E-9	6.6103114730276595E-9	3.1239823065486645E-9	2.6216210383071305E-12	6.782351747226261E-13	1.0486098411844973E-10	1.2512612987532247E-9	1.3877656991871587E-9	0.0	1.3877656991871587E-9	4.2412942374191766E-13	2.4777194221747765E-13	4.187500494895597E-12	8.807397239609782E-8	1.608592728539846E-13
4.6204710746322593E-7	2.879941682607043E-9	1.0799434539651361E-9	6.212629644819918E-9	3.5665921559421535E-7	1.2006613551038014E-5	1.242107685518357E-9	1.2192900515291173E-6	1.7910059654070017E-6	6.891440102332774E-10	1.74537417267602E-6	4.979317387083891E-7	9.613581377852833E-7	8.51651218979147E-9	2.824853529670081E-8	1.7286403272180417E-7	3.065464124931969E-7	1.6986219772611E-7	5.989071591184096E-8	4.936918649893612E-8	1.4063379480527938E-11	1.0820540630317662E-11	1.4680379244305385E-9	5.3106776221507224E-8	2.409956177270096E-8	0.0	2.409956177270096E-8	1.4126785423903362E-10	2.2442905691077258E-12	3.0217129246822657E-6	8.245057022969835E-7	2.6417878384899673E-12
0.025013572766483486	1.3656876962927204E-5	2.0832012020999236E-10	8.680666967423146E-5	0.0027261578159535668	0.00612001238718412	1.1078635346123807E-5	0.0159774851009449	0.0037804402956355945	7.618165558212859E-6	0.11884581266925118	0.021166460909036146	0.04070874601067805	3.133126274121495E-4	2.8613152284437106E-4	6.702797455938582E-4	0.0013684658916266208	0.0010222759479186806	9.634593945879201E-4	9.542808274203187E-4	3.420797550676138E-7	1.0451536434266935E-7	4.276058106168098E-6	1.2963769184086101E-4	4.7948676011062315E-4	0.0	4.7948676011062315E-4	1.7463876935760338E-7	6.125718226212842E-8	5.796797899648857E-7	0.0059723109647339635	2.5777570824471122E-8
4.9052358541120086E-8	1.2227093825108736E-10	2.53934171547046E-15	9.625386854353647E-10	1.2406213618978934E-8	5.075152131366846E-8	2.3051113607755053E-10	6.492200549289285E-8	2.715318576504112E-8	2.8295431920873335E-11	1.86038283268161E-7	4.827238333987454E-8	8.570546565733575E-8	7.736481646741786E-10	1.816102229589686E-9	6.045972322964356E-9	9.22685314439052E-9	8.74835717949206E-9	3.810738853220362E-9	2.927589529826743E-9	1.4001219967488296E-12	1.446349929957447E-11	2.919548299491945E-11	1.1307848379511534E-9	1.4362110320585308E-9	0.0	1.4362110320585308E-9	3.9570405472169056E-13	1.7028422173593066E-13	7.0686041682057525E-12	9.833545645207226E-8	1.216359975291384E-13
