32
NULL,lstat@_lxstat,openat@__openat_nocancel,fstat@_fxstat,time@time,open@__open_nocancel,read@__read_nocancel,mmap@__mmap,munmap@__munmap,mprotect@__mprotect,rt_sigprocmask@sigprocmask,exit_group@_exit,rt_sigaction@__libc_sigaction,sched_yield@__sched_yield,write@__write_nocancel,syslog@syslog,getpid@__getpid,writev@writev,close@close,open@__open,read@__libc_read,close@__close_nocancel,mremap@__mremap,stat@_xstat,socket@socket,fcntl@__fcntl,connect@connect,getdents@__getdents,lseek@lseek,getrlimit@getrlimit,write@__libc_write,madvise@madvise
0.6590339287715156	6.181421119966622E-5	4.652512616709522E-10	3.8038719649667726E-4	0.013953142551468982	0.0350005229027905	3.589417185295221E-5	0.043629071337382495	0.039932205173588704	2.96607403913163E-5	0.05196239286743726	0.017142864819165774	0.03371214062672592	3.046072733627218E-4	6.897384114693849E-4	0.004131513332098896	0.006085761965417584	0.0041284613901345244	0.004105634956823832	0.0018742506331653286	4.989357205444643E-7	2.7044108642180875E-7	5.09546416242769E-5	9.354519051378927E-4	8.020702831484E-4	0.0	8.020702831484E-4	2.4621765534746044E-7	8.615344983792827E-8	1.2803290242948108E-6	0.06668083217049266	7.595243019822559E-8
4.199427714661473E-6	1.6989178126385065E-4	6.370320489712835E-5	8.555861196764518E-8	3.6400586205184108E-6	2.010274931862825E-5	1.756380686984889E-5	1.1022708266076493E-5	3.260048537000513E-5	6.485538713306151E-9	1.5750379812237996E-5	4.548651994404816E-6	8.819595829553722E-6	7.814598640830782E-8	2.129935566573829E-7	2.040559815028723E-6	2.6933842649867256E-6	1.6569189511148816E-6	8.538953353081929E-7	4.3764686728244067E-7	1.303641454950549E-10	2.1224000523795433E-10	2.1490764616936488E-8	2.2068258103746568E-7	1.9487488565006246E-7	0.0	1.9487488565006246E-7	5.853237112484819E-11	2.081187610221441E-11	3.0139650551540927E-10	1.5436844866527985E-5	6.402796216436757E-11
4.2886816781714695E-7	1.8219343833853126E-9	2.94061352725738E-14	3.27584955166234E-5	3.4388906970998196E-7	2.2463201805600645E-6	3.4575825569016794E-8	1.0887062896279819E-6	3.469126659913423E-6	6.285277004865043E-10	1.684575623613652E-6	4.675971335651362E-7	9.045934893086892E-7	7.953687522153036E-9	2.299062041896151E-8	2.3615349368278195E-7	2.638296998433966E-7	1.904940073902541E-7	8.093663487111032E-8	4.397845456355899E-8	1.3167615252311994E-11	2.5095449887744175E-11	1.9459653593913424E-9	2.2859573417164637E-8	1.9809003616643893E-8	0.0	1.9809003616643893E-8	1.5202724528646397E-9	2.080987355144039E-12	8.164034089948805E-11	1.4588629535181244E-6	7.841072616488271E-12
1.8378944556036645E-4	3.813628900631995E-7	4.722850144975333E-12	1.0608096863919903E-5	5.109853210812809E-5	2.6674915129822063E-4	2.764372020421886E-7	5.178206608773752E-4	2.3466166001337896E-4	1.2402668074037666E-7	4.4004872325713583E-4	1.7744182989007525E-4	3.27134163887412E-4	3.1593637589191724E-6	5.058786589058002E-6	2.602575609532705E-5	3.266473980954823E-5	3.444628751021197E-5	2.6379006085298768E-5	1.4255046537451046E-5	5.733689162758638E-9	2.7307587523549363E-9	1.0889575332386145E-7	3.8614542078235394E-6	7.020047641705055E-6	2.9860869100186286E-6	7.020047641705055E-6	1.1219988973754996E-6	3.58925033867312E-8	1.3099880483299592E-8	1.4565434465013848E-4	7.607443829293924E-10
0.002470826429434434	1.035410035288456E-5	5.618210361110508E-11	2.8481121691379332E-5	8.467730957285037E-4	0.023347151570351648	1.646826125185625E-4	0.01752870553148507	0.0018965234174228853	2.374414921651256E-6	0.007955337233885418	0.0026337065852560927	0.005121614544857168	4.6566521176632695E-5	1.0256541624549606E-4	4.938171433902233E-4	0.0021671908827986864	5.871422875865367E-4	2.8273079305811167E-4	2.455413225530103E-4	1.1145522340607017E-7	3.153893445559527E-8	1.9015334689914203E-6	1.0091762531076706E-4	1.214788204618159E-4	0.0	1.214788204618159E-4	3.685624843962028E-8	1.3000541389188688E-8	1.5377285518123536E-7	0.0024622089096103987	9.44429846395498E-9
0.005018388903436798	1.8198280392125616E-5	7.158104639976359E-9	0.0013665072341091475	0.002042173307736173	0.028792112512399718	0.01297348131648711	0.027968986700149058	0.005225697859927518	9.906456481012323E-6	0.020147691222773823	0.00538457494332005	0.009875044405041625	8.833358757067392E-5	0.0010524686714478368	0.04233268315297592	0.0016462704122259526	0.0011445895092350397	5.122682429836827E-4	3.808782349652003E-4	2.526601496626977E-7	5.641543992232784E-5	4.242390566491006E-6	2.0717850515523129E-4	1.8453675955501744E-4	0.0	1.8453675955501744E-4	5.470493942275128E-8	2.0924836924966438E-8	1.744980475841334E-6	0.008493162348391503	7.952472892213674E-8
3.7746514171323864E-4	4.137164076870876E-7	5.722773591445264E-9	2.624313617826203E-6	7.221355497194636E-5	4.942088170951682E-4	2.309624816218496E-4	0.0013972661156729815	1.28445407924242E-4	2.3869919580124397E-7	0.002456954050912348	4.5415713275827834E-4	8.723287517368219E-4	6.8143210687211985E-6	0.004808691618671316	2.014497767584071E-5	4.182068295478817E-5	2.7364308614212328E-5	2.4691358206465474E-5	2.197469360588847E-5	1.0862470411565377E-8	4.976545027524142E-9	1.4852087313443596E-7	4.0123815820585615E-6	1.089606209970868E-5	0.0	1.089606209970868E-5	4.648808773239465E-9	1.3788043405845894E-9	1.2479581636042323E-6	2.1267809896082E-4	9.58049747450504E-10
0.0047237868127298025	2.0215534327993257E-5	1.209635319548612E-10	6.573827158122914E-5	0.0015688368902457988	0.01860056601056779	1.4185616454899541E-5	0.12939665284484017	0.19496033812968844	0.03786482011549341	0.018202323442006063	0.005102426241937881	0.009807140813494436	8.669552984893612E-5	4.948593538671718E-4	0.005290848702476178	0.0015428867531585885	0.00385423673185208	6.146760041443138E-4	6.818588056862773E-4	2.2808170579364208E-7	2.5229890602441695E-7	3.800082900533569E-6	2.0752675928954083E-4	3.4418810939792306E-4	0.0	3.4418810939792306E-4	6.342771915987925E-8	2.2573717899594564E-8	3.3210910064715905E-7	0.005902001458589613	7.009250561110282E-8
0.007943219377894004	1.9963901204505625E-5	3.603470317284624E-10	1.4782689077961342E-4	0.00384569725655843	0.0143468013826324	3.626142687330279E-5	0.05369748287228491	0.047522992252122316	0.07067957380825665	0.027734028167663922	0.008090128522790337	0.015744602680185755	1.3955219121385932E-4	4.107481776898235E-4	0.003296189532593957	0.003782714234490417	0.0018158250605472843	8.746348829722529E-4	6.908167310377131E-4	3.716886980010178E-7	1.3189403961039987E-6	2.642363717169155E-5	1.976245514007019E-4	3.3666732152224575E-4	0.0	3.3666732152224575E-4	1.0754853265392206E-7	3.7539617564935504E-8	1.0029453663136514E-6	0.01814859177361597	5.512859361168226E-8
0.0026990161603054606	5.672343629930591E-6	5.1245700299080395E-11	3.7059244575310286E-5	8.346558739507593E-4	0.0023218790990529024	4.846125702618006E-6	0.019407841956864822	0.056035711073033165	3.1466073672501803E-6	0.007075397940286145	0.002821157518521369	0.005662452078397803	5.223306314310215E-5	6.261603818547232E-5	2.5412088481621144E-4	5.804434503278803E-4	3.075331790742339E-4	3.059259997487262E-4	2.589262206371774E-4	1.921614032886503E-7	2.3152228990079843E-8	2.0944574762555904E-6	5.1185343013877974E-5	1.2716775545030759E-4	0.0	1.2716775545030759E-4	4.725459557295713E-8	1.5846347819423687E-8	1.4233972280242466E-7	0.002825443117629394	7.738158136460661E-9
0.09401771261611958	5.3688348030516236E-5	8.259244937220143E-10	3.3067289107183574E-4	0.008865637233086518	0.02078796888304544	4.4091393684585076E-5	0.06416018226309134	0.01475606434661022	2.2490815269384276E-5	0.08127006751642321	0.09751029618684454	0.17840697860968976	0.001272533964394202	0.0013459483897950173	0.0023457322457591883	0.005263025476747711	0.003813292731621782	0.0028105503113871684	0.0021500822559096544	1.3529613044569057E-6	5.002116425214556E-7	1.690558071197212E-5	5.10669400681368E-4	0.0010495857110775536	0.0	0.0010495857110775536	3.535287022535764E-7	1.5013516485771446E-7	2.2985534960830268E-6	0.02432295106303504	9.538468245719747E-8
0.10584237175588783	3.224402214207992E-5	4.3848456180812724E-10	1.7037353511118125E-4	0.0035225004604416757	0.011872261558157935	2.714509201413917E-5	0.052133922694241344	0.007927278542154838	1.1342586686748209E-5	0.05085395187374589	0.011831539228410112	0.02180519174470008	1.8750097707178514E-4	0.0012326196522554431	0.0013678936719938226	0.0030990015856893326	0.002169767434470508	0.0010685665856102775	7.800027063798741E-4	6.150618944417296E-7	4.766149975677208E-7	8.741448793303207E-6	3.1765177835698744E-4	3.7593685075975903E-4	0.0	3.7593685075975903E-4	1.0976312801139242E-7	4.1603618710398635E-8	1.2185008657313496E-6	0.014032715456968324	7.225609147266264E-8
0.0942822988927628	3.796405650041484E-5	5.469174753577566E-10	2.173900960792419E-4	0.0053961055379733065	0.014791538970564792	3.1363151053307914E-5	0.05357757362385957	0.00985695529879791	1.5651115051449426E-5	0.06290704962584645	0.09762634775796304	0.07676671970988025	0.001688910811809363	0.0011907518221182306	0.0016753939722238065	0.0037009245021189115	0.0026469079834220157	0.0017390901135832695	0.0014342015489118166	8.305236275865239E-7	4.5319929882340645E-7	1.1048854302440005E-5	3.679554166069904E-4	7.050296992839433E-4	0.0	7.050296992839433E-4	2.3455638206078537E-7	8.883472079119741E-8	1.5208946561554054E-6	0.016720880219586544	7.796574953511181E-8
0.0010329095472250813	3.868048619402423E-7	5.52792701620241E-12	2.1782139832303237E-6	5.1143845690786187E-5	1.4611595400056072E-4	3.2212071239503723E-7	5.611401684549292E-4	9.949121894393672E-5	1.481254456992421E-7	6.07676845364395E-4	0.0010693891168546167	7.83641900303003E-4	5.766955610713454E-4	1.275231219691878E-5	1.6674428848054307E-5	3.749736699769851E-5	2.6637913835196522E-5	1.5963206232465285E-5	1.2158764326931203E-5	8.299530805112798E-9	4.8730457816381246E-9	1.1144199897684114E-7	3.759253624522907E-6	5.913881167032051E-6	0.0	5.913881167032051E-6	1.8819417585189466E-9	7.493452527451857E-10	1.537097885029638E-8	1.7082888394281848E-4	7.986257447682399E-10
4.883052561562336E-4	1.6586831510240173E-6	8.634512369556972E-12	3.816713436025022E-6	1.1333541205021534E-4	0.011819283638256564	7.82690533967058E-7	6.910990742360698E-4	2.566331076814491E-4	3.4370820482499675E-7	0.0030196387922860487	5.798115474204001E-4	0.0011092734749989965	8.805639164512197E-6	0.004822306122296396	2.1666432598592072E-4	1.1941687376305317E-4	3.73688024886751E-4	3.783294182595013E-5	3.477265344875698E-5	1.163313206461575E-8	9.250958498988947E-9	2.4325411606458225E-7	1.618912217027509E-5	1.726932070892833E-5	0.0	1.726932070892833E-5	5.116492510514672E-9	1.8265408073682284E-9	2.3573421208061997E-8	3.513646698392355E-4	1.6420151955814942E-9
0.0026033476279881005	4.802482738414655E-6	7.00693761588774E-11	3.9015483545278144E-5	0.0011161171999377166	0.0023887807009421148	5.99274889229637E-6	0.003891057028756301	0.0013225674115360663	4.745502714366453E-6	0.011752798153167382	0.002861390294597273	0.005302478333926365	4.606417942010913E-5	0.001097846055277233	2.6067387191769365E-4	5.718525420783011E-4	3.349302954673816E-4	2.106093953048562E-4	1.680420175760018E-4	1.1252748297213562E-7	2.3578548716705566E-7	1.4593639113649096E-6	4.696455827398648E-5	8.233523640504433E-5	0.0	8.233523640504433E-5	2.7661882584162418E-8	1.0584626303487516E-8	1.9487574162991153E-7	0.0032398975313055927	3.288249922609963E-8
0.0016447829503612261	1.0811340548321236E-5	4.238626912991907E-11	1.9469978106466778E-5	0.00983130395500004	0.003915817938667178	4.985215096071096E-6	0.0033190582025130035	0.003798751046745919	1.6368354464963437E-6	0.006214168497688412	0.0017615580086717526	0.0033716886846978478	2.994206779575329E-5	1.4803714165234895E-4	0.0010680109210944328	6.548574763361613E-4	0.006144943662016903	4.760625752148423E-4	8.300373765203683E-4	5.085580729639987E-8	4.5341061002160707E-8	1.3297071046966421E-6	1.3722249186093316E-4	4.3300853746412114E-4	0.0	4.3300853746412114E-4	2.139858833579313E-8	7.771123291743929E-9	1.1519125168906394E-7	0.0018460362398261005	8.169861342990257E-9
0.0020075814731761233	2.373420902027544E-6	3.664836985630319E-11	1.5544737065832236E-5	5.000475371728163E-4	0.001153050694092533	1.973352344499835E-6	0.0023732600449420543	7.22320522275253E-4	1.4965650773489594E-6	0.0051776154318106974	0.00209627615684852	0.004164314684670324	3.870236010814395E-5	0.00489493062988113	1.2453625099803162E-4	2.4102247072932208E-4	1.8066772915590357E-4	0.0016467049044657002	0.003729614183305759	6.080841470760507E-8	2.5925452181212188E-8	7.542842186261881E-7	2.234139306789902E-5	0.001966366089950358	0.0	0.001966366089950358	3.3359261048174974E-8	1.1607442088870208E-8	1.0199074439767601E-7	0.0010938375521785833	5.7625025208155024E-9
0.0012744726879096021	2.136899183353977E-6	3.478398043863972E-11	1.4392233426104941E-5	3.6914595232760976E-4	9.169988098202973E-4	2.0497940271125375E-6	0.0016194031198673846	7.595769246105797E-4	1.0084795379903754E-6	0.002814987296899264	0.0013544188331552044	0.002077018928785226	2.279996430887344E-5	1.612875314955598E-4	1.0127351033121951E-4	2.1186587583827042E-4	1.5576266195412903E-4	0.001193402662100116	0.00315689599658673	6.050492633273361E-8	3.922883013372162E-8	7.235756488878609E-7	1.9668180331262874E-5	0.0025968466104142095	0.0	0.0025968466104142095	8.025134082391377E-9	5.058022482702235E-9	9.686601430389164E-8	0.0011416957725770623	6.315378485806851E-9
0.001119716143255569	2.401616944968724E-6	4.9821248539755996E-11	2.0798546697507086E-4	4.8446263116077096E-4	0.001466534727229686	3.2981315843380526E-6	0.0017836791978329267	0.004306259963844102	1.057220881121948E-6	0.002780833424879601	0.0011907184331457323	0.001931811711255742	2.019405532982171E-5	1.22312762832932E-4	1.8669965057904772E-4	3.7567373573992046E-4	1.8530312457059835E-4	3.9842619243775763E-4	9.5075259232678E-5	4.953490856933039E-8	5.5885987753149636E-5	3.7508542723353946E-6	5.561050233122778E-5	2.9498048153042664E-5	0.0	2.9498048153042664E-5	8.980982816668956E-9	4.707613439145374E-9	1.3876489843902868E-7	0.001878689960951306	6.880969733669994E-9
1.1042771477952012E-7	4.91089715489934E-10	5.1963976065957404E-15	2.2406459028239384E-9	3.4567831838753794E-8	7.431261737152698E-7	1.0718774299664884E-9	2.4083732258886896E-7	4.216700857952945E-6	8.736979403791794E-11	5.58151860004841E-7	1.2642434530022387E-7	2.3804373353213637E-7	2.010502918918213E-9	6.686994988022535E-9	7.1567706447698E-8	3.525901789718079E-8	6.326672711842081E-8	1.0866942944598773E-8	9.442358182998768E-9	3.270250115275286E-12	2.72915193129136E-11	8.185055027042105E-11	4.727997982489907E-9	4.676501490529296E-9	0.0	4.676501490529296E-9	1.2220991340988962E-12	4.555872942999017E-13	1.4370114125521676E-11	2.1118170201557196E-7	2.789175963390573E-12
2.5235885190154383E-6	6.073344993372242E-9	4.405601151639601E-12	3.769826828085942E-5	8.791234819267209E-7	5.413480301151593E-6	9.138782600311327E-8	3.870320260951535E-6	5.9637427820503796E-6	1.998673407358196E-9	6.9412818956399715E-6	2.6633948717719976E-6	4.944178978988934E-6	4.721398974275107E-8	8.227295315902958E-8	5.594169970805913E-7	6.166541647084963E-7	5.447376543564649E-7	2.716631431036613E-7	2.0758712562448313E-7	8.48628587827958E-11	6.673660928404456E-11	2.8081190785625624E-9	6.358852236581835E-8	1.0126387723284565E-7	0.0	1.0126387723284565E-7	3.396937453545684E-11	1.2871840390472827E-11	1.2325132030868177E-8	2.7658385047377383E-6	1.882292845383773E-11
4.181031401482468E-6	2.2192353813533702E-8	9.84269514863128E-14	4.277979676062844E-8	1.829837277427714E-6	9.361028708543107E-6	1.0182666903914135E-8	8.837883998520933E-6	3.3129243281382724E-6	4.5179445787784E-9	1.812026134838033E-5	4.666167603196579E-6	8.845305023275336E-6	7.714001790998404E-8	2.2433786618507966E-7	1.2032035599287916E-6	1.5503573992203782E-6	1.1209141538587556E-6	4.336518607282891E-7	3.7941119932860436E-7	1.2434515122209142E-10	7.52321522334315E-11	3.071424978792793E-9	2.1819321294245058E-7	1.8714844487834572E-7	0.0	1.8714844487834572E-7	5.133216730616811E-11	1.8944047378971833E-11	2.673359050047228E-10	3.545239291290929E-5	1.5673093838246755E-11
7.401686796608773E-5	1.7094004651620353E-7	1.894072885259169E-11	1.3637196687060208E-6	6.324007566505301E-5	9.738904345501778E-5	9.676386967528364E-8	1.789688978469156E-4	3.728000413769964E-5	1.2930005515162942E-7	1.955257758558976E-4	7.80399559285612E-5	1.478195996587993E-4	1.405210750667727E-6	2.206617667731231E-6	1.0539056391138262E-5	2.8610512645224586E-5	1.215198526751861E-5	7.019720990305186E-6	6.3630678105669615E-6	3.0791024990288182E-9	7.17265260192531E-10	3.7791185993382235E-8	1.936649258937594E-6	3.166304179441566E-6	0.0	3.166304179441566E-6	1.0680711722105197E-9	3.967160044333436E-10	5.294469860799081E-8	5.009249814828718E-5	2.4935843570612016E-10
2.8779688437123216E-4	4.825468817784739E-7	7.854794257178214E-12	3.250002473219953E-6	8.335922505862285E-5	2.070732860781956E-4	4.6287697906381295E-7	3.656878465733493E-4	1.7152487337428345E-4	2.2773109089575883E-7	6.356699011953549E-4	3.0585002902501257E-4	4.690249442535844E-4	5.148606852169797E-6	3.642130942039393E-5	2.286921167248207E-5	4.7842787923439297E-5	3.5173762149016075E-5	8.44884050792161E-4	0.0019975760160925024	1.3663007914248969E-8	8.858500092221299E-9	1.6339527062229768E-7	4.441397661732555E-6	0.002520158006459561	0.002514215935225779	0.001263048166442279	1.8122066380835632E-9	1.1421846766617561E-9	2.1873937494941492E-8	2.578135807195853E-4	1.4261142441390457E-9
8.6476682567894E-5	1.4500456479685072E-7	2.3590970101289766E-12	9.805730151886487E-7	2.5081323161638806E-5	6.230745999344249E-5	1.3922233985235254E-7	1.0995419279039637E-4	5.1670316301243774E-5	6.848362088880815E-8	1.9107227594498285E-4	9.189940270503393E-5	1.409933354300614E-4	1.5472276761837784E-6	1.0929990857328034E-5	6.88069279005364E-6	1.438256554464729E-5	1.057294389260574E-5	2.534796318610105E-4	5.992844869864672E-4	4.103095741120117E-9	2.6595189464801083E-9	4.920089283374332E-8	1.3360036781023694E-6	1.7889614774135281E-6	2.97215080871977E-7	6.303438814860547E-4	3.090934464020109E-7	9.995324087030984E-9	6.56955167046104E-9	7.748652788608914E-5	4.284591926068735E-10
2.7340592563781607E-4	4.584176689908358E-7	7.462024126043932E-12	3.087489763682491E-6	7.919094099088847E-5	1.9671881986757368E-4	4.397313375850702E-7	3.474020380912791E-4	1.6294796546273104E-4	2.1634365444537195E-7	6.038839444565835E-4	2.905563431467609E-4	4.455718807069002E-4	4.891156571198074E-6	3.460010290514276E-5	2.172566252613366E-5	4.54504632525103E-5	3.3414937828553486E-5	0.00677388397520117	0.001897689479526081	1.297980460752147E-8	8.415540782409314E-9	1.5522487433083628E-7	4.2193105790029205E-6	5.644944660978909E-6	0.0	5.644944660978909E-6	1.721589288274302E-9	1.0850710196334982E-9	2.0780155911743443E-8	2.4492190328132636E-4	1.3548030091985415E-9
2.243696233715444E-7	4.553391775030622E-10	1.9296658731556726E-13	4.3537124661382715E-8	7.789338240467584E-8	2.2941896906304264E-7	1.8313267843338408E-9	3.276310420255069E-7	2.55751562556849E-7	1.4843386023780006E-10	4.0656189757733465E-7	2.363172419519352E-7	3.639502300370277E-7	4.076100140758383E-9	6.385193468152268E-9	2.59197056119266E-8	4.742801269196631E-8	3.542010228635554E-8	2.1774920769710545E-8	1.1836771958249383E-8	1.018436747946644E-11	2.7492645767976615E-12	4.5830223007181346E-10	1.4015008952810562E-8	5.463449087000075E-9	0.0	5.463449087000075E-9	1.618653416079292E-12	9.331598463818094E-8	5.398098532534009E-10	2.3146911878911715E-7	6.877092246898222E-13
5.753095573803964E-8	1.0955152068729285E-10	1.5025853497813215E-15	7.527879518872127E-10	2.5687106394742282E-8	5.2458723802582294E-8	1.0369966108470153E-10	9.043454929522977E-8	1.043392450561439E-7	4.5684604363520003E-11	1.026484104477901E-7	6.046658227864564E-8	9.363658956348681E-8	1.0467499347747678E-9	1.605925527937885E-9	6.395323493608638E-9	1.5556093810032586E-8	8.004019407594365E-9	6.595568330956055E-9	3.1170122494005245E-9	2.6147415435318377E-12	6.766815873974874E-13	1.045940146296275E-10	1.2484017658493973E-9	1.3846831018702977E-9	0.0	1.3846831018702977E-9	4.232201873209621E-13	2.4718894233521386E-13	4.1772705008630595E-12	8.784739600874724E-8	1.6048006027377848E-13
4.570487219055514E-7	2.8726184145894934E-9	1.0769212842314312E-9	6.1980906597954946E-9	3.5571349586072674E-7	1.1973327034359542E-5	1.2389151331068851E-9	1.2162724355878205E-6	1.7861667968208363E-6	6.873772916501648E-10	1.7411692411136325E-6	4.969941761899049E-7	9.594024214964673E-7	8.497451943709018E-9	2.817940406823902E-8	1.724138121532773E-7	3.057328726247698E-7	1.6943019739708815E-7	5.975627482508396E-8	4.925112948956967E-8	1.4028941140806686E-11	1.0793332460127307E-11	1.4640799713696221E-9	5.2972537910473606E-8	2.4041614806357327E-8	0.0	2.4041614806357327E-8	1.4087567733843892E-10	2.2391288971201757E-12	3.0132568063745713E-6	8.223476270526739E-7	2.6350775516314937E-12
0.024728249390294315	1.3628642693368716E-5	2.078574462231275E-10	8.661882287192131E-5	0.002719970567059466	0.006107076905064842	1.105432862298191E-5	0.015943412333905286	0.0037732652090870455	7.601065767029161E-6	0.1185299337625815	0.021123247560878	0.040619455308929936	3.125771007294213E-4	2.855542264388629E-4	6.68884878587683E-4	0.001365559662441473	0.0010200754732163097	9.613802778985488E-4	9.520863217534869E-4	3.4126334156299964E-7	1.0430835794842903E-7	4.267473217899601E-6	1.2938457136765555E-4	4.783779808762676E-4	0.0	4.783779808762676E-4	1.7423775925268605E-7	6.111637361275206E-8	5.783915196150024E-7	0.005959312012574434	2.5722281590843945E-8
4.850445415893058E-8	1.219667411264227E-10	2.5325666393645775E-15	9.600145416761548E-10	1.2375408040476883E-8	5.062400283199068E-8	2.2987161729061215E-10	6.476877063739162E-8	2.7090227472964324E-8	2.8227264918916467E-11	1.8556067868629677E-7	4.817585200512632E-8	8.552501044702671E-8	7.718345936072341E-10	1.8116641699499246E-9	6.030806399690005E-9	9.204113235708215E-9	8.726153820100553E-9	3.802035805645135E-9	2.9206604239737876E-9	1.3965029301499643E-12	1.4423274169128904E-11	2.9125959500393665E-11	1.128128189554112E-9	1.4327955794043969E-9	0.0	1.4327955794043969E-9	3.9480869480785285E-13	1.6988410729265558E-13	7.0497378910574795E-12	9.80713998602665E-8	1.213406821529305E-13
