32
NULL,lstat@_lxstat,openat@__openat_nocancel,fstat@_fxstat,time@time,open@__open_nocancel,read@__read_nocancel,mmap@__mmap,munmap@__munmap,mprotect@__mprotect,rt_sigprocmask@sigprocmask,exit_group@_exit,rt_sigaction@__libc_sigaction,sched_yield@__sched_yield,write@__write_nocancel,syslog@syslog,getpid@__getpid,writev@writev,close@close,open@__open,read@__libc_read,close@__close_nocancel,mremap@__mremap,stat@_xstat,socket@socket,fcntl@__fcntl,connect@connect,getdents@__getdents,lseek@lseek,getrlimit@getrlimit,write@__libc_write,madvise@madvise
0.6608036432153559	6.139493268038571E-5	4.6158627614713894E-10	3.7778146990996624E-4	0.013873242783069596	0.03477303686157254	3.566462681213386E-5	0.04336494488114489	0.03965814081421594	2.949004825414545E-5	0.051627938238380376	0.017030949526628477	0.03349505290180798	3.0267911585175276E-4	6.851099823378423E-4	0.004104404613663871	0.0060451161589405635	0.004099491968663755	0.004076381024689372	0.0018620131402409352	4.960223624669313E-7	2.6868508945831114E-7	5.063349335112933E-5	9.291571453569963E-4	7.968867179870098E-4	0.0	7.968867179870098E-4	2.446813388240348E-7	8.56143000634629E-8	1.2702213448576904E-6	0.06630805512697785	7.546841674211729E-8
4.161541735068886E-6	1.6780045079675378E-4	6.291903816729864E-5	8.438904365667399E-8	3.593846848627827E-6	1.9847650617414675E-5	1.734696911529806E-5	1.087996691744034E-5	3.2186776950490537E-5	6.402478581131216E-9	1.554537582269596E-5	4.488163724708026E-6	8.70283493527686E-6	7.711825943080273E-8	2.101960426853421E-7	2.014459591513624E-6	2.6587584144952216E-6	1.6354668675979746E-6	8.418964783492556E-7	4.31830777551405E-7	1.2871658127947E-10	2.0965689784697932E-10	2.121543989021558E-8	2.177025787356451E-7	1.9230752990803297E-7	0.0	1.9230752990803297E-7	5.776040608489894E-11	2.0537737109113185E-11	2.9748340105516797E-10	1.5241998358636286E-5	6.322332076524259E-11
4.2500383693787935E-7	1.7979006604044208E-9	2.9037118208022674E-14	3.235523751386101E-5	3.3951727407690214E-7	2.217835479686436E-6	3.4148779049202254E-8	1.0745927159355352E-6	3.4252374810154526E-6	6.204683874036736E-10	1.6627148003809053E-6	4.613868726070664E-7	8.926316966505222E-7	7.849169466546994E-9	2.2689433422204917E-8	2.3314415302245004E-7	2.6043255002617474E-7	1.8803672479603416E-7	7.979836950975529E-8	4.3394325903797706E-8	1.3001267265859216E-11	2.4792283541259293E-11	1.9209885608745067E-9	2.2550678628187584E-8	1.9548073974482885E-8	0.0	1.9548073974482885E-8	1.5015398008723014E-9	2.0535731582970795E-12	8.061626135593057E-11	1.4404474452117488E-6	7.742898880249252E-12
1.8222957905660126E-4	3.7634548887341283E-7	4.663353616156067E-12	1.0475630625651886E-5	5.043591857043871E-5	2.633140782183435E-4	2.7293778812415177E-7	5.11294237922488E-4	2.3160697009278386E-4	1.2241708182050822E-7	4.34345498300383E-4	1.7512266234149322E-4	3.2286647381293663E-4	3.118602408812112E-6	4.992543855987113E-6	2.5687409071284747E-5	3.223380637904709E-5	3.400509347083583E-5	2.603114271663463E-5	1.4069975687173269E-5	5.662949593439282E-9	2.696583830902448E-9	1.0740156834822774E-7	3.8088061049761453E-6	6.92938155738051E-6	2.9493291046495667E-6	6.92938155738051E-6	1.1081859520898915E-6	3.545015963286215E-8	1.2934931025606111E-8	1.437541586365333E-4	7.510359170838286E-10
0.002448844252392059	1.0219319790015315E-5	5.545274406400657E-11	2.809765040398731E-5	8.358053097822859E-4	0.02305654789922221	1.6269018728058864E-4	0.017309883637131745	0.0018702380076840522	2.343792818009903E-6	0.007851777490356692	0.002598974334668777	0.005054366448579164	4.596027505772517E-5	1.0121929927619704E-4	4.873595012496444E-4	0.002139980789427967	5.79481113838287E-4	2.7886170012650634E-4	2.423333879226148E-4	1.1008671362312208E-7	3.112611815571012E-8	1.8756076826981578E-6	9.955464502768112E-5	1.1989911101184571E-4	0.0	1.1989911101184571E-4	3.6376311443600516E-8	1.283145408269885E-8	1.517768670441105E-7	0.002430206394568295	9.321788009457883E-9
0.0049740591112590075	1.796105869627107E-5	7.06986793001933E-9	0.0013496931624695603	0.0020159934256456387	0.028432411389272425	0.012814108959224035	0.027619107770036337	0.005155654480757368	9.781968617105432E-6	0.019890078294619043	0.005314034861640169	0.009745991421917346	8.718791634560995E-5	0.001039384767645897	0.04181221861977888	0.0016248599311727554	0.0011297178962405303	5.05204755003543E-4	3.758701084165159E-4	2.4956974858092237E-7	5.5723319752980795E-5	4.185045661853105E-6	2.044167261924297E-4	1.821235598066484E-4	0.0	1.821235598066484E-4	5.398844494122125E-8	2.0651860501020217E-8	1.7233236664354782E-6	0.008385309851860104	7.853501673782282E-8
3.7419499153380586E-4	4.082528382462779E-7	5.6522823160154936E-9	2.5893747592590796E-6	7.127917734092483E-5	4.879601836164834E-4	2.2811884695888524E-4	0.0013798259496983103	1.2665090525616367E-4	2.3564331626170795E-7	0.0024263420586034838	4.4832331822307635E-4	8.611729269644792E-4	6.727420519290147E-6	0.004749656760693522	1.987622194831866E-5	4.12697628783615E-5	2.7003165271247174E-5	2.43556874930838E-5	2.1689109069294942E-5	1.0729480594282753E-8	4.91341272552967E-9	1.4649954188097615E-7	3.957543113843495E-6	1.0755053003276765E-5	0.0	1.0755053003276765E-5	4.589129725580421E-9	1.3609946380489738E-9	1.2325992202835688E-6	2.099294701210367E-4	9.45766841361696E-10
0.00468198813556537	1.995278257960492E-5	1.1941314320946355E-10	6.486749728299245E-5	0.001548488477643547	0.01836488331020121	1.4010346726831972E-5	0.12779894497384936	0.1925558691064312	0.037399073253499636	0.01796823298577691	0.005035337032244056	0.009678707386093466	8.556796771530148E-5	4.886205166395635E-4	0.005225058465770729	0.0015227437593066037	0.0038061324194196113	6.063690607387706E-4	6.731542925018042E-4	2.2528941072191202E-7	2.4923743688370216E-7	3.748352691090925E-6	2.0473440379879888E-4	3.39814422655926E-4	0.0	3.39814422655926E-4	6.259958052666935E-8	2.227939504699431E-8	3.2785433603069374E-7	0.005826479296924515	6.921747562191169E-8
0.00787341870776417	1.970250356891798E-5	3.55819424941006E-10	1.459000454044855E-4	0.00379683306641433	0.014162678379311329	3.581560525697608E-5	0.05302845346595567	0.04692907078589136	0.06981019817117795	0.02737859995833363	0.007984115548090413	0.015539191015706102	1.3774363142005644E-4	4.0550245819510937E-4	0.0032547457601573584	0.0037347660586387423	0.0017924456864567059	8.626299584137578E-4	6.818108490907928E-4	3.671524555374271E-7	1.3026861586566856E-6	2.6090005330741388E-5	1.949450306180072E-4	3.3230273902685206E-4	0.0	3.3230273902685206E-4	1.0615101693442379E-7	3.705218684715697E-8	9.903477795081241E-7	0.017920374811222838	5.443273837818468E-8
0.0026751497224142226	5.598402030440162E-6	5.058118568607824E-11	3.656911377083396E-5	8.238448046064634E-4	0.002291260283951481	4.784734007921219E-6	0.019166347380998334	0.05534351588989571	3.1065243750888976E-6	0.006983506462754602	0.0027841388444713737	0.005588555047170084	5.155683688912909E-5	6.178826694691254E-5	2.507472905067103E-4	5.728774994740271E-4	3.034693989558079E-4	3.017448314406595E-4	2.5556127643596615E-4	1.8983841321417318E-7	2.2846499275967432E-8	2.066052714602403E-6	5.0492220427170064E-5	1.2552321958996015E-4	0.0	1.2552321958996015E-4	4.664454912280244E-8	1.5641646410412257E-8	1.4049459693476685E-7	0.0027890647467160813	7.63704022032912E-9
0.09322328711722344	5.29792910796163E-5	8.153467500958656E-10	3.2626972166036386E-4	0.00875078399208417	0.020510285643670276	4.352976598810234E-5	0.06333397188140949	0.014548259390480635	2.2199175116875135E-5	0.0802160066162881	0.09627075634300267	0.17614865345993916	0.0012564732523277446	0.0013286230292769625	0.002314245715437755	0.005193630771832033	0.0037632415210380674	0.002772123651474623	0.0021218379437037676	1.3363618329284951E-6	4.937783530370449E-7	1.667357769838078E-5	5.036800689033852E-4	0.0010358570693114486	0.0	0.0010358570693114486	3.488982212363813E-7	1.481884875945134E-7	2.2691244866677556E-6	0.02400619648651357	9.41457973465591E-8
0.10498472523002123	3.1825804999011644E-5	4.32965986928697E-10	1.6814053945922545E-4	0.0034772195972775513	0.011716619422544277	2.6808744666385855E-5	0.05148070234629753	0.007817601274254175	1.1198371677367466E-5	0.05021200791544481	0.011677794583179132	0.021522654332035342	1.8508522692082385E-4	0.0012172243663445565	0.0013498868853515985	0.0030589356028449554	0.0021417831348109154	0.001053855315319695	7.69806897295421E-4	6.076454661752177E-7	4.706680735471919E-7	8.62323510960591E-6	3.1338457101406334E-4	3.7105250623439595E-4	0.0	3.7105250623439595E-4	1.0833019004928397E-7	4.1062555508045196E-8	1.2031703987979425E-6	0.013853640771747793	7.134652502556819E-8
0.0934994182539531	3.746372255292178E-5	5.399218175709388E-10	2.144976115093297E-4	0.005325970159650132	0.014594656540696868	3.0966368663794785E-5	0.05289379882591927	0.009718450932566961	1.5448780197452076E-5	0.06209743623349373	0.09639978071369479	0.07577995780867593	0.0016678850679493	0.001175598045640646	0.0016529928967499005	0.0036522713999840952	0.002612227027444742	0.001715212012874235	0.001415369810517189	8.203338419249408E-7	4.4743967087877165E-7	1.0897246364450173E-5	3.629335353098474E-4	6.958142614630692E-4	0.0	6.958142614630692E-4	2.314852272330756E-7	8.767713648040903E-8	1.5014468226979193E-6	0.01650376092965217	7.696395171954166E-8
0.0010243537842039947	3.8171593785314634E-7	5.457332742962823E-12	2.14926890941554E-6	5.047894921479292E-5	1.4417181471194256E-4	3.1805646551299176E-7	5.539935718527267E-4	9.809529580485636E-5	1.4621074190707906E-7	5.998626362826342E-4	0.0010559762393703113	7.735815060184505E-4	5.696081793961407E-4	1.2590411712728837E-5	1.645162502951124E-5	3.7005250694297084E-5	2.6289390639752095E-5	1.5742771735326274E-5	1.1998132668756571E-5	8.197897842193036E-9	4.811254114690418E-9	1.0991517616780325E-7	3.708037108329932E-6	5.83612837754413E-6	0.0	5.83612837754413E-6	1.8571149183109818E-9	7.395365524863989E-10	1.517474523772394E-8	1.6861526670979726E-4	7.883870044120765E-10
4.840270309949671E-4	1.6372669503191734E-6	8.522716029309918E-12	3.7652238542230817E-6	1.118643408147224E-4	0.011673935573259995	7.728212971280899E-7	6.821317416995675E-4	2.530833549478365E-4	3.392825997512281E-7	0.0029817269958165088	5.723020467025934E-4	0.0010949683724987241	8.69240489421887E-6	0.004763097424438436	2.1396707541344336E-4	1.1786690490488778E-4	3.6907097546838574E-4	3.731470054384987E-5	3.431845630864376E-5	1.1488197360468211E-8	9.133701163759361E-9	2.399274928981311E-7	1.597214640498346E-5	1.7044731936120506E-5	0.0	1.7044731936120506E-5	5.049760989536654E-9	1.8027590727637356E-9	2.3268179300449476E-8	3.468142943893116E-4	1.620943129587648E-9
0.0025806670338884685	4.7396515710928165E-6	6.918081283253547E-11	3.85096433591367E-5	0.0011019934885178047	0.002357703007855801	5.918428149760688E-6	0.003841032669530609	0.001304267867414238	4.686173731519477E-6	0.01160475139597763	0.002824327836756088	0.005234015503895706	4.5473009937268954E-5	0.0010843188553050556	2.572619020253527E-4	5.644499965817083E-4	3.305707785978521E-4	2.077349642394901E-4	1.6585057129224088E-4	1.1115380312287633E-7	2.3286731409513423E-7	1.4395849133998425E-6	4.632982690481338E-5	8.126667545918501E-5	0.0	8.126667545918501E-5	2.7302754378976246E-8	1.0447769404107774E-8	1.9240526295020318E-7	0.003198796385157078	3.24740770500516E-8
0.0016301318779085568	1.0672606780983854E-5	4.1836391818472525E-11	1.9205799093812174E-5	0.009710194300480536	0.00386494550025125	4.922436688491849E-6	0.0032757502399819276	0.0037500207260032542	1.6156714577863813E-6	0.006133390346580606	0.001738236710139319	0.003327225977359539	2.9550265865399713E-5	1.4615184243837887E-4	0.0010546095383051712	6.463071863719255E-4	0.006069643884709898	4.6995064069344286E-4	8.197658395889195E-4	5.021830283072633E-8	4.476494456254029E-8	1.3114558721774014E-6	1.3540772506356405E-4	4.276616253491112E-4	0.0	4.276616253491112E-4	2.1117621419343734E-8	7.669319779949071E-9	1.1369696080424842E-7	0.001822015441981206	8.06461025320485E-9
0.0019899822400886447	2.341876008905367E-6	3.6176476231018575E-11	1.5337224237340467E-5	4.935749229147549E-4	0.001137755455536335	1.948058875753357E-6	0.0023423423370921358	7.122143036224085E-4	1.477298972308468E-6	0.005110873643110815	0.0020689356869347123	0.004110268190785507	3.820418681966484E-5	0.004834806525544644	1.2287358462276818E-4	2.3782885079751283E-4	1.7828776651751364E-4	0.0016262445331466497	0.0036836967948346267	6.005676548509805E-8	2.5594713162533493E-8	7.43877307513759E-7	2.2033559506431817E-5	0.0019421741717294395	0.0	0.0019421741717294395	3.292996472286383E-8	1.1458225030263842E-8	1.0067788853482984E-7	0.0010795268175907036	5.6883025222058495E-9
0.0012634511742559973	2.1090436244514985E-6	3.434418144930176E-11	1.420340355189487E-5	3.6443011454554157E-4	9.049966459553564E-4	2.0241066925079317E-6	0.001598536379836174	7.492358431205453E-4	9.956684948561569E-7	0.0027789641301636035	0.0013369366474979686	0.0020501083101934553	2.2509354822094402E-5	1.5928539811221304E-4	9.99396874288434E-5	2.091063679491069E-4	1.5374576036929625E-4	0.0011785840570493137	0.0031180786276726736	5.977148189755032E-8	3.873977208092484E-8	7.13781210970425E-7	1.940207387358287E-5	0.00256494747244444	0.0	0.00256494747244444	7.919648297104093E-9	4.993210874289648E-9	9.564161565347441E-8	0.00112709030516262	6.235867046590155E-9
0.0011096246932467547	2.368925719663655E-6	4.918365163939632E-11	2.0535000342127E-4	4.779946708474341E-4	0.0014464730134406897	3.2546422683455502E-6	0.0017598067925897018	0.004246773767848345	1.0432671610953408E-6	0.0027439089646953013	0.001174904586971946	0.0019059817715017765	1.992893050689499E-5	1.2076847840623651E-4	1.8413611703318796E-4	3.7055844196927227E-4	1.8279527481951456E-4	3.9277214522810493E-4	9.377471353015303E-5	4.891996840873699E-8	5.52004001354048E-5	3.6990618499065017E-6	5.488159435124099E-5	2.9096638536966816E-5	0.0	2.9096638536966816E-5	8.858477731840684E-9	4.64529091171956E-9	1.3698977683079344E-7	0.001853426197475616	6.790770276541146E-9
1.0950087689816135E-7	4.849129315587164E-10	5.1340948690886366E-15	2.2128803348653456E-9	3.413579902301841E-8	7.341597820416926E-7	1.0593636529690363E-9	2.3781751414382397E-7	4.166585090220656E-6	8.627655858223199E-11	5.51327844272489E-7	1.2482995600197426E-7	2.3505241306908953E-7	1.9853611620291167E-9	6.604001523411577E-9	7.070031859564907E-8	3.481383689520503E-8	6.249265969171983E-8	1.0722893597578103E-8	9.322969653625066E-9	3.2309442813391293E-12	2.697484355352316E-11	8.078192039906114E-11	4.66614656557814E-9	4.617663930401929E-9	0.0	4.617663930401929E-9	1.2066084917772867E-12	4.498345726930372E-13	1.4197929839417805E-11	2.086424903202064E-7	2.75593202683413E-12
2.501451653338519E-6	5.993646035376507E-9	4.351381524087481E-12	3.723049447101569E-5	8.678362015869335E-7	5.344515524178846E-6	9.025942662465281E-8	3.820102449190918E-6	5.887759590867503E-6	1.9728960222470057E-9	6.851596723418022E-6	2.6285986611456865E-6	4.8797248463079504E-6	4.660491856854172E-8	8.119984378807059E-8	5.522497349678389E-7	6.086269556414966E-7	5.377043294499034E-7	2.6796005603581236E-7	2.0488036163091355E-7	8.381569563550057E-11	6.592290223697825E-11	2.7712433944275356E-9	6.27264772883292E-8	9.995004916681987E-8	0.0	9.995004916681987E-8	3.3528916734193156E-11	1.2705641579482846E-11	1.217344862812042E-8	2.73045665281357E-6	1.858622395914825E-11
4.143273077306415E-6	2.1901248937939767E-8	9.713555078872508E-14	4.219198225056788E-8	1.8062141797719173E-6	9.238430112383267E-6	1.0052626984185545E-8	8.722414662215511E-6	3.2665976421689283E-6	4.459514197231409E-9	1.7885317717846646E-5	4.604248787550747E-6	8.728335866603139E-6	7.612677180154398E-8	2.213844372419052E-7	1.1874882286791499E-6	1.5299383996413168E-6	1.1061006187610987E-6	4.276133585908772E-7	3.743781797668812E-7	1.2277484616597363E-10	7.425111522717487E-11	3.028955325489777E-9	2.1522410623491586E-7	1.8467743224844333E-7	0.0	1.8467743224844333E-7	5.06528527142069E-11	1.869416411965877E-11	2.6382834398551336E-10	3.501226567682864E-5	1.5467020396553547E-11
7.336820753740239E-5	1.6870482053093095E-7	1.870690317726779E-11	1.3461714111942476E-6	6.245167285554647E-5	9.613251898933262E-5	9.552848658522431E-8	1.7670084751254486E-4	3.676182143642222E-5	1.2768103482977535E-7	1.9299758547291818E-4	7.702224262341452E-5	1.458974990707993E-4	1.3871254418969995E-6	2.177820361926756E-6	1.0402378357318579E-5	2.824811639747672E-5	1.1994168370782883E-5	6.9247761201307064E-6	6.28058023226333E-6	3.041241679823831E-9	7.079129794753893E-10	3.727372051681374E-8	1.910739017525207E-6	3.125419238004548E-6	0.0	3.125419238004548E-6	1.0542784220389934E-9	3.916116067117807E-10	5.229113224506502E-8	4.943947175569459E-5	2.4614304539979455E-10
2.853049096729426E-4	4.7625140533944883E-7	7.7553951815143E-12	3.207326337647509E-6	8.2293406886635E-5	2.0436075558142035E-4	4.5707133554964495E-7	3.609718262763333E-4	1.6918782868785974E-4	2.2483567768977065E-7	6.27528387164478E-4	3.018989461117152E-4	4.6294299699898114E-4	5.082926586068797E-6	3.596880027997462E-5	2.256776464448694E-5	4.721912682609753E-5	3.471793113292414E-5	8.344584940920476E-4	0.001973032070891287	1.3497235747291829E-8	8.747966776396948E-9	1.611817540839304E-7	4.381258306053976E-6	0.0024892168271341067	0.0024833526131443503	0.001247538671142288	1.7883665652560707E-9	1.1275367569176422E-9	2.1597210791848267E-8	2.5451262992220547E-4	1.408143802450016E-9
8.57278726094364E-5	1.4311272733674929E-7	2.3292428476163206E-12	9.677001897423954E-7	2.4760644898201166E-5	6.149130355490698E-5	1.374761394336379E-7	1.0853619203885526E-4	5.096644171364921E-5	6.761290462045686E-8	1.8862500167055683E-4	9.071218242577236E-5	1.391650172929638E-4	1.5274893242804746E-6	1.079419071591547E-5	6.789999666998496E-6	1.4195078814252334E-5	1.043592241328983E-5	2.503517672204456E-4	5.919211505108888E-4	4.05331189779717E-9	2.6263341009581754E-9	4.8534473462378635E-8	1.3179139333733725E-6	1.7655221691357865E-6	2.9355645524430775E-7	6.22604600165046E-4	3.0528814062659784E-7	9.872107858062906E-9	6.4864382192938125E-9	7.649441046131694E-5	4.2306006649175904E-10
2.7103855932479864E-4	4.524369907534635E-7	7.367595389093539E-12	3.0469476001551805E-6	7.81784178549603E-5	1.9414192640011328E-4	4.3421599872939724E-7	3.4292183707225346E-4	1.6072778206100812E-4	2.1359302311238635E-7	5.961495376558699E-4	2.868028296799914E-4	4.397940543678207E-4	4.8287605727538466E-6	3.417022097411974E-5	2.1439289016914353E-5	4.4857987625209636E-5	3.298190012850569E-5	0.00669067953639059	0.0018743728266331805	1.2822321690877252E-8	8.310534560424673E-9	1.531220421913949E-7	4.162178424002404E-6	5.570980580663479E-6	0.0	5.570980580663479E-6	1.69894131141064E-9	1.071155552601749E-9	2.0517266615449656E-8	2.4178601280699317E-4	1.3377311591858362E-9
2.2241005581539415E-7	4.493477705144908E-10	1.90590356701724E-13	4.3000711505215144E-8	7.689654261998511E-8	2.2641906644574194E-7	1.8086749733112873E-9	3.233913937433396E-7	2.5236898625945054E-7	1.4651821997616126E-10	4.0124356310260626E-7	2.332438059314645E-7	3.591929362965244E-7	4.023789323929309E-9	6.301791718108107E-9	2.557903016841984E-8	4.680867568096814E-8	3.4958817475117734E-8	2.1475867349546632E-8	1.1680169877724096E-8	1.0060113449500142E-11	2.714158187375228E-12	4.525105365726003E-10	1.3833990193021484E-8	5.391554153668932E-9	0.0	5.391554153668932E-9	1.597294451020363E-12	9.216729320948306E-8	5.331626516893185E-10	2.2849444356283134E-7	6.788285510476811E-13
5.702801226400743E-8	1.0811071719252982E-10	1.4833982069087069E-15	7.426986724970087E-10	2.536027992729433E-8	5.176785200023817E-8	1.0238008240584744E-10	8.926750770905116E-8	1.0297659657195884E-7	4.5098326306487246E-11	1.0130408442437581E-7	5.967961663194281E-8	9.24118269207882E-8	1.0333062076339616E-9	1.584954263698727E-9	6.310980008539956E-9	1.5355129422563474E-8	7.899422855198873E-9	6.504399900796637E-9	3.075691281035917E-9	2.5828179559308354E-12	6.679336744254822E-13	1.0323726598108038E-10	1.2315294002272236E-9	1.366451084438392E-9	0.0	1.366451084438392E-9	4.1763028483505653E-13	2.4400139652937176E-13	4.123947082755232E-12	8.672903536519952E-8	1.583876542042633E-13
4.5296011855391185E-7	2.835622882661321E-9	1.0636747951477074E-9	6.114065609900023E-9	3.51247065887057E-7	1.1825180229463321E-5	1.2233576162718895E-9	1.2006534830107596E-6	1.7637967654134827E-6	6.786513037402526E-10	1.7185811390322589E-6	4.904227255776447E-7	9.467714592449724E-7	8.38639604809981E-9	2.7814263315479527E-8	1.7021020972261953E-7	3.0187062566765475E-7	1.6724182041441237E-7	5.8931689318196474E-8	4.860640255127415E-8	1.385299965417928E-11	1.065679037213003E-11	1.4457420057694845E-9	5.227818477141766E-8	2.3728550416756485E-8	0.0	2.3728550416756485E-8	1.391378410284631E-10	2.209837440655219E-12	2.9761927485555354E-6	8.119480778331902E-7	2.6013686306031925E-12
0.024518427573636613	1.3446559588117988E-5	2.0516569575435302E-10	8.545498412113891E-5	0.002684546748746085	0.006025247567431805	1.0911916229836724E-5	0.015735769660588508	0.0037196442834309847	7.5022683248451864E-6	0.117051153194398	0.020851694392342947	0.040099594019702124	3.0858739437055025E-4	2.8181247096143515E-4	6.598688401109517E-4	0.0013473643181845269	0.0010065634721505348	9.483674375057027E-4	9.397086658527937E-4	3.370234784188467E-7	1.0294368500696253E-7	4.208263232736927E-6	1.2759350528069368E-4	4.721799912643716E-4	0.0	4.721799912643716E-4	1.7198021737319576E-7	6.032563740851396E-8	5.70903660998007E-7	0.005880693560731852	2.5384906719350713E-8
4.80848260711763E-8	1.2038134006778006E-10	2.500945029100044E-15	9.47716589381378E-10	1.2216407396266865E-8	4.996581934885112E-8	2.2707299289670012E-10	6.39310418962407E-8	2.6721952489342545E-8	2.7862912772041957E-11	1.8321100941822685E-7	4.755120072776268E-8	8.441721984353504E-8	7.619252432394955E-10	1.7883685580940699E-9	5.952254938098598E-9	9.08390883694456E-9	8.613758086815923E-9	3.750421833547647E-9	2.8825299994127505E-9	1.379352370945548E-12	1.4245475091501892E-11	2.8736395560677946E-11	1.1128903849761352E-9	1.4141750333605904E-9	0.0	1.4141750333605904E-9	3.89641614766532E-13	1.6768501758515965E-13	6.961737936813416E-12	9.684304967761664E-8	1.1977357132280534E-13
