33
NULL,brk@brk,open@__open_nocancel,mmap@__mmap,munmap@__munmap,write@__write_nocancel,read@__read_nocancel,syslog@syslog,time@time,getpid@__getpid,writev@writev,close@close,open@__open,mprotect@__mprotect,fstat@_fxstat,read@__libc_read,close@__close_nocancel,rt_sigprocmask@sigprocmask,exit_group@_exit,rt_sigaction@__libc_sigaction,sched_yield@__sched_yield,mremap@__mremap,stat@_xstat,socket@socket,fcntl@__fcntl,connect@connect,madvise@madvise,lstat@_lxstat,openat@__openat_nocancel,getdents@__getdents,lseek@lseek,getrlimit@getrlimit,write@__libc_write
0.10043757671368359	0.8125	0.054433067833549315	0.0045419997048632916	0.0012144371340220312	5.496506794067895E-4	3.3668420302756176E-6	0.005403723677109056	9.355746489154326E-4	0.0038435240678523007	0.0011792295661868053	8.67579787317626E-4	5.032275349662548E-4	1.3375989948849555E-6	1.1682163556871953E-4	3.9072160104878943E-8	9.18149245573128E-9	0.005659576897666493	0.0012644418399402272	0.0024119693868445246	2.0329478414041108E-5	3.611733330045569E-7	0.0015441845577305188	2.353535229273758E-4	0.0	2.353535229273758E-4	5.961793402307448E-9	2.328202472593577E-6	7.875840982841141E-12	3.221654847376544E-9	1.1767835083953216E-9	2.1158403095717687E-8	5.958429579522319E-4
0.4352294990926287	0.09375	0.2358766272787136	0.01968199872107426	0.005262560914095469	0.002381819610762751	1.4589648797861016E-5	0.023416135934139243	0.004054156811966873	0.016655270960693302	0.005109994786809491	0.003759512411709715	0.002180652651520438	5.796262311168142E-6	5.062270874644514E-4	1.6931269378780875E-7	3.978646730816885E-8	0.024524833223221475	0.005479247973074317	0.010451867342992943	8.809440646084484E-5	1.565084443019746E-6	0.006691466416832252	0.001019865266018628	0.0	0.001019865266018628	2.583443807666558E-8	1.0088877381238833E-5	3.412864425897828E-11	1.39605043386317E-8	5.099395203046391E-9	9.168641341477662E-8	0.002581986151126339
0.11973112832171678	0.0	0.04485907199240112	0.05540519263636291	0.004464553920124843	0.0038326010465262483	0.030252495654662686	0.1287345630593711	0.005992508541113949	0.00924426331855924	0.00421702723440525	0.0028746978484903703	0.0023176201128101955	1.0794899310520552E-5	0.0011925481802173424	2.628422482281553E-7	1.507273539116876E-4	0.03080866814805351	0.006832727213476684	0.013055319736236656	1.0970729425559088E-4	1.1469365823061852E-6	1.9575696150954218E-4	0.0011461165937900633	0.0	0.0011461165937900633	5.8329261215721444E-8	4.136621018454035E-6	8.79815898513163E-10	1.7640594937684824E-8	6.3446784832605775E-9	2.4793711243916307E-7	0.0025040586760002813
0.018650852257279922	0.0	0.0084117156826786	0.07272290574399198	0.07613653171181463	0.0012396697235004884	3.996625184153585E-6	0.01168137558643975	0.002080981069859911	0.0031044414129746986	0.013649934693582623	0.0019221771071769387	0.002566378802552191	0.021818985307139587	2.1165531587205976E-4	1.500177149283018E-7	5.7435610871409226E-8	0.011570307594156302	0.0029913777158270833	0.00581463231717981	5.053340800511802E-5	4.6109834208199463E-7	7.853799837659582E-5	0.001323030379682525	0.0	0.001323030379682525	1.6348021212326343E-8	1.8201231205332453E-6	1.6403174717915895E-11	9.268048712522692E-9	3.2539254837900653E-9	4.564832808319652E-8	9.978547588419687E-4
0.014590914071809053	0.0	0.00843972585731846	0.027204972515323247	0.024033779511441537	9.720119009394524E-4	1.2682966087752182E-5	0.005762769988823049	0.0066026481715958	0.01003262045197218	0.0031553754937203513	0.00184843930556237	0.0015820776433019645	0.040726775852667964	5.05615958692903E-4	2.183793626414314E-7	1.7245190563196444E-7	0.012029746725020872	0.0035288556102112635	0.006834014583561656	6.123734657110489E-5	3.005186472653872E-6	8.495237147564352E-5	7.912036408284226E-4	0.0	7.912036408284226E-4	1.6548901863240062E-8	1.4465333895015497E-6	4.074217552686852E-11	1.1645992775724006E-8	4.114943978592223E-9	1.1373411436302388E-7	0.0022189844705066833
0.0027049210273912567	0.0	0.03557136556975851	9.445631872334741E-4	2.6874637987005354E-4	0.014482187954643936	8.02435327106136E-7	6.99555433454005E-4	3.893151102431757E-4	8.626931771516511E-4	0.003954812102379878	2.9499286709800564E-4	2.85814512617667E-4	5.56987167530839E-7	3.672559227086744E-5	2.4200714012110643E-8	2.8803306741576736E-9	0.007352748107772864	0.0012264221163028875	0.0023545793356818867	1.7785542736093596E-5	7.683107919628393E-8	1.0468983517903111E-5	1.4446040753344987E-4	0.0	1.4446040753344987E-4	2.3514987048371504E-9	4.263337493982654E-7	3.0866752721320166E-12	2.294643587385258E-9	8.09231817985696E-10	8.497406784692269E-9	1.4753415318955962E-4
0.0016808066267873548	0.0	8.715973539982572E-4	9.878214301731918E-4	1.7241753242017036E-4	0.014413465766771768	1.0627604874457517E-4	7.774387373316869E-5	3.1521250003719296E-4	4.029928699641962E-4	2.0538026416802317E-4	2.4998744416307857E-4	2.377389749701077E-4	4.2469184624761203E-7	3.0786360735058896E-5	2.1287341589616994E-8	1.636681424187446E-9	0.006684874514515426	0.0010868237517451915	0.0020912647983238855	1.5600727068222902E-5	6.851703661233193E-8	7.974904554065902E-6	1.1995335502815128E-4	0.0	1.1995335502815128E-4	1.516844884932352E-9	1.2515044083502958E-7	6.941165945608904E-10	2.0670333897301406E-9	6.909228209888021E-10	1.5493499441270125E-7	1.2876100404565178E-4
0.04892073294831739	0.0	0.008282404036881238	0.007477193708363686	0.0015544832271093992	0.003606343775781357	4.6871161437430344E-6	8.987308262181624E-4	0.004910440218290477	0.004038271208826283	0.002104597921025561	0.0017902629940624306	0.0018096324372150036	8.368230003122808E-6	2.673048175921802E-4	1.730955830412353E-7	3.534880987663833E-8	0.02642687139086342	0.005652779629350192	0.010981808601562584	9.056770260908265E-5	4.22304684702144E-7	6.613465403652382E-5	9.194210226897922E-4	0.0	9.194210226897922E-4	2.6455000924033157E-8	1.1588640537546794E-6	1.932383047931999E-11	1.505133242163549E-8	5.280486570747724E-9	5.382669604092403E-8	8.360173302188236E-4
0.011913463924651957	0.0	0.03382136742775756	0.01331400013237199	0.00216791855680021	7.741873814846328E-4	9.15474351587662E-5	0.0025840928969989405	0.0027958463018649383	0.010011846298727383	0.0024440253331541677	0.002097140871942136	0.0020033498127468075	3.6506228387219663E-6	2.47326441532715E-4	1.7834490057119167E-7	1.2728499032592412E-8	0.013529040838309036	0.004483909727851065	0.008796554679969853	8.020352060946056E-5	5.585300585684978E-7	7.47637464554304E-5	0.001011214083552632	0.0	0.001011214083552632	1.3919626590783418E-8	2.9012866779108187E-6	1.989470304155319E-11	1.610670335096925E-8	5.6820514624518855E-9	5.473356084312044E-8	0.0010109333291205055
0.014821933052592415	0.0	0.008094723508979244	0.003589051866215649	0.013632101481131101	6.629477409068122E-4	4.13475362711662E-6	0.004154115777100188	0.029311558884042188	0.0023891221291761876	0.032182611644806035	0.0028746749388403495	0.00487796128187856	2.325156838206456E-6	1.5467311723992377E-4	9.880886187300703E-8	1.0975711429394704E-8	0.008983738738542132	0.002867926795366449	0.005615527109694291	5.0895306314910916E-5	3.77746740051599E-7	9.764975046837592E-5	0.0025489024254330035	0.0	0.0025489024254330035	9.640695467756E-9	2.6681197983878025E-6	1.2108452156946933E-11	1.0046225936904923E-8	3.5588987894364708E-9	3.363437344709032E-8	7.296459533966409E-4
0.00923159377904387	0.0	0.005528151951472996	0.003202231610752433	0.0015141231581882295	0.014936502353620104	2.9383061217854638E-6	6.036598037941516E-4	0.0023446905427933307	0.002907340000421401	0.0016513214133526935	0.006348743284899952	0.012735212391160078	3.2737872077780063E-6	2.1484112379785544E-4	1.5653365078451524E-7	1.0396487786822957E-8	0.011562737899226946	0.004504812619505001	0.009039615983080191	8.366353776110052E-5	3.5238224586996353E-7	5.785113109001449E-5	0.006700076036739524	0.0	0.006700076036739524	1.1661784103508833E-8	9.227379504546421E-7	1.761628150607973E-11	1.8324437642090357E-8	6.3214777911201385E-9	4.912130102051109E-8	6.196472279826794E-4
0.010117608998848551	0.0	0.004035321769922115	0.0020272933127815466	0.0016752901735924042	7.028206002622627E-4	2.5792550005728914E-6	4.387165429815978E-4	0.0017822026946472612	0.0023270257564352074	0.0013879485892656866	0.00419214636669793	0.009782352555354293	1.5959372362018075E-6	1.798570896814074E-4	1.4394588361413429E-7	1.127306347744454E-8	0.006142881003181561	0.002727225053193741	0.004164564311295299	4.569314474631607E-5	2.736277274974507E-7	5.072946469681112E-5	0.007931772891647345	0.0	0.007931772891647345	1.0067165966948705E-8	7.520397711549019E-7	1.4875218057341617E-11	3.7163015237199944E-9	2.4722688492632602E-9	4.150409253093728E-8	4.894180738664514E-4
0.009072247838553576	0.0	0.0059398773352159345	0.0025247179802212836	0.0061174924812709116	5.859548792471391E-4	3.8894838584317465E-6	6.283373187333916E-4	0.0028735675004874606	0.004275569677976304	0.0014389974337636038	0.009561230577917681	0.0015169488016066523	1.7897647014023684E-6	0.0013136115402056971	1.3044704507731016E-7	1.506502653475942E-4	0.006255040235663212	0.0026757705593218706	0.004376937977404507	4.589350588618159E-5	2.7393841816949894E-6	1.303058524671469E-4	3.440966811120846E-4	0.0	3.440966811120846E-4	1.045238921408797E-8	8.075010570057163E-7	1.9841014492223126E-11	5.2702783684122575E-9	2.719976176067618E-9	5.536098064174555E-8	0.0012023192501434525
0.0020928618311969304	0.0	0.0019778265224089514	0.010174313052068255	0.03186147983055001	1.2445801915135076E-4	1.6839875172828457E-6	2.179913461255001E-4	0.0011437151445012424	0.0016769687989510046	5.056176153385386E-4	6.331504113915376E-4	5.887478634717547E-4	1.5828412552580134E-6	1.2257712074908203E-4	1.15251614916615E-7	2.526661608890099E-9	0.0030327489147501	0.0011841996806633704	0.0023938342127319094	2.207915818926602E-5	2.0506929145080207E-7	3.856107287649113E-5	2.959398321946338E-4	0.0	2.959398321946338E-4	3.5705390286495044E-9	5.060173343914374E-7	4.9656794374181075E-12	5.0829096313860515E-9	1.6882138203944524E-9	1.3837044562247976E-8	3.389435280050546E-4
5.493778125767012E-4	0.0	9.340952774149157E-4	3.16554667748261E-4	6.781724593952837E-4	3.431550619006728E-5	2.6311762367336493E-7	9.687494650935052E-5	1.652124303031857E-4	2.3447741024715387E-4	2.3612049395416607E-4	1.6220684813540384E-4	1.1917938704498573E-4	2.0375664565937192E-7	1.7162704020435376E-5	1.068763333721219E-8	2.180002871609769E-9	7.626850852183507E-4	2.8314139894160175E-4	5.377624895321862E-4	5.083337606597744E-6	4.039030468585665E-8	4.098612892934479E-6	5.9524524404601545E-5	3.9180121025752014E-7	5.9524524404601545E-5	2.3678450542005443E-9	8.787479206659565E-8	1.6903692739327288E-12	1.4787840075842149E-7	4.951434048140801E-9	4.708632109033088E-9	8.147180040736431E-5
1.196137661342643E-7	0.0	5.378020623586002E-7	5.9048283977755484E-8	2.672669752584942E-6	8.266280878711894E-9	1.7218372346289374E-10	5.375653283719807E-8	2.197156442906226E-8	5.1158524248194413E-8	1.1415004523441905E-7	1.3732822675175656E-8	1.1754585780593504E-8	2.6440732943396145E-11	2.517602872795861E-9	1.0725463447344938E-12	5.8508827129274534E-12	1.8231230079220366E-7	3.701524679037855E-8	7.022196768340924E-8	5.75523054670917E-10	6.893748522970407E-12	5.239000985341664E-10	5.7633122419603085E-9	0.0	5.7633122419603085E-9	1.6353108986097482E-12	2.977317023338172E-11	7.926618482891161E-16	8.394323251677916E-14	3.0881351075788644E-14	2.208759103220766E-12	3.3764534361878087E-8
8.988418080138676E-6	0.0	1.8533005779204443E-5	4.021213586576431E-6	1.2543664492636042E-5	5.661599435070562E-7	1.533972542564616E-8	1.8925325443765421E-6	2.615675918703501E-6	3.95683770096293E-6	4.328500253149478E-6	1.8650811760273372E-6	1.6741989674428146E-6	2.9733451918691876E-9	9.941446217990677E-5	1.7244117218110135E-10	5.1344036207032396E-11	1.1519778652377143E-5	4.349882899349853E-6	8.060866239053585E-6	7.740486794648273E-8	5.159008387433906E-10	6.551405126514296E-8	8.378961488364171E-7	0.0	8.378961488364171E-7	5.156116565249641E-11	1.5113650985685298E-9	5.485968090148401E-13	1.3606082012245392E-11	5.263806869168242E-12	1.5346148203243382E-9	9.969643370487839E-7
0.05473145370065645	0.0	0.019715769872215884	0.013174820873208938	0.004871765251501329	0.003196188835565072	1.3995503279477613E-5	0.002192354629426049	0.00929373698927415	0.01264429277078519	0.0066691144313024454	0.005380490163712845	0.00437078690210458	9.727857190787201E-6	9.364500738503065E-4	6.861802504644951E-7	5.591404703954911E-8	0.034115129081658535	0.04617612451053017	0.0850643979701652	5.85066493023947E-4	1.4327987758239405E-6	2.5677765811425626E-4	0.002181986340020041	0.0	0.002181986340020041	4.4909208607782094E-8	3.883996016414447E-6	7.739970919858442E-11	3.373204777591543E-8	1.4351411970385976E-8	2.1589385422159294E-7	0.0025631367241143437
0.05874884623395178	0.0	0.013162724625835162	0.009277053315250283	0.0028089911233300465	0.0033438203065605703	1.0124694465934925E-5	0.001473542174363034	0.005318262811304363	0.008137070413506295	0.004253705920198564	0.0021153719564947185	0.0016183116551717897	5.5341307923162465E-6	5.755846673490071E-4	3.6740038981356313E-7	5.699568929979451E-8	0.023420463397998716	0.005064302195915065	0.009295011293771131	7.897108247376949E-5	8.399332247987147E-7	1.4998348223908912E-4	8.01560992827793E-4	0.0	8.01560992827793E-4	3.675773962675102E-8	2.4230697512525143E-6	4.734527432079398E-11	1.0743375605099373E-8	4.1602563677161345E-9	1.3198683737497732E-7	0.001616875862760354
0.0530255305181052	0.0	0.015020608670555526	0.010240456168197897	0.0033869674949636545	0.0030477983472609886	1.0782568986105549E-5	0.0016734364755926086	0.006446057106442877	0.00922387121991221	0.0048648616470674	0.003413919057932671	0.0029722065078730945	7.1105854271335076E-6	6.650262510277367E-4	4.513844796019624E-7	5.254756934182637E-8	0.0273509243396044	0.04839587525197643	0.035334959223247885	8.393964014299204E-4	1.0024289533205514E-6	1.7683726380260002E-4	0.001491916662446081	0.0	0.001491916662446081	3.785270751708222E-8	2.792430582866656E-6	5.4761701278810563E-11	2.2643162791035717E-8	8.621584501187673E-9	1.5269366552799379E-7	0.0018592370126378033
5.783986648680046E-4	0.0	1.5163932066991246E-4	1.0467251614248464E-4	3.416167869165244E-5	3.315320988733018E-5	1.1271625565467056E-7	1.6928893125690244E-5	6.489312377935556E-5	9.466910585298646E-5	4.9693986282938295E-5	3.1027104824555204E-5	2.491134034926447E-5	6.832643278471234E-8	6.812303592550227E-6	4.59273301298552E-9	5.693251979165742E-10	2.686720315411214E-4	5.351524616352972E-4	3.6753460104044477E-4	3.0120057032372347E-4	1.0143790519720016E-8	1.8098363619151927E-6	1.2410273593095106E-5	0.0	1.2410273593095106E-5	3.937435987348536E-10	2.853486067022352E-8	5.612884415380526E-13	1.8086926045803012E-10	7.270436964707814E-11	1.565062152939547E-9	1.8969419698886248E-5
8.335258543304151E-7	0.0	1.6216802742655458E-6	5.273122795899461E-7	1.099293018651298E-7	5.0362738390121255E-8	3.315872881194825E-10	1.952535396901175E-7	2.0123134302625673E-7	3.669745105609374E-7	1.3865614684403153E-7	1.071883976598709E-7	9.239701139053119E-8	3.02824726432006E-10	1.2652413448445875E-8	8.223149402074224E-12	7.938862206290176E-13	1.0831385253188617E-6	2.6332454003769245E-7	5.024970911809008E-7	4.336943187694728E-9	3.607810534492143E-11	3.752390109795683E-9	4.610470077681631E-8	0.0	4.610470077681631E-8	7.617982955282372E-13	1.9310725200914969E-10	1.4675057892673338E-15	7.178466711267302E-13	2.6315365326974175E-13	4.0394097809074056E-12	3.855747660085296E-6
4.988658412880062E-4	0.0	6.921538203153247E-4	6.751252423744267E-4	9.560688465806998E-5	3.0964511126268457E-5	2.093514510147274E-7	7.482438453906846E-5	3.889585482640832E-4	2.743454136014267E-4	1.4384072914269233E-4	1.1805507643084235E-4	1.192199243109992E-4	6.311658822136161E-7	1.3984956336504628E-5	1.0450156827070992E-8	5.598153226890521E-10	6.826028437593799E-4	2.6454663740855963E-4	5.178079972170873E-4	4.850711235508518E-6	2.633870600111439E-8	3.981545853123828E-6	6.055600065931817E-5	0.0	6.055600065931817E-5	8.77782008938895E-10	8.361082700641354E-8	3.1918287534068316E-12	9.978943416036202E-10	3.554762632957751E-10	8.910260418496728E-9	4.343864806673932E-5
0.0022426540995999617	0.0	8.91218440235483E-4	4.5250842156545427E-4	3.709014423172737E-4	1.5599139702898317E-4	5.712872840502689E-7	9.682978339675254E-5	3.948258433128419E-4	5.192290674748004E-4	3.0225712348105123E-4	0.00264838301498018	0.00603654646442283	3.5710953438973E-7	4.0046641894371324E-5	3.229181045638219E-8	2.5292673790936435E-9	0.0013733817264537272	6.109033857750743E-4	9.318486499794421E-4	1.0233586851104385E-5	6.124073153627414E-8	1.136234847789263E-5	0.007565555566891289	0.007508853659747207	0.003811123144971917	2.2521531493211503E-9	1.6728350090450584E-7	3.334751528493696E-12	8.276586635269325E-10	5.531033821194442E-10	9.305008920990903E-9	1.0951017812668955E-4
6.728226090796377E-4	0.0	2.6739948196347795E-4	1.3577208420336356E-4	1.1129095966082127E-4	4.679887319736825E-5	1.7142099611219075E-7	2.9052599572619783E-5	1.1846368491842652E-4	1.55787019252962E-4	9.068460075128249E-5	7.945216924368274E-4	0.0018109669235574842	1.0715064737153294E-7	1.2015400391103645E-5	9.688007224285585E-9	7.590416818287769E-10	4.1205001551349746E-4	1.8328425830541452E-4	2.7958114235708314E-4	3.0703202626013905E-6	1.8381621913198632E-8	3.4089249513490988E-6	1.7013779966271455E-5	3.8997266958884615E-8	0.0018942299909259549	6.757070034029497E-10	5.0188902081021754E-8	1.0005040800596077E-12	4.073253696597825E-8	1.4323625602030534E-9	2.7917217669975476E-9	3.2861334296762455E-5
0.0021305127097750467	0.0	8.466540669139674E-4	4.2988124811463936E-4	3.523549338579691E-4	1.4819122308923886E-4	5.427207074952278E-7	9.198791924637178E-5	3.7508302215473525E-4	4.932656033478516E-4	2.8714309679379136E-4	0.020349434915692882	0.005734695764226214	3.392526747369924E-7	3.8044154716051416E-5	3.067709488112366E-8	2.4027942153627865E-9	0.0013047073216080867	5.803558507174903E-4	8.852526088272172E-4	9.721867878222412E-6	5.8178457800169476E-8	1.0794187052457838E-5	5.386659220451985E-5	0.0	5.386659220451985E-5	2.139536770224399E-9	1.5891867804147266E-7	3.168001037995516E-12	7.862725251808094E-10	5.25446071079458E-10	8.839722440601758E-9	1.0403424513403965E-4
7.14505161353875E-8	0.0	6.201161233190488E-8	1.856328507089784E-8	1.3599321626940839E-8	4.706057007196527E-9	1.0493530425482899E-10	7.141919035347847E-9	1.5892416704375597E-8	1.978153002144927E-8	1.9106398605679108E-8	7.952885950683919E-9	5.927961539202491E-9	1.1269065838197736E-11	3.6738722285700596E-9	7.008270936787281E-13	1.7588831743873905E-12	6.518719296595073E-8	1.791106868805327E-8	3.117234152689352E-8	2.9059469511171405E-10	2.6657571417611883E-12	3.667933877320415E-10	2.958593287373791E-9	0.0	2.958593287373791E-9	5.217000860982936E-14	9.222706829432537E-12	2.654170185331051E-16	3.507589438659615E-14	1.6007026993083162E-14	7.402513366050586E-13	1.1193171293849416E-8
1.3270895196051372E-6	0.0	3.3651081380028162E-6	9.087630528974727E-7	3.335836009032438E-6	7.694911636184983E-8	2.1825900851817428E-6	3.479575683855056E-7	1.2980494625477084E-6	1.987410062746212E-6	5.761653149945731E-7	6.205082700825123E-7	2.0734002445180468E-7	6.182964633416231E-10	6.289078702093632E-8	1.427379299590432E-11	4.658031675568553E-11	1.592128603760824E-6	4.235988224833216E-7	8.175239745445394E-7	7.179205852764961E-9	1.03024406364009E-9	8.03448254469315E-9	8.372422299843805E-8	0.0	8.372422299843805E-8	6.436962392985878E-12	2.228938808474871E-5	8.358428105254399E-6	1.285040503721245E-12	4.621814047431639E-13	1.9104246274401978E-11	1.281480771828627E-6
1.37729900394206E-7	0.0	3.7181477430423597E-7	9.137046198467054E-8	3.64091810968394E-7	8.38486652906586E-9	4.255248287400522E-9	3.956454487546834E-8	1.1763685177105195E-7	1.874822836101755E-7	6.939544192034328E-8	5.754475796559075E-8	2.0661824528600576E-8	6.092894245789521E-11	4.303393909622723E-6	1.4831200845074618E-12	6.339488451216211E-12	1.7924384465771778E-7	4.5051307656845284E-8	8.665289882410902E-8	7.515727757015498E-10	9.363642273128138E-11	8.163051768592069E-10	8.536883916074407E-9	0.0	8.536883916074407E-9	8.279110010483828E-13	2.994631213341826E-11	3.0207552606758103E-15	1.834486214130074E-10	4.6955626125357193E-14	8.443547429703729E-12	1.2596445579363328E-7
6.264739750725778E-8	0.0	4.799141159278426E-8	1.966635531434957E-8	2.0417384730859444E-8	2.6350506639518206E-9	2.0674237380524264E-10	5.156773937001009E-9	1.8700087160669177E-8	2.6078692981318933E-8	1.1448814047326666E-8	1.0058267871661423E-8	4.905061291742308E-9	1.3617533959966695E-11	6.898857658917634E-9	1.1650324036344914E-12	2.1205105982045667E-13	3.686322310957008E-8	2.1196770149394358E-8	3.2248822621276375E-8	3.6628357115375403E-10	3.632535834468964E-11	7.528732123544598E-10	2.273066248928138E-9	0.0	2.273066248928138E-9	6.639637902002873E-14	6.919598990859431E-12	2.2664044336182064E-14	3.629776807102584E-14	1.2243784786143957E-8	6.341341883911144E-11	8.824265716938585E-9
1.189695169118093E-8	0.0	1.0923187900791134E-8	6.16329430514103E-9	9.423378772797195E-9	6.984450779582571E-10	6.604598767968252E-12	1.2584687129813365E-9	7.656612571361557E-9	1.1047899922312853E-8	2.8558595696466194E-9	3.8667280340653715E-9	1.459279679757046E-9	4.3898527225134485E-12	5.078566749838771E-10	3.0312459250135466E-13	2.0772213452395487E-14	9.682357990841984E-9	5.553915329048077E-9	8.535894802398202E-9	9.633430252752702E-11	4.336342696388865E-12	1.1459329945222693E-10	6.269350044048269E-10	0.0	6.269350044048269E-10	1.4268672275519946E-14	1.868036862410047E-12	3.254521096535104E-17	9.274029672077364E-15	5.6282738691858596E-15	9.070134969831087E-14	4.946207481623809E-9
1.6447170220489475E-7	0.0	1.5628122233788932E-6	8.369759330453804E-8	1.5197177626381197E-7	7.265541442641498E-9	6.199033456105333E-11	3.2861914919698725E-8	9.575111746913623E-8	1.6309996943579736E-7	2.5776664222206595E-8	1.734434331506549E-8	1.3307118958975003E-8	5.2863272328624344E-11	1.9244210270550307E-9	1.043551082279341E-12	4.097834725498251E-13	1.0402786912324206E-7	3.020440185917289E-8	5.866605236530019E-8	5.237785785514334E-10	4.920379643300925E-11	1.3229432819550713E-9	6.534157712733787E-9	0.0	6.534157712733787E-9	1.4588327362558416E-13	3.0267581759917486E-11	1.2974647098226225E-10	1.6317823315836284E-11	3.516784170053293E-14	3.6303448357558186E-7	2.2747503901403155E-8
0.002490325593783306	0.0	0.0013763209702445365	9.345812610730836E-4	3.217538098079401E-4	1.4849892035829107E-4	9.214183285418012E-7	1.505966794907888E-4	6.443367880304733E-4	7.761408846010722E-4	4.6568161686908095E-4	4.7883058053833303E-4	4.864093352571601E-4	7.801138383631823E-7	5.90785624752895E-5	4.0846863124786735E-8	2.751214868900905E-9	0.013729549694409366	0.002240559466132456	0.004298980090127703	3.21622276451086E-5	9.562241794754776E-8	1.5275341850826938E-5	2.4753865672490986E-4	0.0	2.4753865672490986E-4	2.7419481416429387E-9	2.478613257417795E-7	4.689799507879591E-12	4.0268860690259915E-9	1.419586401306298E-9	1.3077634288742001E-8	1.6999719297273183E-4
