32
NULL,time@time,open@__open_nocancel,read@__read_nocancel,mmap@__mmap,munmap@__munmap,mprotect@__mprotect,rt_sigprocmask@sigprocmask,exit_group@_exit,rt_sigaction@__libc_sigaction,sched_yield@__sched_yield,write@__write_nocancel,syslog@syslog,getpid@__getpid,writev@writev,close@close,open@__open,fstat@_fxstat,read@__libc_read,close@__close_nocancel,mremap@__mremap,stat@_xstat,socket@socket,fcntl@__fcntl,connect@connect,lstat@_lxstat,openat@__openat_nocancel,getdents@__getdents,lseek@lseek,getrlimit@getrlimit,write@__libc_write,madvise@madvise
0.7307417304329481	0.021510563939677114	0.031573146542517964	1.818445912777891E-5	0.04551609083253235	0.004773341273259651	5.197500913339574E-5	0.060926938481751576	0.022983766514032247	0.04378275021581575	4.1623260864516015E-4	8.602186398631689E-4	0.003261121628298778	0.006445535695781758	0.0035197538277196116	0.0033170072292627935	0.0028857038446243547	3.7891101555979277E-4	7.983311861639701E-7	5.446733330778556E-8	3.4546634089699814E-6	5.479965674427988E-4	0.0014397042811130577	0.0	0.0014397042811130577	1.0341653571421385E-5	1.3100545835160984E-10	1.0085693660981456E-7	3.755471464512355E-8	3.638447108953775E-7	0.004928623673439666	3.883702093787742E-8
0.007565272077819493	3.1633053309736365E-4	0.015784130468476085	4.1442840602251435E-5	0.010016486418388504	3.027213507199639E-4	1.038401039301636E-6	0.0019378510677252804	4.198752569709419E-4	7.964820853465554E-4	6.704476540612617E-6	4.500444297102003E-5	2.3880861133899532E-4	9.646170929632191E-4	1.681452156357967E-4	1.0314547383588053E-4	5.5312169820832216E-5	1.285539652694272E-5	2.1134734584842787E-8	2.4248540324374352E-9	2.1027800184084397E-7	4.8310535290223995E-5	2.541412650560376E-5	0.0	2.541412650560376E-5	9.663162559195025E-7	3.31485518698104E-12	1.3298993672155622E-9	4.840319719431528E-10	8.92752771243881E-9	3.0509337824674235E-4	9.82461784324044E-10
0.018623678491775316	0.00112009460159132	0.01813547316869556	0.006122964041162331	0.012920037176870965	0.0013463465647752543	6.593350596916102E-6	0.006281071787487394	0.0011325552532823456	0.0020534414592302498	1.652957536024367E-5	4.8756082081693574E-4	0.01856937769233208	8.880635082834423E-4	4.3905098362780867E-4	3.9283427698240045E-4	1.2284182663895618E-4	2.611126390783641E-4	5.2943003400153026E-8	2.243183801120408E-5	1.0288699338608302E-6	1.2867648939109285E-4	4.6937200936821186E-5	0.0	4.6937200936821186E-5	1.9393375660612434E-6	5.616701357751299E-10	2.2634099332513013E-9	9.116851743114905E-10	1.347041766306582E-7	0.0017857679692134328	1.1861643217980108E-8
9.180360561332142E-4	4.464963933905493E-5	2.9819501614218125E-4	1.3711376908667156E-4	7.543650497974301E-4	4.367940087545566E-5	1.4035498702543142E-7	9.330312619801174E-4	1.265971573050563E-4	2.3881297410648713E-4	1.6415320732453523E-6	0.0020796236712131654	1.1610665120738167E-5	2.5193037844221074E-5	1.00790786800209E-5	2.003701854391683E-5	6.4688313382139704E-6	2.2196908707632256E-6	2.171884922584831E-9	4.1529714235659505E-10	5.16601060065469E-8	3.5778067578769884E-6	2.517416076692547E-6	0.0	2.517416076692547E-6	3.961460364473381E-8	4.495227065416014E-10	2.2071798042336573E-10	6.00193048784044E-11	9.764991612770504E-8	7.930842052461668E-5	1.3066800486201227E-10
0.014174623840520283	5.462576436854197E-4	0.002779588952735334	1.7646813927808378E-6	0.08409527088095917	0.0811586933345677	0.02584823438455554	0.003164079011552925	7.226461794887291E-4	0.0013604051110924923	1.167605495423657E-5	1.769964293651586E-4	0.00182729544256235	4.1189706928498713E-4	0.0017955864608012952	2.1912742963888147E-4	2.6509708111227526E-4	2.4986143031401807E-5	4.557634795184399E-8	1.3520052540660167E-8	2.740383831080204E-7	8.58966191610871E-5	1.3408995897612344E-4	0.0	1.3408995897612344E-4	1.1191741891240894E-6	5.5053760006582696E-12	2.3402142050332818E-9	8.594521442037606E-10	1.5150276418756514E-8	4.3056254475085684E-4	5.807145275048238E-9
0.023061233750770807	0.0014046161847142114	0.0028152183346677644	5.7230354858235625E-6	0.030018309525344084	0.02529265250596328	0.04824911748402718	0.004193482941706406	0.0010825259912189585	0.0020619409641896903	1.8183990309956606E-5	1.3677277160601772E-4	0.001002745642520771	0.001394204444955166	4.574148237754694E-4	2.42524355225854E-4	1.5178215158861955E-4	6.63681065277733E-5	7.641630752343778E-8	1.0075811223149296E-7	1.9724509773598163E-6	5.284195588988912E-5	7.14986889477282E-5	0.0	7.14986889477282E-5	9.817963307019024E-7	2.2956991297092792E-11	4.052227269445743E-9	1.4547822018042589E-9	6.399930865516078E-8	0.0013219796934593926	4.785370979538805E-9
0.014408357419984072	4.784373589964215E-4	0.001120946047387166	8.80788037010837E-7	0.011850042933054465	0.037248002250261175	1.891635277051605E-6	0.0016590355947228616	5.726808829936592E-4	0.0011047596125099842	1.028192630380954E-5	2.428946170868792E-5	1.1528192559697582E-4	2.7136623429602745E-4	1.0758515978109867E-4	1.0651981872609518E-4	7.548423013299823E-5	1.8825766523816598E-5	5.1799586509202606E-8	1.5152465900460266E-9	1.6623136507584098E-7	2.3424427939592916E-5	3.6508995639555735E-5	0.0	3.6508995639555735E-5	4.4973481672332425E-7	3.4593099629949078E-12	2.6265747632758657E-9	9.253716147245645E-10	9.59015688546158E-9	2.4018605400565434E-4	9.661664723990692E-10
0.06575846542231988	0.0019755497561308698	0.004626509286475356	4.398175902375484E-6	0.006153906090042818	8.403761196372644E-4	6.104587357534128E-6	0.013317351700228403	0.019366747250266002	0.03597781146227182	2.2577246724632597E-4	3.864600670501978E-4	4.891739296593459E-4	0.0011917812469800818	6.719295721262988E-4	4.0734342507601254E-4	2.597418203894902E-4	7.875952364975554E-5	1.1981304136635753E-7	2.698070516320178E-8	6.027362671532633E-7	1.192873659845575E-4	1.2460682535449604E-4	0.0	1.2460682535449604E-4	1.9723776158808573E-6	2.890361436536617E-11	7.189413939755587E-9	3.2289014497038953E-9	8.031535903103381E-8	9.71337221660919E-4	7.554197957114167E-9
0.03805518592402519	0.0013584655968107832	0.004522686543778851	4.825354593626498E-6	0.005886507266656908	8.113856709353145E-4	5.503840934187538E-6	0.015168419011163514	0.0024288981389556244	0.0043625452136945445	3.344405034728393E-5	5.079346409122785E-4	4.802886354488342E-4	0.0012139104618681445	6.841060413993651E-4	3.0005322763556377E-4	1.6524122870863E-4	7.847301615705004E-5	8.826029663900242E-8	3.6088907749351744E-8	5.642539570484013E-7	1.2817799338152473E-4	7.708516798617817E-5	0.0	7.708516798617817E-5	1.9933461567435164E-6	2.9137945048390097E-11	3.2853839539714406E-9	1.4851311084697072E-9	8.091678057049733E-8	9.687245966175011E-4	8.79516045389196E-9
0.046709514952610415	0.0015719696207266043	0.0043696694114592465	4.33156675515727E-6	0.0057228630643323865	7.72876160744097E-4	5.602303615135335E-6	0.013701568576379894	0.02240205563857971	0.014690871390737359	3.845387358104691E-4	4.253890476139232E-4	4.6226437657446046E-4	0.0011298816816213474	6.384724088570387E-4	3.3473840814741697E-4	2.1366498917685088E-4	7.327165966543545E-5	9.399989564089707E-8	3.002727984324502E-8	5.434591682082059E-7	1.1654125307580191E-4	1.023056055296042E-4	0.0	1.023056055296042E-4	1.862307512412163E-6	2.7027778401404035E-11	5.491830051480814E-9	2.2890888281640478E-9	7.506915015238027E-8	9.065543098406583E-4	7.820100951851627E-9
4.626077372883322E-4	1.551601160924904E-5	4.5834309413716974E-5	4.7146588829834406E-8	6.0013540035393665E-5	8.228227791475945E-6	5.7314765654603065E-8	1.4718920932917041E-4	2.5239702061930495E-4	1.6103493410750186E-4	1.4790882649181786E-4	4.739848162025396E-6	4.859669728773266E-6	1.2119275854556778E-5	6.833273769609529E-6	3.3411317726118387E-6	1.967771807946967E-6	7.877121230816629E-7	9.755527127474426E-10	3.3536478532639915E-10	5.77347504062948E-9	1.2603466910255729E-6	9.300214034136602E-7	0.0	9.300214034136602E-7	1.994697911314811E-8	2.9142202181932857E-13	4.573036305489225E-11	2.0311175293104172E-11	8.094178107386598E-10	9.725277597028307E-6	8.476349906812423E-11
0.0010034151311820116	4.3381768984393656E-5	0.0051580897886655845	1.6216399721929835E-7	1.516138833526187E-4	4.096977446220397E-5	1.5693992039223555E-7	0.0010961675421447684	1.4721126771358262E-4	2.7705355912297907E-4	1.893924145178518E-6	0.0020860789934044584	9.866442106525162E-5	6.014304904757292E-5	1.4659968023675069E-4	1.4675950620709492E-5	7.75175052304909E-6	1.811976727012287E-6	1.7788649460637367E-9	7.619220450290288E-10	3.101332385571085E-8	7.800293895776053E-6	3.5300953124264513E-6	0.0	3.5300953124264513E-6	1.6119321979497574E-7	5.408794548155692E-13	1.773356512871683E-10	6.60810615650077E-11	1.4525615155327639E-9	4.8368238034228696E-5	2.124074069104909E-10
0.008426919817357782	5.828042512173815E-4	0.0011643739789147208	1.1951738829701114E-6	0.0012183748432075582	1.5696755383004556E-4	2.906637765936206E-6	0.003684767681060582	6.135018503025725E-4	0.0011292177366972079	8.726683881236452E-6	4.736652720403824E-4	1.2243746726160648E-4	2.2202910181082992E-4	1.1711857499409437E-4	6.389900897184129E-5	3.957366728796161E-5	1.5962181572793043E-5	2.1126942250994513E-8	1.8771403445781862E-8	1.1070210844733311E-7	1.9490664208364292E-5	1.8813030640497847E-5	0.0	1.8813030640497847E-5	3.7643318092284635E-7	4.331885505875242E-12	1.1223370640986398E-9	4.5053021769108584E-10	1.2010615279589853E-8	2.6091131968237227E-4	4.188998842779878E-9
0.004071946335167877	0.0041916958164021694	0.0010230439548481749	9.868011947417426E-7	6.088057197524716E-4	0.001831080532481014	6.756408811868416E-7	0.0012499641671539531	2.539592396728116E-4	4.788246757150759E-4	3.958722210486456E-6	6.329234190076263E-5	5.364587594707751E-4	1.808866913866482E-4	0.004063499469796732	2.6532697468382755E-4	5.000183766010906E-4	9.527914055113661E-6	7.230589956465969E-9	3.684008984442665E-9	1.4533911828641925E-7	1.2904086941115185E-4	2.620222370122138E-4	0.0	2.620222370122138E-4	1.113917505741289E-6	2.406602042310678E-12	7.179734744606895E-10	2.6929758684903863E-10	6.577893424846276E-9	2.0312810876591528E-4	1.1292337812064797E-9
0.005563013672073538	1.8473295693021102E-4	3.695895058254156E-4	2.480276374024751E-7	4.052535550608464E-4	9.008921763775989E-5	5.727263094637923E-7	8.248201465318109E-4	2.634832443419326E-4	5.142512303030897E-4	4.691290915335105E-6	0.002108846746758783	3.805616002971749E-5	6.620991676588989E-5	4.1114928443771876E-5	6.656825041283198E-4	0.0015651979030267625	4.371653901113575E-6	8.272393269567576E-9	1.6807144497133133E-9	3.731042503512101E-8	6.130433778567332E-6	8.277964205673485E-4	0.0	8.277964205673485E-4	1.1658629450784462E-7	1.4942507434329429E-12	1.1714492131279695E-9	4.1847464936855156E-10	4.149373729477818E-9	5.9975446116307796E-5	6.66349354295596E-10
0.003742362684675083	9.173595525799288E-5	2.9922656727052714E-4	2.954217862138018E-7	1.9974488246478678E-4	1.377640374887311E-4	3.897110289968067E-7	6.170377219783418E-4	1.5955245658422123E-4	2.5033122818514863E-4	2.4416315696185904E-6	6.37398061587087E-5	3.093694029714297E-5	5.060473689428762E-5	3.556829083694555E-5	4.8495047020835315E-4	0.001346148242855633	3.922458631168145E-6	7.031940654455332E-9	3.1559677650465555E-9	3.0597642156550885E-8	4.987059265695822E-6	0.0011149187911204824	0.0	0.0011149187911204824	9.77623398044763E-8	1.2891038447728963E-12	1.713266011460636E-10	1.347418249819313E-10	3.5809775721330584E-9	5.9400544326379916E-5	9.659001723702187E-10
0.0033807908467976626	2.468970471644834E-4	5.525952774285705E-4	6.337563731086219E-7	3.177150009285451E-4	0.0013616475863737073	4.1697782183423116E-7	6.205626154388023E-4	1.5450098443436566E-4	2.5624481933569026E-4	2.4014958869314566E-6	4.8372146399957265E-5	6.527606660818293E-5	2.947991956520913E-4	4.90956039964015E-5	5.847545791403572E-4	6.741440716164556E-5	1.1789745233506719E-4	6.208111903526557E-9	2.238533293491247E-5	9.635482731762217E-7	2.161337402154788E-5	4.9639255668211356E-6	0.0	4.9639255668211356E-6	1.3950091885160663E-7	3.5633790455669945E-12	2.5719990964040594E-10	1.4544369427726806E-10	9.926449066834142E-9	3.2229545726771523E-4	1.1880935474826854E-9
3.7334139991257654E-4	1.4043135610341344E-5	1.013357657491363E-4	3.793394957546446E-8	6.769634924904166E-5	8.928525748032085E-5	3.5494307850541605E-8	7.544177249231614E-5	1.9331512842697615E-5	3.613925111393931E-5	3.210799813049269E-7	1.3707305528881188E-6	1.011837560779881E-5	9.385207313809407E-6	1.151296492613252E-5	8.481218251878278E-6	2.7475793329905616E-6	1.26069666765944E-6	5.650216968239021E-10	2.362258704415319E-10	9.012052671472415E-9	1.1995117804263406E-6	1.2725834628233747E-6	2.467770448359014E-7	1.2725834628233747E-6	2.0520244889711734E-8	3.308698812691886E-13	9.260579540082593E-8	2.919611450258351E-9	9.187901950812265E-10	1.3617512754656355E-5	2.5849456776797145E-10
1.228477206735458E-7	6.9745677154584645E-9	2.2445740830569399E-7	7.040786537650467E-11	2.5296672016806913E-8	1.2022387529448602E-6	2.0886854794433742E-11	8.681330107039085E-8	1.2826000111174156E-8	2.40161786837191E-8	1.7378569229502161E-10	2.000183913525085E-9	2.1800683379394954E-8	1.1045269928410235E-8	1.5937717303997858E-8	2.6591717173793754E-9	1.3258488145501834E-9	4.4790863108966865E-10	2.2596177814726998E-13	8.91480587009751E-13	6.090493229937317E-12	1.4695517974553946E-9	5.49378442002549E-10	0.0	5.49378442002549E-10	3.0557920173472296E-11	1.7308115056310487E-16	2.003821130844067E-14	7.66439360918274E-15	4.727613954504074E-13	1.1981858941281888E-8	7.320602203908177E-13
5.702425963522012E-6	2.286621943601939E-7	2.1481781019260684E-6	8.330868536102403E-9	5.401870371014046E-7	1.77146131004365E-6	5.378547009145044E-10	1.2133175226277875E-6	2.9866148439489215E-7	5.507079989318474E-7	4.8752010009837E-9	2.470657991807409E-8	2.1201163334810174E-7	1.921611561079768E-7	1.579058156425937E-7	6.298984759336414E-8	3.373069484409305E-8	1.4629614854649843E-5	8.83003042173665E-12	5.587959575409458E-12	1.8356793065467882E-10	1.9652034443842707E-8	1.5116828291595688E-8	0.0	1.5116828291595688E-8	3.660924121062645E-10	3.4366065168786617E-13	9.494120121582571E-13	3.5979508872206755E-13	9.61443684983715E-10	2.0742716297752888E-7	6.276300920656602E-12
7.915838937315997E-7	7.321430380823931E-8	3.051929075313581E-7	1.3220436548008854E-10	1.9964294053466223E-7	3.523096828960471E-8	1.7932786355443228E-10	3.443487438675392E-7	6.049530679034246E-8	1.1433042300592076E-7	8.94215704668331E-10	6.486260389895457E-9	3.7140527645075384E-8	4.820786541233306E-8	1.963963380400166E-8	1.245337213203712E-8	6.235928853450875E-9	1.3666698917405215E-9	1.3159979721968217E-12	3.7728028346312213E-13	2.7757152760373212E-11	6.328301731036246E-9	2.8012628301922855E-9	0.0	2.8012628301922855E-9	1.290684647482922E-10	6.482454150990138E-16	1.4326826718800774E-13	5.33393744514918E-14	1.7647563319036398E-12	2.49977118775703E-6	1.2614928969978573E-13
3.1002723568731867E-4	4.0127401456953046E-5	5.7668672892258756E-5	1.7544713852509214E-8	8.430174269678937E-5	5.398046204840812E-6	8.560221109025918E-8	5.315277086832951E-5	1.5040192632824246E-5	2.8717869064740954E-5	2.584332225434751E-7	9.737707161532325E-7	6.006528269007997E-6	1.1212172120134189E-5	4.456109095067523E-6	2.5700812916804044E-6	1.8692391249402623E-6	3.784024671754768E-7	5.347830426341748E-10	5.439763588544648E-11	3.823455370223591E-9	8.744250843071142E-7	9.078611473314458E-7	0.0	9.078611473314458E-7	1.6311753000959488E-8	1.4579712475961237E-12	5.834842836689687E-11	2.1486136547423884E-11	4.073760632561188E-9	5.5591829494820676E-6	2.700579570224642E-11
8.352028323369452E-4	2.0077850210243054E-5	6.573738608340865E-5	5.539883438187821E-8	4.425777419886382E-5	3.0273411502189796E-5	8.653276324988992E-8	1.342298769384722E-4	3.5216818251924784E-5	5.506383974159255E-5	5.401798440395403E-7	1.4191656418723915E-5	6.7985332611747705E-6	1.1124921479169337E-5	7.323137108344687E-6	3.557102200463177E-4	8.581721074741698E-4	8.497235048295455E-7	1.571118367124722E-9	6.353371687409007E-10	6.73796100580292E-9	1.0956742405514262E-6	0.0010879275748479345	0.0010871908316384678	5.443313493683772E-4	2.1440182337228354E-8	2.7923541807108865E-13	3.760713196143636E-11	2.993091228457633E-11	7.756494727508077E-10	1.2859750734654259E-5	2.1531949098380379E-10
2.506323694905747E-4	6.0298960625839004E-6	1.97349842821797E-5	1.6639597601975707E-8	1.3288974908375876E-5	9.095041132967732E-6	2.597193560842623E-8	4.02811668556468E-5	1.056858659567919E-5	1.6526041733379174E-5	1.621157073728833E-7	4.257704203034664E-6	2.0410120639331756E-6	3.3413039544149663E-6	2.198074609869752E-6	1.0671418839007541E-4	2.5745166094470854E-4	2.553997137432787E-7	4.714396150608507E-10	1.9063606195123273E-10	2.030218061138082E-9	3.2924640304432183E-7	2.2125006296393748E-7	2.4562533358345E-8	2.720193628027429E-4	6.435141227599376E-9	8.379568543576085E-14	2.551037055223413E-8	8.066384004738329E-10	2.327639234966824E-10	3.863337865005968E-6	6.462003431089707E-11
7.934394563349677E-4	1.9073879946761624E-5	6.245026220631794E-5	5.262867812667492E-8	4.204471409739603E-5	2.8759623691041094E-5	8.220578998282934E-8	1.2751786327635964E-4	3.3455840959578745E-5	5.231043451569524E-5	5.131687599509127E-7	1.3482018639542E-5	6.458580270289987E-6	1.0568632323124435E-5	6.9569518935339504E-6	0.0029199948769733867	8.152601787651029E-4	8.072340389705532E-7	1.492556364495675E-9	6.035678499133833E-10	6.401036862257287E-9	1.0408862854438092E-6	6.999031959009686E-7	0.0	6.999031959009686E-7	2.0368090191665106E-8	2.652725658075948E-13	3.5726629726946984E-11	2.8434250760661982E-11	7.368639953529541E-10	1.2216713397579705E-5	2.0455268259385924E-10
2.0360803898206616E-6	4.6489008528807635E-7	1.6161372927031981E-6	1.5557036636713994E-6	5.555903396776911E-7	2.335592586512698E-6	5.004594213956598E-10	7.959671426160414E-7	1.4542642168057225E-7	2.7544476173302527E-7	2.186472249852107E-9	1.9011529932120518E-8	1.696171142401136E-7	5.692317228233372E-7	1.1421450449163318E-7	1.6890565295801073E-7	3.0972981268580674E-8	1.5860511177036724E-8	3.4255996572802788E-12	5.372994742047478E-12	1.194938085924163E-9	3.10065701838519E-8	7.730114547985418E-9	0.0	7.730114547985418E-9	1.4039166504489083E-5	5.264578394020626E-6	3.6950749849434184E-13	1.367766220489567E-13	4.718633510662832E-12	8.95639828812969E-7	3.844355827642168E-12
2.0776130181059556E-7	4.3439063787046186E-8	1.906437839799929E-7	2.9780400967553847E-9	5.533866232587625E-8	2.52784635015357E-7	4.944056765891113E-11	8.970789601269248E-8	1.5725704889500175E-8	2.9729674513215642E-8	2.322869522691542E-10	2.1360807752002002E-9	1.9967825508340276E-8	5.3585514055741516E-8	1.3559589131597992E-8	1.56845964529215E-8	3.043180896209311E-9	2.708060432911977E-6	3.5418424943088706E-13	6.880578085665601E-13	1.0856855897547101E-10	3.091109185916375E-9	7.99569417144607E-10	0.0	7.99569417144607E-10	3.410303759735633E-11	1.5880313276206204E-15	1.1903381203887178E-10	1.3835078063743767E-14	4.4305647458427485E-12	8.31506129477139E-8	5.053968976699896E-13
1.2334798678803324E-7	4.895516051569244E-9	1.3687867494200718E-8	1.3865175733057516E-10	8.886422952850788E-9	1.2357426573937305E-8	7.596314701916012E-12	1.2126272087610882E-8	4.502589360235765E-9	6.895163492618898E-9	7.38188383980221E-11	2.8552686724551266E-10	1.5093422833098132E-9	4.2412358113268675E-9	1.5062473060591662E-9	1.5833339986249632E-9	4.1586066077031856E-10	3.58618477487569E-9	2.019417378062408E-13	3.4697186395467484E-14	2.6295829059771423E-11	3.234780990225328E-9	1.4736987914725192E-10	0.0	1.4736987914725192E-10	4.356915654335151E-12	1.4703916709400245E-14	8.619161723282209E-15	7.711772258766105E-9	4.11406370035468E-11	5.674886603191677E-9	2.1391570383055898E-14
3.16051202172096E-8	2.20464258072642E-9	3.0185886728479838E-9	2.599651054839815E-12	2.820356863807244E-9	5.9242133924601106E-9	2.5151056752861557E-12	2.834229095247999E-9	1.1250814127219558E-9	1.7219220861761955E-9	1.865009488118779E-11	7.123633969991355E-11	3.6646669940526284E-10	2.2656820230543035E-9	3.050949004098566E-10	7.119755016194388E-10	1.3284497806245195E-10	7.160176936101066E-11	5.1791264097137706E-14	6.500994295015289E-15	4.69522572930412E-12	1.164904564138448E-10	3.553432514330021E-11	0.0	3.553432514330021E-11	1.0627046154412183E-12	1.0229144368443468E-17	1.810082356845551E-15	1.249515665081808E-15	2.8290198206725232E-14	3.4962968778299597E-9	3.132453627436495E-15
2.100407202197624E-7	4.0215398859306125E-8	9.531797082918628E-7	4.9556183702159296E-11	5.8349500700510815E-8	1.1533107084802258E-7	5.148355672638204E-11	8.616157952803404E-8	1.5432315154486405E-8	2.9156671394723824E-8	2.2988686855456377E-10	2.3988295132330786E-9	1.4751312664413049E-8	5.215844561376651E-8	9.508931617480355E-9	6.5159365555730614E-9	2.357217402117217E-9	7.614982664099337E-10	3.533424489245564E-13	1.730212096770303E-13	7.383613121081967E-11	9.767874051974276E-9	9.538283774404815E-10	0.0	9.538283774404815E-10	5.0324658148274045E-11	8.442974541456762E-11	1.059199949508698E-11	1.4000877576605846E-14	2.362369256781518E-7	3.329932469782561E-8	8.141202232681485E-14
0.006016110318446707	2.0498546811668116E-4	4.051679516898022E-4	3.915631156299928E-7	5.606104053067653E-4	6.565525154458389E-5	5.669159088068092E-7	0.008193899105402977	0.0010641753613765033	0.0020096908161597454	1.3432454353561715E-5	1.9322202184419396E-5	4.079529514707894E-5	8.524725777473627E-5	5.487169095449895E-5	4.181167104362977E-5	3.5183160147651344E-5	5.685508648892181E-6	9.32861295612428E-9	1.3112449051617599E-9	4.60944917977602E-8	8.147763323826509E-6	1.7518373483834202E-5	0.0	1.7518373483834202E-5	1.4612026188220978E-7	1.9369671689770455E-12	1.1591647764579245E-9	4.2295872528684304E-10	5.379537572992457E-9	7.01647538472335E-5	5.072226816563838E-10
4.0352959372107755E-8	2.1990897551505E-9	9.174437139984612E-9	4.4159677025264196E-11	4.219298842352138E-9	2.6414990319384755E-9	4.8630359889266345E-12	1.8923245737159746E-8	3.1253922093845923E-9	5.608879090363884E-9	4.365187255755664E-11	4.973414448826936E-10	1.0464537450655808E-9	1.6565757640546406E-9	2.102824733968873E-9	6.370662130204819E-10	3.674060118979416E-10	4.2223499449775813E-10	7.347894845240801E-14	1.1424875267353602E-12	1.3638138961245985E-12	1.9897914668615666E-10	1.7618275622137754E-10	0.0	1.7618275622137754E-10	4.371953866934723E-12	1.4383504242931783E-16	4.442019352117638E-15	2.0428257779322994E-15	4.011091518925916E-13	6.4913942646228194E-9	7.681183308376442E-15
