32
NULL,lstat@_lxstat,openat@__openat_nocancel,fstat@_fxstat,time@time,open@__open_nocancel,read@__read_nocancel,mmap@__mmap,munmap@__munmap,mprotect@__mprotect,rt_sigprocmask@sigprocmask,exit_group@_exit,rt_sigaction@__libc_sigaction,sched_yield@__sched_yield,write@__write_nocancel,syslog@syslog,getpid@__getpid,writev@writev,close@close,open@__open,read@__libc_read,close@__close_nocancel,mremap@__mremap,stat@_xstat,socket@socket,fcntl@__fcntl,connect@connect,getdents@__getdents,lseek@lseek,getrlimit@getrlimit,write@__libc_write,madvise@madvise
0.3922902760138044	1.1942264601630424E-4	6.985185310427507E-10	6.549429985575839E-4	0.023918559314373533	0.06443602205182439	6.231371280683917E-5	0.07617401517598772	0.07659975460694289	5.1242294018441905E-5	0.09408292262035166	0.03320650035335344	0.05914560190989467	5.317930738390181E-4	0.0012911602107290045	0.007617752491231936	0.014082990555099054	0.007374015986733091	0.00704645138947651	0.0032855041777915817	8.64558881163321E-7	6.186808417971408E-7	8.53653628320963E-5	0.0016262964790996655	0.0014163962598683659	0.0	0.0014163962598683659	4.3015284490866843E-7	1.5050868021512542E-7	1.9124887095142552E-6	0.1126441474551123	1.3357141866833473E-7
1.053665205615973E-5	3.003426691898474E-4	1.1261796940049614E-4	1.658586271471402E-7	6.522276650474614E-6	3.448346412450171E-5	3.1108995952013116E-5	1.9385994989954938E-5	5.934273028268942E-5	1.1638749513437594E-8	2.945798164939788E-5	9.374854948366253E-6	1.6101010733792802E-5	1.4203660876069628E-7	3.786607712007947E-7	3.5156145413438183E-6	5.007216227169437E-6	3.103787088897191E-6	1.5414417187423453E-6	8.171797658046963E-7	2.3374855004703964E-10	1.216721976475617E-9	3.7819309699789225E-8	3.60137991243698E-7	3.6729069285542E-7	0.0	3.6729069285542E-7	1.0647463187559611E-10	3.785900837079223E-11	8.386191342852925E-10	2.8722875425508408E-5	1.13271945489845E-10
1.1125763272120741E-6	3.115414347973101E-9	6.67425659476689E-14	5.791425562430593E-5	6.213054528775807E-7	3.848442008806569E-6	6.14938428293412E-8	1.928333187566973E-6	6.340257840234399E-6	1.1384287856036212E-9	3.217654744482382E-6	9.853876566047957E-7	1.6804312381955692E-6	1.4695573890639432E-8	4.133366813380609E-8	4.069563840884317E-7	4.936175029181958E-7	3.5778403567296777E-7	1.477880378153257E-7	8.376782163435442E-8	2.3925384274581075E-11	1.5924054850144313E-10	3.4376122351100632E-9	3.7576959909819036E-8	3.814958986203692E-8	0.0	3.814958986203692E-8	2.688526306101137E-9	3.839321650649218E-12	1.8569854174068998E-10	2.7849953898480385E-6	1.3910577004152218E-11
3.435839299339543E-4	6.361985450408496E-7	1.1150907876041971E-11	1.886040137673256E-5	9.181413397125679E-5	4.5259305584660744E-4	5.074350336484979E-7	9.101951631925477E-4	4.539742618741561E-4	2.2234305559389727E-7	7.810325973274835E-4	3.326438256403032E-4	5.781618724170552E-4	5.5858552482151816E-6	8.780875963408653E-6	4.399442310233104E-5	6.085395894805788E-5	6.62576245416358E-5	4.700893371046165E-5	2.6053393512751538E-5	1.012872069296882E-8	7.979824208290239E-9	1.9072208832287743E-7	6.329199049747111E-6	1.2860962158793741E-5	5.278965861721084E-6	1.2860962158793741E-5	1.9835579454093864E-6	6.346557091798409E-8	3.10145521200246E-8	2.6814769682228276E-4	1.347137052371037E-9
0.005396312026385399	1.6881409853016092E-5	1.0242723765873627E-10	4.901881313156785E-5	0.0014838772160112536	0.04100887507394066	2.886176814497724E-4	0.0308745766320554	0.004387240561487183	4.165953975814162E-6	0.0135027373616614	0.004876031580453815	0.00879439719876728	8.011758236134133E-5	1.7018573277318422E-4	8.090199583828606E-4	0.0038644922220526976	0.0010005670009524442	4.885578539437641E-4	4.2562565808731246E-4	1.9256179480586497E-7	6.380705732728315E-8	3.2051784966320015E-6	1.5869966531448476E-4	2.107521843052202E-4	0.0	2.107521843052202E-4	6.438464523278838E-8	2.268716702215916E-8	2.810962029595018E-7	0.004204764764998927	1.6246093959324686E-8
0.010765145995257342	2.9997545760739916E-5	1.2662576625254449E-8	0.0024111944421568313	0.003615664577501336	0.05014691538944654	0.02291446342320703	0.04903619420456186	0.010961283486505276	1.7583695644711083E-5	0.03488194352973938	0.010027785488913137	0.017128390874346953	1.5341403656863876E-4	0.0018417922214137522	0.07457024334864404	0.002998199108873469	0.0019828701392807786	8.980611199903521E-4	6.680544320897019E-4	4.397579477037968E-7	9.956125749039068E-5	7.318130253344441E-6	3.362598908577725E-4	3.238173948481262E-4	0.0	3.238173948481262E-4	9.596259274523527E-8	3.673037290827947E-8	3.10287443420895E-6	0.014905705883375708	1.3856648217466436E-7
6.901230757862418E-4	7.022192025665649E-7	1.011811771507004E-8	4.634580519272425E-6	1.2929028980432887E-4	8.6166468184459E-4	4.095550328666568E-4	0.0024737910952535628	2.587906125285238E-4	4.269439524354225E-7	0.0043243809470942095	8.199996982240369E-4	0.0015325546990336612	1.1969490350702283E-5	0.008482387117389798	3.423234378634418E-5	7.701661080937107E-5	4.980615039142848E-5	4.39377122022173E-5	3.9145752080397876E-5	1.900846156657513E-8	9.341221914469045E-9	2.6107220362168035E-7	6.5545824991524855E-6	1.9416432568064005E-5	0.0	1.9416432568064005E-5	8.237121827286156E-9	2.4434963109308028E-9	2.2048132258086438E-6	3.7686771947163306E-4	1.6758366818253297E-9
0.03942323456430279	4.033023355587286E-5	2.7946120110644713E-10	1.442890255186483E-4	0.003431488493007329	0.03248751381438281	2.7286026395951027E-5	0.23244369005850693	0.3067852418730473	0.06744351564530185	0.03628082994303401	0.016740182041528544	0.01933235692849645	1.7036592769166252E-4	9.214781325910055E-4	0.009337433096301145	0.00886564890406448	0.0066708672970811796	0.0012581612800695746	0.0012813005970992448	4.260454808057382E-7	7.641456687060884E-7	8.694259944944972E-6	4.618463255944772E-4	6.412259216562359E-4	0.0	6.412259216562359E-4	1.257855294447961E-7	4.469560724545327E-8	7.69102988985987E-7	0.01426950909271337	1.1675379277908379E-7
0.01619691543279677	3.339556380821512E-5	6.718994350279024E-10	2.6772363269576474E-4	0.0068404452256993304	0.02394792500635632	6.407183784932223E-5	0.09514157851651742	0.08601451834995956	0.12588943349444398	0.04921241645005794	0.015187211109097333	0.027829422426641777	2.465525617982198E-4	7.177346394324843E-4	0.005682239600255045	0.00680015473670791	0.0032755731172305225	0.0015593872211129998	0.0012477212770204225	6.522781976143329E-7	2.522855423736722E-6	4.599555460647012E-5	3.192883034904024E-4	6.09407390838685E-4	0.0	6.09407390838685E-4	1.917640996194538E-7	6.692030476346092E-8	1.871441421846353E-6	0.032455802676371985	9.617106439687066E-8
0.005252673945785947	9.687534390057002E-6	9.478194185285648E-11	6.51664690159816E-5	0.0014888834773090951	0.003912099153094591	8.502493324987507E-6	0.034470268093462916	0.10009425780495934	5.624808742393857E-6	0.012424453354486536	0.005182683351318815	0.009975949402217719	9.208248830163385E-5	1.0872640732008496E-4	4.317933979368201E-4	0.0010558584497038586	5.709257460139465E-4	5.44114301740685E-4	4.6487852508969785E-4	3.370801403511235E-7	4.721212174963786E-8	3.633052708784706E-6	8.357298368858407E-5	2.2867041897225643E-4	0.0	2.2867041897225643E-4	8.424049162487435E-8	2.8245253416975345E-8	2.635012292783762E-7	0.004944505779436775	1.3551390300726606E-8
0.16459800813500491	9.024740188337516E-5	1.4849993559257947E-9	5.75801328615467E-4	0.015625806969834892	0.0345845726995237	7.650930695258783E-5	0.11113908236049147	0.02965341349565288	3.9724907076181136E-5	0.14080925902161673	0.1742089728113099	0.3112024668107483	0.00221810394710373	0.0023356591442831457	0.003922415961688518	0.009698503015852686	0.006815837129956229	0.0049224218635861815	0.0037858214871610623	2.3458679491638796E-6	9.373341647314928E-7	2.899931160088392E-5	8.21093812458484E-4	0.0018500469790286654	0.0	0.0018500469790286654	6.197385349351051E-7	2.6314930507214507E-7	4.134995585551451E-6	0.04214140153121892	1.6535798624287348E-7
0.21039067207534798	5.453433137425675E-5	7.914938568993553E-10	2.985670038639698E-4	0.006250170479061346	0.01991870925242086	4.728765086996665E-5	0.090600486959407	0.016657614676446764	2.015768452865021E-5	0.08860069268305938	0.02467649423963405	0.037976524157222726	3.267486326605602E-4	0.00215604683234251	0.0023008658247955695	0.005905327963440345	0.0038610341305349905	0.001880434077971653	0.0013779641303591716	1.070412707039038E-6	8.726965388541318E-7	1.5094906692230656E-5	5.133423538122209E-4	6.647948358538279E-4	0.0	6.647948358538279E-4	1.9312360238821308E-7	7.322254969316086E-8	2.200860136024662E-6	0.02446613397526374	1.2599000431314897E-7
0.16354121423280968	6.393924389947578E-5	9.873473049253817E-10	3.7956424485134323E-4	0.009533937098044782	0.024700179524324038	5.4515562220625316E-5	0.09295444461396615	0.020260490403633404	2.770960645344572E-5	0.10925615707417786	0.17439059329551007	0.13377113726778964	0.0029517372177561515	0.002075043386404873	0.002808355187917628	0.006925100847405063	0.004723255025103086	0.003050650815412842	0.0025263065776761	1.4420403831529248E-6	8.374659234663254E-7	1.9003656630754006E-5	5.928303071314814E-4	0.0012429599855017929	0.0	0.0012429599855017929	4.1159490216125855E-7	1.5588189054326924E-7	2.7473306862882657E-6	0.029049725692970707	1.3553043819446193E-7
0.001788955533035924	6.520673600673505E-7	9.961683411773455E-12	3.804953040795031E-6	9.039872754907892E-5	2.4411222160386224E-4	5.600492801646584E-7	9.737386973739509E-4	2.0512122689964312E-4	2.6239098398936495E-7	0.001055913013532417	0.001910055556261659	0.0013662353508433573	0.0010095097456632423	2.2242144665419118E-5	2.7957842460685662E-5	7.042778276674597E-5	4.746574342785678E-5	2.800822479590281E-5	2.1427555712219344E-5	1.441381173399683E-8	8.980662038807998E-9	1.917727864942187E-7	6.058505144966795E-6	1.0432306866373882E-5	0.0	1.0432306866373882E-5	3.302462436809194E-9	1.3149970181674358E-9	2.7716053421616362E-8	2.96918646454593E-4	1.3891107284698738E-9
0.0011758188077138354	2.681013066626584E-6	1.555439212155466E-11	6.798843666674015E-6	2.072451768766677E-4	0.020389767322290215	1.3048305119701598E-6	0.001184380956074652	6.919818292977313E-4	6.178812775384106E-7	0.005251005172082809	0.0011706129682570454	0.0019367398841964015	1.539389281613355E-5	0.008504855397097307	3.4749317988411746E-4	2.2789772147782387E-4	6.742537326616891E-4	7.204990272136434E-5	7.16816668941635E-5	2.0236528578266104E-8	1.7285141595010044E-8	4.399837300782817E-7	2.752910065929962E-5	3.587423000156971E-5	0.0	3.587423000156971E-5	9.09847891128701E-9	3.242148814994833E-9	4.259568083871345E-8	6.382626957077657E-4	2.8486501448129606E-9
0.004964833298717544	8.029014420953324E-6	1.2609131070880656E-10	6.839884877151784E-5	0.0019649685127650063	0.003979159907935801	1.0426732024306302E-5	0.006747343996463882	0.002687733626142032	8.409399358513822E-6	0.020520494070780736	0.005197415445935139	0.00924179699422476	8.031402416122894E-5	0.0019334391948573725	4.3645060595650764E-4	0.0010324121684628866	5.979329752126759E-4	3.702876863998267E-4	2.9731968815345646E-4	1.9622963541562012E-7	4.223293655583281E-7	2.5112162510358214E-6	7.576266195983536E-5	1.4584856016779314E-4	0.0	1.4584856016779314E-4	4.861536065226158E-8	1.8618512145918527E-8	3.5090752165385964E-7	0.005634751167819064	5.727995706402958E-8
0.005146149293804983	1.9230100886922498E-5	9.056094939644242E-11	4.4360326003243134E-5	0.017647295237004486	0.009552313644220505	9.855834138049187E-6	0.006742256149036847	0.008601282097070036	3.5129446244929066E-6	0.011702427453742142	0.005289203799872128	0.006446971145452485	5.739796874796688E-5	2.620888902810015E-4	0.00201647552073747	0.0017163544083180263	0.010135374704402723	8.640072285415843E-4	0.001357689772465843	9.739474560002485E-8	9.973992153347114E-8	3.425599957184682E-6	3.733847768969119E-4	7.037909069996243E-4	0.0	7.037909069996243E-4	4.187538579525221E-8	1.5165574504183377E-8	2.472509614364116E-7	0.004643084111647409	1.629969070383829E-8
0.0036656445124940754	3.9986814141768716E-6	6.735992366702162E-11	2.7326386480135078E-5	8.88424860794916E-4	0.0019343168245340462	3.456906163312787E-6	0.004138439313746134	0.0014455269186211595	2.6628773527526235E-6	0.00904645043100448	0.003788161735349229	0.007282224389521637	6.770715701793999E-5	0.008633354614269268	2.1000557952714899E-4	4.4046642710755883E-4	3.279542595027822E-4	0.0029025564655255675	0.006579519840648443	1.0621955248768225E-7	5.0139785113411576E-8	1.302925798048518E-6	3.617635207803993E-5	0.003469684604638551	0.0	0.003469684604638551	5.8985385918928345E-8	2.0519341704019444E-8	1.8758068112968132E-7	0.0019145751869125026	1.0050830305188006E-8
0.0024086386101097876	3.611509913983696E-6	6.287524178929589E-11	2.539300205921889E-5	6.550834007643486E-4	0.0015352345229389611	3.6025437760495783E-6	0.0028184908151933597	0.0014811397705537135	1.793116320443448E-6	0.004930037976136997	0.0024585861997246826	0.0036310233631712866	3.987021655301588E-5	2.835193620765461E-4	1.7064403755552167E-4	3.853346638297453E-4	2.8141103851251666E-4	0.0021033786633437327	0.005569030992333328	1.0568484360014613E-7	7.581512918702784E-8	1.2503293082304683E-6	3.182517576779043E-5	0.004581533312199248	0.0	0.004581533312199248	1.4175941131936494E-8	8.932575713111034E-9	1.7518201051340226E-7	0.0020072746555573717	1.1027294055771956E-8
0.0022321969813599396	4.012469961715172E-6	9.040278698272085E-11	3.671830149625853E-4	8.597241794537676E-4	0.0024554658488050085	5.812505848071632E-6	0.0031011990631985916	0.007734856393670147	1.877979167095414E-6	0.004890985125108464	0.0021960823525408475	0.0033849247297869324	3.537320058136043E-5	2.1450756428150275E-4	3.160642584542146E-4	6.818939425163131E-4	3.318158202076706E-4	7.097820950137557E-4	1.6993288745419056E-4	8.655142722004249E-8	9.859670665928482E-5	6.557778877780171E-6	9.418399083406039E-5	5.295018900054018E-5	0.0	5.295018900054018E-5	1.5898014513851196E-8	8.325948260842743E-9	2.5192333908668576E-7	0.0033349079227242505	1.2009273875736385E-8
2.677199460638388E-7	8.038400451471233E-10	9.8694758596129E-15	4.072239177910653E-9	6.239642716264876E-8	1.2443347102498684E-6	1.8739235329220952E-9	4.1458899473549487E-7	7.452693320346291E-6	1.5637828555282062E-10	9.822489184598198E-7	2.507741343455934E-7	4.1845299838667717E-7	3.5326491637604575E-9	1.144689453629398E-8	1.2058620995282073E-7	6.594904335637581E-8	1.1316081627823817E-7	1.9725693295489064E-8	1.7790567353868423E-8	5.7014558317160844E-12	5.3406477472789136E-11	1.4424567306703983E-10	7.74061441605263E-9	8.845670617972795E-9	0.0	8.845670617972795E-9	2.17463084407637E-12	8.091530663189131E-13	2.7343448406634644E-11	3.879951987618801E-7	4.886717998951136E-12
5.267677644386286E-6	1.0231898342532994E-8	7.801576984879212E-12	6.644159076386313E-5	1.5857796183591014E-6	9.205229399830572E-6	1.621604246750813E-7	6.794152194362694E-6	1.1203009915755633E-5	3.602166958689229E-9	1.2632729398519753E-5	5.073791090312126E-6	8.829520491518405E-6	8.406072429784567E-8	1.449789482027619E-7	9.558943415892615E-7	1.1488360701054068E-6	1.0052777503890332E-6	4.887890894321322E-7	3.795556839072091E-7	1.499945382585624E-10	2.5425118296614194E-10	4.953776883860784E-9	1.0387055963333614E-7	1.856088444907604E-7	0.0	1.856088444907604E-7	6.091591769007223E-11	2.3059405523431023E-11	2.182599208387423E-8	5.283249759522861E-6	3.3403607834256E-11
9.606461116927683E-6	3.5296277955471316E-8	1.7130959552677547E-13	7.152085434384972E-8	3.1510400162878577E-6	1.5054987559778268E-5	1.7192619493036502E-8	1.4720171745004682E-5	8.184139742296454E-6	7.755902357053114E-9	3.0222045305738788E-5	8.56286444464107E-6	1.4825188119016109E-5	1.29485810533365E-7	3.6404576072910516E-7	1.9451392789407633E-6	2.7823866324105353E-6	1.825673007961939E-6	7.261913274139621E-7	6.349445097952908E-7	2.0842868852300233E-10	1.4366139944496536E-10	5.021989737167669E-9	3.356446447741435E-7	3.133272303273745E-7	0.0	3.133272303273745E-7	8.731971519116685E-11	3.2210957560671887E-11	4.665929771669291E-10	6.135180338467403E-5	2.6468338586268974E-11
1.450391189614391E-4	2.792861411706935E-7	3.3498701098982074E-11	2.3638789563589893E-6	1.1049092029634215E-4	1.6048649080108258E-4	1.6597912970984783E-7	3.0848021871830754E-4	8.106453622964174E-5	2.259748515693482E-7	3.3369795535659753E-4	1.4156431332500402E-4	2.5416882654079217E-4	2.4198243160552607E-6	3.708314593225657E-6	1.7413370526502232E-5	5.096205028197466E-5	2.1145648954482195E-5	1.2190778791555544E-5	1.1118527104144445E-5	5.311780001676844E-9	1.4015249676291657E-9	6.394351031864981E-8	3.102432103266523E-6	5.538259063381465E-6	0.0	5.538259063381465E-6	1.861271988588025E-9	6.912808768025657E-10	9.364727987790915E-8	8.575358920290896E-5	4.273305056566743E-10
5.435875744460942E-4	8.150253599355811E-7	1.4190434100879125E-11	5.729212212529967E-6	1.47823141593362E-4	3.46437840092995E-4	8.124074230417115E-7	6.360990404076206E-4	3.34240819133162E-4	4.046623429746606E-7	0.0011124388886665896	5.548671136063075E-4	8.194425227152919E-4	8.99823737557833E-6	6.398641949314022E-5	3.850771532770321E-5	8.695884261295082E-5	6.346479755806094E-5	0.001488913623958734	0.0035232525820679057	2.385327361322049E-8	1.7107775761335733E-8	2.8219098790173295E-7	7.181930410891231E-6	0.004445714338007131	0.004435084673903914	0.002228168698128043	3.1990222414058642E-9	2.0159758511758073E-9	3.9537195613898416E-8	4.530193814510204E-4	2.4887863781732643E-9
1.6334985960713582E-4	2.4491095044140395E-7	4.2625335459282E-12	1.7286522336073598E-6	4.4477642530724984E-5	1.042453276769975E-4	2.4436380962035084E-7	1.9126336643237788E-4	1.006688472946797E-4	1.216908664570707E-7	3.343889690305076E-4	1.667286604632714E-4	2.463360310616704E-4	2.7041271575758827E-6	1.9202179680364348E-5	1.1586202387546582E-5	2.6142521684287354E-5	1.907729727139115E-5	4.4669970736748945E-4	0.0010569967114234242	7.163337243363857E-9	5.140368177870476E-9	8.497593504946677E-8	2.160344144040156E-6	3.200260120016043E-6	5.254328868485778E-7	0.0011119730800595602	5.464307137658763E-7	1.7669308460779283E-8	1.1876166056895765E-8	1.3616335811113592E-4	7.477319732400973E-10
5.164060906404495E-4	7.742709356924353E-7	1.3480857442322955E-11	5.442729415102768E-6	1.4043141205757596E-4	3.291146064820249E-4	7.717839057814147E-7	6.04291625046362E-4	3.175274838040553E-4	3.844276587408867E-7	0.0010568126362308669	5.271216091617973E-4	7.784672232273686E-4	8.548290660455455E-6	6.078685072631135E-5	3.6582180437324414E-5	8.26105637277131E-5	6.0291311908005794E-5	0.01194776102820495	0.0033470763089066603	2.2660517558982038E-8	1.6252320722134023E-8	2.6808034570104294E-7	6.822806077786618E-6	1.0098139733889838E-5	0.0	1.0098139733889838E-5	3.0390587408838464E-9	1.9151692516004897E-9	3.756018272247083E-8	4.3036665802719724E-4	2.364337421254116E-9
4.824233569931499E-7	7.473351860540059E-10	3.412611898800624E-13	7.672452576246055E-8	1.3716145218526558E-7	3.771793641129147E-7	3.230562751379989E-9	5.634498065499976E-7	4.805296096251083E-7	2.609068907707189E-10	7.022749254888954E-7	4.392319611246233E-7	6.320124669255187E-7	7.0938146534125015E-9	1.0847992379836655E-8	4.258520757762038E-8	8.743438364869727E-8	6.041722546373069E-8	3.8014052642505634E-8	2.0588168109502755E-8	1.7738947633508464E-11	8.474421555176503E-12	7.944082833781891E-10	2.214331529205552E-8	9.504141906813339E-9	0.0	9.504141906813339E-9	2.8332444379623385E-12	1.649690319154456E-7	9.546768645968136E-10	4.063868439905522E-7	1.1862096040953621E-12
1.1231725911716443E-7	1.8396728621381986E-10	2.7197262934649165E-15	1.3244717483221607E-9	4.5415561364244506E-8	8.899933650519267E-8	1.8179854546915163E-10	1.571815210341265E-7	1.9076195891236333E-7	8.072188766838354E-11	1.7841795300029502E-7	1.1091476374319004E-7	1.6324442585804E-7	1.8275314502214896E-9	2.771671095565933E-9	1.090776173227977E-8	2.839369904727871E-8	1.4602374600752758E-8	1.1629314586602403E-8	5.535104087604701E-9	4.565578532301894E-12	1.4766965217068639E-12	1.822761503478082E-10	2.008351319303093E-9	2.464760716712156E-9	0.0	2.464760716712156E-9	7.447914769045804E-13	4.358594385966167E-13	7.566139285855532E-12	1.5393364612275902E-7	2.788014899815751E-13
1.2559838326414635E-6	4.5738972713983945E-9	1.9017491897266572E-9	1.0588198721294083E-8	6.212672029435571E-7	2.0961128117533477E-5	2.121145948292887E-9	2.043618393523863E-6	3.4173095836314965E-6	1.193214185189431E-9	2.9000323051878613E-6	9.613655094292347E-7	1.6156884876381444E-6	1.4339873030738105E-8	4.58113245658362E-8	2.7966936002478124E-7	5.549039680037845E-7	2.741028947676504E-7	1.0100387523856916E-7	8.268790299906372E-8	2.362430189609165E-11	2.6914154154626056E-11	2.509602505375662E-9	8.328140710308945E-8	4.034928492723415E-8	0.0	4.034928492723415E-8	2.4846405009897437E-10	3.8372705847653035E-12	5.32114926569974E-6	1.4142810401242705E-6	4.490005247633524E-12
0.04299846591823804	2.276596532707572E-5	3.7625997082436067E-10	1.4999972733945673E-4	0.004770723602592395	0.010133155561068748	1.908069128889623E-5	0.027469613844674154	0.007560147383360421	1.3351072060424125E-5	0.2057576977752362	0.037662079561652566	0.0703232368935848	5.408843755001838E-4	4.907310105201637E-4	0.0011153652343583197	0.0025033758915242064	0.0018258396099374008	0.0016756283213052424	0.0016658282683484752	5.882586011255648E-7	1.971994254897377E-7	7.282974572611736E-6	2.0733742495310356E-4	8.375510087492396E-4	0.0	8.375510087492396E-4	3.0389923017355835E-7	1.0657823823058203E-7	1.0476366707412446E-6	0.010272081200540878	4.428814332607722E-8
9.482170593835483E-8	1.9895574544664904E-10	4.491302934862349E-15	1.6844128118804232E-9	2.1620245646543458E-8	8.268106586617684E-8	3.9847462335461916E-10	1.1009679894046942E-7	5.8372779112131E-8	4.9198608288166E-11	3.185037594462174E-7	8.72362279196662E-8	1.4669889362229027E-7	1.3248756518060752E-9	3.0701967763512126E-9	9.874560440215701E-9	1.6633315423439465E-8	1.4997570577845683E-8	6.5573877884774625E-9	5.044183644070736E-9	2.3956752392420083E-12	2.5646014965058515E-11	4.930238059885465E-11	1.7674565202766723E-9	2.4766223525204644E-9	0.0	2.4766223525204644E-9	6.832471258543061E-13	2.943624337880581E-13	1.2508807032022315E-11	1.6966849078565433E-7	2.0815203784247962E-13
