32
NULL,munmap@__munmap,madvise@madvise,mmap@__mmap,lstat@_lxstat,openat@__openat_nocancel,fstat@_fxstat,time@time,open@__open_nocancel,read@__read_nocancel,mprotect@__mprotect,rt_sigprocmask@sigprocmask,exit_group@_exit,rt_sigaction@__libc_sigaction,sched_yield@__sched_yield,write@__write_nocancel,syslog@syslog,getpid@__getpid,writev@writev,close@close,open@__open,read@__libc_read,close@__close_nocancel,mremap@__mremap,stat@_xstat,socket@socket,fcntl@__fcntl,connect@connect,getdents@__getdents,lseek@lseek,getrlimit@getrlimit,write@__libc_write
0.9932568052002582	0.0011904076229007877	7.1640543454408985E-9	7.027660118982403E-4	1.852049337186028E-7	1.165784474209903E-12	8.312696010916969E-6	2.8567990280895406E-4	0.001790754649570791	4.037799082786554E-5	6.150302370075543E-7	8.576752423961275E-4	2.3779789837962589E-4	4.6849080779242383E-4	4.105230328174898E-6	2.6056046471213917E-5	1.892707009004984E-4	1.7917675779878934E-4	2.3956468255602616E-4	8.192718507113258E-5	7.189987289763949E-5	6.104925935637304E-9	7.137534660565671E-10	5.085129231314332E-8	5.785174388239544E-5	3.578309278234539E-5	0.0	3.578309278234539E-5	8.840313839489859E-10	3.079392246868513E-10	3.2028836850831682E-9	7.862795393419951E-5
0.0013131551464446267	4.968691382781455E-4	6.989618880427897E-10	6.024422084057971E-4	2.1332428573876233E-8	4.930333879327837E-13	2.36394577555046E-6	5.313161771429941E-5	8.424755457327114E-5	2.81400932479115E-9	9.388974689054678E-4	1.4134386571337736E-4	4.556814482806324E-5	8.998908369520548E-5	8.123309987218531E-7	6.117525025961932E-6	4.2538102082701455E-5	6.72421366238946E-5	2.0190154941226473E-5	1.4594450682176379E-5	1.267096400551275E-5	2.179494982066815E-9	1.5789538943638713E-9	4.133907236361359E-8	4.085571768148161E-7	6.323900177140125E-6	0.0	6.323900177140125E-6	1.860613718431627E-10	6.416682103773488E-11	1.3752744344834863E-9	2.6842725327737432E-5
1.546655037547006E-8	1.549614678841851E-10	4.7363969661274865E-15	7.058288174050978E-10	3.9587952694284057E-13	4.673294884406492E-18	2.1880200086210194E-11	2.9515069631321716E-10	1.5772322538264333E-9	2.3585790179345474E-14	5.710233456854682E-13	1.8179222161968215E-9	5.356005767185751E-10	9.044564566190231E-10	8.690181494748401E-12	5.7469614727810604E-11	1.9037239392491313E-10	3.7064673504139304E-10	1.8020470088428653E-10	1.308184054588289E-10	8.167573467234815E-11	1.7419291004184688E-14	1.7179777628162673E-14	9.094315951253882E-14	3.5217360947385825E-12	3.9379708119375594E-11	0.0	3.9379708119375594E-11	1.0507693634147217E-15	5.228491189698415E-16	1.2952554226240007E-14	2.1659255433737496E-10
3.562072123303648E-4	0.0015779043833997924	5.682893651465229E-10	0.001648302924656058	1.8839794132994032E-8	1.8069997455077215E-13	1.2525172994331685E-6	1.8869916366051354E-5	7.267609682405087E-5	1.6361441388303072E-9	5.029919676889769E-4	1.0784894689326673E-4	3.0456156675132735E-5	5.90616372297585E-5	5.236903977079252E-7	7.868356770639797E-6	7.619045297950127E-5	1.933083188029471E-5	4.092988616323412E-5	1.0384748928745322E-5	1.0868661164362943E-5	1.3492255959563922E-9	4.785602713704128E-10	5.744606023714678E-9	2.828462751474667E-7	5.505744881677139E-6	0.0	5.505744881677139E-6	1.0960482275417843E-10	3.8689910000415733E-11	5.017058608581193E-10	1.0806365047771882E-5
6.123953764620814E-8	3.918683137301205E-8	1.1353638907745526E-13	1.2563405461250268E-8	2.988612040161621E-7	1.1207140692356028E-7	6.55953205040364E-10	1.3403853027150189E-8	3.159701759975796E-8	1.3533341982934346E-10	1.0955639793047242E-11	1.9058983657606585E-8	5.002138912359599E-9	9.639043338240869E-9	8.429039315956233E-11	6.701867920221567E-10	3.484069714536411E-9	1.8593960446188E-8	2.760034745201407E-9	6.04036180366845E-9	1.621936315930743E-9	1.2991325153932522E-13	3.639797244009157E-13	1.8424734265018482E-11	3.9394761267481047E-11	5.859526164230568E-10	0.0	5.859526164230568E-10	1.6615606722786047E-14	5.986926762124891E-15	1.839167088597026E-13	1.7725427793042973E-8
2.5606088205599384E-9	4.1346983046984745E-9	1.3313124805990048E-14	1.2508213083083998E-9	4.847453893309776E-13	3.760443640340236E-17	5.7683124430391556E-8	1.2655082408494906E-9	3.6598381785063453E-9	2.7685647621344486E-13	1.089001045508075E-12	2.1185881836059884E-9	5.301529740039212E-10	1.017247366086324E-9	8.80808200056376E-12	7.438965901528814E-11	3.9451922111552103E-10	1.7430424023049983E-9	3.195671586633854E-10	5.650724958511336E-10	1.6140505182821886E-10	1.3491460840750633E-14	4.925219300799148E-14	1.6793397460657982E-12	3.4471249381446152E-12	6.034443667534456E-11	0.0	6.034443667534456E-11	2.5098610157422073E-12	6.083455612589097E-16	1.0505955063055197E-13	1.6914707537840117E-9
6.210590349378004E-6	2.270940064287156E-6	1.8955568337614125E-11	2.798567713275721E-6	6.864952864332233E-10	1.5535360074298958E-14	7.991778592804752E-8	1.0110253843466081E-6	3.60588715497826E-6	6.571738502190364E-11	2.255073767219372E-9	4.82945540469763E-6	1.7685271943869815E-6	3.353793908710481E-6	3.160734892077265E-8	1.296730813597702E-7	3.853854971831799E-7	8.162555973942953E-7	6.572827060693379E-7	7.334715524463743E-7	4.4302877983351624E-7	5.189906660887892E-11	2.8118355778275284E-11	3.299184161507483E-10	1.0324834919604118E-8	2.199270249980603E-7	5.253345763705218E-9	2.199270249980603E-7	1.9765492452087167E-9	6.406992765248755E-11	4.329444030112188E-11	6.508417526872372E-7
1.472101715029247E-4	1.0364061996707975E-5	3.7187969193324933E-10	2.2534128719780834E-4	3.162105260250337E-8	1.6888354051564556E-13	1.0130017647648012E-6	1.884012240232196E-5	4.0024033949294244E-4	5.532964379048825E-9	4.7444896586632995E-8	1.0568178464279856E-4	3.199362280737716E-5	6.252868196955804E-5	5.604833672512868E-7	3.770115520059943E-6	1.540393555937726E-5	5.65882223127219E-5	1.1097573937520594E-5	9.787032873620167E-6	8.143032952548554E-6	1.066530885925174E-9	9.919438912554001E-11	6.027882620999894E-9	2.0440206877261874E-7	4.05027874983518E-6	0.0	4.05027874983518E-6	1.2144344445211965E-10	4.28243379087953E-11	4.617781245045286E-10	1.014861193714125E-5
0.0010383032343624216	2.2871675760726648E-5	2.616980632647563E-9	3.927543927583457E-4	4.7253395470592503E-8	1.1911243535492084E-11	8.421465226754969E-6	3.923846072458874E-5	4.4710766959567174E-4	1.9535671061275933E-4	1.5532627513482135E-7	2.364868716110923E-4	5.369237280654997E-5	9.901564691029878E-5	8.504785197500038E-7	2.3942921096110574E-5	8.738804961512699E-4	4.907910007238703E-5	1.8021633091099526E-5	1.3320578256304264E-5	9.534469143802119E-6	1.9919887832156706E-9	1.03443642023888E-6	1.011012422818797E-8	1.067009646455441E-6	4.658903367960122E-6	0.0	4.658903367960122E-6	1.34340855724037E-10	5.191374065751881E-11	3.0408224430488276E-9	2.067162094183864E-5
3.602362041087969E-5	7.070341538858647E-7	4.437777245007749E-11	1.2390837584136163E-5	1.0835191072410383E-9	9.48508553822997E-12	9.476411627714328E-8	1.8501957622640909E-6	6.756749002144812E-6	5.005530010039893E-10	5.042314667723269E-9	4.562501848052794E-5	7.260859366094378E-6	1.3916786080535515E-5	1.0273041425993512E-7	9.795109027674428E-5	4.825172976711947E-7	1.4549273646278039E-6	9.193950400370564E-7	8.721125373197475E-7	8.71009700131628E-7	1.0804390201058674E-10	1.0204870733528771E-11	3.584017579152832E-10	2.534565081660963E-8	4.4166638386696503E-7	0.0	4.4166638386696503E-7	1.499394183739426E-11	4.8461925985503085E-12	2.086654917820599E-9	6.000666425523233E-7
1.3049316899019564E-4	7.280413963502948E-4	2.587606194620423E-10	2.3949129364768336E-4	1.0889311539514343E-8	1.1318260403640848E-13	9.681663235435491E-7	1.596784731259399E-5	3.816174898805534E-5	1.609636904774033E-9	4.869328707215597E-8	6.586496392526866E-5	2.4801956476542204E-5	5.003093545885837E-5	4.587511076981086E-7	1.5683602243889575E-6	4.343052094155391E-6	1.444766995894758E-5	7.96416714895015E-6	7.479975193096545E-6	7.211823907812604E-6	1.385594185947456E-9	4.451041292667469E-11	3.815288208382183E-9	2.4055975643579834E-7	3.636810816493821E-6	0.0	3.636810816493821E-6	1.1478395556018769E-10	3.860579244919606E-11	3.1483767045598035E-10	6.061207111345863E-6
8.939231157588356E-4	3.676016812589175E-5	2.1243419794143167E-9	2.0712530121423152E-4	5.8639430556752206E-8	1.0042126787454166E-12	5.219382068604006E-6	9.170150796703975E-5	2.0875680117152235E-4	6.831348859374959E-9	2.0440400791660461E-7	4.4235034334759324E-4	5.541451853248749E-4	0.0010220078485168307	6.957373226637334E-6	2.2071730446579866E-5	2.3964382226390387E-5	7.991572547697152E-5	5.3946432021293226E-5	3.7306464597474714E-5	3.021269123742004E-5	5.716678224403951E-9	5.539461628986514E-10	1.8764838795086906E-8	1.180405209249258E-6	1.5053042833152858E-5	0.0	1.5053042833152858E-5	4.289002241290935E-10	1.8156039718884912E-10	2.7971254563779087E-9	3.1499157626164384E-5
7.598081283207191E-4	2.4094600356972435E-5	1.975182605478288E-9	1.4133693546648657E-4	3.88893966501672E-8	6.61669681239236E-13	3.3419241490330487E-6	4.798329731018969E-5	1.4168823054049387E-4	3.7065081008783492E-9	1.2564889692848118E-7	3.383788894848149E-4	7.10841464054667E-5	1.2947486683644223E-4	1.0915445810135926E-6	2.354333252535276E-5	1.6253712397582804E-5	5.654501750423734E-5	3.6618128989184555E-5	1.678933051236389E-5	1.2838944443624968E-5	2.97416256585538E-9	5.630818321279402E-10	1.1610054140523542E-8	7.425019977269932E-7	6.343814783894487E-6	0.0	6.343814783894487E-6	1.53094058079756E-10	6.142162752283312E-11	1.8417934296376058E-9	2.062225103352501E-5
7.523852965232249E-4	2.72368334737296E-5	1.9337706359675185E-9	1.5931635284858613E-4	4.374019890033778E-8	7.400138996348641E-13	3.804811536025764E-6	6.224670588005895E-5	1.6195064128351786E-4	4.547830503365316E-9	1.5485977877547024E-7	3.7178523324644307E-4	5.882975998466931E-4	4.3396844989576324E-4	1.015794413354702E-5	2.1340505404551887E-5	1.8491855741038966E-5	6.164334316286968E-5	4.047015811912688E-5	2.47401944510882E-5	2.1136935280364704E-5	3.730631767701E-9	5.208399236919851E-10	1.3504956143446975E-8	8.468071187287687E-7	1.0573883734717624E-5	0.0	1.0573883734717624E-5	2.948606204843926E-10	1.1381201954114553E-10	2.0603229564901727E-9	2.3285203921110085E-5
8.01700540880448E-6	2.788580986023143E-7	2.0354218959007732E-11	1.615852001875897E-6	4.4815887870498413E-10	7.63263009265201E-15	3.8995438218742414E-8	6.104670067602958E-7	1.6261414244423514E-6	4.614999994581366E-11	1.504395624217756E-9	3.731703836642647E-6	6.52000405158799E-6	4.551188805758319E-6	3.630804446312132E-6	2.324195835640348E-7	1.8643544589202645E-7	6.362917579286929E-7	4.1792393683197197E-7	2.3033832278728572E-7	1.8366387976820614E-7	3.76979836694112E-11	5.634917599053425E-12	1.3737980100364384E-10	8.713241209785339E-9	9.124913436910548E-8	0.0	9.124913436910548E-8	2.4166610094695484E-12	9.833982523567571E-13	2.1250759368389535E-11	2.3871097941670474E-7
2.6648148159609235E-5	1.412359218556864E-6	7.348128877475696E-11	8.455249431399336E-6	5.284145145561845E-9	2.6805510775888503E-14	1.474991557730737E-7	2.701009007387412E-6	2.4898828218949503E-4	1.70951937645665E-10	7.279285271608055E-9	5.3197858628468895E-5	8.7699021474526E-6	1.67560564003833E-5	1.2589260314073552E-7	9.84249890039522E-5	5.368704519026838E-6	4.6795324110100625E-6	7.265612396315094E-6	1.4175683579360365E-6	1.1640354416204443E-6	1.3381722552414212E-10	2.0384619912858115E-11	8.963064148131962E-10	2.7751921690031497E-8	5.771261896180961E-7	0.0	5.771261896180961E-7	1.7348208399840583E-11	6.182652840576512E-12	7.31266653743551E-11	1.5851924791153282E-6
3.1608246129504505E-4	7.593547574914917E-6	1.1217278800565526E-9	5.229356980553413E-5	1.1630407873651669E-8	1.562659782808787E-13	1.0852634004831108E-6	2.7927551868560418E-5	5.367191970677655E-5	1.224086899019178E-9	8.689310790033557E-8	1.7962423532589565E-4	3.752604384216991E-5	7.103712213464547E-5	5.872611174827926E-7	2.3111560434694643E-5	5.928926696928024E-6	1.736922012211412E-5	8.493346438634128E-6	7.016392341556976E-6	6.2870515064146705E-6	1.1428949710567242E-9	2.990758158868815E-10	3.747917118453384E-9	2.5214915575190897E-7	3.156261865825302E-6	0.0	3.156261865825302E-6	9.661531650558996E-11	3.5637464811084565E-11	4.3445852250513814E-10	7.304872395244199E-6
4.627446868751845E-4	3.6262204521763253E-5	1.6725289581218563E-10	1.9925133086901786E-5	1.2606962781862002E-8	5.973129662598779E-14	3.5148070585787495E-7	1.947400529959743E-4	2.47876557216511E-5	4.41206422091483E-10	1.655932857832847E-8	3.6126260041259074E-5	1.0922646353071092E-5	2.101336966412368E-5	1.8979678606877154E-7	1.7617818146688014E-6	1.213627618659648E-5	6.13139641180719E-6	8.419699432085294E-5	7.659832587359678E-6	1.2168938501144643E-5	3.067169794699943E-10	5.7055580996571003E-11	2.299384516577923E-9	1.4706358667103272E-7	6.342725279283323E-6	0.0	6.342725279283323E-6	3.9027555810805025E-11	1.4174020941183283E-11	1.654472586420129E-10	4.1225937623914226E-6
9.890754854808023E-5	5.565668675581205E-6	2.895257070777148E-10	2.9831432613535902E-5	7.922902614383148E-9	1.2826089947672124E-13	6.937654645782912E-7	1.4953481328373452E-5	3.342739623839707E-5	9.194707746414576E-10	3.8754470385478734E-8	7.715589017019358E-5	2.881167493776552E-5	5.7574232522496945E-5	5.297737914800968E-7	1.0041141299844324E-4	3.7197752635041943E-6	1.0386935504603198E-5	6.8297400175099645E-6	3.708487402108168E-5	7.989725236398553E-5	7.777245165842238E-10	7.43336817844033E-11	2.6041338506463827E-9	1.4969821041381603E-7	4.2133379782098176E-5	0.0	4.2133379782098176E-5	1.26937967344158E-10	4.3935265024742645E-11	3.571334799214841E-10	4.335457655242681E-6
9.71776346529881E-5	5.327210284674433E-6	2.2663234205263564E-10	1.8060256302820042E-5	6.0848285013092965E-9	1.0736411164351618E-13	5.629193442488176E-7	9.934557996732857E-6	2.028864534253379E-5	8.346564833841924E-10	2.0091301111357097E-8	4.1432924081225486E-5	1.716292698156537E-5	2.6522630885581564E-5	2.854616546960109E-7	3.7758406584275918E-6	2.349580822051328E-6	7.791108729758621E-6	5.4323019205815566E-6	2.5673071960065483E-5	6.509690815766952E-5	7.07142997502276E-10	1.0027534591268937E-10	2.0414622786782112E-9	1.279945650626836E-7	5.3304096457344136E-5	0.0	5.3304096457344136E-5	2.6542344203871637E-11	1.709243492268601E-11	2.9927241106101555E-10	3.6196316350769793E-6
8.807552819102771E-5	4.7428318745163836E-5	2.2057209792628867E-10	2.1858047027576948E-5	6.848388387147809E-9	1.640428940842292E-13	7.67434504623018E-6	1.7688319524625255E-5	3.2236177986361477E-5	7.92913910436032E-10	2.13894080553363E-8	4.1677058979502544E-5	1.6446945283705134E-5	2.705885942300025E-5	2.7882723698084943E-7	3.014087953783668E-6	3.719666686898014E-6	2.136070686804997E-5	5.4458736288977155E-6	4.807089672146692E-5	6.871158332220309E-6	6.254686395515143E-10	1.0337024824040955E-6	3.039895392783839E-8	7.177787114393556E-7	1.2691349423323712E-6	0.0	1.2691349423323712E-6	3.526798962166017E-11	1.8086266956158955E-11	4.5741395388991247E-10	1.161069030908156E-5
1.5120737212394594E-9	2.710186498148028E-8	1.4174782678036973E-14	5.518818006301886E-10	3.872769389587891E-13	1.0054015768264112E-17	3.6433342869774986E-11	2.2534576726198252E-10	3.745253245957913E-9	2.1730912080264397E-14	4.772477347564647E-13	1.8623800164338356E-9	3.750045135432865E-10	7.027263440841522E-10	5.764108435682047E-12	6.522223771094086E-11	3.7240978803064794E-10	3.220895524245406E-10	3.336592281481015E-10	1.0224084342376364E-10	7.399411048174565E-11	8.516892114957507E-15	7.384008387501356E-14	9.632098899803922E-14	2.8067703954077222E-12	3.6490682753622337E-11	0.0	3.6490682753622337E-11	8.783700677315741E-16	3.327295059075018E-16	2.800889190931095E-14	4.373783579469737E-10
9.486483133551947E-8	3.2083832127148987E-8	3.1931898086621966E-13	3.0134865963217E-8	1.081293502020237E-11	7.40464977427098E-15	7.179844142134298E-7	1.5651891506443198E-8	6.220630634746757E-8	1.6415970735292074E-12	3.2586014697932724E-11	6.90239403277643E-8	2.626136051657854E-8	4.864512346581241E-8	4.670319804757229E-10	2.0526615345944145E-9	6.585691367505206E-9	1.3491913390384833E-8	9.176130217982025E-9	7.194112232641563E-9	6.039178107691581E-9	8.143043232086109E-13	6.762798124334967E-13	4.771397556583299E-12	1.64309282514113E-10	3.0158650187665095E-9	0.0	3.0158650187665095E-9	9.187756637669635E-14	3.537497055968003E-14	2.071572886874936E-11	8.978094816294846E-9
1.1591349792721821E-8	7.984599491681745E-10	3.246589685955933E-14	6.674971228094307E-9	2.882304889523031E-12	1.873571882166233E-17	7.625446016248354E-11	2.2135629439216925E-9	1.3155430001894911E-8	8.655565221596675E-14	4.986025768894157E-12	1.1708046813020587E-8	2.7785396779665274E-9	5.30935099695339E-9	4.5414816847054095E-11	3.5131727057861896E-10	1.581529054352791E-9	2.5398639145599103E-9	7.935206522336604E-10	7.591561025999465E-10	5.672402665118768E-10	6.727284982778648E-14	8.409095130076158E-15	5.490270848001129E-13	1.3459216578057795E-11	2.7774665647044784E-10	0.0	2.7774665647044784E-10	8.311827236715102E-15	3.033528789137634E-15	5.138638218202457E-14	5.276678333910732E-8
4.9059806424420385E-6	3.403174794514657E-7	1.6628573895815793E-11	3.822635007475776E-6	6.684884231160724E-10	3.5289423682708093E-14	5.594333358961235E-8	1.957781362874573E-6	3.5214461040357882E-6	4.809565022656224E-11	3.8961774500551615E-9	3.6941322098692055E-6	1.3432036541018672E-6	2.5936037253785055E-6	2.4186520194901685E-8	1.0652404139182201E-7	3.8317995340920173E-7	1.0817386992000023E-6	4.0828297811374996E-7	3.660039306127905E-7	3.3684091250668406E-7	5.5353001984941994E-11	2.821604158315518E-12	1.754389456799274E-10	1.4566965655258636E-8	1.694658125003393E-7	0.0	1.694658125003393E-7	5.271840416072579E-12	1.9113922987265245E-12	9.854512299587598E-11	2.7299976971921465E-7
2.187529159587575E-5	1.1991880983905175E-6	5.101632221693673E-11	4.065478807752658E-6	1.3697335309175594E-9	2.4168344619151726E-14	1.267167248521479E-7	2.2363323570994112E-6	4.567101550388621E-6	1.878865027859855E-10	4.5226774658612296E-9	9.326806541713747E-6	3.863483686274711E-6	5.9704116331227814E-6	6.425923301765778E-8	8.499643381751394E-7	5.289054364467375E-7	1.7538280335207931E-6	1.2228457799862228E-6	1.7405615074800117E-5	4.0782849831192116E-5	1.5918240889141295E-10	2.2572581470746347E-11	4.595461415885103E-10	2.881239387137091E-8	5.13686528275411E-5	5.113917074624005E-5	2.579902936970182E-5	5.974848988636668E-12	3.847616050359934E-12	6.736812386703382E-11	8.148019241171636E-7
6.563212811961829E-6	3.599879611729354E-7	1.5306870162243428E-11	1.219948620579433E-6	4.109853115985394E-10	7.251471428013622E-15	3.802925657755089E-8	6.710897899247308E-7	1.3705010932532458E-6	5.6372879634958775E-11	1.3571327654391862E-9	2.798504427603874E-6	1.1592121662499954E-6	1.791456354103772E-6	1.9280821150162625E-8	2.5500102849965364E-7	1.587121969696055E-7	5.263017198573854E-7	3.669036743647414E-7	5.221743759384065E-6	1.2234878513469885E-5	4.775925033280091E-11	6.773902829934691E-12	1.380170571640229E-10	8.644634593832637E-9	6.88675825276328E-8	5.228828339756409E-10	1.2853679311447262E-5	5.446129107724164E-10	1.8134847219546103E-11	2.0213128312306813E-11	2.4455538145980404E-7
2.0781442302387146E-5	1.139224049525828E-6	4.8465308541585114E-11	3.862189123495761E-6	1.3012415499766382E-9	2.2959833794480822E-14	1.2038039788959234E-7	2.124507078880944E-6	4.33872878642852E-6	1.7849145004222048E-10	4.296526078163072E-9	8.860430095875557E-6	3.6702945403328517E-6	5.67186793060323E-6	6.10460225181124E-8	8.074628297162215E-7	5.024581163987334E-7	1.6661298400151598E-6	1.1616987554256149E-6	1.3799048323990696E-4	3.87435494050112E-5	1.5122267200111642E-10	2.1443864983207265E-11	4.365670548824489E-10	2.7371662599662696E-8	2.1800708854952584E-7	0.0	2.1800708854952584E-7	5.676083401157434E-12	3.655220347662414E-12	6.39994567856084E-11	7.740586725302106E-7
1.6867524298197783E-9	2.1279466982869743E-10	2.1016789659681292E-15	3.1409617049634666E-10	1.013996894979957E-13	3.110578324896504E-16	8.18789830868978E-11	1.9998019528547493E-10	3.8817121400790573E-10	2.4148687455247892E-14	2.7771253704782744E-13	4.6132294078049535E-10	2.5210731398082343E-10	3.8696925287550137E-10	4.33951040698223E-12	1.8574965065162665E-11	4.468481304182288E-11	1.8471122627050388E-10	8.793397468127337E-11	7.942614891624439E-11	3.737113226406198E-11	1.0720209505840265E-14	1.789872161799144E-15	5.179889646284911E-13	2.075604690421657E-12	1.7083579922955593E-11	0.0	1.7083579922955593E-11	4.904895635648676E-16	1.6416700968586108E-10	8.703282520450621E-13	1.1996987270372766E-10
3.1481202675301295E-10	1.1789190790702093E-10	5.799006530958622E-16	1.0064438311057879E-10	3.0455054339807866E-14	4.4453942426339E-19	3.803812560577395E-12	8.226631211454782E-11	1.164359448761529E-10	3.3989446779502155E-15	8.737740098524996E-14	1.286640188105394E-10	6.757597345849767E-11	1.0529166358619965E-10	1.1648535628451634E-12	5.247836100309821E-12	1.4052696765986259E-11	9.225154862480407E-11	2.3452691156359356E-11	3.442069237819299E-11	1.1720364152469064E-11	2.8262832349431472E-15	2.385639212705814E-16	7.709156801005667E-14	5.158732614552527E-13	4.817531862891567E-12	0.0	4.817531862891567E-12	1.2878259904727767E-16	7.559671373981547E-17	1.236786184696102E-15	7.258303681794427E-11
3.644153012563613E-9	2.036624779179873E-9	6.761926864057149E-15	1.2489066098926658E-9	6.651170739629195E-13	1.7816102652734317E-12	1.8462499775866242E-11	1.0941419003260813E-9	2.0636351759200388E-8	1.6112407614285958E-14	1.0162178661809891E-12	1.6766277060479016E-9	4.4174587674929755E-10	8.527383359556151E-10	7.457520450231694E-12	7.473186540596337E-11	3.688746798686954E-10	1.661922887376678E-9	1.8464881156580611E-10	1.836349552750514E-10	1.0943688136333133E-10	1.1525970006470607E-14	4.51211454483068E-15	1.0235645901549028E-12	2.73032794466047E-12	5.159624659646672E-11	0.0	5.159624659646672E-11	2.2419637949488326E-13	5.319996546269895E-16	4.984998395979307E-9	4.5700865907932537E-10
5.2466450438430874E-5	2.645460320997789E-6	1.4122980566854373E-10	1.6898978045056022E-5	4.227500214499055E-9	6.793506853009193E-14	3.783830764167692E-7	7.636041847856397E-6	1.7108626838996897E-5	4.756458714107493E-10	1.8206688880054926E-8	1.8886189945138029E-4	3.0017419706840297E-5	5.748213759973648E-5	4.242093894609001E-7	1.1583794236957906E-6	1.888656294254203E-6	5.560194567852127E-6	3.96301845222214E-6	3.601063132311786E-6	3.5933497497276177E-6	3.937061090501244E-10	3.151787544213944E-11	1.3794691262041174E-9	7.864810456893007E-8	1.8244867114804801E-6	0.0	1.8244867114804801E-6	5.646067589307081E-11	1.991276274891625E-11	1.8914693669108242E-10	2.2755726046407648E-6
