32
NULL,munmap@__munmap,mremap@__mremap,madvise@madvise,mmap@__mmap,lstat@_lxstat,openat@__openat_nocancel,fstat@_fxstat,time@time,open@__open_nocancel,read@__read_nocancel,mprotect@__mprotect,rt_sigprocmask@sigprocmask,exit_group@_exit,rt_sigaction@__libc_sigaction,sched_yield@__sched_yield,write@__write_nocancel,syslog@syslog,getpid@__getpid,writev@writev,close@close,open@__open,read@__libc_read,close@__close_nocancel,stat@_xstat,socket@socket,fcntl@__fcntl,connect@connect,getdents@__getdents,lseek@lseek,getrlimit@getrlimit,write@__libc_write
0.46133625898253866	0.2276937011475897	0.0014681117699856985	2.3441086396907825E-7	0.027834245381478648	9.72097530733983E-6	7.229055015999425E-11	5.604462300511558E-4	0.012155012258997894	0.11617911316819843	1.6598629714052908E-5	2.293363011758785E-5	0.05324395919229141	0.016025907461051717	0.030395503190614737	2.7683717701397725E-4	0.0018036914995308245	0.011636342426065547	0.012551178858737829	0.008347766802052547	0.004768925951244866	0.00402598268815488	4.775968380074526E-7	3.9800560671623E-8	0.0014121891433475828	0.002006549202205133	0.0	0.002006549202205133	5.031907038022544E-8	1.8764233151658533E-8	1.9911593493026404E-7	0.003499335391475537
0.233494569598923	0.0382932853492794	2.755580980915165E-6	8.95625436549315E-8	0.029866792229953244	2.739530675860655E-6	4.775955698286804E-11	3.4536788999370847E-4	0.005330871219532359	0.01997843559378255	1.097024397809603E-5	0.03996972403105714	0.018374471432254163	0.006531605381228355	0.012267356678802344	1.1585633604645585E-4	7.864094054908617E-4	0.004366800269083937	0.0071295728302600645	0.002594189124850776	0.002093734065091977	0.0017463330490623502	2.714198906699581E-7	1.13234342091346E-7	3.420389939408555E-4	8.706195008518268E-4	0.0	8.706195008518268E-4	2.159852787907889E-8	8.151365279284056E-9	1.3297437662846493E-7	0.00229202220326923
5.992769488199872E-4	2.5803342332038104E-4	5.582455147990215E-9	3.5793075055469745E-10	5.702206434529035E-5	2.810875810220566E-8	1.533644345760192E-13	1.2097671924014873E-6	2.134124889431698E-5	1.7064066982203029E-4	4.213082048853603E-8	4.044199680599396E-8	1.4639536480662012E-4	3.500905630560588E-5	6.582065297981661E-5	5.698704262128276E-7	4.522956826806563E-6	1.9905428066343843E-5	3.249289206694601E-5	1.1661564324049666E-5	1.023399260628158E-5	7.692827091566177E-6	9.247135754435964E-10	9.817435135234692E-11	3.2559621215771885E-6	3.7750199755887006E-6	0.0	3.7750199755887006E-6	9.11502444546482E-11	3.44779821099269E-11	4.1930054535118887E-10	1.2600073176723148E-5
5.343630318061485E-7	6.315885558154779E-8	4.253763214188974E-12	2.048894612400689E-13	3.1003143452824177E-8	1.694693642903583E-11	2.49494221183626E-16	1.8560335485593367E-9	1.5190358837065802E-8	8.546865942787086E-8	7.444085326528388E-11	2.246818257997739E-11	9.268403388735531E-8	2.7608978701330875E-8	4.802126971595015E-8	4.5639418960631953E-10	3.568131842175671E-9	9.996754440524837E-9	2.1314630552097915E-8	1.1145551837621589E-8	8.031960319028652E-9	5.4890657631863805E-9	9.28504940994275E-13	1.1000973332822907E-12	1.7902842222363702E-9	2.686234680762587E-9	0.0	2.686234680762587E-9	5.946403012393217E-14	2.694828820112816E-14	6.929799668047829E-13	1.1203783992172552E-8
0.012692032237254815	0.0725909454076247	3.4363103193046585E-7	2.627317476586813E-8	0.07033351438412082	1.3034413301170096E-6	1.0350016662848152E-11	9.27006414600213E-5	9.980606159551912E-4	0.004767664575966723	2.674552313123563E-6	0.021410935367963537	0.006264222116865607	0.0015840380236004734	0.003054995067971068	2.651594616019835E-5	5.679284326049791E-4	0.005641022624964468	0.0013516316342190538	0.006158201257780275	8.36936081980188E-4	0.0010641745082878747	7.866117946598794E-8	3.709567977435951E-8	3.264938143702579E-4	5.457415605132562E-4	0.0	5.457415605132562E-4	4.873218020786216E-9	1.7243723378997905E-9	2.8743938737388075E-8	6.64606374840193E-4
1.5501644306462687E-6	2.4761333214123945E-6	9.474338938833938E-10	5.7819308365148144E-12	6.397334991438688E-7	1.6897199119591632E-5	6.336371064875284E-6	3.781419452888768E-8	7.873553041923922E-7	2.0670303094818474E-6	1.874371522303798E-6	4.704550022596402E-10	1.0326316415871228E-6	2.46468644942436E-7	4.739082975108293E-7	4.057113486301046E-9	3.877419226032322E-8	2.159260874103899E-7	1.1511019954412997E-6	1.5859951308295656E-7	3.6748922790122793E-7	9.037858817013577E-8	6.719385995335302E-12	2.9516231295147524E-11	4.767460778014127E-8	3.1140212476216734E-8	0.0	3.1140212476216734E-8	7.07160451048758E-13	2.5496680092862575E-13	1.2578499381676532E-11	1.004865114028117E-6
1.5873605146844016E-7	2.642455559310404E-7	8.599900489838919E-11	6.949029589348252E-13	6.338540292944286E-8	2.5013921454847508E-11	2.2244748149198296E-15	3.261297706713641E-6	7.185699287583555E-8	2.2971125170702247E-7	3.6458037395932994E-9	4.579293305282851E-11	1.1581266869251171E-7	2.6186196998957442E-8	5.0193920916707654E-8	4.237992029309543E-10	4.248203892347689E-9	2.4518396669713606E-8	1.0779183342651774E-7	1.8069955236012706E-8	3.3884638305980315E-8	8.89271879307796E-9	6.929892914596447E-13	3.9931967108105415E-12	4.588772436585298E-9	3.173380532301618E-9	0.0	3.173380532301618E-9	1.410134190790835E-10	2.5721653488328978E-14	6.216129411024106E-12	9.740447475803E-8
7.010700774894128E-4	2.9495843329670673E-4	1.9530001877946795E-8	1.2112456601944088E-9	1.4678606145466838E-4	4.14123238174093E-8	8.063616341324883E-13	7.079317845198301E-6	5.593720705244095E-5	3.2363887783123094E-4	1.7275083459023317E-7	9.402759092897232E-8	2.9219023476682627E-4	9.984166543557437E-5	1.8897328113415935E-4	1.7653630975471487E-6	1.0424904293803046E-5	3.350925044304035E-5	6.22605939785038E-5	4.9684824090248956E-5	4.97451136970682E-5	2.8500956313029198E-5	3.084922407757689E-9	1.2322397308309266E-9	5.474411432152897E-6	1.4075207667673918E-5	2.9701731244932185E-7	1.4075207667673918E-5	1.1171241181313855E-7	3.6082753927152413E-9	2.2447221856284924E-9	3.786566801810316E-5
0.011943657435867342	0.00209717165812057	3.375302476815681E-7	1.68764920284504E-8	0.01007575363679987	1.789098808299842E-6	8.85790977182396E-12	7.583728051159014E-5	0.0010000430780930452	0.02061688775850356	6.535061916016016E-5	1.9406542156769114E-6	0.005937213519988929	0.0017294983490873668	0.0033718045974468923	3.0081979895027644E-5	2.5859095202041953E-4	0.0010786123058930226	0.004006259990853523	7.051414922343344E-4	6.275181382822402E-4	4.993214454554315E-4	6.331094600275577E-8	5.7583154380006895E-9	1.8150249799171741E-4	2.470067554213798E-4	0.0	2.470067554213798E-4	5.935332117663013E-9	2.0986435314103697E-9	2.416613733966105E-8	5.695172319443293E-4
0.0451670303064428	0.012015453020994696	9.952076121351681E-7	1.2264935830973663E-7	0.029038529402478905	2.9458446125123836E-6	6.7196324378888E-10	6.163493137154264E-4	0.0029124123461607082	0.027573722863154043	0.01535630357481578	7.968649013465462E-6	0.0163848704423478	0.0036758816918391044	0.006866303018051235	5.8546439832036404E-5	0.0017396881576304034	0.06143111676353038	0.004016175612743771	0.0014205767429394647	0.0013269903367212588	8.042663649865988E-4	1.4421970893271896E-7	7.22589998100347E-5	3.754750905290377E-4	3.818833071176601E-4	0.0	3.818833071176601E-4	8.972940270156746E-9	3.373836137686757E-9	1.781510949476471E-7	0.001973276418451372
0.001521897365687491	2.4676635199983666E-4	4.596703143620905E-8	2.049363559917053E-9	7.463944598498923E-4	6.236540785560363E-8	5.329515927427738E-10	9.078452291321978E-6	1.1245884987164307E-4	4.6241322822791173E-4	1.1486367294484818E-4	2.3081009224116042E-7	0.003085556721418809	4.652714175897169E-4	8.89613119450127E-4	6.41678418724144E-6	0.006862241031299839	3.257075314701395E-5	1.1635279634032845E-4	4.7885653043633906E-5	7.651370338030007E-5	5.728333246497817E-5	7.141213351729269E-9	6.950443591646859E-10	1.0229910625213705E-5	2.8037302481061987E-5	0.0	2.8037302481061987E-5	7.94331123734564E-10	2.5544721342266814E-10	1.1713178042577713E-7	8.267425026876249E-5
0.006638739149546131	0.03191681066391846	1.620622865262784E-7	7.584171425149917E-9	0.009809057394251976	4.161390023181348E-7	3.7430759347991385E-12	5.59120332914533E-5	6.230947530317247E-4	0.0014963652340337873	1.1645480196695826E-6	1.4775513290390137E-6	0.0022143898108742737	8.348760988265921E-4	0.001679534882756327	1.5453771174846047E-5	6.166765951012857E-5	1.598407303612242E-4	7.820524742859126E-4	2.0069440213513274E-4	3.111438966218804E-4	2.6726943777219197E-4	7.07219856689603E-8	1.6735158556537614E-9	5.993675149565954E-5	1.3307755646309484E-4	0.0	1.3307755646309484E-4	3.613065027608524E-9	1.2042242481837077E-9	1.0414234244554527E-8	2.5587951642873727E-4
0.06286284489569317	0.011155151591147695	8.968715462298276E-7	8.599193080216952E-8	0.00875147697395303	2.6020946829649798E-6	4.7410691854826694E-11	3.4438961014760894E-4	0.004307007874510585	0.011321597108525547	8.002102831934292E-6	7.337021925921141E-6	0.021780090140314342	0.031644115595564216	0.05853425170113707	3.877535295823826E-4	0.0013917562784840887	0.0012299737446236749	0.00493383998696485	0.0023882428724105857	0.002029159134090586	0.0015541392951273806	3.086269764007944E-7	3.152255654236999E-8	3.843277291538873E-4	7.698936566263231E-4	0.0	7.698936566263231E-4	1.845159122050131E-8	7.83495523571022E-9	1.3209724382680162E-7	0.00151835605093241
0.03946023503377131	0.010830919213348892	6.462173270830964E-7	8.774099964498138E-8	0.007181227473216939	1.996295889216188E-6	3.576122063434395E-11	2.573276426851684E-4	0.002842264075350396	0.00922176220060764	6.893765023247764E-6	5.2460964574216714E-6	0.018800271262210445	0.0038192842402304536	0.007006874569571012	5.835229967065378E-5	0.0016168298142624595	0.0010051426805406545	0.003966156421943708	0.0019276889141315963	0.001060953084563585	7.553573154545894E-4	1.9216509766543134E-7	3.5627924391320634E-8	3.096030939362852E-4	3.7014470518763006E-4	0.0	3.7014470518763006E-4	7.680666856389022E-9	3.0133441795191515E-9	9.957149837697036E-8	0.0011528160178875184
0.04626737593513944	0.010158809202462095	6.969906397391538E-7	8.219312215172947E-8	0.007385084451694849	2.0914467774011084E-6	3.7493652902355516E-11	2.715343935347083E-4	0.0032353565690903196	0.009589192367696196	6.809581573692645E-6	5.954353696424672E-6	0.01946639198176635	0.0347128886550434	0.02436963664820138	6.00020367483849E-4	0.0014168577389173027	0.0010419761052974084	0.004063659274571513	0.0019689022982257286	0.0014335082943778262	0.0011547508806324118	2.195623040095207E-7	3.1576835606204456E-8	3.1587814392267707E-4	5.742399562046915E-4	0.0	5.742399562046915E-4	1.3416200749161836E-8	5.1507766222242114E-9	1.0441959184676939E-7	0.0012121667081185124
4.650470243383089E-4	1.0965347787564043E-4	7.215566712661612E-9	8.782507653600439E-10	7.684251323663416E-5	2.1807416374941597E-8	3.924977875441331E-13	2.834503688361558E-6	3.2836390819579175E-5	9.904064792295437E-5	7.240036349678668E-8	5.9195771044597866E-8	1.9883582262598788E-4	3.871515461120339E-4	2.594419795952715E-4	2.211586536227929E-4	1.558604959988845E-5	1.078064573045254E-5	4.264144143488873E-5	2.0692798180808748E-5	1.3583731889654093E-5	1.014106836009416E-5	2.260782214911045E-9	3.459626386835187E-10	3.324585185547527E-6	5.002107463772593E-6	0.0	5.002107463772593E-6	1.1187873616294264E-10	4.5051188703817245E-11	1.093091271345885E-9	1.2636014377984106E-5
0.0020835101524963157	3.882295920877491E-4	5.1045249367424934E-8	3.342404719896138E-9	4.830945200386044E-4	3.0457273632396014E-7	1.4779362468099474E-12	1.1437782700413416E-5	1.461825198901536E-4	0.01747477295204973	4.2618152583751404E-7	3.1174339891723075E-7	0.0035276708041539285	5.466786744495287E-4	0.0010422707278034701	7.630989929695293E-6	0.006895978068897507	3.8016463029975553E-4	3.392894192507171E-4	5.083870870194377E-4	9.418631649509678E-5	7.502365107054093E-5	8.185526932449218E-9	1.3066845995798298E-9	2.9031643949201783E-5	3.7047323362161855E-5	0.0	3.7047323362161855E-5	8.840435371973775E-10	3.154098910120253E-10	4.026219496848642E-9	9.102388899752213E-5
0.02142728733525643	0.004674306453572711	2.30712750533077E-7	5.220606153349481E-8	0.0034165355928375946	6.719319447241472E-7	9.39972521200319E-12	9.466472462170736E-5	0.0019703137500697147	0.003994295960669882	2.395617377200706E-6	4.67780380134198E-6	0.012154248531754775	0.002458107134622074	0.004676835314756563	3.824827792497004E-5	0.0016320816798489838	4.2428545765655723E-4	0.0013729734917017084	5.125250434823021E-4	5.161649012289536E-4	4.5503905748514736E-4	7.973439483020082E-8	1.9592898029079385E-8	9.558014328119248E-5	2.2814380651471297E-4	0.0	2.2814380651471297E-4	5.825291004938483E-9	2.125132293548118E-9	2.613861189007189E-8	4.456710533195517E-4
0.008600938082620349	0.007497214689893427	2.6331029032115385E-7	1.4354015393097633E-8	0.0017482490471769213	1.7090632174052106E-6	6.068936760375008E-12	6.173790399003557E-5	0.01383249288042651	0.0033982141586108646	2.2754788716908326E-6	1.2973404173065993E-6	0.003993647376543572	0.0011371203183146216	0.0022020260375578008	1.961526274088433E-5	2.6046692970645315E-4	0.0019127134752076446	8.515050314068487E-4	0.014843909521144583	0.0011898855679276354	0.0020232324204324244	3.322927561806151E-8	6.4755334893797336E-9	6.232298763513042E-4	0.0010557619581118651	0.0	0.0010557619581118651	3.74354369584633E-9	1.3439930724147214E-9	1.6796354472900126E-8	4.1259651913784615E-4
0.011237183035382313	0.0013620458441644544	1.3297009009556796E-7	1.2118474289956221E-8	0.0012726716155410291	3.753155150050334E-7	6.436775550207055E-12	4.917599722250603E-5	7.15050849903966E-4	0.001900787816517113	1.0462893054030449E-6	1.495684107656147E-6	0.0041598940351640105	0.0015511568026656695	0.003098408464976598	2.8564095703062686E-5	0.007019935422442884	2.0274162009326243E-4	6.739568927940653E-4	3.259442672565393E-4	0.002536707002441099	0.0055234348964957655	4.495969934199759E-8	3.9541002603554616E-9	5.078696046477605E-5	0.0029130068473418157	0.0	0.0029130068473418157	6.33257481644667E-9	2.195354040854407E-9	1.792937909039044E-8	2.2230576110984692E-4
0.008073706771979662	0.0014579588350042043	1.0325536765038583E-7	1.0329248038313751E-8	7.715867936922605E-4	2.950740513506703E-7	5.298672823259733E-12	4.18296450594782E-5	4.949746743633357E-4	0.0013279043490527262	9.779849501126239E-7	7.768653285901678E-7	0.0023758087232528383	9.179550773903165E-4	0.0014091176407976288	1.5089714704054923E-5	2.569828883388778E-4	1.420164550610275E-4	5.181326325067175E-4	2.6160159030926233E-4	0.0017601870683802458	0.00452464346418807	4.009806018186061E-8	5.246622371036496E-9	4.027369678093214E-5	0.003715657488807011	0.0	0.003715657488807011	1.1815677411682803E-9	8.084389785097785E-10	1.4769809613489903E-8	1.8347397923325326E-4
0.0075267744661783485	0.003993226982246866	1.7922481386905128E-6	1.0216094265210994E-8	0.00104834448293792	3.4979187515343704E-7	9.035457978991755E-12	5.436597727309681E-4	0.001045339357514251	0.002196803656340957	1.8096035969773472E-6	8.669343946316967E-7	0.00238672340166772	8.924014914916013E-4	0.00146360200549336	1.5007838013494127E-5	2.0467389265846578E-4	2.3821491881149306E-4	0.0014734483469430897	2.8383617659386815E-4	0.0036244991663800046	4.7626241696111394E-4	3.6005559667471955E-8	7.221022072969266E-5	9.053748070942816E-5	7.221487366620916E-5	0.0	7.221487366620916E-5	1.6868302458241722E-9	8.830536313882931E-10	2.519820600935889E-8	6.71207039226703E-4
1.226020758889947E-7	1.708165194076529E-6	5.815160477966192E-12	9.644007678523035E-13	3.3878520815068334E-8	2.405987064037381E-11	6.162261814063542E-16	2.9555152812642887E-9	1.4362112431351117E-8	2.869444874362904E-7	1.9512453280487835E-10	2.0043467363482985E-11	1.2156387701765669E-7	2.2642100809779195E-8	4.251741726000695E-8	3.394802154640886E-10	5.114697384015297E-9	2.8654520172368558E-8	2.5001319157514967E-8	2.6637295316639303E-8	7.280488684502458E-9	5.183214538309321E-9	5.252472776047386E-13	4.609929811607395E-12	2.1441045639636263E-9	2.554217557129752E-9	0.0	2.554217557129752E-9	4.5225985855412433E-14	1.7039166703249934E-14	1.7165056778596487E-12	2.7047385903697507E-8
1.0993173208709787E-5	5.009704701087824E-6	2.6902289003589366E-10	2.350460544590669E-11	1.5919391701962696E-6	7.106799939476607E-10	4.145484824793714E-13	4.834587470862829E-5	9.165145851101433E-7	6.308313077831962E-6	1.2688399488173593E-8	1.3815020584404855E-9	4.4242121200825415E-6	1.5282374231514736E-6	2.8264879722246123E-6	2.6776873728501964E-8	1.8353695834150028E-7	6.432234958496687E-7	1.087785918781286E-6	7.671525364850342E-7	4.965784832880902E-7	3.9769708831499646E-7	4.9499208321890665E-11	3.043563355992824E-11	8.363996996706729E-8	1.9805291731213095E-7	0.0	1.9805291731213095E-7	4.734007105411732E-12	1.829565700041006E-12	1.1597169470482896E-9	4.883431962706083E-7
5.942826059337371E-4	7.933662416104196E-5	1.123310456660152E-8	9.473039139053483E-10	2.7465068078718247E-4	3.957414962058471E-8	1.995298850294332E-12	4.659833467694516E-6	1.477285017821413E-4	2.6324500502753167E-4	8.824306224055409E-8	2.637790429124063E-7	2.3419139813622903E-4	8.385537001516624E-5	1.6281246808231114E-4	1.5131321485709298E-6	7.804360493640973E-6	2.817202786885501E-5	8.729997146025084E-5	2.5657449847986212E-5	2.6707569064059194E-5	2.402685672500366E-5	4.072823345672664E-9	1.8534713144499131E-10	5.702578425093989E-6	1.205604480749779E-5	0.0	1.205604480749779E-5	3.094377231601168E-10	1.1128996387357383E-10	5.571222221402221E-9	1.6965187286355056E-5
0.0018185107883212455	3.2838844095305113E-4	2.3257102677106492E-8	2.3265434120090585E-9	1.7379119316055083E-4	6.646208140933352E-8	1.1934661366238626E-12	9.421652759528505E-6	1.1148744772462385E-4	2.9909522992496983E-4	2.2027993685050207E-7	1.7498002785827018E-7	5.351234506197612E-4	2.0675896395806604E-4	3.173877029820249E-4	3.3987872894566417E-6	5.788239123112037E-5	3.198757956693758E-5	1.167035017897264E-4	5.8922787903484124E-5	0.001211931937092033	0.002849560652145746	9.031635914026095E-9	1.1817404891757722E-9	9.07119412543202E-6	0.003594367851910445	0.0035824351893642002	0.0018031475892922725	2.661346413028015E-10	1.820917375574134E-10	3.326732606342834E-9	4.1325427968510905E-5
5.456042495160889E-4	9.853425022579717E-5	6.985121727425538E-9	6.980423640153461E-10	5.215104150629443E-5	1.9941501696692425E-8	3.580890900446888E-13	2.827317066332838E-6	3.345576838113558E-5	8.974902360381638E-5	6.61113559465981E-8	5.2507170208292174E-8	1.605579288702794E-4	6.203504820826549E-5	9.523096635639055E-5	1.0197702604924256E-6	1.73653237186794E-5	9.59846974763608E-6	3.502019103448621E-5	1.7679071320995704E-5	3.6358273656530554E-4	8.548688995370283E-4	2.7097061580919557E-9	3.546862358214265E-10	2.722354030173424E-6	3.580930041091673E-6	2.95631129301095E-8	8.991910613501775E-4	3.077018886004378E-8	1.0146823395750595E-9	9.981567971410303E-10	1.240385914140056E-5
0.0017275782065868087	3.1196774719671993E-4	2.2094157478390077E-8	2.2102072316960853E-9	1.6510096048319295E-4	6.313871995951001E-8	1.133788208006229E-12	8.950533635500537E-6	1.0591264359495364E-4	2.841393101601824E-4	2.092650869575267E-7	1.662303488421754E-7	5.083652057833827E-4	1.9642021507068635E-4	3.015170887254215E-4	3.2288347629270674E-6	5.498804751569626E-5	3.0388076714308067E-5	1.1086787475724348E-4	5.597642032542829E-5	0.009659592211208191	0.002707071584402749	8.580019142642516E-9	1.1226488883389858E-9	8.617599290286017E-6	1.133598320880795E-5	0.0	1.133598320880795E-5	2.528268786114551E-10	1.7298644551573643E-10	3.160383093006075E-9	3.925899653428981E-5
9.022500706083309E-8	2.2086418510435925E-8	2.893031622379952E-11	9.064793210700608E-14	1.2777078765701615E-8	4.729810384496123E-12	1.744300450026743E-14	4.780157657014466E-9	9.366737625227628E-9	2.5143959750683572E-8	1.7211459642273342E-10	9.558089869751053E-12	2.121017690960853E-8	1.0947964954213909E-8	1.668569543715617E-8	1.8707742468188236E-10	1.009131336746486E-9	2.7574294456689554E-9	1.1514640576873668E-8	3.807262596068413E-9	4.958725480005667E-9	1.7969001259283042E-9	4.989573270387357E-13	1.3728517790383453E-13	5.822179841250449E-9	7.621873841490892E-10	0.0	7.621873841490892E-10	1.9092346924864294E-14	9.281783581840205E-9	4.880494562667088E-11	6.6009408603466076E-9
2.319349974646908E-8	8.553549657590723E-9	3.837055502958186E-12	2.0305755432924477E-14	3.932527150278202E-9	1.2251185061778799E-12	1.8153737078508397E-17	2.1664640423482307E-10	4.080365992114118E-9	5.90913738283731E-9	3.8917609115398344E-12	3.023372705299832E-12	5.1787075387544116E-9	2.77669470021746E-9	4.2443852020765155E-9	4.77185536310843E-11	2.579236263568538E-10	6.87574351612186E-10	5.396880884420182E-9	8.995750860633238E-10	1.8802546983076656E-9	5.246811364850212E-10	1.272888017293981E-13	1.3083867494525355E-14	2.5399177629765154E-10	1.9826085126687786E-10	0.0	1.9826085126687786E-10	4.4688877482630935E-15	2.8120878341286032E-15	5.050064977892874E-14	3.769673112556661E-9
1.4489487059378884E-7	1.3660457977613E-7	5.164870304081222E-11	3.062258795774156E-13	6.619639494080548E-8	3.299080724504794E-11	9.998879453035365E-11	1.5250667297167863E-9	6.323863880864609E-8	1.1789648142334951E-6	5.4006706354139215E-11	4.5616022564519126E-11	8.59425978384186E-8	2.1422800991591612E-8	4.1216627865077695E-8	3.568496514242624E-10	4.541231450190683E-9	2.3021645364184537E-8	1.034161667787835E-7	1.3267338157711079E-8	1.2417330734907484E-8	6.415857485108129E-9	6.049532580766943E-13	3.2941759652061334E-13	1.5622139129217692E-8	2.9335866177751532E-9	0.0	2.9335866177751532E-9	1.2562932869239206E-11	2.2929574596622168E-14	2.7977161612119984E-7	2.3919858948193112E-8
0.004381880348274096	5.742908986929791E-4	5.924574120377534E-8	4.869600911623096E-9	6.250371289754608E-4	1.6681363214731884E-7	2.8498699735839922E-12	2.2038924018919754E-5	3.1415056872406797E-4	7.896304707036975E-4	5.790817084688693E-7	5.755415562417268E-7	0.010133290248271096	0.0015086917388211535	0.0028801907301624786	2.06495711429808E-5	6.231517881010084E-5	8.385247840431717E-5	3.005179317566356E-4	1.6560507980286802E-4	1.8072265513799477E-4	1.7479520598260984E-4	1.887280256599016E-8	1.522217963171292E-9	2.2953007009319535E-5	8.8554121619894E-5	0.0	8.8554121619894E-5	2.257822171888631E-9	7.978848396618173E-10	7.938018076374205E-9	9.883008225079358E-5
