32
NULL,rt_sigprocmask@sigprocmask,munmap@__munmap,madvise@madvise,mmap@__mmap,lstat@_lxstat,openat@__openat_nocancel,fstat@_fxstat,time@time,open@__open_nocancel,read@__read_nocancel,mprotect@__mprotect,exit_group@_exit,rt_sigaction@__libc_sigaction,sched_yield@__sched_yield,write@__write_nocancel,syslog@syslog,getpid@__getpid,writev@writev,close@close,open@__open,read@__libc_read,close@__close_nocancel,mremap@__mremap,stat@_xstat,socket@socket,fcntl@__fcntl,connect@connect,getdents@__getdents,lseek@lseek,getrlimit@getrlimit,write@__libc_write
0.14097134305043232	0.5422980910106161	0.10266201034758796	5.72158509013813E-7	0.012523426196383532	6.376150005026786E-6	2.250439702187335E-11	2.801726813275333E-4	0.0031875337924674434	0.1385520952915058	9.863247266929476E-6	4.321368931957381E-6	0.006663200519099502	0.012680964098078987	1.0327513200281398E-4	0.0015457253054683045	0.013805932126454685	0.010994196810353072	0.008037965915592905	0.0023345318435431545	0.0018408725244572145	1.6908005250318427E-7	0.0	8.810059700387691E-7	9.781705912651104E-4	9.06189388264473E-4	0.0	9.06189388264473E-4	1.378194812289353E-8	5.011288234053558E-9	6.062977825390032E-8	0.0015241490020984107
0.05839894503198073	0.03555464341585271	0.03665725431322319	4.927758735730007E-7	0.013632160535005546	4.913026383102659E-6	6.003051612275847E-11	7.368627410495774E-4	0.00752869407749179	0.05961579010676852	1.337010427293936E-5	8.322129071494091E-6	0.038328382494566535	0.07043278400947194	4.921995386764993E-4	0.002674052975047607	0.006112658387599759	0.012595931145066889	0.006507182987638408	0.004660427233495093	0.003660213011986453	5.486321320736365E-7	0.0	1.3485801639755459E-6	0.0010036809134522581	0.001813423873513647	0.0	0.001813423873513647	2.8697003921331028E-8	1.2049286603134558E-8	1.6670211158657337E-7	0.002199589955072622
0.1411008693311563	0.006359299116710056	0.016779141901384416	8.041925388200247E-8	0.018179857427748917	7.820928368514472E-7	1.3516494980244718E-11	1.675637059021583E-4	0.003848995433503936	0.005529757256852388	3.1966551013755997E-6	0.027738327572444352	0.002082894142735722	0.004064217604222839	3.685480712759487E-5	4.711594367208738E-4	0.0038546370271813585	0.006310110607290592	0.0010511846630618241	0.001005297209671119	8.31937615272689E-4	1.3189702036566968E-7	0.0	1.9912005189524704E-6	1.833410890149439E-4	4.116207361306726E-4	0.0	4.116207361306726E-4	6.666066645583283E-9	2.319287877509199E-9	3.7673708458357344E-8	9.329004721033129E-4
1.828714917594414E-6	2.1376323296386383E-7	3.893851021808064E-8	1.4599930683328835E-12	7.925229393120668E-8	3.62328426709922E-11	3.2822759063185486E-16	4.049205098492119E-9	4.0404485105525067E-8	2.657836637029632E-7	7.638172738192703E-11	4.106152748555789E-11	7.608866302077079E-8	1.2476823014072776E-7	1.2591334199481857E-9	1.033470985230018E-8	3.148876906158711E-8	7.782795432040946E-8	2.7465446612469312E-8	2.6279200626241432E-8	1.6302797894430233E-8	3.0570914154415082E-12	0.0	8.561379539809967E-12	6.64832393951174E-9	7.85532942005559E-9	0.0	7.85532942005559E-9	1.1952024234535987E-13	6.302611695550649E-14	9.077792996120107E-13	1.4518412180945304E-8
0.010873103692479343	0.0074172682769877455	0.05125913053799577	7.262704386346123E-8	0.049448427341122834	1.1852363248620542E-6	6.960602886130417E-12	1.4373458165908276E-4	0.001330997666989563	0.004301313239837868	1.8205744368288664E-6	0.014860650915698341	0.002066116632840058	0.003999978574499449	3.522366403842102E-5	8.018033821313125E-4	0.007752808489945423	0.002019222181142339	0.008789780015857852	0.0013560179865591674	0.0016874289459073257	9.918936835092975E-8	0.0	3.3635552128122233E-7	6.267661257439218E-4	8.623332649426578E-4	0.0	8.623332649426578E-4	5.895869302753048E-9	2.0795280133111926E-9	1.931707157712121E-8	5.28614129024657E-4
5.415144397929261E-7	5.615276184684017E-7	1.2632664866773509E-6	5.816412338247208E-12	5.028345518679653E-7	1.5393146783877106E-5	5.772396231593802E-6	3.5790964012609264E-8	8.00602141793488E-7	1.0506972043062615E-6	1.6327022899768844E-6	3.4472307511477113E-10	1.9940526174718655E-7	3.876099622572341E-7	3.5724377561829143E-9	2.9675909254068268E-8	1.1325861338360854E-7	1.1879450834619934E-6	8.868152902820053E-8	3.9823120102763583E-7	1.0833096475694159E-7	6.616178000842947E-12	0.0	6.819138828439285E-10	5.415933163917245E-8	3.960810596767457E-8	0.0	3.960810596767457E-8	6.375356628215082E-13	2.280380819924817E-13	2.5384216451533155E-12	7.24035682499651E-7
4.8041394923367106E-8	4.9294261402105736E-8	1.1352909837048256E-7	5.111545574919373E-13	4.476139454664894E-8	9.592149531308248E-12	1.5783705806111831E-15	2.9708067553937903E-6	6.931478488487197E-8	8.360819167943638E-8	3.0732895090583053E-9	3.085192580506951E-11	1.7554394332744836E-8	3.417330457024684E-8	3.1487307078364563E-10	2.6329511861576007E-9	1.0122115175804732E-8	1.0660709807269913E-7	7.65102930680966E-9	3.51375746808726E-8	9.607642301599813E-9	5.809046873056628E-13	0.0	6.078065157292455E-11	4.712030806026653E-9	3.4948686976104724E-9	0.0	3.4948686976104724E-9	1.2683494191148497E-10	2.0150968482579535E-14	4.413227622729287E-12	6.501185190092886E-8
2.9944774602817207E-4	4.1493087025356543E-4	1.266973384165409E-4	3.278311326273633E-9	1.75926890967579E-4	4.018300626298888E-8	9.169987832396922E-13	1.0271921256362214E-5	9.393003091693492E-5	2.2750003806453587E-4	1.28437949959827E-7	1.1733951841286472E-7	1.8242049975857164E-4	3.439222612456626E-4	3.3260541643426866E-6	1.656231726668495E-5	2.5457973422998596E-5	1.2066306436087967E-4	6.172563736251045E-5	1.0077282098950494E-4	6.931559930620546E-5	6.406237633009844E-9	0.0	2.4507072962963424E-8	1.028675451044356E-5	3.451993806234144E-5	2.70580999518023E-7	3.451993806234144E-5	1.0203665031999728E-7	3.3881807243569696E-9	2.5579386237509717E-9	4.388013595200241E-5
0.0077640157992205664	0.009327648626771004	9.662380895328194E-4	7.707626837956121E-8	0.00908207634923058	2.029183033788189E-6	1.2782558151536482E-11	1.6854496744817506E-4	0.001819492338339745	0.022875784254136763	6.780845737637467E-5	2.406907039168153E-6	0.003258840860688519	0.006348514491820502	5.828420285424194E-5	5.054158491856698E-4	0.0017503597791037272	0.006780064401509121	0.0012770321060625155	0.0014210398460687054	0.001282299865500248	1.1911282121863019E-7	0.0	4.0109805133199635E-7	3.600805431959944E-4	6.425830861588983E-4	0.0	6.425830861588983E-4	1.0452956659804206E-8	3.7166502328343505E-9	3.510519501373485E-8	6.678791537575921E-4
0.07607697725585358	0.020204089042793864	0.0023868672398470224	3.830030392617337E-7	0.03813795146855127	2.8312451388171303E-6	6.009582335894949E-10	7.549583962629204E-4	0.003704640407389	0.03035244607140075	0.020478600646792883	7.1816761359738005E-6	0.004685637109542974	0.00892615901940577	7.558939292825257E-5	0.00249690111249213	0.08699081602173063	0.006123229296556315	0.0017400065023344736	0.0018703094537894636	0.0014090327362452112	1.806682847619432E-7	1.0155524881364488E-4	7.792510766306549E-7	5.863218121100872E-4	6.898570090208859E-4	0.0	6.898570090208859E-4	1.108936841418491E-8	3.993323683754622E-9	1.5046313566699324E-7	0.0014242747201794021
0.0011664637629934984	0.004504403626759031	8.934898544256827E-5	9.293555659660358E-9	6.602303418878743E-4	8.180128739792228E-8	4.801375639129118E-10	1.93310943250648E-5	1.9784471732520268E-4	5.686354155705165E-4	7.749040606526416E-5	2.7136781188336037E-7	7.555746254845605E-4	0.0014495674470315606	1.0895457111669168E-5	0.009710839167795597	5.0472725630948436E-5	2.575929020739664E-4	1.0036420635439823E-4	1.6167909367221833E-4	1.4898484969699094E-4	1.3691238085265278E-8	0.0	4.5988221943685775E-8	2.078463846208296E-5	7.473165816209283E-5	0.0	7.473165816209283E-5	1.3282905031991528E-9	4.445066561297608E-10	1.0744059318259943E-7	8.08957441491588E-5
0.0014433569868471442	0.002113698409007936	0.02162588335881134	2.1494546987507974E-8	0.0069234734579684395	3.4606099968516817E-7	3.20387410725518E-12	8.389045774505074E-5	7.550990044085704E-4	0.0013045186887443451	1.1874458363976499E-6	1.0517452806363659E-6	8.653006957750234E-4	0.0017389754322454432	1.6106881083716736E-5	7.927365838579747E-5	1.4532965094747204E-4	0.0011219302154205264	2.3324936955835824E-4	4.233725371620169E-4	3.7717656395404195E-4	7.75619355968263E-8	0.0	1.4313734145188664E-7	8.356537498428706E-5	1.882241469745981E-4	0.0	1.882241469745981E-4	3.31846820739138E-9	1.1063579749246497E-9	8.924706171311174E-9	2.2528026565908673E-4
0.049786933227577844	0.015496481571009454	0.0019345963901852747	2.545415564404123E-7	0.006306610495554295	1.6283184266149795E-6	2.8166078415262945E-11	3.430634448133803E-4	0.0033737490851203124	0.008961784588817202	6.83069629364515E-6	3.6386437341865173E-6	0.00350667827562809	0.006400161890364297	5.4900281524785566E-5	0.00218739951936714	0.0010056202795811356	0.0053766605198958435	0.002339876290029122	0.0013874956489003003	0.0010016350430652775	2.432425339208777E-7	0.0	5.699095677004382E-7	4.110956265643696E-4	4.905878054025054E-4	0.0	4.905878054025054E-4	6.793982485441836E-9	2.6404851383027438E-9	7.84723809475012E-8	9.292094332442891E-4
0.04488536445201548	0.019249668844580296	0.002152125249636159	2.610866387517339E-7	0.007195281711499984	1.958154926736958E-6	3.5031974455312466E-11	4.2878526290082583E-4	0.004317094618020737	0.010521405881701314	7.538668862482294E-6	4.9028143292258474E-6	0.03737915399792348	0.027247444219452636	6.47146241679291E-4	0.0020268866694903853	0.0011769301639249627	0.0063408476821247605	0.0027363033809509316	0.0023960213815501074	0.0020209712884489777	3.1314464214106186E-7	0.0	7.137314332719178E-7	4.820270548926249E-4	0.0010079901548782962	0.0	0.0010079901548782962	1.5849041408230274E-8	6.063920633114411E-9	9.763943644837115E-8	0.0011551244331321105
4.903521103330934E-4	1.8534429581863843E-4	2.2178256513348967E-5	2.71779104634163E-9	7.300074418990315E-5	1.982601142699772E-8	3.537886081650512E-13	4.321043758376794E-6	4.29810032338334E-5	1.0535574845589142E-4	7.823206798550963E-8	4.658257251571855E-8	4.124313123315713E-4	2.8165023994441133E-4	2.320975231446857E-4	2.197030645163661E-5	1.1807362003151636E-5	6.454230671039305E-5	2.794642683552191E-5	2.1498586707597093E-5	1.6570689417872334E-5	3.160025288827329E-9	0.0	7.153103140410437E-9	4.919558145278639E-6	8.190451137253498E-6	0.0	8.190451137253498E-6	1.2381172837052997E-10	5.021891333403624E-11	9.86043837028348E-10	1.1585014723231174E-5
0.002028585844934488	0.005069596925070749	1.486258753243445E-4	1.4063438527205414E-8	7.287577754096517E-4	3.4302200584015777E-7	1.983409041732448E-12	2.4452708329503344E-5	2.5900347507705983E-4	0.02509284439279745	5.801120212090036E-7	3.758380927384645E-7	8.797795224748707E-4	0.0016841711529151761	1.285823876954807E-5	0.009767502982879005	5.845165951663624E-4	6.472793229045716E-4	7.693598190012166E-4	2.0797032866001007E-4	1.889582477450146E-4	1.6240924368952843E-8	0.0	5.893702680099703E-8	5.676488049081077E-5	9.463826649734898E-5	0.0	9.463826649734898E-5	1.5324769083429622E-9	5.431595554036537E-10	5.4330140577114435E-9	1.0166254822717884E-4
0.03109012145723523	0.01764156606827742	0.0010596742428464693	1.832555608210213E-7	0.004958033899324894	7.569033035409481E-7	1.011270130069102E-11	1.6529011952631003E-4	0.0031365644452639573	0.005747117170470765	2.4033970768683677E-6	5.512264256823338E-6	0.003928453093618959	0.0076094736119885235	6.318773593214003E-5	0.0023790543579967605	6.217647667490826E-4	0.00261050525591113	8.385539730641785E-4	0.0011389061218337617	0.0011132763547599036	1.2761077643931803E-7	0.0	2.7958938991851076E-7	1.8532183020912127E-4	5.621347950672941E-4	0.0	5.621347950672941E-4	9.5467987134536E-9	3.359089041292902E-9	2.813051707632442E-8	4.490785686826367E-4
0.007522938554113981	0.006328873100643422	0.009074006706448604	5.575608635607658E-8	0.002584566613396259	1.8479465209400815E-6	8.381017107471016E-12	1.387378111758183E-4	0.019809601559563943	0.0045629808297719026	2.911526522670666E-6	1.628789289904969E-6	0.002144751723120237	0.004170106169537809	3.8118492270993395E-5	4.3833003648710133E-4	0.0027494995315096938	0.001723974020458174	0.021637261240004865	0.0021729177529428755	0.0033139389686053858	6.835097064802343E-8	0.0	3.48212733660906E-7	0.0013148069795253228	0.0017158875946063838	0.0	0.0017158875946063838	6.7322677943801065E-9	2.4051417847557338E-9	2.3274080652237246E-8	5.303741670646799E-4
0.006326328314120042	0.00787195946370549	5.757177989839868E-4	6.362159266207708E-8	0.00207204712026743	5.973370799960166E-7	1.0963226009784701E-11	1.366128092816994E-4	0.0014757018083131593	0.0033435762691606183	1.8633695340967865E-6	2.088212162602409E-6	0.0032345256507425443	0.006452756991409262	6.00242283167702E-5	0.01004131066273522	3.697771098444124E-4	0.0018564613547811099	7.75786425371065E-4	0.004264015993466622	0.008508369371179806	1.0131881726259422E-7	0.0	2.3413382223872638E-7	1.3827505421123035E-4	0.004462677426482709	0.0	0.004462677426482709	1.1755609252677856E-8	4.078484583696026E-9	3.0565471678742195E-8	3.7702997897214556E-4
0.006416405119292936	0.003863043667085235	4.5172052683226354E-4	4.3211551471548604E-8	0.0012669487704002383	4.6030242871469896E-7	8.99494965908512E-12	1.1144009679279385E-4	0.0010970249948508103	0.0019352440772313893	1.5060882101107206E-6	1.0059498596745424E-6	0.0019238462642104219	0.00288591939058135	3.227863568424562E-5	4.420148483353476E-4	2.1773113672628067E-4	0.0014422650659136462	6.05281354304427E-4	0.0028214426061224356	0.006568993243599043	9.273930221412093E-8	0.0	1.7836054039379482E-7	1.0916917107679178E-4	0.005325780073412054	0.0	0.005325780073412054	2.2637992545686514E-9	1.5733131921727904E-9	2.51019379436693E-8	2.8454447298291734E-4
0.005753941116464171	0.0039389847287531745	0.0033831162252491395	4.199483786256578E-8	0.0016273638327754583	4.972548314821058E-7	1.205782310033649E-11	9.081142495688508E-4	0.0018220718291089818	0.0031450761386743347	2.4372859548305565E-6	1.1328821980581287E-6	0.0018822205953029998	0.003035569926086877	3.2367395587879745E-5	3.638887929039665E-4	3.4114710142606344E-4	0.0027319965130825742	6.05720115802653E-4	0.0064432486263687	9.835348838659339E-4	8.386274597555498E-8	1.0155524881364488E-4	1.8890008705517336E-6	1.803384941446428E-4	2.0799534626432715E-4	0.0	2.0799534626432715E-4	3.2790072197439606E-9	1.7330506012773082E-9	3.36458536802836E-8	7.600811867149482E-4
2.7586705634196118E-9	3.3868548326460705E-9	1.5347592507064686E-6	2.809059922713376E-14	1.3186774998692168E-9	5.358037894450364E-13	2.4150067501134495E-17	1.3340123242813686E-10	8.308729700828027E-10	3.2977168335660395E-9	1.0684046772639154E-12	1.0372019172223476E-12	1.4022624412427863E-9	2.706740590609182E-9	2.564143580225757E-11	1.6453576786436763E-10	4.791263970740551E-10	1.3136297396183465E-9	1.5080267281488584E-9	8.105308063053464E-10	6.936170000376716E-10	4.716183511434809E-14	0.0	3.360294963067789E-13	1.7271880997843806E-10	3.439771548566441E-10	0.0	3.439771548566441E-10	4.6261333022201105E-15	1.6783612767471639E-15	6.744328004086564E-14	5.637712741392241E-10
4.263604847306345E-6	5.249574135454245E-6	6.138925177647493E-7	4.597227740658093E-11	1.777677671183108E-6	5.550182419555154E-10	3.763589332470726E-13	6.889763037464884E-5	1.3799233416481922E-6	2.8436785791967584E-6	9.889554319581516E-9	1.5667180511014025E-9	2.600339222841688E-6	4.754675515448889E-6	4.745851934045599E-8	2.3326996187665288E-7	3.1769735654949657E-7	1.7882886635104817E-6	7.16686364942081E-7	1.0325736213801575E-6	9.050943247331039E-7	9.844678354852127E-11	0.0	2.748714700109479E-10	1.3244643629282216E-7	4.5342845844621724E-7	0.0	4.5342845844621724E-7	7.65453570043082E-12	3.009932769889832E-12	1.0529667702882257E-9	4.067889056939833E-7
5.701921379120702E-7	7.959516109736649E-7	5.907205034219386E-8	4.817024004197956E-12	4.600884699491953E-7	1.4244812841619514E-10	1.0119110637444952E-15	9.275822158519448E-9	1.4041750783240156E-7	1.1541957766144686E-6	2.4516004312559276E-10	2.1314872309498655E-10	2.0450801811143897E-7	3.872553187812505E-7	3.38089963022242E-9	3.5168195753118924E-8	1.3987291603825236E-7	2.6382070271442665E-7	7.478882425408502E-8	7.889324406187628E-8	6.379176159387399E-8	5.942711984155732E-12	0.0	2.744891343817747E-11	2.3530455338326826E-8	3.15339367372826E-8	0.0	3.15339367372826E-8	5.019828311358175E-13	1.8617654675872904E-13	2.78185549755391E-12	2.6672150214628245E-6
3.572015781106882E-4	4.791181503123671E-4	5.1478346795901685E-5	5.645152647098519E-9	4.5906609480916914E-4	5.900097665940405E-8	2.1759599875653807E-12	1.184084387206834E-5	2.709024626043864E-4	4.8497133617270713E-4	1.6791612543799024E-7	4.22104321720064E-7	1.949957071525669E-4	3.7843054182195657E-4	3.5659014685949876E-6	2.0362315393695148E-5	5.2815086517230854E-5	2.0636037060127192E-4	6.161508433806997E-5	7.991537298809693E-5	7.660052226410026E-5	8.892067144467684E-9	0.0	1.924183131808234E-8	1.42983686969104E-5	3.862389278626777E-5	0.0	3.862389278626777E-5	6.510804266668217E-10	2.3412932663537835E-10	6.0733979550284776E-9	2.8708967454021578E-5
0.0014536068707407582	8.751549265449967E-4	1.023353036895727E-4	9.789381399386174E-9	2.87021750000203E-4	1.0427952008340814E-7	2.0377670800723447E-12	2.5246272638482423E-5	2.4852626550935295E-4	4.3842108175593377E-4	3.411977678439432E-7	2.2789349917397445E-7	4.3583896748735176E-4	6.537923523191205E-4	7.312584354184177E-6	1.0013639473356633E-4	4.932603731944337E-5	3.2673889921572237E-4	1.3712387710576243E-4	0.001805391655884518	0.004074669744272073	2.1009688604372557E-8	0.0	4.040680836919446E-8	2.473180308826233E-5	0.005095743162307563	0.0050615731279280134	0.002564952828853584	5.12853731356701E-10	3.564272732215163E-10	5.686735864024625E-9	6.446231668164377E-5
4.3609780905579836E-4	2.62568834235238E-4	3.070892969993672E-5	2.937022320145653E-9	8.611937270310303E-5	3.128611675831819E-8	6.113635719087986E-13	7.574829896831004E-6	7.456821825305047E-5	1.315427962099841E-4	1.0238087812916827E-7	6.83797111792918E-8	1.3076096323154417E-4	1.9615625039396978E-4	2.1939478215479613E-6	3.0041757164821302E-5	1.4799665150531808E-5	9.803326829779879E-5	4.113976668758807E-5	5.416220434966147E-4	0.001222402649861325	6.303202675527526E-9	0.0	1.2128540388941993E-8	7.420927294294335E-6	1.0253012642246026E-5	2.6931819494050794E-8	0.0012756481793692364	2.8112587908379698E-8	9.81534932608986E-10	1.7061138198343485E-9	1.9343553614192884E-5
0.0013809208980029258	8.313937911151588E-4	9.7218142204014E-5	9.299874419308803E-9	2.7266955098710383E-4	9.906514024903506E-8	1.9358708346640444E-12	2.3983861238488492E-5	2.360989897974252E-4	4.164983298498674E-4	3.2413655813799596E-7	2.1649794168073874E-7	4.140453312941444E-4	6.211002028436208E-4	6.9469268179478025E-6	9.512918721124652E-5	4.685954443472049E-5	3.1040068893423085E-4	1.3026715222805448E-4	0.013736320162113493	0.003870920477596617	1.995912281257113E-8	0.0	3.8386311472361966E-8	2.349511715810105E-5	3.246140033457125E-5	0.0	3.246140033457125E-5	4.872090587246209E-10	3.386045292692969E-10	5.402377048515515E-9	6.123895121244246E-5
2.9567217010724892E-8	2.4552711564684823E-8	9.808091732112002E-9	2.7728102496052655E-13	1.3962009591466195E-8	4.6349454610075925E-12	1.5789183259505858E-14	4.997803683194011E-9	1.2861031966236122E-8	2.391583519176961E-8	1.5263952803250276E-10	9.53445449614485E-12	1.593273110759617E-8	2.40423177533577E-8	2.7596287661608296E-10	1.6843596478668758E-9	2.7465303462611107E-9	1.794153718358074E-8	5.756369412545346E-9	8.131971584970142E-9	3.4028626410588716E-9	7.904073911747566E-13	0.0	2.65506602069721E-11	8.237453726107693E-9	1.511288575341544E-9	0.0	1.511288575341544E-9	2.4721939403208318E-14	8.455653984302546E-9	4.4177756786419524E-11	5.834227897490944E-9
7.987794129685683E-9	6.5467810698266494E-9	5.688247900800986E-9	7.61556739977316E-14	4.285474843628742E-9	1.2720621813567422E-12	2.0957370550922727E-17	3.514592076476173E-10	5.044847977161328E-9	6.971953088611566E-9	4.477908443282447E-12	2.94609588083778E-12	4.132606890876361E-9	6.284903902922029E-9	7.160727808925315E-11	4.4929776690683563E-10	8.18301796749925E-10	7.305385542536147E-9	1.4886289886159144E-9	2.6614947167265924E-9	9.537072286332154E-10	2.029852435744133E-13	0.0	2.970486661127271E-12	4.0905829094614233E-10	4.018968157816474E-10	0.0	4.018968157816474E-10	6.085475555785106E-15	3.763079189206021E-15	5.838856327659525E-14	3.3475741572040445E-9
7.859966878417796E-8	7.589864486565306E-8	9.928077364324394E-8	7.141986653516549E-13	6.222045070267085E-8	2.281512271278156E-11	9.045835254677225E-11	1.9214512488540614E-9	6.749490382105555E-8	1.074450058337288E-6	4.2232739949376835E-11	3.82420631459785E-11	2.3668171786060987E-8	4.5632591260994595E-8	4.123992516314729E-10	5.1540987981281054E-9	2.260288615621968E-8	1.163151262872033E-7	1.3418661064885057E-8	1.5746132804585416E-8	9.63833782346956E-9	7.676707406933507E-13	0.0	3.630406719708185E-11	2.0369080381614337E-8	4.555139154938438E-9	0.0	4.555139154938438E-9	1.137766579964501E-11	2.5123403261067664E-14	2.5310515933180804E-7	1.6086492411258117E-8
0.0018523136086979984	0.009492637970884824	1.575709801193558E-4	1.6635568918943082E-8	6.213275628275064E-4	1.6560831007577922E-7	2.968633477313708E-12	3.819475607043363E-5	4.149246613522969E-4	9.011142758314684E-4	7.283804860716818E-7	5.074506974773096E-7	0.0015988586493389518	0.0030580875095519025	2.305555124548129E-5	9.260929736440893E-5	9.925593172082756E-5	5.069443455403079E-4	2.461479427313537E-4	3.1563503896692873E-4	3.1285716204350626E-4	2.6827393114937632E-8	0.0	6.490727606116524E-8	3.8152572076700996E-5	1.5847755985830316E-4	0.0	1.5847755985830316E-4	2.645719978814994E-9	9.373112029650853E-10	8.27593413925132E-9	1.0598403787796409E-4
