32
NULL,lstat@_lxstat,openat@__openat_nocancel,fstat@_fxstat,time@time,open@__open_nocancel,read@__read_nocancel,mmap@__mmap,munmap@__munmap,mprotect@__mprotect,rt_sigprocmask@sigprocmask,exit_group@_exit,rt_sigaction@__libc_sigaction,sched_yield@__sched_yield,write@__write_nocancel,syslog@syslog,getpid@__getpid,writev@writev,close@close,open@__open,read@__libc_read,close@__close_nocancel,mremap@__mremap,stat@_xstat,socket@socket,fcntl@__fcntl,connect@connect,getdents@__getdents,lseek@lseek,getrlimit@getrlimit,write@__libc_write,madvise@madvise
0.2287145404028789	2.9722491472502982E-5	2.3474970757316395E-10	0.0012375332983099877	0.012665094837609806	0.27106846650666855	3.298521967833542E-5	0.038490176091541824	0.18568667927768612	1.851844037569382E-5	0.07905159149314477	0.01925872084577992	0.03651945474617103	3.0908697701911294E-4	0.0034631706568084694	0.02748895904765466	0.026589104084618245	0.01982179057248655	0.012048613711660288	0.005811337617494069	5.271294070718408E-7	3.303973011344278E-7	1.4082609514830736E-5	0.0032064365619415927	0.002596124377458973	0.0	0.002596124377458973	7.819225582845224E-8	2.8467610651143494E-8	6.461768251159615E-7	0.025327589947909474	1.109895337327731E-6
4.943957253685926E-6	1.0901978245489178E-4	4.088166417020826E-5	2.18682392258528E-7	4.950830615053108E-6	1.3767551079431048E-5	1.1484846071453133E-5	4.790423444420438E-6	1.485271846055902E-5	2.9609408996856753E-9	6.33606812209594E-6	1.9843080602111744E-6	3.825894669229502E-6	3.4086379133020764E-8	2.7287486133039175E-7	1.4625287875213696E-6	7.2022375711558366E-6	1.0573308140487643E-6	2.339938416547429E-6	7.697492286191248E-7	6.061931437595746E-11	4.75059318597288E-11	7.264462249527235E-9	3.874744642238968E-7	3.0548916696443305E-7	0.0	3.0548916696443305E-7	1.000278364531944E-11	3.5698957184655267E-12	5.429738235120132E-11	6.396719744426368E-6	6.609874825483868E-11
5.904277467409346E-7	2.2144229070490972E-10	1.3095323586120452E-14	2.103770679514437E-5	4.384624145197158E-7	1.4569463388555314E-6	2.1929869091021154E-8	4.6136033953601553E-7	1.5439045330042769E-6	2.773845858089333E-10	6.501681718863356E-7	1.9473151433028373E-7	3.7497355683397843E-7	3.3122847691560487E-9	2.7832179445382445E-8	1.607092497044097E-7	6.703519838201139E-7	1.1272314093332409E-7	2.121207350269341E-7	7.286690315910693E-8	5.837616319419116E-12	6.192770054538822E-12	6.511444755023901E-10	3.66108636196822E-8	2.9257892253366002E-8	0.0	2.9257892253366002E-8	9.386695642640947E-10	3.412571396799183E-13	3.656687492347025E-11	5.88496373354577E-7	7.0614490959323E-12
5.395568853246893E-4	3.030092182537997E-7	5.5566175340307916E-12	3.5109040808037476E-5	3.1916629421085394E-4	0.0010112353621345093	5.245602439537146E-7	8.284356020314388E-4	5.89062559668375E-4	4.4505976016274057E-7	0.0015929570098954491	6.985931327538722E-4	0.001309599510786334	1.251672780200833E-5	5.5728411535923495E-5	1.114972620251842E-4	4.011823312523802E-4	1.9927282068571815E-4	3.203270218823286E-4	2.1572522676906544E-4	2.3590909137219083E-8	1.47447229128249E-9	1.397295682548808E-7	3.505116797389824E-5	1.0721544187220425E-4	1.916327484422148E-6	1.0721544187220425E-4	7.222765493953885E-7	2.3853850912262132E-8	1.5479993522729993E-8	2.2249249347697223E-4	1.0786849280961428E-8
0.012311735206942134	1.4899177688641508E-5	8.960132891432419E-11	5.536769228910578E-4	0.006398782453410401	0.08683969264726182	2.7965596309132584E-4	0.037901377992660246	0.006184277865186391	9.438914883534267E-6	0.03663383765361213	0.012765767831558219	0.024698289085860997	2.2412963202045422E-4	0.0017272505801737008	0.006367258155551848	0.02307028181846679	0.004750567795695768	0.004699413446959356	0.004147819603473764	4.5346843507552885E-7	2.873976149000765E-8	2.646385154538381E-6	0.0013608295592449	0.002068828212387131	0.0	0.002068828212387131	6.842379329800941E-8	2.4318677229914465E-8	2.457571017454557E-7	0.004034738306522765	2.592146775372009E-7
0.10461422288390548	2.4225591841061232E-5	4.482700594157954E-9	0.00301102233869497	0.01403037896652564	0.13988724518181792	0.07127763954652414	0.14479389999051495	0.02810553647322448	2.9612690358610376E-5	0.0849420475383932	0.020406195869774154	0.0385128116197083	3.2539298267265037E-4	0.009035238417509006	0.30291024122218113	0.02366054922912316	0.008390077222158857	0.006815899868125309	0.00514248463939412	7.643970814992962E-7	3.5087605994832286E-4	5.319573289006116E-6	0.002460799642873542	0.0025127209987510107	0.0	0.0025127209987510107	8.143830515296095E-8	2.9513780516757614E-8	1.2172244788010706E-6	0.009741631293806475	1.4252721029319316E-6
0.0018684859871653961	6.111987833650369E-7	3.549224825114398E-9	6.0467396724445615E-5	6.682253894303963E-4	0.002465455621351922	3.3053476236425663E-4	0.0028787791301457446	6.20886447357659E-4	1.0327281967013292E-6	0.01582776032932639	0.002764972332912532	0.005275344779367653	3.969493403471392E-5	0.03333636005070222	2.1871665263268236E-4	8.480228077166255E-4	3.4725255518167953E-4	5.078986857399443E-4	4.65170914442422E-4	5.081307601557217E-8	3.931718444407091E-9	2.692601682265736E-7	7.01863894648254E-5	2.327304943584857E-4	0.0	2.327304943584857E-4	8.572005194971791E-9	2.848919181302541E-9	7.887895094684443E-7	4.3271652894323604E-4	3.0201351234190366E-8
0.019354828435425096	8.850702485603311E-6	6.273305132235849E-11	4.962336918125637E-4	0.005071920306488754	0.02895194961300615	1.0880947457760284E-5	0.2069905029247134	0.23632248720598925	0.061581554668638926	0.03176295761178879	0.00899847780258523	0.01728515120834093	1.510129058893667E-4	0.0029271343533310065	0.028009642131153693	0.008192906476819693	0.030059810407425665	0.004675806982656173	0.005789109867297713	4.132548090053182E-7	8.340410678333063E-8	2.3325405793665442E-6	0.0018526006407821006	0.002953638467860138	0.0	0.002953638467860138	4.3031606718458505E-8	1.521334241561905E-8	1.7366659891569213E-7	0.0036776925268580405	2.8891811378862056E-7
0.1850934966620958	1.1273954942278163E-5	1.7664000994782363E-10	7.299509077204675E-4	0.015136047672876891	0.06933049531077398	2.551329552518236E-5	0.08241934923418266	0.10154758245330704	0.11494777513870164	0.04144051797738416	0.012138626123102942	0.02342282152608009	2.0571136701327052E-4	0.002267983411032032	0.01844951097479381	0.02605486650174169	0.0070349508209459274	0.004731344967194761	0.0037424703176565342	6.207998575983723E-7	5.018189296712605E-7	1.5626164676495136E-5	0.001107315192523322	0.0018369564394596363	0.0	0.0018369564394596363	6.033562465174863E-8	2.1126209617475118E-8	4.912321683753496E-7	0.009863645960714519	4.727931890812053E-7
0.002904287837571236	2.7648380213855287E-6	2.555829775527456E-11	3.0146588464590726E-4	0.0028226471578653187	0.006209297248660837	5.429314515064967E-6	0.029362233411043343	0.0902375283944042	4.5521164426897314E-6	0.009569302195219457	0.003933623384644119	0.007846574972027278	7.199852075528682E-5	3.1257735735273093E-4	6.904103633394134E-4	0.0040732905614955656	9.5632017497786E-4	0.0016347559171620866	0.001406657945667552	3.229483352667969E-7	6.358603323364345E-9	1.0853277768909683E-6	3.0645133214203643E-4	6.975497345975167E-4	0.0	6.975497345975167E-4	2.5240508629984006E-8	8.435725222953678E-9	7.112950035808448E-8	0.0016286432840321385	8.006503060072098E-8
0.0938436635204542	2.5002803433526647E-5	4.3211767023310747E-10	0.0024141250151078274	0.025544750268591737	0.07522085429841785	4.778195791771656E-5	0.055437086156594303	0.024610480711108357	3.133348243100171E-5	0.1153526345442778	0.15622789185808256	0.28482274116533096	0.001972565791207738	0.008120431237992979	0.008312823150722832	0.03469831710776353	0.015653545785516268	0.015245401029583128	0.011707966499753844	2.1447549155354106E-6	1.7362260931849763E-7	8.405999658993523E-6	0.002747971720802435	0.00577466209420691	0.0	0.00577466209420691	1.8993539130343923E-7	8.09291629929741E-8	1.2040343523415422E-6	0.013307182378741999	1.1525782373913078E-6
0.10081428799158017	1.517942470026407E-5	2.3727683231168384E-10	0.0012642640142798518	0.012808535120775993	0.05277499407745918	3.10512927546017E-5	0.040330754015890986	0.019694439937418172	1.634965123973686E-5	0.07230694979405979	0.01674498780761139	0.030537524640279458	2.593189726320847E-4	0.00787444078242014	0.005786361993707536	0.02074977008676537	0.009602138169382518	0.00565384107202475	0.003987387730824839	1.035668175560242E-6	1.7679555885447326E-7	4.5439867464331515E-6	0.0016864001236623015	0.001939010378043514	0.0	0.001939010378043514	5.637628405447705E-8	2.1606054753681717E-8	6.603570597221873E-7	0.007752368175934208	9.405497311533089E-7
0.09176009324683555	1.79053760955152E-5	2.921378282895931E-10	0.0016024441243922298	0.01686654320131219	0.05904127517755014	3.509554623924154E-5	0.04402715657150991	0.02029917528647526	2.223814462464299E-5	0.08975345019064623	0.15897984407806998	0.12044253827233103	0.002723400799340653	0.007462242178322212	0.006490824751931386	0.024640178268540258	0.01122486542840359	0.009493722933416063	0.007803570628499925	1.3575177175748867E-6	1.6438837045081258E-7	5.6767182735156405E-6	0.0019740948157803725	0.0038693820134090093	0.0	0.0038693820134090093	1.2576530134375794E-7	4.780782890630837E-8	8.134596505498155E-7	0.00929823318721463	9.806587779345152E-7
0.0010030599359323684	1.8267657950387682E-7	2.9695538623435694E-12	1.6154758946773975E-5	1.6724779888513183E-4	6.03268386493618E-4	3.633957915966181E-7	4.544594600616705E-4	2.1424695339157735E-4	2.1199691214468796E-7	8.702230811158188E-4	0.0017504509192820842	0.0012433506458183995	9.570038321245439E-4	8.064391534089108E-5	6.632068271372727E-5	2.5116844011817955E-4	1.150077716777156E-4	8.641725661727578E-5	6.512678173275516E-5	1.3686605399145837E-8	1.785501306091347E-9	5.7310653187945396E-8	2.0200889217388277E-5	3.198899240933974E-5	0.0	3.198899240933974E-5	1.0035113704084697E-9	4.0183137097529883E-10	8.268391077881767E-9	9.477041990817528E-5	1.0202573618667278E-8
0.003164135562555201	2.6260110082745925E-6	1.460664415301261E-11	8.22392775207717E-5	9.352860099604823E-4	0.08790275047054079	2.5582788909901942E-6	0.003149854031819602	0.0011491855438996578	1.5111798924667147E-6	0.018349529422573438	0.003337280808869765	0.0063521362933726495	4.865521633140747E-5	0.033545359852367174	0.002192942380341672	0.002268889932302993	0.0028760118430386453	7.06297831249289E-4	6.25878896624433E-4	6.249756829709298E-8	7.3122790426247816E-9	4.0325573676425757E-7	2.28791178427545E-4	3.118610049339259E-4	0.0	3.118610049339259E-4	1.0230281276362963E-8	3.6293301249322324E-9	3.995970742764044E-8	6.476089393278036E-4	4.878927011763925E-8
0.04208700207796662	6.421893383539569E-6	8.201659187858735E-11	5.531587089828966E-4	0.010778351435471727	0.030157571421642503	1.1489291142516999E-5	0.019896327146114997	0.010849409595375677	2.0368133622686296E-5	0.06557250340550252	0.015147855605329386	0.029079383654711063	2.4107816446363708E-4	0.008220688689984846	0.0032084379267812986	0.009243392480629718	0.0034632625994891466	0.003796877955204106	0.0035741492494724427	4.836497932818433E-7	1.056765437223261E-7	1.9511128448538946E-6	7.017979896038692E-4	0.0017942741117560322	0.0	0.0017942741117560322	6.232592691603251E-8	2.2050271982333774E-8	2.2788058348956138E-7	0.003403527952729464	6.342914661025333E-7
0.011459803420829315	1.050580679204599E-5	5.8080709006330804E-11	4.0813549493809497E-4	0.06805419185600335	0.022320169303816896	1.2506075781724483E-5	0.011253306281245868	0.03271653262184328	6.301577566733921E-6	0.024678927982474067	0.008297115585390674	0.01600078451645307	1.4449985968681674E-4	0.0015499869660941033	0.009962665369929917	0.006376118231470905	0.07198477453781155	0.006835489887897032	0.010838547715579554	2.552436675605321E-7	2.9113388565979973E-8	2.0325974383092874E-6	0.003460044673688668	0.005618146739827108	0.0	0.005618146739827108	4.319702989299954E-8	1.5457415576728995E-8	1.60747178194407E-7	0.0029189512051212524	1.9193091390913653E-7
0.010118507851754856	4.323500227853914E-6	7.339311886358777E-11	4.2654498835204257E-4	0.004946172890175985	0.01385478453533323	7.519922606852037E-6	0.009163442194685038	0.003755915273573681	7.822716979190896E-6	0.029500131766126068	0.012205767293862226	0.024165598918951408	2.2278076529350403E-4	0.03443581164379012	0.0015226675746267597	0.0059839476432662535	0.002611330016282722	0.014342250509813281	0.02877804066760716	3.6990128813483426E-7	2.20101138375699E-8	1.4950600793059684E-6	4.6433323255919997E-4	0.015076698822038943	0.0	0.015076698822038943	7.439751893521832E-8	2.5831432022824E-8	2.0446414112470427E-7	0.0022969233264853403	2.0377147260501252E-7
0.009420858266893557	3.363756153550201E-6	6.202843437483523E-11	3.506268606890602E-4	0.0036475173273408483	0.009057284205098999	6.285556948819207E-6	0.005717681619597103	0.0033105602729805346	3.9018009215437815E-6	0.0146869247614489	0.007336744224973916	0.011064119757172081	1.2132495911583255E-4	0.0014979900347326615	0.0010027536227049459	0.004677450213082466	0.0020695848269865263	0.009650974542598941	0.02253101208582875	3.3832654319191304E-7	2.261399363165478E-8	1.208738027489364E-6	3.6467144094598275E-4	0.01826075648447678	0.0	0.01826075648447678	1.519774022564614E-8	1.0195549550303592E-8	1.729749205925137E-7	0.0018984726457205667	1.4442361293962095E-7
0.008892301349712806	3.6460781380418064E-6	7.80501731541847E-11	0.0025821791662704267	0.006063667572138132	0.013373876747402792	9.741453256187615E-6	0.007160850371854779	0.017675066791569053	4.340822955486857E-6	0.014672705686101645	0.00687115824850764	0.011054407883819301	1.1581057536781663E-4	0.001221168224372106	0.0015481740620040603	0.008964721235513886	0.0020775121352264022	0.015837985199010904	0.0026288509494419472	2.940862744928846E-7	3.5061820055878824E-4	1.1120185663881945E-5	6.227257030399036E-4	6.196531726681254E-4	0.0	6.196531726681254E-4	1.991380750034559E-8	1.0525855189250804E-8	2.1759228404650548E-7	0.004556076519841437	1.4028735142613944E-7
7.499670914778297E-8	4.868386265014652E-11	1.3300310513512452E-15	2.0125944703277797E-9	1.783416197417387E-8	3.7274190630451525E-7	3.798218159199389E-10	7.10217637703716E-8	6.476361622063991E-6	2.5209097598595885E-11	1.7777159416544782E-7	4.10870567923127E-8	7.710478031235172E-8	6.458887075620352E-10	5.824522075937938E-9	3.806696516989781E-8	3.9169230445521475E-8	3.200690425511313E-8	1.2644886240673594E-8	1.024022761094527E-8	1.1104066486120047E-12	9.06516766389235E-12	1.2237986796613436E-11	4.053245469173673E-9	5.0538718606479815E-9	0.0	5.0538718606479815E-9	1.5264655401327989E-13	5.6649240750675205E-14	3.7066764755960015E-12	5.3458161121769976E-8	1.654761092184804E-12
8.104534389646607E-6	4.279824022077674E-9	2.760696566422349E-12	2.374210163113728E-4	4.831108266271299E-6	1.3853749767684386E-5	6.418934643600267E-8	8.267380053031019E-6	5.227404775110577E-6	6.097275575417111E-9	2.0764728024508527E-5	1.0081248134510539E-5	1.8371428711926105E-5	1.806063502143389E-7	7.980798388424866E-7	1.5270678011539492E-6	6.164117054626532E-6	2.549880302062844E-6	3.406678038131795E-6	2.8870574603527597E-6	3.6477870278142594E-10	2.9255646470575216E-11	2.0237516969415666E-9	4.7314905178482497E-7	1.4372822047454045E-6	0.0	1.4372822047454045E-6	4.9890375839010186E-11	1.9526730078055007E-11	7.723624814387753E-9	2.70230997289173E-6	1.557513187154397E-10
2.21027063412592E-6	2.7057563761275788E-9	1.5036759730116997E-14	7.523037129366496E-8	1.1700452685355602E-6	1.0737958385816363E-5	2.6297094223647062E-9	3.903839542447832E-6	1.0192662104811375E-6	1.8927508853109453E-9	7.595745967332811E-6	1.9648193595975142E-6	3.698557039386653E-6	3.1914789837366456E-8	3.0713434141093734E-7	1.3093580285169448E-6	2.276512163490227E-6	7.264800422192482E-7	6.441265436679878E-7	5.131875088695057E-7	5.4958053572743976E-11	5.352097030863127E-12	4.3263298937629875E-10	2.3521460689027541E-7	2.5253441354259196E-7	0.0	2.5253441354259196E-7	8.073137927118835E-12	2.9909972674963956E-12	4.111233938430333E-11	2.006055899819971E-5	4.026360058695042E-11
5.735728525785595E-4	4.221885986887452E-7	1.5486686293773633E-11	3.720604830126221E-5	8.989051569958718E-4	0.0017952197568028914	6.525108925390852E-7	0.0016769826745384674	2.853978170698913E-4	1.4587927186776583E-6	0.0017816856516675247	7.272532352396393E-4	0.0014008399275437335	1.3069185968957215E-5	6.64815310610691E-5	1.9592860035808158E-4	6.634763986259578E-4	2.1263902664834332E-4	2.4884531715381757E-4	2.3397779864338158E-4	3.148256284289991E-8	1.2528012182811045E-9	1.1885178142823709E-7	4.82329095537574E-5	1.175075191803515E-4	0.0	1.175075191803515E-4	4.061960929255586E-9	1.4622899776746682E-9	4.3218112101652285E-8	1.6923550228209637E-4	1.745354455104002E-8
0.002139663783831315	7.639765504087622E-7	1.4087904560862426E-11	7.963441033150137E-5	8.284244952043763E-4	0.0020570903714340386	1.4275762004728713E-6	0.0012986003238626626	7.518942524252882E-4	8.861770486559446E-7	0.003335692573605968	0.0016663218063431265	0.002512883272423499	2.755533382953247E-5	3.402231111916505E-4	2.277454086490041E-4	0.0010623428847869273	4.700442943334591E-4	0.006217605082710706	0.013999114898745346	7.684076222338897E-8	5.136085718503537E-9	2.7452869561430613E-7	8.282420833425953E-5	0.017491834927338166	0.017380280933774656	0.008801681516887047	3.451710992796264E-9	2.3156140956862706E-9	3.928608226216858E-8	4.311812454568872E-4	3.2801474654444915E-8
6.419711380066069E-4	2.2922985555118956E-7	4.2268734057689976E-12	2.3896598123755605E-5	2.4859661562897175E-4	6.17289495350561E-4	4.284434548672977E-7	3.8968911442442586E-4	2.2566681551944127E-4	2.6594220764876834E-7	0.0010008934795987857	4.999719851317536E-4	7.5401407521462E-4	8.267972265300087E-6	1.0207316841270664E-4	6.834159201543163E-5	3.1877672689025784E-4	1.4103408877522337E-4	0.0018653127194754237	0.004199752962091238	2.30545578570166E-8	1.5411678336877058E-9	8.24210142535319E-8	2.4855673498616647E-5	3.347924316819329E-5	1.9073839624318496E-7	0.004378555948393758	1.9904699270345977E-7	6.8889595035049686E-9	1.1787219944738873E-8	1.2940105210404874E-4	9.841958701306474E-9
0.002032672308632495	7.257747643322712E-7	1.3383454776360368E-11	7.565238142474529E-5	7.87000062308642E-4	0.0019542278866267683	1.3561918620541395E-6	0.001233665278743123	7.142966280375693E-4	8.418647644365698E-7	0.003168895027207911	0.0015829992630707534	0.002387229377474824	2.6177460427974698E-5	3.232106380927477E-4	2.1635725625550838E-4	0.0010092216265456917	4.4654025933527205E-4	0.047184761183750215	0.013299104941193709	7.299842654064874E-8	4.879261542704148E-9	2.608011977007845E-7	7.868267717463537E-5	1.059758618841984E-4	0.0	1.059758618841984E-4	3.279112076148727E-9	2.199824423514027E-9	3.732162601078263E-8	4.0962051340257796E-4	3.116127389557074E-8
1.1134091884867931E-7	6.996359463728143E-11	1.1674284729938772E-13	3.38955643765901E-8	8.465638492271104E-8	2.1851307939311753E-7	1.0925045372820308E-9	1.252146807548392E-7	1.126180123418701E-7	7.446891525184763E-11	2.0147099478368872E-7	1.257824406844743E-7	1.910783682033892E-7	2.140677698991331E-9	1.1602788006098133E-8	2.4808873584104656E-8	1.145256579203333E-7	4.154019840560067E-8	4.9450455645592034E-8	2.2346509379749627E-8	5.913303506646603E-12	3.8800112710727023E-13	2.0583609756547214E-10	4.394292857191909E-8	1.008471437974425E-8	0.0	1.008471437974425E-8	3.2553817214966046E-13	5.988530761522846E-8	3.2663531628841294E-10	6.175310539587793E-8	1.922526007657402E-12
2.7311153932373507E-8	1.814498310584726E-11	2.888534247653171E-16	2.1459287738368896E-9	3.172687932428602E-8	5.536161415521037E-8	3.653911119559495E-11	3.6756477145801116E-8	5.051175967958785E-8	2.3017605364738333E-11	5.2112748749766934E-8	3.236057628536073E-8	4.948110778181201E-8	5.519101086419101E-10	3.005901080120782E-9	6.540391289694188E-9	4.348891394450253E-8	1.0278148255358926E-8	1.6110584768469388E-8	6.184608990899715E-9	1.5137787926555618E-12	6.98943461288773E-14	3.222666201672743E-11	2.6356866732794906E-9	2.652727569631299E-9	0.0	2.652727569631299E-9	8.278608152253713E-14	4.985383219961818E-14	8.043651300129566E-13	3.06154344904385E-8	5.111208664093102E-13
2.8713852395323167E-7	3.620800098114865E-10	6.65685919126532E-10	1.2634224807245678E-8	4.082455889886364E-7	8.05086883858487E-6	3.665136456002624E-10	5.277496721341862E-7	8.383755163970254E-7	3.089805270585894E-10	6.687186738695743E-7	2.0567230917665957E-7	3.943916998797459E-7	3.510239540190136E-9	3.8667166266390934E-8	1.79892791999768E-7	6.896083047526435E-7	1.125551306868915E-7	1.0470358155016271E-7	6.84618896972674E-8	6.343844597793844E-12	1.025057896143483E-12	4.140366958659704E-10	1.2201800008700982E-7	3.263225499615037E-8	0.0	3.263225499615037E-8	8.422399204286962E-11	3.62680549913335E-13	1.8626089187879972E-6	1.8917780132919707E-7	5.452567943262806E-12
0.009200100258627992	2.455033228690221E-6	4.115819779444833E-11	2.4200407766166509E-4	0.0027735302623232527	0.007758997460507069	4.991456587432001E-6	0.00576332859637724	0.0021448085084592177	3.989265312982683E-6	0.07114552270402995	0.012368644005231032	0.023562431449472225	1.7703442356397365E-4	6.221111854686344E-4	8.52566300193306E-4	0.00338124366741856	0.0015947273931422583	0.002067259721629485	0.0020397839214825026	2.033712973303874E-7	1.3064324884177997E-8	8.388236797960037E-7	2.64882827325769E-4	0.0010299813274992561	0.0	0.0010299813274992561	3.568761650857845E-8	1.2577767804351384E-8	1.1465052701457008E-7	0.0012994562496459858	1.1077765197358531E-7
2.386571298981574E-6	3.1213757686195773E-10	3.06626247161309E-15	1.3969368668813446E-8	1.4876092321225296E-7	1.4646062306552351E-6	4.2563116924701433E-10	3.833007173068051E-7	5.440191886754862E-7	1.7756908643527928E-10	9.555738898285857E-7	3.194119285246054E-7	5.337089382355427E-7	5.179620831392821E-9	4.0129902565234586E-8	1.645303488282249E-7	2.9383855096234957E-7	1.3028969522208507E-7	9.45523202825207E-8	6.051211998126693E-8	1.1788657452175446E-11	6.201334243126086E-12	6.359941224085305E-11	2.823233390760587E-8	2.9138135138345315E-8	0.0	2.9138135138345315E-8	9.012048886332883E-13	4.457593120958342E-13	8.482311697591854E-12	1.221451739404582E-7	6.788200381860341E-12
