32
NULL,time@time,open@__open_nocancel,read@__read_nocancel,mmap@__mmap,munmap@__munmap,mprotect@__mprotect,rt_sigprocmask@sigprocmask,exit_group@_exit,rt_sigaction@__libc_sigaction,sched_yield@__sched_yield,write@__write_nocancel,syslog@syslog,getpid@__getpid,writev@writev,close@close,open@__open,fstat@_fxstat,read@__libc_read,close@__close_nocancel,mremap@__mremap,stat@_xstat,socket@socket,fcntl@__fcntl,connect@connect,lstat@_lxstat,openat@__openat_nocancel,getdents@__getdents,lseek@lseek,getrlimit@getrlimit,write@__libc_write,madvise@madvise
0.39710030667473506	0.04880550712351267	0.1236359693713801	5.962973769858901E-4	0.10159317450220308	0.0357659857751145	1.0458196532029881E-4	0.09996319619086702	0.03353506798704869	0.0663889106264637	5.9681284097063E-4	0.0025614557314407706	0.012671928649908024	0.018648260548488813	0.010573529080607384	0.00863366984669363	0.008137991828832939	8.390941468914735E-4	9.087680473926475E-7	7.051209237749342E-8	2.7626941224632794E-4	0.0016544278863217315	0.004094618897453486	0.0	0.004094618897453486	1.6894366114547466E-5	1.5372861859163797E-10	1.399503692584185E-7	4.84954740911763E-8	4.2500023083038345E-7	0.006874920922699716	4.987953383720131E-7
0.013528212078251556	0.0058587934851641495	0.11430621730370559	3.2593872472530706E-4	0.06429732639257667	0.006381674629088497	1.4858533825683074E-5	0.030653353350285514	0.009263748378234054	0.017990598360295058	1.6000811008803028E-4	0.0010284427008847965	0.004503872861355912	0.01481935642271584	0.0031958935533042917	0.0027499430036785066	0.002190575109060218	2.9216486059887366E-4	3.0015785439305834E-7	2.6601585990839623E-8	9.862778409248584E-6	8.283655249542581E-4	0.0010820229628852947	0.0	0.0010820229628852947	9.008482741362366E-6	4.950414995512444E-11	3.4774810418281146E-8	1.229773265683428E-8	1.3544576945325177E-7	0.002974168818518514	1.0422299349465953E-7
0.05423664507556961	0.014916753768186458	0.1601529973458993	0.05680919433216316	0.131820868794275	0.026553112387059055	5.340939324822663E-5	0.07867967223629413	0.018784896343495408	0.03479866993059731	2.990351945588539E-4	0.006665942520510988	0.22582426465035768	0.01663921705614695	0.0070768140698040365	0.006321770852990425	0.0034931824216983174	0.0024902096890962013	6.633160363942036E-7	2.623326777036263E-4	2.336949625249586E-5	0.0018816167942323895	0.001624310881818516	0.0	0.001624310881818516	1.700857882650604E-5	3.2521501492610384E-9	5.0576819603504035E-8	1.9225224832462293E-8	9.010841460816802E-7	0.011824152314313848	7.128279400961443E-7
0.0016181995271689713	7.12223111127929E-4	0.0032756252272067546	5.019808886793117E-4	0.0050600910605801365	7.068237691668897E-4	1.8411714385946794E-6	0.012252528276840882	0.0020654742197617456	0.003945572837105885	2.9546828779118594E-5	0.024827748886226818	2.3788504894515985E-4	5.482061332134219E-4	2.5669211415899057E-4	3.785408246683626E-4	2.595718459108269E-4	3.9429064820591574E-5	3.4170655232266103E-8	3.5921384714686178E-9	1.1473395656896691E-6	5.697175224514556E-5	1.2515538077444575E-4	0.0	1.2515538077444575E-4	4.487013185140534E-7	2.567907140944109E-9	4.596641209128063E-9	1.504869099572734E-9	5.669657229215764E-7	5.419045315309113E-4	1.3308324530686477E-8
0.018979796805810422	0.006846734766892623	0.031191499319092802	2.2323022253674656E-4	0.4639417862942655	0.449054303260998	0.14030908824669855	0.036714535404646004	0.010500012416975714	0.020289653259473312	1.7877881734540941E-4	0.002325446661697122	0.021814510337293196	0.0064589527405037265	0.023209497180904735	0.0039423236657725605	0.004674055062549869	3.8745908151291403E-4	4.1854530832235234E-7	1.7931829170987572E-7	1.1737757740845059E-5	0.00142839246447535	0.002384541412656599	0.0	0.002384541412656599	7.92028202080181E-6	6.630891362567865E-11	3.788271018177395E-8	1.3394558647841453E-8	1.8391574790803134E-7	0.0037351680184633624	1.7392670003395045E-7
0.07522045006689888	0.01668710966284684	0.06097167019852252	3.5956353456765335E-4	0.17543112220066193	0.1635303338941634	0.2619029029371713	0.052814619130776105	0.01595012445484311	0.031159796047588045	2.7629562953565047E-4	0.002036150490271221	0.014651233715940121	0.020214917750697486	0.006790633329705262	0.00470576575864566	0.0038330982909019796	7.349190248673955E-4	6.683999171147992E-7	4.936959703621493E-7	2.75450298404313E-5	9.109702883223947E-4	0.0018963974520923327	0.0	0.0018963974520923327	9.454544106906218E-6	1.5852338444973701E-10	6.156813565410162E-8	2.142229199380725E-8	4.4105880097574616E-7	0.008693407368449693	2.917712708059834E-7
0.014331566441359701	0.00538560068045178	0.016624481671462982	1.960008180492011E-4	0.06930154915799924	0.2053722947418778	1.6071096467125323E-5	0.02152503055527881	0.007890482852070495	0.01575677660380365	1.4319032208107792E-4	5.111828497040209E-4	0.001745114270211051	0.004472459394310017	0.0018161383267831877	0.002218877458365741	0.0020160485800179376	2.806899948834536E-4	4.00869772795208E-7	1.5142151034753626E-8	1.0055574328520624E-5	3.6653754062021174E-4	0.0010097596880689068	0.0	0.0010097596880689068	3.7593591053632134E-6	3.6850734549962854E-11	3.5486895586730016E-8	1.202924091234708E-8	1.0231118945058789E-7	0.0019700610832227325	8.004533286548651E-8
0.08273830361008414	0.030012292462567956	0.09269845764972376	9.606654172823381E-4	0.06985364524529676	0.027063381202114652	6.884498691555067E-5	0.13879145018228856	0.15514991317403826	0.2853073285676801	0.001952722080782691	0.006236498775148477	0.00982515653424814	0.02459059783633892	0.013263323029617555	0.010987627802345116	0.00843994692137927	0.0015117716162269315	1.6620488702419488E-6	1.728714717358377E-7	4.9542577424197345E-5	0.002121291130110231	0.004171824626058864	0.0	0.004171824626058864	2.028989851170413E-5	3.0317341278293516E-10	1.34143747179757E-7	5.5788558073222315E-8	8.432115768724239E-7	0.010259068847708167	6.09197899274154E-7
0.06259126791388378	0.016306217508856045	0.06643818975823722	6.333095267728518E-4	0.04745198400342741	0.021297259486620687	4.299825099998576E-5	0.10543799899734897	0.02310600812352841	0.04224887355272038	3.559821863263593E-4	0.0064043016222313275	0.007027172455692903	0.017389976901358663	0.009355711700651444	0.005319468556834574	0.0038044148686210834	9.8275798810657E-4	8.741700619493548E-7	1.762359152658193E-7	3.2381179753315125E-5	0.0015406319413015174	0.0018602314798799944	0.0	0.0018602314798799944	1.3793723087660262E-5	2.009837298563532E-10	5.356063684945078E-8	2.1092176831995086E-8	5.585355627101623E-7	0.006835252905154154	5.414856945493619E-7
0.06548351218571766	0.02069289068638983	0.07320332143537141	7.067466395268443E-4	0.05356527904699503	0.022040420900127967	5.21905166168684E-5	0.11579262525411904	0.16233041351875507	0.1256530834378448	0.0027803647129302973	0.00591423276277561	0.007742682354143415	0.018998450743598225	0.01023556659261968	0.007463773177632847	0.005982292019415234	0.001114384857592753	1.0947061805176384E-6	1.6339788643824257E-7	3.634908916672178E-5	0.001660388782087366	0.002966571734974769	0.0	0.002966571734974769	1.536255275696258E-5	2.2498473592978506E-10	9.360544869363919E-8	3.588971406617383E-8	6.254259452061048E-7	0.0076708916897028365	5.392179294519773E-7
6.899974650524947E-4	2.050812255709895E-4	7.498531429655478E-4	7.335496561605095E-6	5.459760757440326E-4	2.319201560504501E-4	5.136052206929037E-7	0.0011707871611408036	0.0017962337676734072	0.0013185961832942216	9.666871725279479E-4	6.423098808228273E-5	7.935750735005785E-5	1.9671178130827052E-4	1.0593048996598758E-4	7.084082516785476E-5	5.310901627221174E-5	1.1461383685359864E-5	1.1086618040977435E-8	1.771451734507464E-9	3.763884701765281E-7	1.7259137489697394E-5	2.614258999366299E-5	0.0	2.614258999366299E-5	1.583025426606843E-7	2.3253923720261696E-12	7.985669400822868E-10	3.1934734482435435E-10	6.464164597917907E-9	7.900408308375046E-5	5.683077557843322E-9
0.0022342922383793377	8.62848421081423E-4	0.06469849903250034	2.276265043034797E-5	0.0026127882902194565	0.0010725386015839218	2.313237804232234E-6	0.014196034184692974	0.002437743774303694	0.004636378235016546	3.506483338283556E-5	0.02494602512886037	0.0015260089930019091	0.0012934410586223466	0.002035064793850429	4.104096694419606E-4	3.2224183006258824E-4	4.421502297644423E-5	3.87009980467485E-8	6.202626112831767E-9	1.4430570790205158E-6	1.3635184186979905E-4	1.586117811427803E-4	0.0	1.586117811427803E-4	1.542338216982225E-6	8.049954982199437E-12	5.046297341044903E-9	1.8052672520570634E-9	2.1977536634823792E-8	4.789621209233635E-4	2.0565649686825094E-8
0.021586829333854016	0.008113281616213133	0.024670772022664603	1.580898995739873E-4	0.016194491231574293	0.008256587808592505	2.5543169110762817E-5	0.0503811908385804	0.010875811463169474	0.020481821253130906	1.6945568553333165E-4	0.005988053156393487	0.002576648854573788	0.005230495799630347	0.0024429490258374665	0.002046091790531176	0.0017089734515917687	3.121961426094068E-4	3.219368652369399E-7	9.092056064312757E-8	8.220854349115468E-6	4.309014804833582E-4	8.502166834526987E-4	0.0	8.502166834526987E-4	4.208669560707608E-6	4.811219872110764E-11	2.8480007041318925E-8	1.0541005058478738E-8	1.3346271461452926E-7	0.002354229278286854	2.8167422590394544E-7
0.008280062668881583	0.05134674195311936	0.017142123415976353	8.990473096693067E-5	0.009883575802273696	0.02515759455304484	9.453746633263209E-6	0.019606625259730392	0.005819217593677573	0.011204925868421669	9.969839053117915E-5	0.0010169883201788484	0.007393092633988282	0.0035833657213121973	0.05341975588433826	0.0045071036874764145	0.007433171386816616	2.326957095248742E-4	1.5765937604776544E-7	2.9840820031023314E-8	5.374624838961732E-6	0.002486482151877807	0.00387006266519812	0.0	0.00387006266519812	8.347512666710343E-6	3.333139139440839E-11	2.090611611786525E-8	7.521411476156832E-9	9.214832603324942E-8	0.002038294114685582	8.21214153359025E-8
0.009105265362578711	0.004469013244392611	0.012726056018247119	1.1069817802363182E-4	0.00930633912929791	0.0033003515367941313	1.1647330501181446E-5	0.021818908076091204	0.00802787127105409	0.015904376881087784	1.4519433189983272E-4	0.025482455692828233	0.0013390513449527497	0.0029904796977046244	0.001618884770406268	0.009524526105276713	0.02025307210916898	1.8771250845936473E-4	2.1410806634614184E-7	1.8504610112869788E-8	5.8048554296530346E-6	2.514914339195408E-4	0.01066351833185486	0.0	0.01066351833185486	2.547132181357961E-6	3.6236949830777516E-11	3.471640479618538E-8	1.2071521666287942E-8	1.0075527132738707E-7	0.0012994983260429238	7.643444108377546E-8
0.008504217451860524	0.0030815842542028663	0.009018375757239919	9.712684298507488E-5	0.0060184796371754576	0.003230002599138623	6.535414989412201E-6	0.01242122129239174	0.004945174699626895	0.007812055707545311	8.151294770135142E-5	0.0010019503600119653	9.541845623663122E-4	0.0023135297661235	0.0012526085697434567	0.006635806913787605	0.016548782250467894	1.519248231000023E-4	1.9412746101643004E-7	2.1707344607136187E-8	5.008660753419295E-6	1.9504882672962868E-4	0.013520435954712265	0.0	0.013520435954712265	2.00768525242858E-6	2.989502140933397E-11	8.57062972942104E-9	5.043858494619153E-9	8.318974768237952E-8	0.001077320354040487	6.344265895137422E-8
0.007641217301802524	0.0050577918435621835	0.011806287275330151	8.934650657422863E-5	0.006936885204185783	0.014293405408513675	6.771143673896443E-6	0.01239046032780124	0.0047125071559863015	0.007856757129818655	7.895609935260733E-5	8.039981572611083E-4	0.0013020299161544927	0.005820352859784854	0.0013160731420984021	0.011793817402185467	0.0017319831153670118	0.0019096688398004516	1.716995600068635E-7	2.6209170441557003E-4	1.2156379488851794E-5	3.9261068080520794E-4	3.3695275007722414E-4	0.0	3.3695275007722414E-4	2.1895020163973877E-6	4.571262342353443E-11	1.064426076267812E-8	5.230875650995937E-9	1.2733984655218332E-7	0.0032252321645578775	6.149164039797872E-8
5.81416394554253E-4	2.976211291329707E-4	0.0012612879326330969	7.467212323595856E-6	8.369461421957431E-4	7.687225862283522E-4	6.797666309621443E-7	0.0013539109699801924	4.917420450035468E-4	9.296836841786653E-4	8.672651674107266E-6	3.528251360866536E-5	1.3137563144597259E-4	2.3096935484418645E-4	1.7035278234051008E-4	1.9145937739612387E-4	1.1366401754100095E-4	1.9820951727625294E-5	1.415804475187301E-8	3.0027292973819446E-9	4.2970362746143927E-7	2.290421307941791E-5	5.611883245958947E-5	1.4201036325777328E-6	5.611883245958947E-5	2.1192171556453294E-7	3.782083068661817E-12	5.343551971109686E-7	1.733591908282356E-8	1.0523778003815605E-8	1.6011072168457954E-4	5.379754516178261E-9
1.3047675753690213E-7	5.9183847575465525E-8	1.1772465829276353E-6	1.7973351691039592E-9	1.759830548607523E-7	7.350779969826558E-6	1.3650936836099715E-10	5.550171749079026E-7	1.1153519193130848E-7	2.1003521113200094E-7	1.6965257403729385E-9	1.523424162436863E-8	1.1708769127521023E-7	8.931277003015219E-8	9.050264761779586E-8	2.7666502907094706E-8	1.9646832582253902E-8	5.242797108967957E-9	2.4082492416595936E-12	2.2455024415396138E-11	1.0165819177272917E-10	9.685983752702922E-9	9.521060036051478E-9	0.0	9.521060036051478E-9	1.1936696279245E-10	3.0565084953077117E-15	2.6998449843591304E-13	9.9917855195413E-14	8.514187523505308E-12	1.3399746298370668E-7	4.16985241397881E-12
9.020104600393107E-6	4.562617987720253E-6	2.1839664298245544E-5	1.4229978986812094E-7	9.431308450003644E-6	1.1716017969973024E-5	9.806592202999721E-9	1.9293245311607345E-5	7.268888109928528E-6	1.3456810332924745E-5	1.276747806357393E-7	5.475595461200248E-7	2.2452515103983033E-6	3.814716770769813E-6	2.2377093926390114E-6	1.9037270358213899E-6	1.52995617517277E-6	1.8198279056310084E-4	2.2028885878014983E-10	7.571728216616027E-11	6.602011586200121E-9	3.2768252286172354E-7	7.58082274227753E-7	0.0	7.58082274227753E-7	3.3197812700006017E-9	1.9914923000670454E-12	2.556346174851218E-11	9.78786755183324E-12	5.571332725932508E-9	2.0716920578425584E-6	9.230256554291995E-11
9.043885712840035E-5	1.394515933192126E-5	8.645210558519657E-5	3.5676219558007584E-7	3.5104731077055496E-5	2.7187769521785668E-5	3.087827592838264E-8	6.721722287200907E-5	1.6503196204561723E-5	3.13728841393373E-5	2.684049806725895E-7	1.8285050342117908E-6	9.653541619442345E-6	1.3407892124861891E-5	5.954664584053328E-6	4.287593199761265E-6	3.207089164586763E-6	4.55744487440331E-7	4.0903786527701055E-10	4.841853739596271E-11	2.806657301343694E-8	1.5210795874215034E-6	1.568694559629058E-6	0.0	1.568694559629058E-6	1.5098768108886457E-8	8.04305680390083E-14	5.013439632623092E-11	1.8334536279873563E-11	2.1974335114574117E-10	1.9142440286604214E-5	2.7487990595709876E-10
4.497425669914844E-4	5.173513361602179E-4	0.0010931042760014321	5.666846489017161E-6	0.001035336570357935	1.8574536810547342E-4	1.0539871441849885E-6	0.001037345144871413	3.7043571741195765E-4	7.110836213448308E-4	6.563284998798911E-6	2.905943494693986E-5	1.1628464113616998E-4	2.846542687685867E-4	1.0333341195175634E-4	9.714154525357722E-5	8.503213318055389E-5	1.469821521325399E-5	1.4520205395371059E-8	7.962025828415458E-10	3.142022764532976E-7	2.2068286355749174E-5	4.2495036789100844E-5	0.0	4.2495036789100844E-5	1.9742242061674353E-7	9.613322611601723E-12	1.432995160993851E-9	5.20600076904783E-10	2.6838399927805595E-8	7.992158912546506E-5	4.093031820082344E-9
0.0019175716444714995	6.943808445895611E-4	0.0020317842567902067	2.1888957647602085E-5	0.0013566452484817942	7.276584722280119E-4	1.4728726269404572E-6	0.0027969846302381878	0.0011145881124730694	0.0017604442175527325	1.837354827744596E-5	2.2584955406886238E-4	2.149742427036223E-4	5.213883260039091E-4	2.8172382096162485E-4	0.004455679580398261	0.010351817431149577	3.422492115120306E-5	4.377387018367794E-8	4.823920412809623E-9	1.1292435412228946E-6	4.395531433645098E-5	0.01301524502395872	0.012952698250897928	0.006538886252286154	4.523868927052866E-7	6.732367456339928E-12	1.931104130888287E-9	1.1369828044805441E-9	1.87343361308055E-8	2.4252828741907416E-4	1.4302458302841514E-8
5.753280040396734E-4	2.083705228443295E-4	6.096678788335756E-4	6.567460007886912E-6	4.0708890204126243E-4	2.1837718168654405E-4	4.4196315865813617E-7	8.392387206794577E-4	3.344269691049258E-4	5.282331076463191E-4	5.512970793168506E-6	6.775836095920285E-5	6.450643233217713E-5	1.5646120688736636E-4	8.453068167598623E-5	0.001336721072216025	0.0031055521919211263	1.0271398196155139E-5	1.3133505293079307E-8	1.4479602241984964E-9	3.3885029707173423E-7	1.3192156037231393E-5	1.877028250002397E-5	1.4134759929025173E-7	0.0032569496683363085	1.3573818091000398E-7	2.020028790538225E-12	1.4731655979271623E-7	4.931349232956546E-9	5.6211858779544505E-9	7.279282853870046E-5	4.291297168055557E-9
0.0018216856363090128	6.596591133185819E-4	0.0019301871757149405	2.079442499860436E-5	0.0012888077323480092	6.912727307050194E-4	1.3992232917845638E-6	0.0026571245671951262	0.0010588543905239952	0.0016724151892238397	1.7454799710640468E-5	2.1455620174621177E-4	2.0422469806468657E-4	4.953168905886153E-4	2.6763653891707896E-4	0.03499545711096536	0.009834186471408633	3.2513542555088495E-5	4.158500715692382E-8	4.5827057111783145E-9	1.0727769910820896E-6	4.175737839940221E-5	5.9419192190718386E-5	0.0	5.9419192190718386E-5	4.297657961681104E-7	6.395723011928887E-12	1.8345414459993968E-9	1.0801292612059835E-9	1.7797546774154215E-8	2.3040093383927697E-4	1.3587280000365163E-8
2.6761266709177357E-6	3.900275208906049E-6	1.12009116831011E-5	5.380686309804379E-6	4.082210880441931E-6	1.2572521700138418E-5	3.511768749549557E-9	6.421088850935738E-6	1.6584541538986536E-6	3.1825468605623157E-6	2.746754556312399E-8	1.9297503922604337E-7	1.2003336888009575E-6	5.2749544201879945E-6	8.600559987277409E-7	1.673287688133792E-6	4.703453603142641E-7	1.625515044679259E-7	4.191038106102401E-11	1.3574938101450347E-10	6.577507470131291E-9	2.6836790475613846E-7	1.7361704186659028E-7	0.0	1.7361704186659028E-7	8.07895535338106E-5	3.0295552448122002E-5	5.426794316691465E-12	1.9525256663707415E-12	6.6772136892746E-11	5.160267927069587E-6	3.708975154326911E-11
2.1030890109864203E-7	3.583352931984468E-7	1.1710687475814455E-6	1.266518868886973E-8	3.9125130370309857E-7	1.2631605074803353E-6	3.341877741428944E-10	6.762871189258965E-7	1.6739426439269858E-7	3.205141938033994E-7	2.738840672166914E-9	1.977050435341493E-8	1.2558495225635744E-7	4.873750670663667E-7	9.064154095062849E-8	1.5426368328283846E-7	4.515339982415185E-8	1.5590557550010038E-5	4.113244947029179E-12	1.8265789818174394E-11	6.04864185885581E-10	2.548675182187469E-8	1.6985257095077647E-8	0.0	1.6985257095077647E-8	1.5484719727483628E-10	1.0883565475468692E-14	6.793549770919605E-10	1.9015798254409589E-13	3.0402198852782675E-11	4.965075637190675E-7	3.916494703088319E-12
1.2389270379976138E-7	6.754326035980206E-8	1.8314187138427063E-7	2.1002150297712176E-9	1.1787324419193772E-7	9.369588298784912E-8	1.0361636519356497E-10	1.7064541827967245E-7	8.144129675785639E-8	1.2923775204116412E-7	1.3815884791942403E-9	6.1748452915854235E-9	1.9921580446018648E-8	6.159215681666153E-8	2.417038010817401E-8	2.7681568887500605E-8	1.203524242144315E-8	2.3149293157220927E-8	3.233362821141931E-12	7.042052359264858E-13	2.223302291432367E-10	3.103053858946183E-8	5.360712160424191E-9	0.0	5.360712160424191E-9	3.931378621802598E-11	8.423001908722314E-14	1.7408315793454237E-13	4.4378242006788294E-8	2.356682505206798E-10	4.042933284915851E-8	7.427093095118947E-13
3.1803499090477565E-8	2.484844298053185E-8	4.5679707687731724E-8	4.1644244747346907E-10	3.3435138637231256E-8	3.966067571365817E-8	2.9492960941319675E-11	4.280290133292662E-8	2.076254914450229E-8	3.3052310563423007E-8	3.534465561063488E-10	1.5912296888509737E-9	5.152242544940538E-9	2.65533229868881E-8	5.8547650529653065E-9	9.639777279091044E-9	3.35142678072506E-9	1.0703536226335972E-9	8.25330537326635E-13	8.300112368336005E-14	4.144055762078437E-11	1.5103638340160583E-9	1.3857727390979232E-9	0.0	1.3857727390979232E-9	1.0152224007514213E-11	1.3704643115312296E-16	4.280285846168156E-14	2.349121897773596E-14	3.8086787375387983E-13	2.0829771484811313E-8	1.8520183694599463E-13
2.1625413456131704E-7	3.225799208665258E-7	5.735367081053726E-6	2.395683448529921E-9	4.050617593792844E-7	6.713274935162131E-7	3.359839342783467E-10	5.58731959505293E-7	1.482012260828979E-7	2.8436192337586026E-7	2.470618954544448E-9	2.2505257967728288E-8	1.1711655216508755E-7	4.682337113827078E-7	7.385165805181577E-8	6.679111741220896E-8	3.626136108067342E-8	7.74963233601583E-9	3.815067065253047E-12	1.7829186213740597E-12	4.3179463420696585E-10	8.376965865228627E-8	1.6733258085736967E-8	0.0	1.6733258085736967E-8	2.0795185829347943E-10	4.817013403011469E-10	6.070945638077886E-11	1.7763553587607685E-13	1.3478146364768315E-6	1.4627983874630263E-7	2.157402413249129E-12
0.005169880563814375	0.00244282597884135	0.0069953590695472955	6.353212099681919E-5	0.005566581940512716	0.0017596439800889577	5.934602972217237E-6	0.05246692724245327	0.00860306142600406	0.01639846206028261	1.213639829485115E-4	3.3957139494434225E-4	7.308178753732065E-4	0.0017099727035766908	9.990736092777021E-4	0.0010295098139911575	9.779942352616075E-4	1.0953311510989934E-4	1.1600196815511158E-7	9.860498003816497E-9	3.3105393968392407E-6	1.457562733912419E-4	4.936300346514259E-4	0.0	4.936300346514259E-4	1.448439538507262E-6	2.071968698331817E-11	1.6715092609741138E-8	5.915297338709769E-9	5.7610718303600135E-8	7.357556744696249E-4	4.032749311777553E-8
8.14368500380011E-7	9.470831895867941E-8	7.711450348408659E-7	2.8071075056019106E-9	2.3748184539458832E-7	3.350325703867228E-7	1.954523146873822E-10	5.716858471268524E-7	1.5866206010041303E-7	2.747675217799311E-7	2.5386033346571865E-9	1.7761721056659E-8	8.400668286867815E-8	1.1333572572290215E-7	6.616632681856391E-8	3.876249241065835E-8	2.4261309951751654E-8	6.569855196286127E-9	4.7851266926614345E-12	5.154182554308821E-12	1.5695837879218374E-10	1.1601751454399825E-8	1.1656177896882379E-8	0.0	1.1656177896882379E-8	1.3036133653384014E-10	1.3799454063748395E-15	3.4167710475498293E-13	1.5678092368579153E-13	3.818638489517332E-12	6.714760736141104E-8	2.4221543822215507E-12
