32
NULL,munmap@__munmap,madvise@madvise,mmap@__mmap,lstat@_lxstat,openat@__openat_nocancel,fstat@_fxstat,time@time,open@__open_nocancel,read@__read_nocancel,mprotect@__mprotect,rt_sigprocmask@sigprocmask,exit_group@_exit,rt_sigaction@__libc_sigaction,sched_yield@__sched_yield,write@__write_nocancel,syslog@syslog,getpid@__getpid,writev@writev,close@close,open@__open,read@__libc_read,close@__close_nocancel,mremap@__mremap,stat@_xstat,socket@socket,fcntl@__fcntl,connect@connect,getdents@__getdents,lseek@lseek,getrlimit@getrlimit,write@__libc_write
0.21287526399123574	0.22569424599971757	1.30370596482173E-6	0.031281372215687955	1.5800518756448637E-5	5.536057254434933E-11	6.861162458950988E-4	0.007757574078716735	0.32848730293825545	2.52435667743214E-5	1.059168152832067E-5	0.07638540001863796	0.016352061147324133	0.030807520077327722	2.4907425134698176E-4	0.0038452403544940064	0.03306672133371716	0.027109659055822303	0.02020192220843945	0.005734537257919159	0.004481523374488303	4.1265000497254374E-7	0.0	2.1698317049860855E-6	0.002431909192400592	0.002200031980053004	0.0	0.002200031980053004	3.329282513236139E-8	1.2134032131746772E-8	1.4909953907822521E-7	0.0037624287407522906
0.15124867278639598	0.11998520828361538	6.333202209310072E-7	0.08586284480832698	6.925196543300705E-6	7.163693999726222E-11	8.871481913078736E-4	0.018493881917408958	0.0949771552159737	1.9811785666304957E-5	0.12005512058918923	0.044542766838412	0.013066379277251544	0.025059752886402564	2.1888546210594738E-4	0.002921806231819499	0.023894541429269316	0.033464993159943314	0.009025189083930971	0.005721232118913592	0.004672759308542464	6.707251075020139E-7	0.0	9.117973347252728E-6	0.001345391881164212	0.0023052040056757745	0.0	0.0023052040056757745	3.682281316675415E-8	1.295643144881019E-8	1.9852092131019155E-7	0.0049005583472165526
1.9713938863327877E-6	7.896664241259964E-7	1.0347828655864627E-11	4.565060396977148E-7	2.1207181212293748E-10	1.6405062436220523E-15	2.021212604852434E-8	2.0479170957910928E-7	2.149726617002356E-6	4.283290336306963E-10	2.1719248866543466E-10	1.1761078733621345E-6	3.9902668815579286E-7	6.635566194705973E-7	6.4132672895677545E-9	5.8895204881465106E-8	2.3973181392681197E-7	4.338283426628919E-7	1.8263092219524853E-7	1.358541029050124E-7	8.73771783876656E-8	1.493323942491781E-11	0.0	4.505703776393953E-11	3.7535150428573095E-8	4.218212561524953E-8	0.0	4.218212561524953E-8	6.409696013223777E-13	3.1960482948257926E-13	4.52431426054075E-12	7.661846734050434E-8
0.011954251404886327	0.2257384360396351	3.473209631392791E-7	0.215043611144681	5.624718146365425E-6	3.25793621099466E-11	6.523341567730756E-4	0.006094764822429154	0.025864424868879375	8.788133738751652E-6	0.06431794439743695	0.03436380509172256	0.009833448878314237	0.018827662648522918	1.6367311874253894E-4	0.003609521967237022	0.03435552148731141	0.00964096288636868	0.03887826032823396	0.006163043424527761	0.007554140272349658	4.4925682676852185E-7	0.0	1.5364857309501329E-6	0.002818617377138341	0.0038504655518075337	0.0	0.0038504655518075337	2.7052095274257248E-8	9.572193771013175E-9	9.030516305327086E-8	0.002421311135129414
6.342793774419306E-7	5.680703748341635E-6	2.799864194918875E-11	2.308189951568068E-6	6.662223543564808E-5	2.4983171707370715E-5	1.5801737289219963E-7	3.497419345156486E-6	5.190508157115072E-6	7.065980744651602E-6	1.53689825013244E-9	2.64228181766961E-6	9.491233755709471E-7	1.8238309587110158E-6	1.6556600702892823E-8	1.4367716333804334E-7	5.674448445278134E-7	5.237574262711887E-6	4.3040017054239683E-7	1.7550324922959845E-6	4.89742683857638E-7	3.065062919061499E-11	0.0	2.9594525971879025E-9	2.439736886935824E-7	1.8124390029511294E-7	0.0	1.8124390029511294E-7	2.909850846187688E-12	1.0434227467776571E-12	1.1677427024105316E-11	3.1480822703947553E-6
5.6283069413629495E-8	5.102768756973358E-7	2.462725048655366E-12	2.0547202250473452E-7	4.6321239206054936E-11	6.849381880028818E-15	1.28580514374909E-5	3.028638935843939E-7	4.1910668389855435E-7	1.3312716882887544E-8	1.3751603139852778E-10	2.3217233827701234E-7	8.359123331490498E-8	1.6084961019250132E-7	1.4597770642876548E-9	1.275043886969219E-8	5.0689553009870845E-8	4.6993898979977796E-7	3.7252487930102806E-8	1.5487341410477835E-7	4.3434733868242026E-8	2.6925657717563083E-12	0.0	2.637798304445083E-10	2.1243709238331055E-8	1.5996887883965835E-8	0.0	1.5996887883965835E-8	5.489602724566864E-10	9.221838474968005E-14	1.9149662783129754E-11	2.826554173370045E-7
3.437419051117387E-4	6.639996602644302E-4	1.563629926033465E-8	8.109917154897573E-4	1.9486034162154524E-7	4.122733216761567E-12	4.627314111930114E-5	4.2669596820558585E-4	0.0012475944785748296	6.022186591626877E-7	5.323362286507231E-7	0.0019054222485852341	8.496907223422671E-4	0.0015866514694162046	1.5105849487848246E-5	7.864028767953889E-5	1.3888276633060566E-4	5.660909703332581E-4	2.898828384758383E-4	4.5220988809212514E-4	3.126018749709149E-4	2.9045036917157132E-8	0.0	1.103283567614882E-7	4.834287244052248E-5	1.5537944447030253E-4	1.1710858541974369E-6	1.5537944447030253E-4	4.417141034038439E-7	1.4700817358098356E-8	1.1494856355986628E-8	1.9691414773340704E-4
0.009061577288484616	0.007288741461861547	3.73634658894364E-7	0.041084519965254425	9.659320967140078E-6	5.935040093330228E-11	7.774063892871518E-4	0.008399164675614542	0.10883750476531187	2.949725469493865E-4	1.1106436132142421E-5	0.043686952514491	0.01547407764307675	0.029797916129712432	2.695644834272692E-4	0.00242814628028207	0.008692796796832054	0.03092390573254963	0.006197199105419188	0.006572121436874089	0.005875964549763741	5.468570033122977E-7	0.0	1.871450848504218E-6	0.0017048541052401632	0.0029367323869945506	0.0	0.0029367323869945506	4.7621327137075827E-8	1.697823825061909E-8	1.6289371125257838E-7	0.0031224181680357174
0.08691588045270447	0.03839225253979938	1.936152704166407E-6	0.18097669989813897	1.5876332924041873E-5	2.6147650038766975E-9	0.0034427960779058846	0.01807370294046005	0.1855751311393276	0.08864793080882603	3.424360174086538E-5	0.10282321658563297	0.02457035391107958	0.0463095794115059	3.87249944477697E-4	0.011880619600614768	0.3844670969960259	0.03293165560740797	0.011005032260138235	0.009541085992260662	0.007204106759856756	8.959256975291013E-7	4.3953535361687066E-4	3.906658981084066E-6	0.0031198116738815496	0.0035227571233030865	0.0	0.0035227571233030865	5.606662564914775E-8	2.027713040631522E-8	6.885001272798379E-7	0.007090368264574141
0.0013127148121823647	8.162852852079733E-4	4.4716566378483434E-8	0.002994472703189577	4.122944759004653E-7	2.0783461065744898E-9	8.843588548853627E-5	9.093598600061755E-4	0.0032904530314530824	3.3496351481369804E-4	1.2409074284044353E-6	0.019815719076495365	0.003467076262473882	0.006585387888406292	4.914716423562896E-5	0.042049428323462944	3.0660456338175524E-4	0.0012351810332759557	5.013828201601466E-4	7.403732594180685E-4	6.78228828564687E-4	6.26306523835591E-8	0.0	2.1028526168809285E-7	1.0034241616153723E-4	3.394621868012719E-4	0.0	3.394621868012719E-4	6.004169334754218E-9	2.0184507531769766E-9	4.658017568872694E-7	3.687051451799814E-4
0.0016628458125157583	0.09415825791762703	1.0059913881657208E-7	0.03022057900958684	1.603416728184517E-6	1.459064814531763E-11	3.715187526105407E-4	0.0033677726919239077	0.00699744761062664	5.383091150898532E-6	4.675127197456348E-6	0.009700376902568957	0.0040332890407420155	0.008005239717569078	7.31848185585855E-5	3.7758174076027955E-4	7.78032753675907E-4	0.005076854275783518	0.0011263326526450858	0.0019122648711014862	0.001697427566783137	3.4197339397461047E-7	0.0	6.405575075474134E-7	3.8106471843030247E-4	8.454603621021498E-4	0.0	8.454603621021498E-4	1.485747066949998E-8	4.972238482173346E-9	4.0618444003667874E-8	0.0010095568709072395
0.05172074571866353	0.029260489214930636	1.4889219957602514E-6	0.046259091658506314	1.4333288347017173E-5	2.427037959460872E-10	0.0029688826651910662	0.030005527174419542	0.0917977412048129	4.845425806387162E-5	3.2240078300025585E-5	0.11914851419216639	0.16478066794839538	0.29952212929217936	0.002058019589362097	0.01017501614385594	0.010077159592366035	0.04332085821883111	0.019219351524699904	0.0182246028371383	0.014316570946526568	2.26057244106781E-6	0.0	4.999458162061223E-6	0.0033355458330954803	0.007088722119578686	0.0	0.007088722119578686	1.1288281358120059E-7	4.819475835377659E-8	6.762490027182359E-7	0.0080438056147904
0.05379876308510526	0.025373115848146142	1.2187361389178878E-6	0.030582294192703637	8.63106447478707E-6	1.2868358865412517E-10	0.0015642996113432032	0.01551410059097524	0.06674086891506278	3.2293042505253587E-5	1.6929294267933134E-5	0.07435849134967201	0.017405519808828606	0.03159069512881806	2.670722888705697E-4	0.009882645107505814	0.0072461039551240105	0.02611274990780265	0.011958713202168975	0.006683737508502097	0.0048569457591992535	1.1045879690062933E-6	0.0	2.7034731307311162E-6	0.002035107053085143	0.002375824891252779	0.0	0.002375824891252779	3.324200165562124E-8	1.2864736309964019E-8	3.5803362544684355E-7	0.004425975310273504
0.04972528033895361	0.02530646559112246	1.2707986031983496E-6	0.03520177276460848	1.0255909933375116E-5	1.623123288050568E-10	0.0019832235748739485	0.020096045926741767	0.07350585572643173	3.619481306858719E-5	2.2988701025187733E-5	0.09267413427698437	0.167606423441431	0.12693432559733198	0.0028542601295584377	0.009386697134554981	0.00801765596014777	0.030967690163528155	0.01392330910647062	0.011379739762758474	0.009560270702807563	1.4429098999103588E-6	0.0	3.4064289221782854E-6	0.0023937538675333995	0.004757225584337053	0.0	0.004757225584337053	7.474419810626064E-8	2.853377352781101E-8	4.5190474668106386E-7	0.00553233764067902
5.423553629788252E-4	2.7005899890890974E-4	1.3262009974965724E-8	3.587195834377411E-4	1.046621885865743E-7	1.642249526262001E-12	2.002376081842942E-5	2.006495805672702E-4	7.563450514699263E-4	3.7602479172061854E-7	2.1991697480433286E-7	9.00598118699263E-4	0.001846995813412312	0.0013142167012722954	0.0010050825349068586	1.0159600505758897E-4	8.243128169121065E-5	3.1643482311862717E-4	1.430540830601463E-4	1.0334317132013683E-4	7.996152578224416E-5	1.4581499859222662E-8	0.0	3.427699853365421E-8	2.4533976388201292E-5	3.945870656273629E-5	0.0	3.945870656273629E-5	5.98026149474622E-10	2.40542794498857E-10	4.5719371813328465E-9	5.572098353596993E-5
0.002377143945211324	0.0014511634650622332	7.078020960955678E-8	0.0036394351829231657	1.710885950000901E-6	9.49519464395037E-12	1.1676330423054525E-4	0.0012396011055245833	0.11210558206037548	2.955706549552304E-6	1.7913110337784436E-6	0.022743720991955377	0.004137637701573136	0.00784065321080251	5.954458347308251E-5	0.04233571562661928	0.0029089124984914044	0.0031938661957179987	0.0036689607373229564	9.93220469494184E-4	8.890978306160674E-4	7.71226986691097E-8	0.0	2.8758883735008757E-7	2.821892355110217E-4	4.438582591984494E-4	0.0	4.438582591984494E-4	7.148204696152699E-9	2.541745395224748E-9	2.5981306453191887E-8	4.965107999735885E-4
0.03371690643580643	0.015280705192682693	8.72052104642011E-7	0.023614997120765084	4.289390071477757E-6	4.8549826898873745E-11	7.737218726135141E-4	0.014244519165396971	0.042700697045585934	1.2271251574565623E-5	2.4709420355751038E-5	0.08130263272780658	0.018781191832868464	0.0359761899767677	2.957545972054287E-4	0.010578262262512106	0.004532900496241596	0.013189684452494832	0.0048592236555818165	0.005427024997965851	0.0052151376486361785	5.911141425352344E-7	0.0	1.372443673678965E-6	9.680629815710715E-4	0.002624536418001186	0.0	0.002624536418001186	4.430065753702702E-8	1.5641781681457996E-8	1.347730706735962E-7	0.0022176304421676414
0.008585822785938122	0.042439953320978184	2.727426429333298E-7	0.01249913834255686	8.51048754166159E-6	3.894804292121836E-11	6.350273423883205E-4	0.08609869678688273	0.025926471513675817	1.4078267762769834E-5	7.530669621473355E-6	0.029672948657289613	0.010226693859199781	0.019658711868282254	1.7713074812467046E-4	0.0020474293239461025	0.012722737136368728	0.008366385384373945	0.0949200024080054	0.009780690896755335	0.014686629589033919	3.17898098923071E-7	0.0	1.5948245992406752E-6	0.005835250344496055	0.007585602433262722	0.0	0.007585602433262722	3.0846684433983415E-8	1.1047320758966527E-8	1.080567209454442E-7	0.0024380100218241475
0.007171278921398364	0.004870272485904127	3.028433193218288E-7	0.00985422547048294	2.9569050750805455E-6	5.016552162549548E-11	6.239653754750935E-4	0.0067517219795919904	0.01942857679614559	8.880902091591665E-6	9.49057809220475E-6	0.036140263531383936	0.015085158816401602	0.029724672621227934	2.728757960600709E-4	0.04358569270851648	0.002132766883210867	0.008817787034250112	0.003778437140257652	0.018865485671802636	0.037123878338093684	4.621619151592009E-7	0.0	1.0888545727491227E-6	6.655921101563101E-4	0.01942832374514724	0.0	0.01942832374514724	5.27093166600107E-8	1.8340155127570385E-8	1.3977021261881314E-7	0.0017565019618921316
0.007113225500262256	0.004264264007878847	2.0848535519822773E-7	0.006138171047289555	2.2809248193504933E-6	4.0899385885897113E-11	5.059863675321583E-4	0.005008304814497315	0.012591562379220935	7.133867546682897E-6	4.6437324578072635E-6	0.018137426600052495	0.009055407321834156	0.01364075531348055	1.4822705240584867E-4	0.00200565709585671	0.0013877545030929828	0.006834416149184124	0.002955170559801113	0.012477542704520268	0.028600439497239373	4.189561546127663E-7	0.0	8.276993243726408E-7	5.238046134351924E-4	0.02311013627024237	0.0	0.02311013627024237	1.0717850175696248E-8	7.210026283410751E-9	1.1405807490498499E-7	0.001323703666217362
0.006455669045620886	0.016783036440149147	2.0312593069595975E-7	0.007807664094694804	2.454308050178138E-6	5.413592491746639E-11	0.003952635487940966	0.00814911420250835	0.017816423598933113	1.1354652802208803E-5	5.207156673821354E-6	0.018490851323508577	0.008860721109803061	0.014286803796750618	1.4857761873812895E-4	0.001669539123919408	0.001947749877722298	0.012440904476732097	0.00295133547062257	0.028165082263365473	0.004397920393398471	3.7984798383759175E-7	4.3953535361687066E-4	8.249718037413944E-6	8.353153987361107E-4	9.64761492313725E-4	0.0	9.64761492313725E-4	1.5190480964553584E-8	7.912969960517902E-9	1.509751343583459E-7	0.0033884505575955577
3.184439340217831E-9	6.643600031968519E-6	1.3513856697191474E-13	6.230637942100099E-9	2.557849556665193E-12	1.0663470957972649E-16	5.943964955281767E-10	3.782514688082198E-9	1.7094830709873462E-8	5.098655911173032E-12	4.723990988028012E-12	1.5730885271502518E-8	6.585725581846776E-9	1.2574398392356094E-8	1.1732621877857512E-10	7.839422457346666E-10	2.3916713310070016E-9	6.148338059058696E-9	6.787950366815245E-9	3.664973217180856E-9	3.1247314974892098E-9	2.1577164635682117E-13	0.0	1.50028708710471E-12	7.926380088280282E-10	1.546694868546361E-9	0.0	1.546694868546361E-9	2.089239444480959E-14	7.594350173811725E-15	2.9772768550485507E-13	2.5169112266287006E-9
4.888236190509346E-6	4.2976730749028566E-6	2.1941548570832107E-10	8.381808472822883E-6	2.68963182379015E-9	1.630110095420548E-12	2.9756704121579753E-4	6.26045856726245E-6	1.5937281564342076E-5	4.344146795954992E-8	7.124122194797805E-9	2.424657845680842E-5	1.2113726409022017E-5	2.1969143786487216E-5	2.1550179193091378E-7	1.1066201220468408E-6	1.7696100552746237E-6	8.350755993486104E-6	3.4192412995771105E-6	4.689858693908208E-6	4.091036490028365E-6	4.4521152912915386E-10	0.0	1.2491818187477346E-9	6.259124085670832E-7	2.044973260233309E-6	0.0	2.044973260233309E-6	3.444452811326454E-11	1.354267743212481E-11	4.560587330022557E-9	1.8587247824424417E-6
6.68508527444272E-7	4.839124728653002E-7	2.3729063163403504E-11	2.1329043793786642E-6	6.8111187861956E-10	4.647692841058167E-15	4.3362518814107004E-8	6.427184012101937E-7	5.727287650665933E-6	1.1990925512125281E-9	9.698476707679943E-10	3.6752505793973387E-6	9.747761075110637E-7	1.8280371107384065E-6	1.5757195584218578E-8	1.696561195309666E-7	6.920169423114563E-7	1.2550341947119024E-6	3.7165031335145736E-7	3.691120432614215E-7	2.970080915726069E-7	2.776262360640546E-11	0.0	1.2829582610634034E-10	1.124430253346217E-7	1.4649600848947116E-7	0.0	1.4649600848947116E-7	2.3232097154036443E-12	8.623745927083676E-13	1.2766925171025715E-11	1.1560189986306124E-5
4.1396629735521027E-4	3.6375845650779586E-4	2.639475529427559E-8	0.0020570421264593064	2.8643591038213807E-7	9.600135391526003E-12	5.3488495543159824E-5	0.001198297277895322	0.0024878978764627723	7.921738048933878E-7	1.8581231479842953E-6	0.002215765960435015	9.139226902812782E-4	0.00175392090719197	1.628682031695895E-5	9.760063066557868E-5	2.7160510405639123E-4	9.559467815222676E-4	2.993838412770589E-4	3.6551066359293927E-4	3.471045329938182E-4	4.008083271721537E-8	0.0	8.899567128179313E-8	6.733272758631945E-5	1.7457312594880854E-4	0.0	1.7457312594880854E-4	2.9347985067015516E-9	1.0576897178336269E-9	2.6786138382605808E-8	1.3370416415205166E-4
0.0016174198963210585	9.696176333282841E-4	4.7405850315888675E-8	0.0013957116580873453	5.186420005240358E-7	9.299799316380032E-12	1.1505237527826697E-4	0.0011388001334912455	0.002863097769420761	1.6221155493741921E-6	1.055902417046828E-6	0.004124126681808952	0.002059039466740246	0.0031016661387359423	3.370421203437321E-5	4.5605034812511077E-4	3.1555075003581617E-4	0.0015540255290349906	6.719536124647798E-4	0.007923464800096286	0.01769850318961968	9.52632413716494E-8	0.0	1.8820421618139216E-7	1.1910391961178593E-4	0.02206876400322683	0.021906699659846388	0.01111539785879378	2.4370490862423417E-9	1.6394326397077715E-9	2.5934795485167354E-8	3.009868387958777E-4
4.8524417357334154E-4	2.909275169651561E-4	1.4222736683904468E-8	4.187720533181737E-4	1.5560361395912703E-7	2.7900925685783725E-12	3.4519910342346094E-5	3.4168586421319834E-4	8.590160926205949E-4	4.867306662553513E-7	3.168225602633274E-7	0.001237340919243429	6.177551168836475E-4	9.305853339955416E-4	1.0112048278513188E-5	1.3681912709577674E-4	9.46749740750375E-5	4.662603477632144E-4	2.0159866014271734E-4	0.0023770599705437295	0.005309559122120622	2.8580322398774703E-8	0.0	5.6489555193817164E-8	3.573738778104285E-5	4.8628306877090724E-5	1.1656203833034055E-7	0.005525311379093621	1.2173767770832426E-7	4.277166303144821E-9	7.780863423293183E-9	9.031746547815133E-5
0.001536542637926076	9.21132996745419E-4	4.503537421741059E-8	0.001325920670185703	4.927078920180858E-7	8.83477333639602E-12	1.0929931096546731E-4	0.0010818557167284089	0.002719931793390517	1.5410034901422877E-6	1.0031032071337885E-6	0.003917904376730982	0.0019560795196196497	0.002946570820366175	3.201887091058493E-5	4.3324606462993956E-4	2.997719905402603E-4	0.0014763182345037167	6.383533296511645E-4	0.059555537973313165	0.016813509491367822	9.049971038907453E-8	0.0	1.787932765374878E-7	1.1314826239240329E-4	1.5396049860518857E-4	0.0	1.5396049860518857E-4	2.3151871942762544E-9	1.5574546588974672E-9	2.4637955276483228E-8	2.85936331262149E-4
3.393672831142032E-8	5.379699885156425E-8	1.3386792905086192E-12	6.53869774871875E-8	2.2176425142292474E-11	6.830546784805658E-14	2.178608665430977E-8	5.759464920033166E-8	1.296378206721007E-7	6.646041858217327E-10	4.344028072638124E-11	1.1605022118239108E-7	7.457085338249222E-8	1.1283466035748126E-7	1.2589584438270055E-9	7.974634489061527E-9	1.4780526994342983E-8	8.198490848488847E-8	2.7163091427350736E-8	3.657478951675845E-8	1.5689507996443615E-8	3.555485377189407E-12	0.0	1.1469744979810314E-10	3.59522712144991E-8	6.9993106619814185E-9	0.0	6.9993106619814185E-9	1.1401909094597989E-13	3.659642627006778E-8	1.9111638778143445E-10	2.591195365233112E-8
9.191399390163341E-9	2.7701888044207748E-8	3.676042437920189E-13	1.996333888497575E-8	6.09684463617421E-12	9.474038824642541E-17	1.5696142665388215E-9	2.2358020482360114E-8	3.743952743027048E-8	2.080942455024423E-11	1.3348288426497865E-11	3.1015206645982785E-8	1.9373678960733715E-8	2.9541437377656015E-8	3.2719084654492763E-10	2.132976815315411E-9	4.3588820782595734E-9	3.28170256036511E-8	7.051919883109107E-9	1.1907181131031113E-8	4.390044412171993E-9	9.143313190615146E-13	0.0	1.2968892972575218E-11	1.8786301411647885E-9	1.8639752758167777E-9	0.0	1.8639752758167777E-9	2.8248196802678775E-14	1.7111584757411575E-14	2.638102018311633E-13	1.4677056927704593E-8
9.173487674241263E-8	4.5621736221782204E-7	3.480975954528885E-12	2.881018791148066E-7	1.0767510058549782E-10	3.912436936645105E-10	8.74843215878676E-9	2.943984877271645E-7	4.752267397987407E-6	2.0015358967927865E-10	1.717354227917934E-10	3.5991955141343776E-7	1.1393314913565135E-7	2.1723501888010854E-7	1.9334766999666183E-9	2.4700042861442665E-8	1.0977997670489697E-7	5.149025061759751E-7	6.486595629404548E-8	7.188034269208057E-8	4.453740850677455E-8	3.5924713927249553E-12	0.0	1.5671195620345855E-10	8.983627141138182E-8	2.1065180908663195E-8	0.0	2.1065180908663195E-8	4.923018312232002E-11	1.1627923136191523E-13	1.0947114814816571E-6	7.136173888731498E-8
0.0021172641734850087	0.0013839740802101517	8.021906560051393E-8	0.0029479562252746295	8.237396494890449E-7	1.3636678009623533E-11	1.7475405709205743E-4	0.0019004717040150172	0.0053334444807594346	3.3863194723208108E-6	2.3262877151787118E-6	0.04168785884011643	0.00732116284092688	0.013865063242817728	1.0375975203241026E-4	4.4028242479280793E-4	5.831091630416291E-4	0.0024207216224357464	0.0011870413111656993	0.0014460174536717882	0.001420158518838502	1.2287065692837568E-7	0.0	3.0263544244601864E-7	1.845517931202224E-4	7.175333544821463E-4	0.0	7.175333544821463E-4	1.1956619933277359E-8	4.244932529686364E-9	3.7990135496718674E-8	4.94641511002481E-4
