32
NULL,time@time,open@__open_nocancel,read@__read_nocancel,mmap@__mmap,munmap@__munmap,mprotect@__mprotect,rt_sigprocmask@sigprocmask,exit_group@_exit,rt_sigaction@__libc_sigaction,sched_yield@__sched_yield,write@__write_nocancel,syslog@syslog,getpid@__getpid,writev@writev,close@close,open@__open,fstat@_fxstat,read@__libc_read,close@__close_nocancel,mremap@__mremap,stat@_xstat,socket@socket,fcntl@__fcntl,connect@connect,lstat@_lxstat,openat@__openat_nocancel,getdents@__getdents,lseek@lseek,getrlimit@getrlimit,write@__libc_write,madvise@madvise
0.8674050806641782	0.010592775463506494	0.015548061553209843	8.954852206090363E-6	0.022414185506481325	0.0023506164247226844	2.5594848368669365E-5	0.03000319447145855	0.011318247395929452	0.021560609131838368	2.0497178296412734E-4	4.236111201246006E-4	0.0016059267781981471	0.003174076352777648	0.0017332978407867137	0.001633445334606367	0.00142105236146487	1.865930090234065E-4	3.931344056866407E-7	2.6822196890184984E-8	1.7012343054288506E-6	2.698586813631378E-4	7.089762958306917E-4	0.0	7.089762958306917E-4	5.092708870953332E-6	6.451303294473673E-11	4.966651907698924E-8	1.849364072215715E-8	1.7917364445088847E-7	0.002427079587422117	1.9125110754958295E-8
0.003725485460758857	1.5577565830990933E-4	0.007772822045035326	2.0408328593678754E-5	0.004932571421334129	1.4907462611646316E-4	5.113562604467918E-7	9.54287733060533E-4	2.0676589197123958E-4	3.922244219834068E-4	3.3015920767543454E-6	2.2162304677877165E-5	1.1760060031659679E-4	4.750215089940714E-4	8.280385458211366E-5	5.0793668956468906E-5	2.723841400496766E-5	6.330590024441621E-6	1.0407704970849187E-8	1.194110782130691E-9	1.0355064242785839E-7	2.3790357149358733E-5	1.2515169191924098E-5	0.0	1.2515169191924098E-5	4.758593383657589E-7	1.63238783942755E-12	6.54903189429968E-10	2.3835945551324757E-10	4.39632694062898E-9	1.5024212203501082E-4	4.838095206229025E-10
0.00917114596324304	5.515855063434982E-4	0.008930730535316934	0.0030152242705894063	0.006362410655409017	6.630037886098672E-4	3.2468644551917146E-6	0.0030930870481983177	5.577218832175426E-4	0.001011208331107856	8.139917098130823E-6	2.400971085914304E-4	0.009144401537304052	4.373232854585637E-4	2.162118691613218E-4	1.9344973532660727E-4	6.0493295641084644E-5	1.2858368665756836E-4	2.6071535131693186E-8	1.1046451034503568E-5	5.066624900779542E-7	6.336621065253815E-5	2.311422118714035E-5	0.0	2.311422118714035E-5	9.5501992284019E-7	2.765917680719718E-10	1.1146063334550155E-9	4.4895534195877076E-10	6.633443546424323E-8	8.793933720238673E-4	5.841209710286452E-9
4.520825577805463E-4	2.198750728210127E-5	1.4684478226887203E-4	6.75210179315377E-5	3.714834714625838E-4	2.150974870328165E-5	6.911715940287783E-8	4.594668373471333E-4	6.23421697765264E-5	1.1760231871761743E-4	8.083647276383051E-7	0.0010241007044832777	5.717630106605385E-6	1.2406204872828866E-5	4.963448301969195E-6	9.867143505917414E-6	3.185552011144477E-6	1.0930767637216687E-6	1.06953449760352E-9	2.0451117392715369E-10	2.5439782920095433E-8	1.761874536267277E-6	1.2396931641779963E-6	0.0	1.2396931641779963E-6	1.950806923073107E-8	2.213653000871267E-10	1.0869152982712012E-10	2.9556225904121106E-11	4.8087231093746665E-8	3.905506268650169E-5	6.434685967081951E-11
0.006980206580635563	2.6900037785351414E-4	0.0013687627898666336	8.690032612864221E-7	0.04141230572858933	0.03996621409848906	0.012728839037087825	0.0015581166396458114	3.558610668249782E-4	6.699201732414926E-4	5.749784285357498E-6	8.716061220576977E-5	8.998414230128482E-4	2.0283144883613476E-4	8.842487153965965E-4	1.0790836595964568E-4	1.3054808273809827E-4	1.2304220281513898E-5	2.2443817669112178E-8	6.657865347390142E-9	1.3494637373547564E-7	4.2299198305103407E-5	6.603323032647805E-5	0.0	6.603323032647805E-5	5.511202877763176E-7	2.7110706562156395E-12	1.1524243873722754E-9	4.232319611941088E-10	7.460616194766263E-9	2.120245760521276E-4	2.8596946554067498E-9
0.011356396058418336	6.916966278445361E-4	0.0013863421946906972	2.8182813162705556E-6	0.014782372949583041	0.012455246071107947	0.02376004647822492	0.002065061933298556	5.330849135080786E-4	0.0010153932976488121	8.954621620593146E-6	6.73531454891155E-5	4.937975416303237E-4	6.865695663910644E-4	2.2525278722758827E-4	1.1943007698923514E-4	7.474452294945991E-5	3.2682665609190814E-5	3.763084780225234E-8	4.961785073465088E-8	9.713241954743909E-7	2.602179854161217E-5	3.520925934342704E-5	0.0	3.520925934342704E-5	4.834818489958029E-7	1.1305062009141584E-11	1.9955002683200145E-9	7.164006600925859E-10	3.1516157190526545E-8	6.510027746906613E-4	2.3565334971674765E-9
0.007095327290154254	2.3560422906138264E-4	5.52005029336506E-4	4.337399252923596E-7	0.005835496959890481	0.018342600297538276	9.315268620458337E-7	8.169846305277143E-4	2.820140172034345E-4	5.440337005125366E-4	5.0632863218752986E-6	1.1961247640034597E-5	5.6770129666844814E-5	1.3363310343342992E-4	5.2980194499566305E-5	5.245521694885685E-5	3.7171894747525576E-5	9.270662030233537E-6	2.5508459306500705E-8	7.461765578201462E-10	8.185990278459327E-8	1.1535257602055193E-5	1.7978707514348052E-5	0.0	1.7978707514348052E-5	2.2147011233428406E-7	1.7035213636666645E-12	1.2934442876045525E-9	4.556948663226983E-10	4.7226287859172735E-9	1.1827855071255648E-4	4.757842408667301E-10
0.03238244506150351	9.728502697648782E-4	0.002278306120175077	2.165860891144583E-6	0.0030304624662181364	4.1384068993451925E-4	3.006175589856066E-6	0.00655806897422183	0.009537061692959658	0.017717100829962352	1.1118057277920623E-4	1.9031051841080868E-4	2.408920184340725E-4	5.868876142843969E-4	3.3089098282572556E-4	2.0059457683028732E-4	1.2790891890514082E-4	3.878476800233267E-5	5.900136471095837E-8	1.3286522541141747E-8	2.968149605596593E-7	5.8742568052357215E-5	6.136220078723215E-5	0.0	6.136220078723215E-5	9.712902071473404E-7	1.4233450234825598E-11	3.5403932028970365E-9	1.5900573237707637E-9	3.955092370473341E-8	4.7833086407197305E-4	3.720029686807417E-9
0.018740099586254312	6.689702053687443E-4	0.002227179739278694	2.3762230520164354E-6	0.00289878345916147	3.995646370055944E-4	2.7103411412557004E-6	0.007469618877368986	0.0011960997376079965	0.002148315446725402	1.6469369808526105E-5	2.5013011294821425E-4	2.3651658812513996E-4	5.977851410691396E-4	3.368874875369264E-4	1.4776007872130487E-4	8.137260151065217E-5	3.864368194994047E-5	4.346337011552256E-8	1.7771814474380705E-8	2.7786457875643103E-7	6.312072656669458E-5	3.796040679601739E-5	0.0	3.796040679601739E-5	9.816163609192566E-7	1.4348846326061311E-11	1.6178726019038552E-9	7.313460758171633E-10	3.984709375476052E-8	4.770443677020128E-4	4.33113605688644E-9
0.023001881110056143	7.741091795596871E-4	0.002151826637118911	2.1330595287103787E-6	0.0028181974436294146	3.8060065106591584E-4	2.7588284160609397E-6	0.006747274835028828	0.01103178492353538	0.007234449529678894	1.8936426105951366E-4	2.09480911349025E-4	2.276405446696589E-4	5.564054794379804E-4	3.14415155835109E-4	1.6484058702285106E-4	1.0521860791836618E-4	3.6082295835500205E-5	4.62898056112032E-8	1.4786793883393753E-8	2.6762423745161385E-7	5.739025941332858E-5	5.03800716109853E-5	0.0	5.03800716109853E-5	9.170867275190972E-7	1.3309704005725886E-11	2.704426203118683E-9	1.1272511234190047E-9	3.69674538424954E-8	4.46428836770157E-4	3.850972404673169E-9
2.278090098039817E-4	7.640788505206923E-6	2.2570928092358454E-5	2.3217114137925914E-8	2.9553390463045658E-5	4.051967394409386E-6	2.8224390827452987E-8	7.2482653597766E-5	1.2429170282135573E-4	7.930088473652592E-5	7.283699221407173E-5	2.3341167342763993E-6	2.393128296028298E-6	5.9680864390995155E-6	3.365039664017052E-6	1.6453272116269432E-6	9.690231511733379E-7	3.879052553450516E-7	4.804063386634877E-10	1.6514882251697527E-10	2.8431241502305225E-9	6.206525249690921E-7	4.5798637732591326E-7	0.0	4.5798637732591326E-7	9.822819295244428E-9	1.4350942136594766E-13	2.251970691724878E-11	1.0002144176843628E-11	3.9859403500551347E-10	4.789171864540804E-6	4.174139147191412E-11
4.941273391381865E-4	2.1363164301065058E-5	0.00254007629366977	7.985686725420752E-8	7.46615829658097E-5	2.0175510187888433E-5	7.728436674450878E-8	5.398026899145514E-4	7.24935157403736E-5	1.3643376135501694E-4	9.326543637005586E-7	0.0010272796032594837	4.85868249308268E-5	2.961719898285079E-5	7.219246716753478E-5	7.227124561376681E-6	3.817344838206206E-6	8.923004214647597E-7	8.759941178574615E-10	3.752050540004365E-10	1.5272387297183346E-8	3.841224279943839E-6	1.7383955762649254E-6	0.0	1.7383955762649254E-6	7.93789924410096E-8	2.663538418377009E-13	8.73281609557109E-11	3.25413275442715E-11	7.153078794577355E-10	2.381873980214052E-5	1.0459907936866428E-10
0.004149797271994825	2.8699921833405214E-4	5.733911115885354E-4	5.885577239484718E-7	5.999830550533663E-4	7.729821812378988E-5	1.4313600136520496E-6	0.0018145468362625683	3.021161284353642E-4	5.560780283291857E-4	4.29741496983295E-6	2.3325421561110965E-4	6.0293871738221485E-5	1.0933730084251519E-4	5.76749621603907E-5	3.146681415666221E-5	1.94879245505226E-5	7.860503682806207E-6	1.040386319513419E-8	9.243888442708054E-9	5.451479907450595E-8	9.598102119834399E-6	9.264419952536531E-6	0.0	9.264419952536531E-6	1.853731776018342E-7	2.1332171794040615E-12	5.526896882509808E-10	2.21861513303508E-10	5.914572366132582E-9	1.2848463252078594E-4	2.062852649047284E-9
0.002005159055123563	0.0020641763196492524	5.037093364777629E-4	4.859310015024096E-7	2.9978498975188206E-4	9.017208838414493E-4	3.327043950027663E-7	6.154889574596374E-4	1.2505420012925945E-4	2.3578220623379358E-4	1.949365875807301E-6	3.116683293637311E-5	2.641724054516472E-4	8.906303175032058E-5	0.002001100737841653	1.3065905539085654E-4	2.462371284319733E-4	4.691745200969569E-6	3.560571438495331E-9	1.8141206290886557E-9	7.15649724564243E-8	6.354503707216015E-5	1.290346351219872E-4	0.0	1.290346351219872E-4	5.485122597446664E-7	1.1850524148260263E-12	3.5355467967845473E-10	1.326112223345827E-10	3.239080008853669E-9	1.0001935957885338E-4	5.560699819666333E-10
0.002739479233931192	9.097086452821785E-5	1.8200274246883255E-4	1.2214001828184833E-7	1.9956520299666927E-4	4.436407305589368E-5	2.820363294180387E-7	4.061788383776372E-4	1.297510624577988E-4	2.532405668340231E-4	2.310203786907936E-6	0.0010384914645000828	1.8740605659878922E-5	3.2604787588319616E-5	2.0246984026151692E-5	3.278118325786716E-4	7.707740479697571E-4	2.1528006583489594E-6	4.073700041336456E-9	8.276596620178047E-10	1.8373358112438135E-8	3.0189069106689636E-6	4.07644385999311E-4	0.0	4.07644385999311E-4	5.741248045938455E-8	7.358367359709227E-13	5.768745774285408E-10	2.0607583685268295E-10	2.043339500336568E-9	2.953464310125008E-5	3.2814049944276055E-10
0.0018429084627855934	4.517493725018737E-5	1.4735282752628354E-4	1.4547903994124253E-7	9.836343979691459E-5	6.784129850893667E-5	1.9191133630451465E-7	3.038573682032769E-4	7.85708471464426E-5	1.2327442960406777E-4	1.202369853449453E-6	3.138836187505349E-5	1.5234774849273032E-5	2.492008688179903E-5	1.7515544958374445E-5	2.3881129806783762E-4	6.629041361424882E-4	1.931596546762257E-6	3.462845247906776E-9	1.5541411346268718E-9	1.5067677672866796E-8	2.455856982585468E-6	5.490364185641687E-4	0.0	5.490364185641687E-4	4.814269485479506E-8	6.34813105385167E-13	8.436899106127384E-11	6.635296957075888E-11	1.7634354772014443E-9	2.9251532416703354E-5	4.756528823980458E-10
0.0016648547942470617	1.2158331945446256E-4	2.721232234250385E-4	3.1209035722023387E-7	1.5645732920757237E-4	6.705371803069328E-4	2.0533882282378298E-7	3.055933740494741E-4	7.60833121168504E-5	1.261866165364306E-4	1.1826057991854726E-6	2.3820641698881365E-5	3.2144940257662856E-5	1.451725407036052E-4	2.417709797826895E-5	2.8795980773755735E-4	3.319794172796926E-5	5.8058048758985604E-5	3.0571558791758995E-9	1.1023549832856724E-5	4.7449493982965933E-7	1.0643405051417506E-5	2.4444755732831507E-6	0.0	2.4444755732831507E-6	6.869674736283767E-8	1.7547694790943497E-12	1.2665696102893398E-10	7.162308678398806E-11	4.888233737020771E-9	1.5871294530146808E-4	5.850711457012235E-10
1.8385021873850696E-4	6.915476342197039E-6	4.990231025010415E-5	1.8680391383782566E-8	3.333674584848116E-5	4.396812246443814E-5	1.747900721716498E-8	3.7150955279655735E-5	9.519713139856744E-6	1.7796605711090412E-5	1.581143378624433E-7	6.750106047906676E-7	4.982750952647988E-6	4.621701621129976E-6	5.669558350136311E-6	4.1765391727078595E-6	1.3530388487970888E-6	6.208241458882144E-7	2.782422868085203E-10	1.163283229296154E-10	4.437943558378907E-9	5.906946476525607E-7	6.266812002267797E-7	1.215241720619649E-7	6.266812002267797E-7	1.0105108923315884E-8	1.6293533730875828E-13	4.5603279768332245E-8	1.437748657414146E-9	4.5245396703253916E-10	6.705880055061391E-6	1.272944181232444E-10
6.04958688190611E-8	3.4345978441882433E-9	1.105330174460204E-7	3.467202239264841E-11	1.245724241071393E-8	5.920367397693297E-7	1.0285648383759573E-11	4.275085430205053E-8	6.316111286371286E-9	1.1826669294110649E-8	8.558006069745141E-11	9.84983284727937E-10	1.0735652729977733E-8	5.439201476632849E-9	7.84850662247334E-9	1.3095018505346453E-9	6.529153537483886E-10	2.2057076407477369E-10	1.1127396535976864E-13	4.3900541471054395E-13	2.9992404872144877E-12	7.236757096060201E-10	2.705426656407876E-10	0.0	2.705426656407876E-10	1.5048142752596108E-11	8.523307785362534E-17	9.867738738517465E-15	3.774300438176635E-15	2.328093362852931E-13	5.9004177332696185E-9	3.6049956783911545E-13
2.80813349833774E-6	1.1260366784170146E-7	1.0578606951431417E-6	4.102496375805335E-9	2.660127470565587E-7	8.723479630108808E-7	2.648641795520402E-10	5.974931595934466E-7	1.4707452456748474E-7	2.711937232142151E-7	2.4007709441951025E-9	1.2166664751680087E-8	1.0440424599149549E-7	9.462898740697817E-8	7.776049916116807E-8	3.1019112921048775E-8	1.6610592278661873E-8	7.204284215284563E-6	4.348308216073672E-12	2.7517648352247302E-12	9.03972288407388E-11	9.677571342172066E-9	7.4442482745430006E-9	0.0	7.4442482745430006E-9	1.8028097484455785E-10	1.6923403499571954E-13	4.675336037072111E-13	1.7717944477169952E-13	4.734583181804762E-10	1.021466293167681E-7	3.090734575749912E-12
3.89812188978216E-7	3.605406155874863E-8	1.5029116455593278E-7	6.510346891161456E-11	9.831330908668601E-8	1.734945455351688E-8	8.830923652168622E-11	1.6957320605848825E-7	2.9790670841285715E-8	5.630155824363812E-8	4.4035290505660216E-10	3.1941394226329264E-9	1.8289736838993743E-8	2.3739796132412853E-8	9.671660767127085E-9	6.13262812177532E-9	3.070881655211984E-9	6.730116597659554E-10	6.480577759940221E-13	1.8579028161478054E-13	1.3668911832473193E-11	3.1163513663270807E-9	1.3794831077588125E-9	0.0	1.3794831077588125E-9	6.355936289021055E-11	3.192258057935276E-16	7.05518585989347E-14	2.6266751859015532E-14	8.690470085641211E-13	1.2310003808081284E-6	6.212174028513774E-14
1.526714734196962E-4	1.9760549393493048E-5	2.8398699319272586E-5	8.639816920744015E-9	4.151399954432051E-5	2.658257172234886E-6	4.215440789443281E-8	2.617486170053381E-5	7.406475487122122E-6	1.4141986176895939E-5	1.272642703506405E-7	4.795299917829565E-7	2.957892677400998E-6	5.521386816833074E-6	2.194414210434707E-6	1.2656268201570836E-6	9.20501006254478E-7	1.8634266263491851E-7	2.6335143106660125E-10	2.6787899808202602E-11	1.882846094153106E-9	4.3060742871947117E-7	4.4707356622106523E-7	0.0	4.4707356622106523E-7	8.032668353141113E-9	7.179709691224426E-13	2.873341306629698E-11	1.05807482614628E-11	2.0061039358946043E-9	2.737598334865036E-6	1.3298888189184366E-11
4.1129143143775064E-4	9.887238092064168E-6	3.237207679681547E-5	2.7280878220787468E-8	2.179452584470105E-5	1.490800272363058E-5	4.261262784409016E-8	6.610085264427006E-5	1.7342346861313493E-5	2.711591574283391E-5	2.6600887975184163E-7	6.988610130396948E-6	3.3479095170665686E-6	5.478417717048511E-6	3.6062663027874095E-6	1.7516760715536697E-4	4.226026476931468E-4	4.18442216354768E-7	7.73689326895068E-10	3.1286859462494036E-10	3.3180785379173138E-9	5.395600636303935E-7	5.35744717480801E-4	5.35381910323464E-4	2.6805336360572553E-4	1.0558132063273588E-8	1.3750810474828152E-13	1.8519449872469833E-11	1.4739328732875223E-11	3.819647515931896E-10	6.332724030071528E-6	1.0603299944937367E-10
1.2342264901746595E-4	2.9693925118501042E-6	9.71840325505108E-6	8.194086412842277E-9	6.5440911215001704E-6	4.478811314876974E-6	1.2789750208335326E-8	1.9836265488909883E-5	5.204447866775214E-6	8.138167578693642E-6	7.983307447763897E-8	2.0966851121045336E-6	1.00508792878244E-6	1.6454101553075418E-6	1.0824380712845812E-6	5.2550834856167355E-5	1.26780808443026E-4	1.257703496756423E-7	2.3215806405424317E-10	9.387777031074571E-11	9.997717344670222E-10	1.621359736127022E-7	1.0895398191095935E-7	1.2095701737988464E-8	1.3395463091944848E-4	3.1689595680640335E-9	4.126477211616101E-14	1.2562459617250651E-8	3.972252096309747E-10	1.1462344443624125E-10	1.902482640640752E-6	3.1821810616633786E-11
3.907252671091837E-4	9.392837898395557E-6	3.075334759369791E-5	2.5916728662516745E-8	2.0704715151542546E-5	1.4162544855098928E-5	4.0481831431312744E-8	6.279555403158497E-5	1.6475162358718836E-5	2.5760014947290337E-5	2.527074056250643E-7	6.639152559964229E-6	3.1805010761844583E-6	5.204475615615731E-6	3.4259390221133766E-6	0.0014379372960811514	4.014708787482834E-4	3.975184850884031E-7	7.350018643808118E-10	2.9722395328677445E-10	3.1521617615153543E-9	5.125799709623691E-7	3.4466539447213415E-7	0.0	3.4466539447213415E-7	1.0030184572957675E-8	1.3063216700049731E-13	1.759340566089836E-11	1.4002305217083938E-11	3.628650348266011E-10	6.016063304622817E-6	1.0073093885622273E-10
1.0026590817043634E-6	2.2893293756979203E-7	7.958597136422131E-7	7.660988073022072E-7	2.735979916523116E-7	1.1501516324175977E-6	2.464490241474792E-10	3.919708768005066E-7	7.161464372694226E-8	1.356416425354259E-7	1.0767192007928327E-9	9.362161634637023E-9	8.352725665241625E-8	2.8031553846935845E-7	5.6244893370263725E-8	8.317687881127005E-8	1.5252567525285525E-8	7.810438666016473E-9	1.6869219731318138E-12	2.645906281436394E-12	5.884415813769876E-10	1.5269045445535423E-8	3.806693543975372E-9	0.0	3.806693543975372E-9	6.9135202066576175E-6	2.5925163785557693E-6	1.8196238567597007E-13	6.735506227936422E-14	2.3236710750232424E-12	4.410536316705206E-7	1.893134826595439E-12
1.0231117480781275E-7	2.1391363961821703E-8	9.388168812036804E-8	1.4665215695467292E-9	2.7251280689275887E-8	1.2448261141780478E-7	2.4346790867845965E-11	4.4176298602186255E-8	7.744059117800831E-9	1.4640256941828677E-8	1.1438875505657461E-10	1.0519055093978917E-9	9.833073344279598E-9	2.6387941893224574E-8	6.677410225165987E-9	7.723814482193388E-9	1.498607674635623E-9	1.3335713715760218E-6	1.7441654182626608E-13	3.3883085685888386E-13	5.3464072431250244E-11	1.5222031216612318E-9	3.93748064160786E-10	0.0	3.93748064160786E-10	1.6793928895195306E-11	7.820184919555421E-16	5.861762981340055E-11	6.8130257226582295E-15	2.181810570006796E-12	4.094713120786767E-8	2.4888030523208E-13
6.074212968454088E-8	2.410773348859504E-9	6.740525904432434E-9	6.827839226037142E-11	4.376076497038952E-9	6.085358935216595E-9	3.740769493428932E-12	5.971527550184257E-9	2.217278893727708E-9	3.395490964894829E-9	3.6351739465402074E-11	1.4060652724280634E-10	7.432694990389846E-10	2.088576250625355E-9	7.417542538175209E-10	7.79705936659391E-10	2.047897985566373E-10	1.7659994593404992E-9	9.944524922289286E-14	1.7086466324042778E-14	1.2949254327912404E-11	1.592950309787698E-9	7.257224224229439E-11	0.0	7.257224224229439E-11	2.1455451671155833E-12	7.240872951367902E-15	4.24446595515387E-15	3.797625259271029E-9	2.025950850793097E-11	2.7945704283204845E-9	1.0534175930704306E-14
1.5563792878819082E-8	1.0856657769187467E-9	1.4864916309143184E-9	1.2801858829155674E-12	1.388871756848022E-9	2.9173512138716138E-9	1.2385522468870398E-12	1.3957044444499666E-9	5.540412091497933E-10	8.47952789212575E-10	9.184153769561795E-12	3.5080065285876426E-11	1.8046514401556871E-10	1.1157245250567129E-9	1.502440795425318E-10	3.5060926497459416E-10	6.541908483937981E-11	3.525996864551259E-11	2.5504364857011942E-14	3.201385708549869E-15	2.3121415258719327E-12	5.7365175083127035E-11	1.74988139513068E-11	0.0	1.74988139513068E-11	5.233251274506998E-13	5.037295859270309E-18	8.913669211881725E-16	6.153181989072106E-16	1.3931379769283764E-14	1.7217348889940591E-9	1.5425624279131349E-15
1.0343363085845477E-7	1.9803867588984106E-8	4.6938881521919877E-7	2.4403692321132002E-11	2.8733938965331227E-8	5.6794204769460675E-8	2.5352841592234833E-11	4.2429912045569296E-8	7.599577686071714E-9	1.4358078564182048E-8	1.1320680290533476E-10	1.1812947111058206E-9	7.264226871866579E-9	2.5685157611397942E-8	4.682727954659022E-9	3.2087478537985865E-9	1.160812605056878E-9	3.7499621065802545E-10	1.7400194105231106E-13	8.520350365156043E-14	3.636020296928146E-11	4.810139037418257E-9	4.697147346831931E-10	0.0	4.697147346831931E-10	2.47821773079062E-11	4.1577021412423464E-11	5.215979144009591E-12	6.894670874426792E-15	1.1633373604405182E-7	1.6398083881327457E-8	4.009095791098776E-14
0.002962604982975186	1.009441302922734E-4	1.9952327686170623E-4	1.928233764467812E-7	2.7606997320326335E-4	3.233172184196133E-5	2.7917508080996317E-7	0.004035046533325733	5.240480559737454E-4	9.896626274666167E-4	6.614748067520889E-6	9.515133935956909E-6	2.0089494009507628E-5	4.197965021247602E-5	2.702147906144489E-5	2.0589972784856254E-5	1.7325798835137126E-5	2.7998028213995156E-6	4.593831247405162E-9	6.457165331317191E-10	2.2699038740120322E-8	4.012332746223404E-6	8.626851112183657E-6	0.0	8.626851112183657E-6	7.195638738268313E-8	9.538505054473994E-13	5.708251934078182E-10	2.082840173179146E-10	2.6491282996587737E-9	3.4552333019100256E-5	2.4977945814442183E-10
1.98716343977868E-8	1.0829319715617468E-9	4.517917712151727E-9	2.1746220163384267E-11	2.0777761665245547E-9	1.3007971826205166E-9	2.394781162913165E-12	9.318670137993272E-9	1.539085618244053E-9	2.7620679496770525E-9	2.1496172980408467E-11	2.4491372060178993E-10	5.153228084440876E-10	8.157744949358207E-10	1.0355319565453954E-9	3.137208512871609E-10	1.8092809278014162E-10	2.079276510478004E-10	3.618437910750953E-14	5.626125136873368E-13	6.71604566495176E-13	9.798657090667462E-11	8.676075839307566E-11	0.0	8.676075839307566E-11	2.152953561445599E-12	7.083088725424616E-17	2.1874534692669004E-15	1.0059806277323721E-15	1.9752430544784833E-13	3.196657301850155E-9	3.782565241314205E-15
