32
NULL,lstat@_lxstat,openat@__openat_nocancel,fstat@_fxstat,time@time,open@__open_nocancel,read@__read_nocancel,mmap@__mmap,munmap@__munmap,mprotect@__mprotect,rt_sigprocmask@sigprocmask,exit_group@_exit,rt_sigaction@__libc_sigaction,sched_yield@__sched_yield,write@__write_nocancel,syslog@syslog,getpid@__getpid,writev@writev,close@close,open@__open,read@__libc_read,close@__close_nocancel,mremap@__mremap,stat@_xstat,socket@socket,fcntl@__fcntl,connect@connect,getdents@__getdents,lseek@lseek,getrlimit@getrlimit,write@__libc_write,madvise@madvise
0.6602213436377193	6.1602427271357E-5	4.633488694718403E-10	3.7887580653227915E-4	0.013707291171211632	0.03484998031723272	3.5792438237518694E-5	0.04348558429538709	0.03958536421108907	2.9564411344912065E-5	0.051768971186126514	0.017096308091341696	0.03360560588634301	3.038333934803104E-4	6.870254254254896E-4	0.004112105419094669	0.005709916731073434	0.004106307346787506	0.004084137691988294	0.0018662255113400313	5.013090926620449E-7	2.692918224384624E-7	5.067764301059299E-5	9.315980585630499E-4	7.986974388577902E-4	0.0	7.986974388577902E-4	2.453362241766942E-7	8.590717461996258E-8	1.2751036384539204E-6	0.0664602482132724	7.716909718885378E-8
4.176926285524173E-6	1.6808273098042155E-4	6.302487315851149E-5	8.465845394039413E-8	3.5506751533329895E-6	1.988506246263308E-5	1.7376138178857277E-5	1.0910456763218444E-5	3.220556569462971E-5	6.419184548731653E-9	1.5585156761088875E-5	4.504981297244386E-6	8.731018147915525E-6	7.741044525690112E-8	2.1075233467398788E-7	2.01815820814841E-6	2.573952966213106E-6	1.6380833326563048E-6	8.436578002872406E-7	4.3281670366838696E-7	1.3008013840969774E-10	2.100819142978685E-10	2.124023502973196E-8	2.1827658413108204E-7	1.9274083404933242E-7	0.0	1.9274083404933242E-7	5.791593587974195E-11	2.0609300082977386E-11	2.9868419554099325E-10	1.5276660075342245E-5	6.37390463070639E-11
4.2655215808626185E-7	1.8035130463484286E-9	2.911146002026697E-14	3.240967459950589E-5	3.351884552218422E-7	2.221955580100177E-6	3.4209036162721624E-8	1.077614269431775E-6	3.427515933872087E-6	6.221040162109475E-10	1.6668698922835698E-6	4.630850645026442E-7	8.954813074805488E-7	7.878549224425854E-9	2.2747674091216966E-8	2.3356634987235302E-7	2.519814314123525E-7	1.883365056089484E-7	7.997018295067147E-8	4.3493428490536727E-8	1.3137280901147737E-11	2.48415149221888E-11	1.923156823534948E-9	2.2609270118542424E-8	1.9591911907915226E-8	0.0	1.9591911907915226E-8	1.5040713138285378E-9	2.0607151056061226E-12	8.082289540896029E-11	1.4437751664277766E-6	7.796685151451863E-12
1.826340670354201E-4	3.773063417175024E-7	4.67549516839903E-12	1.0494698144151702E-5	4.982132451502786E-5	2.638109448285857E-4	2.736631095907952E-7	5.122946474023174E-4	2.3161456045519717E-4	1.2269716856655972E-7	4.3524787244544297E-4	1.755308984733921E-4	3.235778160799831E-4	3.1259373721443328E-6	5.0032373379717E-6	2.573254311987668E-5	3.102439075232266E-5	3.406222817972495E-5	2.610413579391266E-5	1.4097550106349164E-5	5.686964404008644E-9	2.7017404531698863E-9	1.0747701484616567E-7	3.817831364144301E-6	6.942605133960106E-6	2.954290118485552E-6	6.942605133960106E-6	1.110050803459989E-6	3.551027919563616E-8	1.2968672919921318E-8	1.4411653735922216E-4	7.573914722048365E-10
0.0024572404311960184	1.0249656325690234E-5	5.56733558121964E-11	2.8222566834766745E-5	8.123411963329004E-4	0.023097607758965112	1.6297052243491916E-4	0.017344714277735686	0.0018580552585495168	2.3506832064103414E-6	0.007872443378300668	0.00260811983449699	0.0050699560294525745	4.612150361928708E-5	1.0148437573137325E-4	4.882578327239116E-4	0.002098423660037171	5.805612080873751E-4	2.797144076960551E-4	2.429083477676451E-4	1.1084003379658012E-7	3.119611034998079E-8	1.8749478753087032E-6	9.982860426164884E-5	1.2016877204898481E-4	0.0	1.2016877204898481E-4	3.646924395362564E-8	1.2872353575552053E-8	1.523867746542139E-7	0.002439117984029153	9.537200316138266E-9
0.005003220766019844	1.8058626778916416E-5	7.082395104549585E-9	0.0013522970629722302	0.00191274140575402	0.028496324318382494	0.012835699950782611	0.027704135615387416	0.005094858170759899	9.815948369684623E-6	0.01996129238229377	0.005345510784952123	0.009796039217522126	8.772383975909897E-5	0.001041850335108543	0.04188568185727866	0.0014333868739437577	0.0011321250524401678	5.079755450213413E-4	3.7726935508791644E-4	2.5259704090153706E-7	5.581714601362508E-5	4.175395770161802E-6	2.0532417399756275E-4	1.8274007629440108E-4	0.0	1.8274007629440108E-4	5.4226350357370696E-8	2.077514846331144E-8	1.727989173181757E-6	0.008424471145076919	7.959964121867223E-8
3.7500152306151237E-4	4.096125640856334E-7	5.6618066493061395E-9	2.5972265285692307E-6	6.99636751914662E-5	4.888965217313786E-4	2.285010639641025E-4	0.0013824204610502096	1.26088176796075E-4	2.3618712699933585E-7	0.002430743843780819	4.4929903754124096E-4	8.62946561311961E-4	6.742899596671282E-6	0.0047576167246857265	1.9911538259410804E-5	3.8744821315774506E-5	2.7043154194556593E-5	2.44115094322375E-5	2.1732488619488723E-5	1.0777641853738405E-8	4.922423252989962E-9	1.4655496287942298E-7	3.969636371476997E-6	1.0775703413189281E-5	0.0	1.0775703413189281E-5	4.598390380821004E-9	1.3642601071361428E-9	1.2347194931513895E-6	2.105376956740627E-4	9.580665215775445E-10
0.004696359849282007	2.000701496803333E-5	1.1981491575971514E-10	6.509366421366783E-5	0.0015090720677595156	0.018398973434821584	1.4052367393983568E-5	0.12802216853230153	0.19285371886171815	0.037461701433564414	0.018009008614959608	0.0050511229860882665	0.0097056691562853	8.584147296596231E-5	4.895858752036496E-4	0.005233919641310846	0.001449221675740191	0.003812321491255777	6.079095266297101E-4	6.745066265497185E-4	2.265898523469241E-7	2.4969994081294555E-7	3.7481533087045624E-6	2.0524488253834616E-4	3.4046783697588124E-4	0.0	3.4046783697588124E-4	6.275161011810611E-8	2.2346558412452575E-8	3.2896549134100463E-7	0.0058440218972434866	6.966224544802052E-8
0.007894735472824163	1.9762394561233744E-5	3.566843377716935E-10	1.4626123180564327E-4	0.003751418166382265	0.014191614295193998	3.591827397460871E-5	0.05313023470666908	0.04697932452573184	0.06992709945535024	0.027439342149459423	0.008006814796363225	0.015579103648592172	1.3814033442097537E-4	4.064039729735148E-4	0.003260722147057252	0.003647197259942808	0.0017954225702424152	8.646363327592261E-4	6.83258177440401E-4	3.6889986514398445E-7	1.304991579254581E-6	2.6126751646250507E-5	1.9549213531972647E-4	3.32982871814131E-4	0.0	3.32982871814131E-4	1.0639207113670702E-7	3.715261691211991E-8	9.927554346344249E-7	0.017960725096380144	5.492542308987337E-8
0.0026809871836795357	5.612743377852587E-6	5.071366044602663E-11	3.664588907316637E-5	8.134034077714664E-4	0.0022960792425767615	4.796177187722137E-6	0.01920063978538589	0.05543279868083977	3.112888804653239E-6	0.006997827545229557	0.0027904846354782804	0.005600439207397863	5.167424100617907E-5	6.192729914479129E-5	2.51212527399804E-4	5.525599973314183E-4	3.039245553929954E-4	3.0230446035561245E-4	2.560421267602363E-4	1.9036979573852408E-7	2.2893533895794996E-8	2.0689989977603845E-6	5.061759323034346E-5	1.2575412716489139E-4	0.0	1.2575412716489139E-4	4.673508430239028E-8	1.567521094739229E-8	1.4086289162796191E-7	0.002795830774761739	7.724909070192559E-9
0.09338419770007347	5.3118995766423414E-5	8.172076932093433E-10	3.270142176531968E-4	0.008646759593411858	0.020553757643690596	4.3639921163410145E-5	0.06345934057430956	0.014521186235200339	2.2247589448669727E-5	0.08037449049073547	0.09644554211605803	0.1764641100841718	0.0012588839685062187	0.001331160322310666	0.002318373208338746	0.004988524891140365	0.003769010148417332	0.0027775320692999144	0.0021258785718987956	1.340868517232119E-6	4.946696470037312E-7	1.6689542448943154E-5	5.049346298941807E-4	0.001037771658436594	0.0	0.001037771658436594	3.4959667763392006E-7	1.4851071959115074E-7	2.2743048132068365E-6	0.024066417540283876	9.510504632563966E-8
0.10516448337700919	3.1917609291463995E-5	4.340526080994048E-10	1.6860963721920013E-4	0.003403589806380363	0.011743678761458752	2.688384148986185E-5	0.05158197954160535	0.007793604751974533	1.1225685176543E-5	0.05031532684462968	0.011710554704935398	0.021578016746420587	1.8563123529412545E-4	0.0012195304923938138	0.0013523970024678035	0.002920301771526041	0.002145186917549664	0.0010564650054288155	7.7148345827209E-4	6.103411048476136E-7	4.7152252618334296E-7	8.629841987160588E-6	3.1422374072800354E-4	3.7182301290504023E-4	0.0	3.7182301290504023E-4	1.0859730347527796E-7	4.1185605030788416E-8	1.206192084452528E-6	0.01389211476113659	7.206177665955611E-8
0.09365992310653173	3.7570292567319615E-5	5.412423907693947E-10	2.1506118989651708E-4	0.005239559811292786	0.014627131158208254	3.1050235110744576E-5	0.052998908441141655	0.009689615515197777	1.548427080498916E-5	0.062222363796059645	0.09657382988386173	0.07592536705009495	0.0016709446912430666	0.0011778430075985236	0.001655974712135578	0.0034862126912794233	0.0026162596583897382	0.0017189668096458473	0.0014181715376603095	8.236516834792483E-7	4.482462439775462E-7	1.0905259303448447E-5	3.6389631649343584E-4	6.971394510235993E-4	0.0	6.971394510235993E-4	2.3197028535877656E-7	8.788662851948278E-8	1.5051209819134723E-6	0.016548568499400593	7.778469331601673E-8
0.0010260917694082826	3.827777886006093E-7	5.4704522915486384E-12	2.154792817424951E-6	4.963686099758153E-5	1.4449101444786582E-4	3.1891005329877983E-7	5.550762362469891E-4	9.783347813447851E-5	1.4654759077562375E-7	6.010642908081211E-4	0.0010578612008832148	7.750470436958586E-4	5.705667080386804E-4	1.2614100967053472E-5	1.6481336587693362E-5	3.539437717053259E-5	2.6329984174816294E-5	1.5777304376400093E-5	1.2022174093799211E-5	8.230373174062559E-9	4.819875315499728E-9	1.1000391640719017E-7	3.717668904677254E-6	5.847360370583778E-6	0.0	5.847360370583778E-6	1.8611320896757437E-9	7.413697553209774E-10	1.5211243668185267E-8	1.690641698396018E-4	7.963944782570907E-10
4.852375340308875E-4	1.6415535764388332E-6	8.550205838249907E-12	3.779044715054999E-6	1.095607435599739E-4	0.011694035968287214	7.753746941552402E-7	6.839279312215247E-4	2.519750663033966E-4	3.401761969968552E-7	0.00298751314053496	5.737291901312386E-4	0.0010975069665326682	8.715430020574017E-6	0.004771087285840188	2.1437297041384677E-4	1.1354620630445255E-4	3.6974116886783447E-4	3.7412315542801686E-5	3.439348849680248E-5	1.1564295405984501E-8	9.152850830500606E-9	2.3994701685986905E-7	1.601173812246548E-5	1.7080440053007613E-5	0.0	1.7080440053007613E-5	5.061514732521137E-9	1.8077466267360826E-9	2.3343867661378838E-8	3.4790663098977653E-4	1.6436765662336044E-9
0.0025922473416049733	4.7699590411559464E-6	6.951030080333994E-11	3.873910190973772E-5	0.0010572140676558682	0.002365280019167249	5.9401378582524175E-6	0.0038567765280797268	0.001274887069049198	4.698715802557485E-6	0.011634800225678463	0.002837014059708045	0.005254183260243132	4.5688075418491866E-5	0.001086285595321388	2.576470255995989E-4	4.8107310401912707E-4	3.3091650921404246E-4	2.0874833254813673E-4	1.66335552463524E-4	1.1237776996643068E-7	2.3327400396535187E-7	1.4335890564544226E-6	4.6595154251794894E-5	8.147646730662682E-5	0.0	8.147646730662682E-5	2.739540558770959E-8	1.0496594012004503E-8	1.9332271989117165E-7	0.003212179053481284	3.289462306318379E-8
0.0016359014268799278	1.0699104777499072E-5	4.199275099503005E-11	1.9281575920650668E-5	0.009714490455194787	0.003873611567751806	4.940196062729707E-6	0.0032857745162254387	0.003749117273323362	1.6206093167929794E-6	0.006151145022855785	0.0017444958354150724	0.003338197799791383	2.9658084295008622E-5	1.4647975060920663E-4	0.00105664490659856	6.253900055522397E-4	0.006080328719147833	4.710972684673422E-4	8.21345604398558E-4	5.0609301073101465E-8	4.48751850083815E-8	1.3120058483766103E-6	1.3570657932466035E-4	4.284675362734917E-4	0.0	4.284675362734917E-4	2.1180270723156174E-8	7.69596960711286E-9	1.1412731780457661E-7	0.0018280861442392282	8.179802286229801E-9
0.0019946011082966576	2.350150260612393E-6	3.6280297399553226E-11	1.5386566033188963E-5	4.854433981154848E-4	0.001140439064613546	1.9538716919457906E-6	0.002348153470797059	7.083263237872856E-4	1.4807613697827775E-6	0.005121736538330347	0.002073942502172171	0.004119438207540519	3.8296267038377075E-5	0.004842938382418885	1.230932978667049E-4	2.2200373649940798E-4	1.7856073040432762E-4	0.0016292308660060986	0.0036899946228702977	6.035057318930727E-8	2.5643383579732685E-8	7.438791835959661E-7	2.2105747157460558E-5	0.0019454462719473136	0.0	0.0019454462719473136	3.299590386681037E-8	1.148400703845721E-8	1.0096694609970877E-7	0.001082980450336717	5.765636554682612E-9
0.0012665725266110118	2.115985484258601E-6	3.4435375210136606E-11	1.4244649107025786E-5	3.57633346037327E-4	9.070994681163544E-4	2.0296915739828886E-6	0.0016026649816670044	7.463927983228162E-4	9.980824703682075E-7	0.002785298388600093	0.0013403597338570922	0.002055252726646301	2.256844531431985E-5	1.5957797405608982E-4	1.0011448125961048E-4	1.9608089097010117E-4	1.539733029198794E-4	0.0011807443999582565	0.003123390082607154	6.002429435319662E-8	3.880945083843082E-8	7.139355975927998E-7	1.9462099939852476E-5	0.002569255498728457	0.0	0.002569255498728457	7.940252028977432E-9	5.0064596855842086E-9	9.589561459875531E-8	0.001130260608377503	6.300000484403721E-9
0.0011125457406088285	2.3763849573604335E-6	4.930009804763726E-11	2.056208883471751E-4	4.707815992505408E-4	0.001449189136651892	3.2633699625855887E-6	0.0017642723821613853	0.004247100334617398	1.045736682663513E-6	0.002750116496525372	0.0011781015475843379	0.001910910101799998	1.998428720844838E-5	1.209955451077638E-4	1.8444934959427057E-4	3.5677917294333483E-4	1.830463137812483E-4	3.9321392089469547E-4	9.394171798051932E-5	4.916870624970786E-8	5.529290558850148E-5	3.7022227212086806E-6	5.4996124331965845E-5	2.9155367297813757E-5	0.0	2.9155367297813757E-5	8.880263957788517E-9	4.6580022385089436E-9	1.373141991960953E-7	0.0018573978225114374	6.861500556622524E-9
1.0984307275335814E-7	4.862237006795126E-10	5.147851900841752E-15	2.2192624925239545E-9	3.3254914751582996E-8	7.354705872093177E-7	1.0623312406118712E-9	2.3845074067869103E-7	4.173000363948014E-6	8.653611004041695E-11	5.525317744901671E-7	1.2521768529232293E-7	2.3571021215694873E-7	1.9918441170395758E-9	6.6188544777822906E-9	7.082355343119056E-8	3.31680325203811E-8	6.259295097835215E-8	1.0754533192238486E-8	9.344358396298394E-9	3.2581121814576918E-12	2.7023474463623372E-11	8.075899949554888E-11	4.6779915464070496E-9	4.627674502251507E-9	0.0	4.627674502251507E-9	1.2097978760543384E-12	4.513114873945609E-13	1.4236079983572597E-11	2.091853624006904E-7	2.7683273744079563E-12
2.50747169228853E-6	6.009859826947815E-9	4.358867849957804E-12	3.72793008133943E-5	8.567004398688428E-7	5.354475016390679E-6	9.041790637884532E-8	3.829305032543611E-6	5.890282547036966E-6	1.977619588244947E-9	6.866354974279156E-6	2.635160557682638E-6	4.891092490390956E-6	4.672210184549476E-8	8.138128578963825E-8	5.532299010410298E-7	5.868612396208554E-7	5.385607648369955E-7	2.685421025606423E-7	2.052920403324316E-7	8.422698924026571E-11	6.604903188541335E-11	2.773870732502198E-9	6.288115103559129E-8	1.0014474094437304E-7	0.0	1.0014474094437304E-7	3.359983899533421E-11	1.2736028579854258E-11	1.2194391735225949E-8	2.7373110128322384E-6	1.8713126085309835E-11
4.155094765010964E-6	2.1954049547663255E-8	9.745184244132007E-14	4.235095626760736E-8	1.779533618222394E-6	9.256951288261049E-6	1.0085560354339348E-8	8.744547069092152E-6	3.2530695500189E-6	4.470732303485911E-9	1.7923829532005486E-5	4.617504418302309E-6	8.751166148225521E-6	7.635302595046105E-8	2.2187860783193617E-7	1.1897631173368923E-6	1.4785844872743932E-6	1.1080004241456067E-6	4.2871833630985735E-7	3.751910226272619E-7	1.2366006425672858E-10	7.442121401919376E-11	3.0290215933651207E-9	2.157141325117892E-7	1.8506115379338552E-7	0.0	1.8506115379338552E-7	5.077483374629005E-11	1.8748280746106526E-11	2.646978385422239E-10	3.50769340878438E-5	1.5733525118400438E-11
7.350640291479038E-5	1.6905849012110023E-7	1.873949749533441E-11	1.350476321753812E-6	6.213365975618296E-5	9.629074833313175E-5	9.57038070453042E-8	1.7701773269877146E-4	3.661319772829763E-5	1.279059619411651E-7	1.9334745046425744E-4	7.717470298780835E-5	1.4617392367879782E-4	1.3899077662370886E-6	2.181768311815378E-6	1.0416996418292624E-5	2.7554532804256234E-5	1.2008187687773895E-5	6.936154734622788E-6	6.291115712133838E-6	3.051712547374438E-9	7.088999115662642E-10	3.725516134852317E-8	1.915281631134732E-6	3.130546428915707E-6	0.0	3.130546428915707E-6	1.056177933364914E-9	3.923726084119075E-10	5.2382240955103203E-8	4.9533570569440776E-5	2.478510674249094E-10
2.860217709041923E-4	4.778390483392319E-7	7.776314702011999E-12	3.216775296939178E-6	8.076199739676489E-5	2.0484420796669452E-4	4.583517355967191E-7	3.6191932710523124E-4	1.6855291279196127E-4	2.2539025591760356E-7	6.289851754933691E-4	3.026846431133501E-4	4.641241766744925E-4	5.096484156629052E-6	3.6036381907019774E-5	2.2608185361997017E-5	4.4279657391348525E-5	3.477077425383732E-5	8.359595222968042E-4	0.0019763875350492445	1.3554893755222401E-8	8.764069396264316E-9	1.6122339079045813E-7	4.394997666321622E-6	0.002493389047587735	0.002487512078569046	0.001249631155785904	1.7930945057931342E-9	1.130576021025427E-9	2.1655477083059135E-8	2.552392514756382E-4	1.4226857738121609E-9
8.594331572840832E-5	1.4358991821585697E-7	2.3355279579095857E-12	9.705469706408422E-7	2.4300354589568544E-5	6.163673047851053E-5	1.3786118822419396E-7	1.0882107297747907E-4	5.077568433137605E-5	6.777966196318666E-8	1.8906290984640586E-4	9.094830821569092E-5	1.395201050304629E-4	1.5315641394372766E-6	1.0814474754567344E-5	6.802161191412736E-6	1.3311493626564402E-5	1.0451806794050017E-5	2.508021111781854E-4	5.92927814471741E-4	4.070638529617796E-9	2.6311688675945954E-9	4.8547097137790673E-8	1.3220456977495791E-6	1.7693612525260549E-6	2.9405024131715157E-7	6.236483071534428E-4	3.058021774444432E-7	9.889057092389108E-9	6.503943826514473E-9	7.671281548752631E-5	4.2743160363498516E-10
2.7171957471838694E-4	4.539452454549912E-7	7.387468852553945E-12	3.055924074890464E-6	7.672358477008083E-5	1.946012042939185E-4	4.3543237381567294E-7	3.438219591904387E-4	1.6012461441866345E-4	2.141198702811822E-7	5.975334809267952E-4	2.8754923878887404E-4	4.409161704853501E-4	4.841640212283386E-6	3.423442325809779E-5	2.1477688542016684E-5	4.206550304551223E-5	3.3032100888734255E-5	0.00670198421220017	0.0018775605045889539	1.2877096575126364E-8	8.32583198694007E-9	1.5316159690135486E-7	4.1752307630499675E-6	5.58309780875654E-6	0.0	5.58309780875654E-6	1.7034328366115483E-9	1.0740428417343684E-9	2.0572619366459407E-8	2.4247630046885814E-4	1.3515459756650062E-9
2.2284909746497722E-7	4.503767872154051E-10	1.909180932256679E-13	4.307352162676611E-8	7.634603303401054E-8	2.2684430145643617E-7	1.8119825992047864E-9	3.240561368338829E-7	2.525077148523619E-7	1.4682750439863817E-10	4.020577506363482E-7	2.3372529341143875E-7	3.5992824239565274E-7	4.032272118083512E-9	6.3143346145291084E-9	2.5624987190863964E-8	4.5666945986942706E-8	3.5013962383887746E-8	2.151149006123926E-8	1.1702201077578772E-8	1.0088976012231598E-11	2.719391009626765E-12	4.531901925583674E-10	1.3859313163637173E-8	5.401617400856686E-9	0.0	5.401617400856686E-9	1.6005998256544176E-12	9.232232657032535E-8	5.340794408605317E-10	2.289814548907716E-7	6.840980600598165E-13
5.715028520539131E-8	1.0839152396481554E-10	1.486878394761495E-15	7.442006167358658E-10	2.5177807491826597E-8	5.187137969486213E-8	1.0264943877075246E-10	8.946283830523504E-8	1.0303318781631519E-7	4.51968442953325E-11	1.0152510035147666E-7	5.981315612263508E-8	9.261580542934634E-8	1.0356600715504545E-9	1.5883704426670628E-9	6.322911618063142E-9	1.4975726682077476E-8	7.911887351459457E-9	6.515166617966965E-9	3.0817216568571727E-9	2.5914830094131618E-12	6.6930775342962E-13	1.033747837298698E-10	1.2343886240689126E-9	1.3691232280754446E-9	0.0	1.3691232280754446E-9	4.1855214336236076E-13	2.445544187050482E-13	4.1336275416985065E-12	8.691038892880745E-8	1.6016436580183547E-13
4.544786898236504E-7	2.8426028937741054E-9	1.06548911896302E-9	6.137781886338112E-9	3.472071874007377E-7	1.1845393931168372E-5	1.227435852335559E-9	1.203730042740433E-6	1.7634756967723023E-6	6.803248407411326E-10	1.7226422205168158E-6	4.920885298186004E-7	9.495869511001378E-7	8.415351375839767E-9	2.7876868633750597E-8	1.7051079234052535E-7	2.939760594766415E-7	1.67511937182203E-7	5.908610352283077E-8	4.871269662000558E-8	1.3982421181987512E-11	1.0679397489359583E-11	1.4471771705223976E-9	5.23834186147248E-8	2.3778024085135262E-8	0.0	2.3778024085135262E-8	1.393803431278966E-10	2.2169556836254943E-12	2.9812692790985834E-6	8.141250763543996E-7	2.643507901194829E-12
0.02456310118417158	1.348785698196682E-5	2.056946609540887E-10	8.56897934995867E-5	0.002648695093098036	0.006038702751223388	1.0941990354440653E-5	0.0157699312500196	0.0037050411433121166	7.519083786247892E-6	0.11725751317375735	0.020892641172852628	0.04017585927317337	3.092236305644877E-4	2.824104786886672E-4	6.610471427942876E-4	0.0012766741078104528	0.0010081116919476276	9.503686206213079E-4	9.415025700616965E-4	3.384221044072592E-7	1.0313786978116524E-7	4.210307113690069E-6	1.2795911998678074E-4	4.7305316088845997E-4	0.0	4.7305316088845997E-4	1.7231562550502853E-7	6.045529968527047E-8	5.723761702287125E-7	0.005897726491908583	2.5721209876990672E-8
4.819273150400254E-8	1.2068079414005778E-10	2.506172242517342E-15	9.495897439639249E-10	1.204301810824285E-8	5.00682187334783E-8	2.2769416496745493E-10	6.408268295153933E-8	2.6656373815225057E-8	2.7932094000616745E-11	1.835718636288911E-7	4.766423362423863E-8	8.460826854200018E-8	7.638106329160874E-10	1.7921025940335796E-9	5.963522831337161E-9	8.748098826072958E-9	8.628197492011445E-9	3.7588321420039645E-9	2.8884716076691547E-9	1.3858341847986436E-12	1.426999764456246E-11	2.875633176880842E-11	1.1155498450114502E-9	1.4169865151543486E-9	0.0	1.4169865151543486E-9	3.9052336832928295E-13	1.681072595450629E-13	6.976290803546717E-12	9.70433105970647E-8	1.2144064544609376E-13
