32
NULL,munmap@__munmap,madvise@madvise,mmap@__mmap,lstat@_lxstat,openat@__openat_nocancel,fstat@_fxstat,time@time,open@__open_nocancel,read@__read_nocancel,mprotect@__mprotect,rt_sigprocmask@sigprocmask,exit_group@_exit,rt_sigaction@__libc_sigaction,sched_yield@__sched_yield,write@__write_nocancel,syslog@syslog,getpid@__getpid,writev@writev,close@close,open@__open,read@__libc_read,close@__close_nocancel,mremap@__mremap,stat@_xstat,socket@socket,fcntl@__fcntl,connect@connect,getdents@__getdents,lseek@lseek,getrlimit@getrlimit,write@__libc_write
0.9143575765454032	0.03857487030181625	1.0033334902905335E-7	0.0022292158386082814	1.241219010634272E-6	4.646017342784209E-12	6.708279470309499E-5	6.241933575909911E-4	0.022465985878093366	9.179023679909952E-5	9.157828948212484E-7	0.005893882599112037	0.0012858898102360951	0.0024655713258369457	2.0587607266337325E-5	2.925480879991006E-4	0.002508168021346145	0.001865049795618891	0.004003428411555783	6.569435720603958E-4	7.030825707991156E-4	3.476176948319243E-8	8.441880334366281E-11	1.8530304744651245E-7	5.505384540426915E-4	3.554776912436866E-4	0.0	3.554776912436866E-4	2.953318647543691E-9	1.0665389349133748E-9	1.2609545201297658E-8	2.9543899822873294E-4
0.039432002753245654	0.002463793725175653	7.622926691446095E-9	0.0019346749973914953	8.071017142374005E-8	1.4369332478619967E-12	1.7756479151585227E-5	4.007439664935588E-4	3.5647292488238616E-4	3.973098359334421E-6	0.002977149798376629	6.403065811674216E-4	2.1518266563697234E-4	4.2194166576950496E-4	3.8584911404304215E-6	4.8506925024950334E-5	3.9210442186744506E-4	6.42593300956672E-4	2.1565071214772326E-4	1.1204853014802037E-4	1.0145677601477235E-4	1.3822499983243731E-8	1.9054516710996078E-10	2.0997114326547657E-7	2.7520228689118946E-5	5.0645713818613925E-5	0.0	5.0645713818613925E-5	7.114027896009739E-10	2.4701277116116367E-10	4.008658537380014E-9	9.821986762637365E-5
2.1310685574053307E-7	1.1978829284770943E-8	1.3409395867175602E-13	7.74973656214701E-9	3.5515715195949523E-12	3.309405120465356E-17	3.9156361074318667E-10	3.980823400023324E-9	2.361793259000787E-8	2.234260103591819E-11	4.1400053862299595E-12	2.119159145719569E-8	7.573137949452255E-9	1.2389617271660841E-8	1.2618588198681406E-10	1.0070683251990128E-9	2.8684485873887328E-9	7.476443264920628E-9	2.765627174978742E-9	2.5475349213390336E-9	1.618626439469156E-9	3.079538940827899E-13	2.282495236009357E-15	8.251383300273218E-13	2.2615230521711056E-10	7.836773850005183E-10	0.0	7.836773850005183E-10	1.1880626788267073E-14	6.339271773840825E-15	9.157523304397492E-14	1.4402369344043694E-9
0.003571212830149847	0.005183973426064809	6.088481145175643E-9	0.0052474856952161066	5.850251532402717E-8	4.962381315096925E-13	1.0564474570393109E-5	1.0396262830760364E-4	3.007884929058347E-4	1.1497116043103098E-6	0.0015949428028545706	5.93712878621294E-4	1.5428646840317593E-4	2.976749711738042E-4	2.6002416804036287E-6	6.933596337174307E-5	7.12926086485194E-4	1.538329821726442E-4	1.0285827248512981E-4	6.901455978422838E-5	5.7553300646193226E-5	8.512678316221761E-9	4.982719366159055E-11	2.5820972474830786E-8	4.9652218024680285E-6	2.847015581348921E-5	0.0	2.847015581348921E-5	4.225353647659109E-10	1.492791708730947E-10	1.377341585066672E-9	4.417831760796841E-5
2.679670091377527E-7	1.35095799545287E-7	6.237294773374592E-13	5.0759406361507496E-8	1.6231038912064001E-6	6.086606492705526E-7	3.5627224524110282E-9	7.929745287415511E-8	9.43753839817995E-8	1.689635944255311E-8	3.5526684296115684E-11	5.573867734815919E-8	1.9678184766942764E-8	3.8392394014597756E-8	3.550068225631667E-10	2.909287031704618E-9	1.1117839552959212E-8	1.217915268729178E-7	7.09826343986881E-9	3.982721142063438E-8	1.0632488485836356E-8	6.621109398310375E-13	3.696155305378624E-14	7.112508961775011E-11	6.038839031476407E-10	3.822362181644757E-9	0.0	3.822362181644757E-9	6.391882153251918E-14	2.2821099504845665E-14	2.5327936180579826E-13	7.602896429026259E-8
8.121502336577928E-9	1.2237307002731593E-8	5.6675421939102307E-14	4.585016920519385E-9	9.664206018240433E-13	1.6635953561941966E-16	3.1323564829065174E-7	7.172353117474306E-9	8.487711149270451E-9	3.255039620641311E-11	3.214388872485035E-12	5.058735353544242E-9	1.7815946799522465E-9	3.4762050620730576E-9	3.2129130010262156E-11	2.637435674967011E-10	1.010279910669589E-9	1.0975515107948715E-8	6.449789681531315E-10	3.5801371170072734E-9	9.601652876792802E-10	5.986435306169808E-14	5.03713903788206E-15	6.399681968989769E-12	2.7065499210931275E-11	3.4579033593826776E-10	0.0	3.4579033593826776E-10	1.3378375145835274E-11	2.0643621936584484E-15	4.651668173111314E-13	6.85427843696013E-9
3.939754848336156E-5	1.4119642070982594E-5	3.3423665992526535E-10	1.805673843999926E-5	4.010583234835599E-9	9.446067768723478E-14	1.024863081875088E-6	9.414976883075144E-6	2.2188400926810697E-5	5.997553865103802E-9	1.2187594467192433E-8	4.2413692272211895E-5	1.8544146281038007E-5	3.5049124298590995E-5	3.403233266233872E-7	1.6571408825759858E-6	2.41700595965558E-6	1.1776339909093563E-5	5.665103706782167E-6	1.0156724321732317E-5	6.9763486070265454E-6	6.550421420617254E-10	3.6112624737231327E-12	2.46266310066526E-9	2.3981757677836524E-7	3.4795305821207798E-6	2.8530960149047487E-8	3.4795305821207798E-6	1.0757641016922619E-8	3.567163956040993E-10	2.635320025293304E-10	4.501847413681236E-6
0.00109431847987444	1.1193197484458363E-4	7.99053813868879E-9	9.468162427609659E-4	2.0379381033616427E-7	1.2784400788396082E-12	1.602879952746454E-5	1.7655088440585935E-4	0.0023349994407802477	8.31488121978646E-7	2.4650122233930147E-7	9.417418119007937E-4	3.2736648063857006E-4	6.396094669142551E-4	5.8944624149094E-6	5.009563287640949E-5	1.7096416781478319E-4	6.78073389700106E-4	9.901847533981167E-5	1.3631998139760173E-4	1.252553018941784E-4	1.2133132246534664E-8	1.574991566413116E-11	3.801107732112116E-8	4.742941571924876E-6	6.29614139086771E-5	0.0	6.29614139086771E-5	1.0644397876225377E-9	3.7824199396365004E-10	3.510397835245275E-9	6.630164582883965E-5
0.00905291990295423	5.406836039993142E-4	4.001135242397583E-8	0.0038998443364346583	2.780401962012686E-7	6.32952214922938E-11	7.700927817540893E-5	3.516056185648201E-4	0.002944631086684559	0.002044979400270036	7.428437758402758E-7	0.0020325880168142706	4.6698769742515477E-4	8.905068174661803E-4	7.570348178991903E-6	2.544761270423089E-4	0.009038827929005582	5.644849079161651E-4	1.353548241224278E-4	1.7854287687319484E-4	1.3519469696683805E-4	1.856875378357875E-8	1.0602867742929272E-5	7.44305465186136E-8	1.792791888143263E-5	6.629593497282522E-5	0.0	6.629593497282522E-5	1.1104856621338396E-9	4.006800298252748E-10	1.561534940731388E-8	1.442324874260274E-4
1.491918559221353E-4	1.3655453470680086E-5	9.531429846942505E-10	6.925778352580198E-5	8.182455082731883E-9	5.063898594312963E-11	1.9246936262763364E-6	1.964845863642281E-5	5.4968300944495635E-5	1.7882736243699598E-6	2.8309205583939387E-8	4.681388274838696E-4	7.752213608821196E-5	1.4911417968082246E-4	1.1221820951776255E-6	0.0010135975140938378	4.763599915499304E-6	2.503114015900762E-5	9.706234978356342E-6	1.6211763753685846E-5	1.511535087807531E-5	1.403074885189593E-9	1.8166735605307104E-12	4.615601580871347E-9	5.634436780301123E-7	7.594013447094435E-6	0.0	7.594013447094435E-6	1.3696899523627506E-10	4.575662080830384E-11	1.1316413503141268E-8	8.342639978955415E-6
2.043017596386582E-4	0.0023252737491510907	2.131059736255838E-9	7.402821465547324E-4	3.560947662660945E-8	3.3117343186289494E-13	8.505568625598461E-6	7.803865001030067E-5	1.2875756964301807E-4	3.7476949765220224E-8	1.1201152455459321E-7	2.2063760794004434E-4	8.988425120169369E-5	1.8140964559842007E-4	1.6851703984624291E-6	8.069756782425723E-6	1.415698676223482E-5	1.1457606565267692E-4	2.232610499148753E-5	4.2922128375751856E-5	3.9085040752686276E-5	8.097014215169347E-9	2.958577543187014E-12	1.4613974273948232E-8	2.6058437329756718E-6	1.956297990118144E-5	0.0	1.956297990118144E-5	3.5035139602550776E-10	1.166046958264262E-10	9.227032068769938E-10	2.3258972383832657E-5
0.005528484425049878	4.798172537195037E-4	3.078860666093868E-8	9.70272637673273E-4	2.8238763499140847E-7	5.4074321278953015E-12	6.428208170934371E-5	6.535865727226403E-4	0.001315232575354224	6.856238871879714E-7	7.184000845285396E-7	0.002539289805240341	0.0037404341330521474	0.006875439940251634	4.759423757492117E-5	2.207820046638167E-4	1.4682376484223458E-4	8.861266169252983E-4	3.819824270795736E-4	3.874055068031462E-4	3.087805664470201E-4	5.063160357695522E-8	6.88388674244669E-11	1.0469273281180287E-7	2.0254107777380776E-5	1.535956030690601E-4	0.0	1.535956030690601E-4	2.481585860530394E-9	1.070767755665536E-9	1.5082129672148345E-8	1.715376996338799E-4
0.005910967254672327	4.134266091526153E-4	2.6142040705400306E-8	6.474145194024289E-4	1.6367471605925339E-7	2.9216969912421762E-12	3.4448278248481215E-5	3.4078128200447735E-4	8.187655521692878E-4	6.733432886624609E-7	3.818278893926886E-7	0.0016011492856303803	3.5766647426808E-4	6.536195115554261E-4	5.6228267678289835E-6	2.263409929795343E-4	9.275471287830176E-5	5.337129637737843E-4	2.3876338151455562E-4	1.3639119590116186E-4	1.014229392223447E-4	2.5170760595521685E-8	6.67272921249383E-11	5.6442863862983495E-8	1.2540450836897625E-5	4.9923253858674326E-5	0.0	4.9923253858674326E-5	6.942721085878291E-10	2.704379488541978E-10	8.142278060711348E-9	9.441139640010506E-5
0.005345920786408836	4.0845990068510925E-4	2.6653049635958904E-8	7.351431659069964E-4	1.9622468889595723E-7	3.607150405141026E-12	4.280639804693553E-5	4.3431834242063124E-4	9.757983223217582E-4	6.292313655543594E-7	5.117070825221906E-7	0.001976033883912701	0.0038911800082036623	0.002807000262009187	6.76510180404336E-5	2.0802668932500953E-4	1.0940714918717495E-4	6.249540517787056E-4	2.7370669889004704E-4	2.3766400773488652E-4	2.046338004410514E-4	3.221021581589504E-8	6.280185692444495E-11	7.040283863767848E-8	1.435424707116631E-5	1.023799894606229E-4	0.0	1.023799894606229E-4	1.6275861074989022E-9	6.233439873894108E-10	1.0055987679350722E-8	1.1675113385006655E-4
5.825643710139952E-5	4.342304509758877E-6	2.7696000774315964E-10	7.452873453851419E-6	1.9851538285917273E-9	3.643736750963285E-14	4.312609625723986E-7	4.324234260032504E-6	9.701062111136258E-6	6.795994903597358E-9	4.855388533781496E-9	1.9009699117821472E-5	4.295592740373745E-5	2.9017706990195927E-5	2.438139651740692E-5	2.2567753789338216E-6	1.0921969367380838E-6	6.3701434268906585E-6	2.807397700865737E-6	2.1208721984827296E-6	1.670249894834005E-6	3.249327435366025E-10	6.762242536429981E-13	7.056283020322756E-10	1.47848344285978E-7	8.285174929338459E-7	0.0	8.285174929338459E-7	1.264103229702909E-11	5.141354895447125E-12	1.0157885229712065E-10	1.1705320400801027E-6
2.6205237315329367E-4	2.0550150411219925E-5	1.423581808812353E-9	7.219223556008387E-5	3.400044535128936E-8	1.9665307696612484E-13	2.2861290167720085E-6	2.4983666648793485E-5	0.0025947778148151255	3.599190654085476E-8	3.812051252393524E-8	5.22668078304497E-4	8.914825005284926E-5	1.710831030188447E-4	1.3055360419516896E-6	0.00101910848133639	5.7837845762597986E-5	6.2482819540152E-5	7.297970530727987E-5	1.966338804753703E-5	1.8227709251392463E-5	1.631872119531139E-9	3.1710195214286668E-12	5.508790145926081E-9	7.22852937472673E-7	9.159357849556333E-6	0.0	9.159357849556333E-6	1.5486446746507387E-10	5.484663009538327E-11	5.386117200188476E-10	9.964115181505431E-6
0.0036448587089082064	2.3717782017472367E-4	1.9568593890426105E-8	5.081736144324329E-4	7.561257001690742E-8	1.0359052193540592E-12	1.667176962925025E-5	3.108417998744282E-4	5.275432688562131E-4	3.9507448082267E-7	5.76624158114074E-7	0.0018197086157278896	4.013129862797801E-4	7.78687113129907E-4	6.487634529654495E-6	2.469372105912042E-4	5.750269395361907E-5	2.3923727687359328E-4	8.55533848156759E-5	1.1391935208608238E-4	1.1332756735741475E-4	1.331140537094549E-8	4.0339328797127564E-11	2.6478295111192244E-8	6.748664031557047E-6	5.7352344478601354E-5	0.0	5.7352344478601354E-5	9.816364913109496E-10	3.458262278406497E-10	2.882772341647324E-9	4.5279173887763046E-5
0.006544622998830435	1.1738750333282088E-4	2.039652933571943E-9	1.375956046840141E-4	3.2249709781005886E-8	3.0197730791215366E-13	4.07822532986343E-6	0.0019886334040521377	1.5276551655631106E-4	2.6060852146094147E-6	5.96990800937173E-8	2.1724799592431443E-4	7.423309929575064E-5	1.4135718766433803E-4	1.3161195710289043E-6	1.0773303068709155E-5	5.10311139766504E-5	5.6334906175988033E-5	2.2799719065856852E-4	5.0056543941747726E-5	5.114161799150192E-5	2.498169664109558E-9	5.86338322504286E-12	1.4842531042522528E-8	5.118615783647887E-6	2.5932297220346227E-5	0.0	2.5932297220346227E-5	2.1926255943920598E-10	8.12886013801359E-11	8.390556913897565E-10	2.8449264532709646E-5
7.787417734460412E-4	8.178740695703241E-5	6.550152751696955E-9	2.1130546961299382E-4	5.98334348325874E-8	1.1199252462408308E-12	1.358001907491178E-5	1.4751056276549024E-4	3.215465901767949E-4	1.0380726232605388E-7	2.1786528868156894E-7	8.06531574473689E-4	3.294668103126474E-4	6.594194916851937E-4	6.154445427963129E-6	0.0010471502185200648	3.51922916056197E-5	1.7996320547493763E-4	7.482221282328049E-5	4.393043101921395E-4	8.842287158744286E-4	1.0378826716625186E-8	1.2760366725449593E-11	2.2958619873624926E-8	3.913599351677761E-6	4.641393776570122E-4	0.0	4.641393776570122E-4	1.2135813951722415E-9	4.20731648765321E-10	3.1228655100647236E-9	3.797101460477238E-5
7.777889407441437E-4	7.236910468488339E-5	4.3263725077035105E-9	1.2836587126842483E-4	4.6152459727181894E-8	9.208595056968798E-13	1.108405453307682E-5	1.1050539247660722E-4	1.8023554216259403E-4	9.861275215088927E-8	1.0427599986247625E-7	3.940970554157974E-4	1.9532956257344738E-4	2.92656814433178E-4	3.2974627266738675E-6	4.5360113559695575E-5	2.0240203078297464E-5	1.4206096055277494E-4	5.986549064677623E-5	2.908349090188364E-4	6.840536397338502E-4	9.490306057511273E-9	1.4808721207741076E-11	1.7653701288640292E-8	3.4826371309896794E-6	5.553357736962733E-4	0.0	5.553357736962733E-4	2.2950265850947218E-10	1.611942132421112E-10	2.5702458062589703E-9	2.8719513848834177E-5
7.098350842688841E-4	3.76354304446059E-4	4.235552320235867E-9	1.6502981566155975E-4	4.975683098209043E-8	1.236215487638028E-12	9.409234229549777E-5	1.859945739049823E-4	3.049644510317646E-4	1.0092021078795536E-7	1.1732691191489549E-7	4.009981961774294E-4	1.908587755106045E-4	3.0774075562470157E-4	3.302748818946524E-6	3.714504059005362E-5	3.265754786661798E-5	2.7609874665483476E-4	5.8260670183334E-5	6.669242828058622E-4	1.0055898432248066E-4	8.574346984935171E-9	1.0602776584977859E-5	1.9769708584722244E-7	9.36182400774538E-6	2.0823036769770158E-5	0.0	2.0823036769770158E-5	3.3412031088872597E-10	1.7751865727970548E-10	3.4499697650270913E-9	7.870799950422296E-5
8.246760277198083E-10	1.6159537952516436E-7	5.1204031350677824E-15	1.8222303635084345E-10	7.6599410878953E-14	3.522366379151288E-18	1.7782897197764946E-11	1.0455616264442945E-10	7.924666182653038E-10	2.4015444882574496E-13	1.3665962297759334E-13	5.226966188217808E-10	1.7753367452775562E-10	3.4035062897961004E-10	3.1546380683981E-12	2.395735383757353E-11	8.310101539305874E-11	1.7305288554777073E-10	8.202577256118935E-11	8.702480272598255E-11	6.6463073763209E-11	5.792555665976792E-15	7.847082202539687E-15	4.124492817893734E-14	2.636549385836976E-12	3.266306486624297E-11	0.0	3.266306486624297E-11	5.355449772549254E-16	1.9627892143509584E-16	9.834294972291462E-15	1.0118576747331472E-10
5.433812066940948E-7	8.096388453837544E-8	4.668457311877107E-12	1.8160962640713024E-7	5.595049415405814E-11	3.9658549080847275E-14	7.191154667150765E-6	1.391747609011637E-7	2.787750999149366E-7	1.7641514877756602E-10	1.6321008926423997E-10	5.37621520428444E-7	2.648688609999005E-7	4.853967872348262E-7	4.86572560954098E-9	2.347882794695824E-8	3.0728471240972916E-8	1.7632977602657227E-7	6.925721552924496E-8	1.0344578430120017E-7	9.174604600819164E-8	1.0083214516072864E-11	8.428819302212512E-14	2.7604615482058762E-11	3.625146976868757E-9	4.6050725055478516E-8	0.0	4.6050725055478516E-8	7.891726692448714E-13	3.1030413776192784E-13	1.10956265468299E-10	4.171681144851696E-8
7.90031084938277E-8	7.013155652699043E-9	5.039788800019265E-13	4.685613465814278E-8	1.4320082350349734E-11	1.0238859766038381E-16	8.686727233925127E-10	1.383258810587904E-8	1.1515870683969514E-7	1.2064182358992465E-11	2.1981835972489344E-11	8.110255326695394E-8	2.057328897397789E-8	3.903714328410652E-8	3.4170363946113557E-10	3.4914152129475116E-9	1.3745326333769549E-8	2.5561145995568774E-8	5.2760376624976485E-9	7.463297493650665E-9	6.100795125232777E-9	6.03220440324945E-13	9.985161324956914E-16	2.6104193115957746E-12	2.541475468866875E-10	3.024121258471464E-9	0.0	3.024121258471464E-9	5.0817726721536484E-14	1.8859792984935698E-14	2.8147200453893415E-13	2.8106568921130316E-7
4.700767064316718E-5	5.944940348238984E-6	6.154228319284191E-10	4.727633623153698E-5	5.923792795205805E-9	2.266747212735357E-13	1.1810990417747188E-6	2.7185758819377598E-5	4.7936998547589074E-5	7.058815342322145E-9	4.385106279196568E-8	4.87377136631308E-5	1.9776327787996224E-5	3.845673642447543E-5	3.6401884938022955E-7	2.0308696851657927E-6	5.140037210314882E-6	1.948976202756699E-5	5.5651700894528195E-6	7.889847183802521E-6	7.678745337857744E-6	9.211696400499509E-10	6.751052345623123E-13	1.8138041612100885E-9	3.5895044466716104E-7	3.8806150991220375E-6	0.0	3.8806150991220375E-6	6.677977783252263E-11	2.4030044150991965E-11	6.327529503674899E-10	2.8615103848559806E-6
1.760487313558632E-4	1.6380403065837585E-5	9.792536252436548E-10	2.9055024405936225E-5	1.0446396999359448E-8	2.0843233571991524E-13	2.5088249222944663E-6	2.5012388477066075E-5	4.0795480843756974E-5	2.2320521389970714E-8	2.3602384190037273E-8	8.920196521168072E-5	4.4211941284691854E-5	6.624150546591036E-5	7.463654525253836E-7	1.0267037087245894E-5	4.581276259339726E-6	3.2154845774833264E-5	1.3550278984595255E-5	1.8735085904341306E-4	4.248451085263661E-4	2.1480872834128095E-9	3.3518809235095475E-12	3.995834227974593E-9	7.88278815502344E-7	5.318208418163955E-4	5.284039601955638E-4	2.676184682019377E-4	5.194685265472156E-11	3.648556753768569E-11	5.81763378414399E-10	6.500529798298908E-6
5.2817016275283644E-5	4.9150312022338944E-6	2.9379846743435237E-10	8.7178225072166E-6	3.134142311517972E-9	6.253307314949652E-14	7.527418377199842E-7	7.504763403448525E-6	1.224023640708575E-5	6.696603777600441E-9	7.081932388932348E-9	2.67628740353396E-5	1.326452800058937E-5	1.9874348970473598E-5	2.2392735361811335E-7	3.0801943785705905E-6	1.3745591762215274E-6	9.647591011662115E-6	4.065323285791571E-6	5.620570081470665E-5	1.274536998481855E-4	6.444567295586098E-10	1.0057805591697437E-12	1.1994194377345928E-9	2.364956964729182E-7	1.0252680031221174E-6	2.839780583613824E-9	1.3312645481035072E-4	2.963645618861223E-9	1.0316708982129248E-10	1.7453839908890812E-10	1.9506612877496954E-6
1.672456130262549E-4	1.5561319478215678E-5	9.302871517489246E-10	2.7602160667894907E-5	9.924036694941592E-9	1.9800991176418617E-13	2.3833739605685047E-6	2.3761672190876774E-5	3.875554881803325E-5	2.120440888259183E-8	2.2422173578545965E-8	8.474152150984729E-5	4.200117300642405E-5	6.29291736674547E-5	7.090442895433491E-7	9.753645473018335E-6	4.35219470503945E-6	3.0546978964058136E-5	1.2872712560901617E-5	0.0014329387495129898	4.036012078557448E-4	2.0406746006142866E-9	3.18427389692572E-12	3.796027042410417E-9	7.488618220588441E-7	3.246024307661276E-6	0.0	3.246024307661276E-6	4.934930885393232E-11	3.4661147867725584E-11	5.526729565716969E-10	6.175478134598498E-6
6.67075927954026E-9	1.003661536084062E-9	2.5549892073748788E-14	1.2593441544719131E-9	4.1305097115059193E-13	1.6640756196737064E-15	4.926859696776559E-10	1.2301846445232122E-9	1.8830973459772828E-9	1.966788528018716E-12	8.984641846532458E-13	2.273043975403645E-9	1.555603735026747E-9	2.315494067190701E-9	2.7121616103071068E-11	1.562382970989204E-10	2.120668682885998E-10	1.6534720603778664E-9	5.105649297487013E-10	6.626120161312429E-10	3.0173415676362326E-10	7.878273723027644E-14	1.8628771113807512E-16	2.6902163842930044E-12	3.262697996418317E-11	1.3782903199718564E-10	0.0	1.3782903199718564E-10	2.332395687337873E-15	8.91592159782471E-10	4.656068213549383E-12	5.51115596129416E-10
1.0953063504788132E-9	6.224416027688326E-10	7.652971798385194E-15	4.377930048012782E-10	1.27895276997188E-13	2.141757375356959E-18	3.514153810972298E-11	5.192839025909016E-10	6.771436776614847E-10	1.6483168674162177E-13	3.0587550849876646E-13	6.633041677051731E-10	4.214165967259354E-10	6.3933505845098E-10	7.350475728519731E-12	4.511825549398084E-11	7.858266945721052E-11	7.441505414033235E-10	1.4117078153779018E-10	2.6869596959092243E-10	9.509331280019921E-11	2.091235557962227E-14	2.220279923537552E-17	3.109664860303307E-13	7.41861148962321E-12	3.995707105531003E-11	0.0	3.995707105531003E-11	6.196299623630436E-16	3.8755709912218823E-16	5.9680606126244575E-15	3.4986764747061003E-10
1.8189455068570693E-8	1.024948498443755E-8	7.187394653534138E-14	5.965212165280183E-9	2.18079890930244E-12	9.539056789164823E-12	1.232899813160564E-10	6.760218050990311E-9	1.1141320963216678E-7	1.828644773119668E-12	3.748719131848066E-12	7.123950624315446E-9	2.1999066904792656E-9	4.259200832034789E-9	3.8581989160042435E-11	4.816449182010049E-10	2.112210274326196E-9	1.1556531119473529E-8	7.977260047306207E-10	1.157336109036891E-9	8.194008029816932E-10	7.193432242614859E-14	3.876336179982301E-16	3.6720275567958795E-12	4.432578467036554E-11	3.976800602754779E-10	0.0	3.976800602754779E-10	1.1990387800741135E-12	2.366516079854756E-15	2.669056452043005E-8	1.546322176811012E-9
2.2852646013132966E-4	2.3184660067946678E-5	1.7139641275528291E-9	6.40425037660954E-5	1.6735049640776798E-8	3.059964867099379E-13	3.833111378433615E-6	4.200844078814562E-5	8.714729511975018E-5	3.210954161191039E-8	5.3319453062499025E-8	9.971572146688405E-4	1.657779481136839E-4	3.1790732110304084E-4	2.3996232190555996E-6	9.421495802169403E-6	9.499133630678863E-6	4.984898052936663E-5	2.4227798497021532E-5	3.1899649807880736E-5	3.2055626303175314E-5	2.7701373523254658E-9	3.2868928941896204E-12	6.441725533510392E-9	1.065001311530139E-6	1.62685058152543E-5	0.0	1.62685058152543E-5	2.7533490714716183E-10	9.748602205065898E-11	8.531991266915046E-10	1.0777387797788277E-5
