32
NULL,rt_sigprocmask@sigprocmask,munmap@__munmap,madvise@madvise,mmap@__mmap,lstat@_lxstat,openat@__openat_nocancel,fstat@_fxstat,time@time,open@__open_nocancel,read@__read_nocancel,mprotect@__mprotect,exit_group@_exit,rt_sigaction@__libc_sigaction,sched_yield@__sched_yield,write@__write_nocancel,syslog@syslog,getpid@__getpid,writev@writev,close@close,open@__open,read@__libc_read,close@__close_nocancel,mremap@__mremap,stat@_xstat,socket@socket,fcntl@__fcntl,connect@connect,getdents@__getdents,lseek@lseek,getrlimit@getrlimit,write@__libc_write
0.1410440891758736	0.5423464787615758	0.10253635842366529	5.902195501392036E-7	0.012547514217616742	6.387917971660523E-6	2.2650694095841496E-11	2.8450191365116595E-4	0.002986411153745953	0.13861193281478584	9.928815470119979E-6	4.3435833065813175E-6	0.00669464486764053	0.012727306895586762	1.038103988443512E-4	0.0015490653872167431	0.013810681070464586	0.010633066700688353	0.008045097309571548	0.0023458150959586753	0.0018463727631210817	1.7386848882350817E-7	0.0	8.611015527682738E-7	9.821807289571458E-4	9.086996092434576E-4	0.0	9.086996092434576E-4	1.3815529470252264E-8	5.034176448085328E-9	6.104030463957281E-8	0.001526099506818162
0.05842407983931466	0.03556521230004346	0.03659204356427331	5.001364524811805E-7	0.013632593939915305	4.914504090315772E-6	6.002974669574409E-11	7.377885791853059E-4	0.007368909410889693	0.0596336400906531	1.339168488074404E-5	8.328344893289562E-6	0.03833318452062229	0.07043576955918636	4.922994994160345E-4	0.0026752180187750722	0.0061132143770482195	0.012315018331814401	0.006508333046998439	0.00466256601755741	0.0036618830558987816	5.504767002911659E-7	0.0	1.3366061420694754E-6	0.0010047415223262454	0.0018141896830317936	0.0	0.0018141896830317936	2.8682711551083497E-8	1.2046886515123625E-8	1.6670106264957696E-7	0.002197349634378255
0.14110127970168332	0.0063587994001952	0.016768687169878935	8.08096030832245E-8	0.01817382842363274	7.814849074996935E-7	1.3504808455629527E-11	1.674383665989456E-4	0.0038250274217153774	0.005529537274172378	3.1972494861605447E-6	0.02772968586637301	0.002083126895180329	0.004064255571612371	3.685701385648191E-5	4.711822177520046E-4	0.003854326816871977	0.00626862552784046	0.0010509472696004268	0.0010048838427807211	8.319381744974068E-4	1.3197114199665697E-7	0.0	1.9877434476520856E-6	1.8327118647257917E-4	4.1162486584353486E-4	0.0	4.1162486584353486E-4	6.65933986337886E-9	2.3172232923864665E-9	3.764119693308518E-8	9.316422004394129E-4
1.8287675133388936E-6	2.1376857191147042E-7	3.876326911505579E-8	1.4694200424636906E-12	7.923992225576372E-8	3.6201014716092136E-11	3.280081030357566E-16	4.046914246415277E-9	3.9831578991796774E-8	2.6579068911493005E-7	7.63989076008001E-11	4.1065114518342433E-11	7.610570460376623E-8	1.247891624261678E-7	1.2593771856969125E-9	1.0336964522490748E-8	3.148730950042345E-8	7.683324550069666E-8	2.7464219055026272E-8	2.6272338393624708E-8	1.63054815697141E-8	3.059662981971638E-12	0.0	8.522043805856346E-12	6.6446931385981324E-9	7.85678265045238E-9	0.0	7.85678265045238E-9	1.1942442203423824E-13	6.298214204602257E-14	9.071777245938182E-13	1.4499872073850734E-8
0.010879718233391388	0.007421359873246733	0.05122220215959727	7.456470107554809E-8	0.04943473368677139	1.186302557424794E-6	6.970620765740359E-12	1.440385233457392E-4	0.001296774897884269	0.0043058313669822905	1.8258969214339673E-6	0.014856023449923083	0.002069244676799756	0.0040044379624270075	3.527611027666825E-5	8.021198395657829E-4	0.007752972500239981	0.001958559612415226	0.008792992940080057	0.0013568716519288277	0.0016883111982213146	9.968831607070046E-8	0.0	3.334318564928236E-7	6.270161602635708E-4	8.627595784637019E-4	0.0	8.627595784637019E-4	5.894767586422424E-9	2.0803416146794106E-9	1.9345213347319647E-8	5.28201348992765E-4
5.431612156352644E-7	5.625200023368289E-7	1.2577950236696186E-6	6.3633658197308754E-12	5.029715041460336E-7	1.5375811949721966E-5	5.765895517727404E-6	3.5849320453361754E-8	7.935309452452994E-7	1.0518279493298515E-6	1.6307586557310044E-6	3.4500088037932067E-10	2.0017237050819917E-7	3.886444565056953E-7	3.5852442076398344E-9	2.9753377673855185E-8	1.1330912972675889E-7	1.1755853393330261E-6	8.884326744412316E-8	3.9794607798042147E-7	1.0838658285613786E-7	6.75590269291819E-12	0.0	6.801007566435687E-10	5.4216329561866146E-8	3.964705962517429E-8	0.0	3.964705962517429E-8	6.377032834852865E-13	2.284365181366237E-13	2.548044505820636E-12	7.231266980415122E-7
4.81831024489271E-8	4.937938465625558E-8	1.1304982223946691E-7	5.584955573376865E-13	4.4772125395186585E-8	9.624803583963146E-12	1.5769193852210464E-15	2.967469529411964E-6	6.87012007177482E-8	8.370839230364083E-8	3.069827393125474E-9	3.087469055644375E-11	1.762046105777511E-8	3.426211798763222E-8	3.1597488161887975E-10	2.6396056003092125E-9	1.0126244691702015E-8	1.0553191010307748E-7	7.665015875039795E-9	3.511128982485842E-8	9.612190874880738E-9	5.929908408972952E-13	0.0	6.062066804248191E-11	4.716878266107911E-9	3.498170055153324E-9	0.0	3.498170055153324E-9	1.266807968642389E-10	2.0184593121087705E-14	4.4091687608004124E-12	6.493001705334004E-8
2.9969465836538313E-4	4.1507317435706835E-4	1.2604954898535987E-4	3.3433084694423054E-9	1.7590943542036328E-4	4.020574234296719E-8	9.169006060807196E-13	1.0277128691292706E-5	9.23027240282085E-5	2.276758264510355E-4	1.2861194740525334E-7	1.174043906312278E-7	1.8253650026619583E-4	3.440880674097202E-4	3.3279433642433607E-6	1.65753862677236E-5	2.5461363395980356E-5	1.1780548685526765E-4	6.174935537333275E-5	1.0081818343738529E-4	6.93453965869292E-5	6.423467008032876E-9	0.0	2.4382158442494138E-8	1.0297192805787195E-5	3.4534260184239196E-5	2.702762786381341E-7	3.4534260184239196E-5	1.0192203530460897E-7	3.3845151526809274E-9	2.5576694018746685E-9	4.3853324479843183E-5
0.007779811383468646	0.009338868590481244	9.371112703015144E-4	8.09356376903271E-8	0.009084755011971982	2.031039623057599E-6	1.2808233191599542E-11	1.6936298526613522E-4	0.0017641731012953165	0.02289225182424708	6.784478320566337E-5	2.4116406339305536E-6	0.0032660383258267755	0.006359177514274464	5.840574877594975E-5	5.0618122824653E-4	0.0017512778229590322	0.006681545308356802	0.001278785246223062	0.0014233921912888674	0.0012837429926343498	1.2014797301561665E-7	0.0	3.962165848735517E-7	3.6083350577846996E-4	6.432578551543888E-4	0.0	6.432578551543888E-4	1.0454354307195786E-8	3.719621889947137E-9	3.517747210099702E-8	6.678875442939752E-4
0.07617766994993237	0.020252851474126313	0.00227213747988738	3.9949252712496165E-7	0.03817944636866095	2.846805380151231E-6	6.003885550492268E-10	7.584635400384839E-4	0.0035180489716930678	0.030420078811231828	0.02047820611646419	7.203220414142471E-6	0.004714944117884332	0.008969793301643667	7.608736816267835E-5	0.0025005138042222264	0.08699829428170189	0.0057895883076383	0.0017474146288006217	0.0018811333953057251	0.0014142584582988345	1.8505997809116824E-7	1.0155108227670142E-4	7.612716387445392E-7	5.906612471616302E-4	6.922371980054304E-4	0.0	6.922371980054304E-4	1.1122824231350618E-8	4.015149209265618E-9	1.5072883219441375E-7	0.0014265917511258489
0.0011672971068375198	0.004504760750944364	8.76508693425511E-5	9.49196962739343E-9	6.602850271337714E-4	8.192116403888764E-8	4.795578532121206E-10	1.9361400476735466E-5	1.9381960559099572E-4	5.692649750432264E-4	7.750521625261951E-5	2.715869075344898E-7	7.559328150219719E-4	0.0014500807195351878	1.0901242095465087E-5	0.009710540542966719	5.050039115335871E-5	2.5049151970385345E-4	1.0042680374276958E-4	1.6177889430021457E-4	1.4906894224519563E-4	1.3743611040219992E-8	0.0	4.568776198950486E-8	2.0826353341468697E-5	7.477115633908356E-5	0.0	7.477115633908356E-5	1.3276091421870877E-9	4.4441914677339936E-10	1.0732144766179157E-7	8.08719863796982E-5
0.0014396213879742472	0.0021104638824306983	0.021622149775006313	2.077652372757723E-8	0.006919640912461004	3.447873804891994E-7	3.1926518335070384E-12	8.358187149104865E-5	7.503542767599446E-4	0.001300845732611373	1.1836837376045562E-6	1.050311116516722E-6	8.636638846851391E-4	0.0017363305986333362	1.6077966386893637E-5	7.910162502429981E-5	1.449305378845738E-4	0.00111437705892757	2.326281378334943E-4	4.22489343306493E-4	3.768418760800107E-4	7.734781654389888E-8	0.0	1.433111614525126E-7	8.32772447142704E-5	1.8807221016518513E-4	0.0	1.8807221016518513E-4	3.3122962069786576E-9	1.1038115627418558E-9	8.89345665970091E-9	2.2468371850131266E-4
0.04979034696129419	0.015494771976156537	0.001918520695212859	2.56434002637572E-7	0.006301992347951521	1.6279303775178949E-6	2.8147807061941496E-11	3.4307323844843054E-4	0.003314906129504248	0.008964324163221493	6.837145124766289E-6	3.6392563843958124E-6	0.0035084994593637246	0.0064021304287705085	5.4930802373422476E-5	0.002187521463338018	0.0010053504970308459	0.0052737599071692	0.002339610533946676	0.001387445559737698	0.0010017599717861419	2.4367584717649577E-7	0.0	5.666444744725118E-7	4.11206528089065E-4	4.906412493971408E-4	0.0	4.906412493971408E-4	6.78890842983536E-9	2.639656250126772E-9	7.842164699233365E-8	9.280228372978787E-4
0.04489132097663459	0.01924898774259468	0.0021297517942260257	2.63420821507865E-7	0.007191076571833646	1.9578891408785586E-6	3.501166678657558E-11	4.2881202275608205E-4	0.004243351082372732	0.010525118559620458	7.545154018325153E-6	4.903746921741042E-6	0.03737429551571572	0.027247071860384466	6.47046120610556E-4	0.002027152501308308	0.001176643953788434	0.006212036815266258	0.0027361163281113448	0.00239600844910712	0.002021288187994331	3.136915103070167E-7	0.0	7.092459482223834E-7	4.8221450611517577E-4	0.0010081332240617525	0.0	0.0010081332240617525	1.583592897541261E-8	6.060307945701988E-9	9.758302884671719E-8	0.001153606863470789
4.903942746863096E-4	1.853239096992486E-4	2.198645908349587E-5	2.736819355115413E-9	7.294915774920154E-5	1.9818086167701003E-8	3.535357568465634E-13	4.320100618487255E-6	4.2278298938186844E-5	1.0537563097162422E-4	7.828465491010643E-8	4.658639080111352E-8	4.123648762286207E-4	2.8163165740414427E-4	2.3203777475962192E-4	2.1972028249281243E-5	1.1803131945876077E-5	6.331714052025437E-5	2.794221581830393E-5	2.1495124453436512E-5	1.6572072799481016E-5	3.164317402202635E-9	0.0	7.1129957422043174E-9	4.920069630727978E-6	8.191082964237034E-6	0.0	8.191082964237034E-6	1.2370368230602262E-10	5.0186291212141236E-11	9.853410294338502E-10	1.1568735083907635E-5
0.002030694703067724	0.005070686486792765	1.4531817532206315E-4	1.448827157051388E-8	7.29309994908093E-4	3.4313394288442875E-7	1.985679484946859E-12	2.4535284274438846E-5	2.5238391301165924E-4	0.025094581482607667	5.817315821420992E-7	3.763548292044887E-7	8.805672383360291E-4	0.0016853304297991141	1.2871295324445043E-5	0.009767259672938663	5.847286837016808E-4	6.355932754576515E-4	7.696501175044897E-4	2.082076689071917E-4	1.8912426433218384E-4	1.6354663983666907E-8	0.0	5.8366503986926625E-8	5.683436620555839E-5	9.471651855053745E-5	0.0	9.471651855053745E-5	1.532289443968605E-9	5.433583109193857E-10	5.43944786553937E-9	1.0163745348142649E-4
0.031124368594074622	0.017665794004503917	9.90996913195127E-4	1.9269801100394327E-7	0.004968782278514102	7.660280937034363E-7	1.0189540006086912E-11	1.6760664150554597E-4	0.0030229897970034856	0.005779898796659728	2.434672435831629E-6	5.52334923918789E-6	0.003944555938681221	0.007633084988056704	6.346158812810277E-5	0.0023806940760292424	6.239116304090203E-4	0.0024071849419743403	8.422045751970513E-4	0.0011448890340286615	0.001116089219736187	1.3015313552167706E-7	0.0	2.6875653544095467E-7	1.8789236123057916E-4	5.634084317298641E-4	0.0	5.634084317298641E-4	9.561483585506546E-9	3.370072151250037E-9	2.834489371264849E-8	4.4998316329851305E-4
0.007534396849681968	0.006338479719372296	0.009062342567950327	5.763685328579755E-8	0.0025878139714146384	1.8495156759799094E-6	8.394728893991926E-12	1.3908912544536363E-4	0.019780877507258363	0.004570393066528917	2.919539002562758E-6	1.6317447300701797E-6	0.0021493900249398936	0.004177529279704782	3.8196727952792804E-5	4.3888122842041026E-4	0.0027508780980789733	0.0016738208543200595	0.021645521609566454	0.002174736548358895	0.0033159515058680646	6.888301311730047E-8	0.0	3.4568753795967613E-7	0.0013149483852623234	0.0017168798904103034	0.0	0.0017168798904103034	6.7348397540650424E-9	2.407212851846841E-9	2.3312463369962676E-8	5.304078292978971E-4
0.006332755367072901	0.007876087238525321	5.619305695802525E-4	6.522921111671133E-8	0.002073071102911799	5.984000659515612E-7	1.0968556380501326E-11	1.3688265115973118E-4	0.0014445573189521782	0.0033488345401295186	1.8680234818419881E-6	2.09002819536598E-6	0.0032374877694740264	0.006457094899569863	6.007337674644874E-5	0.010041300591700756	3.7001966700558593E-4	0.0018014809733552018	7.763420051438567E-4	0.004265052914154364	0.008508979742162292	1.0174715613161567E-7	0.0	2.317168956806491E-7	1.3863141290193658E-4	0.00446289635424741	0.0	0.00446289635424741	1.1749594062464581E-8	4.077451877165933E-9	3.058038941701888E-8	3.767965870924611E-4
0.006415633875818135	0.00386189832479762	4.48906820694275E-4	4.310835071340708E-8	0.0012657365135995394	4.5963831482622064E-7	8.985121700943274E-12	1.1128299983096183E-4	0.0010833157364128806	0.0019339466492098352	1.5044885211509183E-6	1.005489218416407E-6	0.0019235636951953137	0.0028853369272673064	3.227244797397062E-5	4.4198820520051607E-4	2.174823976341206E-4	0.0014187133329941672	6.050114753686977E-4	0.0028210928541949963	0.006568756612373005	9.270934783424786E-8	0.0	1.7759817249302735E-7	1.0905414755822729E-4	0.005325552774998777	0.0	0.005325552774998777	2.260776414056861E-9	1.5715613587317815E-9	2.5074561903456618E-8	2.8395794297708633E-4
0.005754632928407315	0.003938879774965143	0.0033747540406669926	4.23154331005199E-8	0.0016265816342810337	4.969666107431462E-7	1.2047993263583986E-11	9.070545567661387E-4	0.0018051256370700429	0.003144990795455288	2.4380540643361715E-6	1.13281216478107E-6	0.0018825795286811014	0.003035913388796646	3.237213426870566E-5	3.639289252383161E-4	3.4099972348007113E-4	0.0027026311530656383	6.056332957218303E-4	0.00643949803357715	9.834912884327607E-4	8.394155730586902E-8	1.0155108227670142E-4	1.8854228268143068E-6	1.8026826787792338E-4	2.0800628313783623E-4	0.0	2.0800628313783623E-4	3.2759376510968016E-9	1.7316972532169005E-9	3.3618470011550394E-8	7.589320425103211E-4
2.7616055011129274E-9	3.388401326016136E-9	1.5343489305156575E-6	2.896410829648217E-14	1.3190201865555034E-9	5.360586004090783E-13	2.415378253016975E-17	1.3346432417356308E-10	8.14880333148357E-10	3.299433799271844E-9	1.0709949968319133E-12	1.0379809341094807E-12	1.4036063679420768E-9	2.7085566747313547E-9	2.5663425013549165E-11	1.646747595690007E-10	4.791629611284857E-10	1.285356668882981E-9	1.5083814350594443E-9	8.107322270389305E-10	6.938701861501363E-10	4.73894636586612E-14	0.0	3.3452650917344257E-13	1.728150137862449E-10	3.44096103099613E-10	0.0	3.44096103099613E-10	4.623409446378779E-15	1.6779421853713212E-15	6.745380510052248E-14	5.63455577823577E-10
4.265462482300037E-6	5.2503591498218054E-6	6.069304340368847E-7	4.6495697708824455E-11	1.7771946052724387E-6	5.549217063349537E-10	3.7592994624135104E-13	6.881662074286687E-5	1.3594244040203562E-6	2.8446496605976618E-6	9.882097470100928E-9	1.567080508359218E-9	2.60124230371352E-6	4.755899434196059E-6	4.7472494570598764E-8	2.333771660409436E-7	3.176139009583568E-7	1.752544174236958E-6	7.167166563988948E-7	1.0325836425937947E-6	9.053488267482611E-7	9.858413062893724E-11	0.0	2.7339189380145643E-10	1.324875333201142E-7	4.5355409928112153E-7	0.0	4.5355409928112153E-7	7.648776876994558E-12	3.007994166192419E-12	1.0517665532978394E-9	4.062465098628284E-7
5.705234165506403E-7	7.954866009720853E-7	5.682379887421914E-8	5.104802689605819E-12	4.597738088258428E-7	1.4237214115777437E-10	1.012538016762518E-15	9.326971242306778E-9	1.3644726814729116E-7	1.1533800179455489E-6	2.4584600667018227E-10	2.132053390038059E-10	2.0471430525956833E-7	3.874286651765178E-7	3.3845564252076213E-9	3.51690179346627E-8	1.397300175553607E-7	2.5667634280035705E-7	7.479527046953795E-8	7.894559897595523E-8	6.379239280846068E-8	6.01203673733035E-12	0.0	2.7051126884746134E-11	2.3552224136161734E-8	3.1531215407623845E-8	0.0	3.1531215407623845E-8	5.015502890400536E-13	1.861846295779071E-13	2.783721650560983E-12	2.6639645238648723E-6
3.5913662329714315E-4	4.8052349523088414E-4	4.751377972835132E-5	6.1703177250331385E-9	4.596659683067148E-4	5.949738131417614E-8	2.1785047479186665E-12	1.1971776073354636E-5	2.642146970262805E-4	4.8683145172211687E-4	1.6968150635274492E-7	4.227437395796583E-7	1.9591570925373851E-4	3.7978166064088633E-4	3.581557009805101E-6	2.04602083183445E-5	5.293637500791396E-5	1.944240459575119E-4	6.182199248846758E-5	8.02501651572456E-5	7.676368593459158E-5	9.037931200482214E-9	0.0	1.860828663853264E-8	1.4442758688429862E-5	3.869814390390167E-5	0.0	3.869814390390167E-5	6.518260726340998E-10	2.347202198337384E-10	6.080488991796398E-9	2.8747387899156773E-5
0.0014534779498510293	8.74923023998985E-4	1.0170107816392066E-4	9.766309075303599E-9	2.867561542902068E-4	1.0413234898764079E-7	2.0356047414841884E-12	2.5211477369650963E-5	2.4542823003974106E-4	4.381409604423022E-4	3.4084610469522584E-7	2.2779632080141385E-7	4.357886847247413E-4	6.536809957634753E-4	7.311412943017453E-6	1.0013351421948677E-4	4.927123909874092E-5	3.214134912061256E-4	1.3706705632928205E-4	0.001805368149698568	0.004074573478140497	2.1003564335405473E-8	0.0	4.0235365514227445E-8	2.4706523455860787E-5	0.005095555657673201	0.005061394716702763	0.002564854529964714	5.121850592080214E-10	3.56041622051032E-10	5.680712942346794E-9	6.433146799991457E-5
4.3605917287731764E-4	2.624992795732748E-4	3.051854040568018E-5	2.9301157570356307E-9	8.603969644746341E-5	3.124197683072753E-8	6.107149443087832E-13	7.5643934896510206E-6	7.363860263177817E-5	1.3145879566158776E-4	1.0227540456960462E-7	6.835056300622551E-8	1.3074589486660425E-4	1.9612286230069988E-4	2.1935966605179156E-6	3.0040894926219424E-5	1.478322722899531E-5	9.643528762089813E-5	4.112272372623815E-5	5.41614993882292E-4	0.0012223737706763907	6.301369122132103E-9	0.0	1.2077078871872767E-8	7.413344868781945E-6	1.025028479230424E-5	2.6901489619640323E-8	0.0012756008486465478	2.8080900961872314E-8	9.804342936317848E-10	1.7043071501529893E-9	1.9304293885909942E-5
0.0013807984236569367	8.311734845945063E-4	9.661563041072996E-5	9.277955800779639E-9	2.7241723609114615E-4	9.892532827798693E-8	1.933816621379111E-12	2.3950805867845846E-5	2.3315586809866652E-4	4.16232215686708E-4	3.238024795085554E-7	2.1640562260313647E-7	4.139975628643879E-4	6.20994414546993E-4	6.945813981875787E-6	9.5126450734026E-5	4.68074863372633E-5	3.0534157194815235E-4	1.3021317271044058E-4	0.013735874105764073	0.0038708290251444136	1.9953304780769048E-8	0.0	3.822344142406847E-8	2.34711016052168E-5	3.245276163112983E-5	0.0	3.245276163112983E-5	4.86573822772858E-10	3.3823816215079944E-10	5.396655296245783E-9	6.111464547152093E-5
2.9522059525220448E-8	2.451068618297507E-8	9.774305183654805E-9	2.752631443899014E-13	1.3932273275240356E-8	4.621636061951961E-12	1.577067264663277E-14	4.9893633915612755E-9	1.2736635120010442E-8	2.3867725682817996E-8	1.5242685238518847E-10	9.517546201651991E-12	1.5910310555733027E-8	2.4006803916105752E-8	2.755638803914897E-10	1.681969215360286E-9	2.7403405908328663E-9	1.7733282120441757E-8	5.746575790810208E-9	8.11473988677545E-9	3.3974552048020937E-9	7.890412842450583E-13	0.0	2.6499860490000546E-11	8.218712855577892E-9	1.5089702004192278E-9	0.0	1.5089702004192278E-9	2.4660796836688723E-14	8.44613144157154E-9	4.412596623064869E-11	5.820160437057206E-9
7.981115310616341E-9	6.539999326187623E-9	5.66961157452579E-9	7.668008009623931E-14	4.279379086210065E-9	1.269939505316174E-12	2.0920170521317013E-17	3.508045546676162E-10	5.002035451665952E-9	6.965518782532463E-9	4.474074909405706E-12	2.942901704196813E-12	4.1290147943202726E-9	6.2790921025130805E-9	7.154176022126111E-11	4.489437163690488E-10	8.172520204709225E-10	7.232910114437884E-9	1.4868999484295636E-9	2.657368449547464E-9	9.527237524029125E-10	2.0292112493668648E-13	0.0	2.9629767338689785E-12	4.084680954804924E-10	4.0150215609128035E-10	0.0	4.0150215609128035E-10	6.073557145663237E-15	3.756189457471135E-15	5.828501488850339E-14	3.3420805320997212E-9
7.870682549321546E-8	7.594411383603444E-8	9.86835755139103E-8	7.72565668564239E-13	6.219837789568095E-8	2.2812632367570543E-11	9.035289014492355E-11	1.931264153029881E-9	6.670823119681283E-8	1.0732500436212914E-6	4.239707871029174E-11	3.826137587202861E-11	2.3737931810044294E-8	4.572004006888771E-8	4.13578345821441E-10	5.156578119223986E-9	2.2578982117729573E-8	1.1490090493150682E-7	1.3423834536264644E-8	1.575510599519821E-8	9.643118319228073E-9	7.823529327035752E-13	0.0	3.614765920248937E-11	2.0346140950016987E-8	4.557269938164919E-9	0.0	4.557269938164919E-9	1.1364474575651643E-11	2.5156332109780592E-14	2.5281007243821344E-7	1.6056539314475803E-8
0.0018516254940825153	0.009482052180875635	1.5453396884242243E-4	1.693372409075745E-8	6.207366820139912E-4	1.6558856142858537E-7	2.9656851468054714E-12	3.819483199221953E-5	4.07280201891454E-4	9.011247337545313E-4	7.290030358355819E-7	5.072225640120198E-7	0.0015976079619507615	0.003055396534473355	2.3038493217057394E-5	9.257639557107873E-5	9.918226302833544E-5	4.936956623596423E-4	2.460130097440771E-4	3.1544454600164105E-4	3.126547008138204E-4	2.6881939675073195E-8	0.0	6.431635441354417E-8	3.817281441459802E-5	1.5837021979444354E-4	0.0	1.5837021979444354E-4	2.641195149949798E-9	9.359203791515075E-10	8.267730278845197E-9	1.0579064722845859E-4
