32
NULL,time@time,open@__open_nocancel,read@__read_nocancel,mmap@__mmap,munmap@__munmap,mprotect@__mprotect,rt_sigprocmask@sigprocmask,exit_group@_exit,rt_sigaction@__libc_sigaction,sched_yield@__sched_yield,write@__write_nocancel,syslog@syslog,getpid@__getpid,writev@writev,close@close,open@__open,fstat@_fxstat,read@__libc_read,close@__close_nocancel,mremap@__mremap,stat@_xstat,socket@socket,fcntl@__fcntl,connect@connect,lstat@_lxstat,openat@__openat_nocancel,getdents@__getdents,lseek@lseek,getrlimit@getrlimit,write@__libc_write,madvise@madvise
0.868658605577851	0.010300033657371938	0.01531833637454959	8.638914235947781E-6	0.02221570213224122	0.0021755557597032795	2.5409803300930247E-5	0.0297292427954544	0.011250710734549443	0.021442966841967188	2.0398229925961653E-4	4.185697609087936E-4	0.0015780562235274836	0.0027742700628675954	0.0017113295612443404	0.0016135629581241772	0.0014137653921109227	1.818517832590872E-4	3.7918834464161933E-7	2.6346268760997828E-8	1.6137704988888768E-6	2.6278572117786414E-4	7.061055393397248E-4	0.0	7.061055393397248E-4	4.959205569456105E-6	6.39648025187455E-11	4.9483433015948005E-8	1.8427967421093315E-8	1.7766861930281552E-7	0.002345961348098428	1.5481621352047732E-8
0.0037284341354862013	1.5729085452354633E-4	0.007774485964550325	2.0409274762571633E-5	0.0049350962723858725	1.508338126826278E-4	5.138648877835725E-7	9.584468277360301E-4	2.0766192522295282E-4	3.9380615490635946E-4	3.316913413339898E-6	2.2241264928338876E-5	1.1796493812668924E-4	4.7613389414128803E-4	8.311566161530091E-5	5.1097376274430785E-5	2.7330749831730226E-5	6.400647902650875E-6	1.05974970335115E-8	1.1995738907122205E-9	1.0470587549759906E-7	2.3915154218527238E-5	1.2555356993700383E-5	0.0	1.2555356993700383E-5	4.777614550585333E-7	1.6401808208339093E-12	6.573260727780581E-10	2.3935655036717304E-10	4.417702471369711E-9	1.5133761197307424E-4	5.312030925127894E-10
0.009161074610634526	5.66360688843097E-4	0.008960235648447768	0.0030149922392912272	0.006384155370207328	6.728425706350679E-4	3.2699677883385765E-6	0.003130497814200494	5.672628774758995E-4	0.0010274790907881274	8.295609399347971E-6	2.4066286600254845E-4	0.00914605318313132	4.4664100189842674E-4	2.186680949911063E-4	1.9624974969431058E-4	6.137780394630493E-5	1.2931907434891597E-4	2.8162864245582478E-8	1.1046054098713621E-5	5.148315901551573E-7	6.441340937299875E-5	2.3477911979202255E-5	0.0	2.3477911979202255E-5	9.735150103962362E-7	2.766333470793023E-10	1.1397499086931811E-9	4.5935603270876473E-10	6.652544040873909E-8	8.892467083059223E-4	6.360359513883238E-9
4.5241352428035506E-4	2.213090666536178E-5	1.471556170813409E-4	6.750930944542665E-5	3.717077305676216E-4	2.1732530510379063E-5	6.936409434446029E-8	4.598258177642695E-4	6.240299654738795E-5	1.1771823350013181E-4	8.097426951041421E-7	0.001024070138677286	5.752998291020951E-6	1.2501516961646426E-5	4.9902073864087125E-6	9.896951166427327E-6	3.193134327779311E-6	1.099976921227725E-6	1.0892102249722165E-9	2.0503573962699913E-10	2.558616233457348E-8	1.7734313974520802E-6	1.2432858176374456E-6	0.0	1.2432858176374456E-6	1.9695244358292773E-8	2.2133738677577386E-10	1.0892003071097801E-10	2.965360092527142E-11	4.8072436313518686E-8	3.91656006873572E-5	6.929458549466369E-11
0.006982119493789823	2.7306922196314917E-4	0.001376257211781132	8.773878802067769E-7	0.041417461021545546	0.0399684378527448	0.012728467847087581	0.0015671609204469898	3.579585977104219E-4	6.735706896843461E-4	5.78519318751749E-6	8.732249815220606E-5	9.00607792116229E-4	2.062235442995634E-4	8.84547225158153E-4	1.0855565226734885E-4	1.3070991934498318E-4	1.2473679616665691E-5	2.2909671839010237E-8	6.670114462999529E-9	1.374608416380023E-7	4.256593008133971E-5	6.609972186800815E-5	0.0	6.609972186800815E-5	5.554635071120956E-7	2.728999289024651E-12	1.1581237787982685E-9	4.255741944262251E-10	7.50983115937617E-9	2.1454333671845407E-4	2.9763637244322214E-9
0.01136034357720414	6.961137647187105E-4	0.0013931262131263423	2.8224211120061132E-6	0.01478749670850233	0.012460070385107032	0.02375934768940656	0.002073116171514366	5.348097546732569E-4	0.0010184630668064075	8.98514864218267E-6	6.749778865470221E-5	4.945104482332738E-4	6.909963096446361E-4	2.2585278970751473E-4	1.2006755515153245E-4	7.492952571642722E-5	3.2852028533863304E-5	3.803794303310218E-8	4.9625847404399084E-8	9.74223097774255E-7	2.6255881082465656E-5	3.528910953116861E-5	0.0	3.528910953116861E-5	4.873907813426772E-7	1.1317989185575812E-11	2.000485868803037E-9	7.184251525937534E-10	3.155147171716943E-8	6.534147488840885E-4	2.4593033086631364E-9
0.007097407312216662	2.3784376996437238E-4	5.544170405582384E-4	4.365708313683812E-7	0.005837266331502068	0.018345035131129016	9.333198837224589E-7	8.197132760720285E-4	2.8252117832758034E-4	5.449757367716109E-4	5.072947774325382E-6	1.2012046760763599E-5	5.704647853341551E-5	1.364416704638627E-4	5.320177523380762E-5	5.2687562066392946E-5	3.7235506464033945E-5	9.32591622877549E-6	2.5641331930061758E-8	7.505156518570819E-10	8.334421975792535E-8	1.1617849785607402E-5	1.8006521691546235E-5	0.0	1.8006521691546235E-5	2.2279421548165336E-7	1.7084317767064125E-12	1.2950642106467438E-9	4.5633275673953967E-10	4.736068734820543E-9	1.1924093998026529E-4	5.100536347247418E-10
0.03235969814082209	9.88476571675482E-4	0.002303279195005314	2.1947855029929728E-6	0.0030508955151448813	4.2838138141200867E-4	3.0254347329872555E-6	0.006585651102075049	0.009538369967949946	0.01772148628951834	1.1126694532871182E-4	1.9077390720178446E-4	2.4370291379717618E-4	6.01914596313661E-4	3.329513418761112E-4	2.028536981146723E-4	1.2859069092353747E-4	3.9353307202685715E-5	6.05812807954271E-8	1.3325083723853029E-8	3.056115778973322E-7	5.958771403456724E-5	6.163943775350666E-5	0.0	6.163943775350666E-5	9.860686794985947E-7	1.428512382906927E-11	3.5586663847246258E-9	1.5972392442879935E-9	3.969234622484168E-8	4.8691774718085317E-4	4.125130039657605E-9
0.01871504641050853	6.914476402105398E-4	0.0022582637636021155	2.412269405464059E-6	0.0029249857112142877	4.186770100301533E-4	2.735060684443401E-6	0.007506496637933886	0.0012045811613187142	0.002163184709930305	1.661126915744194E-5	2.5080723854545E-4	2.4004872108906764E-4	6.218451252996702E-4	3.3961158014720135E-4	1.505395037191972E-4	8.227392331223911E-5	3.9335766075467163E-5	4.536196701000191E-8	1.7827518144032597E-8	2.889384054082048E-7	6.415520811338881E-5	3.832884748354856E-5	0.0	3.832884748354856E-5	9.997130092472597E-7	1.4420117671183857E-11	1.641665203075933E-9	7.40828358379896E-10	4.004258861954274E-8	4.8766092087998815E-4	4.811352526163202E-9
0.022983960343070726	7.904552822906985E-4	0.0021764079173695185	2.161332838359768E-6	0.002838533608370387	3.953495484436517E-4	2.7779930698208894E-6	0.00677505782444481	0.011034574813162334	0.007241371273173527	1.8945349897051247E-4	2.0996312203824076E-4	2.304169005358347E-4	5.72860423683254E-4	3.1649730442782415E-4	1.6705575525011494E-4	1.0590494374951222E-4	3.663798437140268E-5	4.782483916848727E-8	1.482662631754474E-8	2.7637661315190804E-7	5.821874348601482E-5	5.065965895960742E-5	0.0	5.065965895960742E-5	9.315391761618956E-7	1.3362902824160366E-11	2.72267255319397E-9	1.1345564331584495E-9	3.711319888434155E-8	4.548723665286157E-4	4.241319898989865E-9
2.275279738652221E-4	7.841596392490643E-6	2.2857201461679477E-5	2.354943696372892E-8	2.9790658089942964E-5	4.227489027809857E-6	2.8447878504927062E-8	7.280672607770803E-5	1.2432571292422836E-4	7.938355445708363E-5	7.283452738362603E-5	2.3397516786940146E-6	2.425605086310831E-6	6.17803786931042E-6	3.389471733297385E-6	1.6710724471334366E-6	9.77088794663154E-7	3.943469338843421E-7	4.982493293304017E-10	1.6561860495612606E-10	2.9459081016802466E-9	6.302588842418362E-7	4.6126209484145E-7	0.0	4.6126209484145E-7	9.99097046233442E-9	1.4413156477012538E-13	2.273342532334847E-11	1.008719658721843E-11	4.002986437163557E-10	4.887762738278261E-6	4.628490238227301E-11
4.94490709515581E-4	2.1508944986748877E-5	0.00254006178669048	8.023101005276401E-8	7.500910941556786E-5	2.0334154408962408E-5	7.762700102956712E-8	5.403114897445969E-4	7.259356483985443E-5	1.3661646869265846E-4	9.347388837079894E-7	0.0010272503282225788	4.8592646111238694E-5	2.9627426163274645E-5	7.216707835440235E-5	7.26781354549777E-6	3.828935817616181E-6	9.026760326726333E-7	9.061772709586512E-10	3.7567211833435866E-10	1.5404715392596012E-8	3.857582449294071E-6	1.7433926119132755E-6	0.0	1.7433926119132755E-6	7.961014238367928E-8	2.673776643864522E-13	8.767584149533662E-11	3.268820682785331E-11	7.181326048578888E-10	2.396075837976584E-5	1.121069378798534E-10
0.004147193402135458	2.934186369544596E-4	5.866252922907049E-4	6.040191668628225E-7	6.11556274558921E-4	8.084246115133243E-5	1.442228273973991E-6	0.0018307071116504673	3.0610470200919933E-4	5.629221186282144E-4	4.362666429534856E-6	2.3354199008349398E-4	6.176067990094473E-5	1.1379053631003289E-4	5.877787348650987E-5	3.262996271534723E-5	1.9873719443466977E-5	8.160191031607979E-6	1.1261001203590951E-8	9.266802912332584E-9	5.7495949527690006E-8	1.0033227907226295E-5	9.420226077987206E-6	0.0	9.420226077987206E-6	1.9332608296685192E-7	2.1666310541671124E-12	5.631940143274479E-10	2.2619347060732663E-10	6.006379623955251E-9	1.3261376581182721E-4	2.2763262170727185E-9
0.0020078273459950696	0.0020647996902054782	5.059361888651892E-4	4.876675632200502E-7	3.0153312920588426E-4	9.022290637983791E-4	3.343886647748508E-7	6.185428297798958E-4	1.257315653265697E-4	2.3696518460106946E-4	1.9607584522174075E-6	3.120663292714014E-5	2.642880098057349E-4	8.916161091163359E-5	0.002000515096634208	1.307998126944212E-4	2.4618616893707144E-4	4.741779733878624E-6	3.698895336166059E-9	1.8166577547306001E-9	7.22469200405129E-8	6.365050547614648E-5	1.2901311926081512E-4	0.0	1.2901311926081512E-4	5.496541588020198E-7	1.1907920095040568E-12	3.553175726327989E-10	1.3334859455466517E-10	3.2548616723706085E-9	1.0074285735513813E-4	5.902134039580399E-10
0.002743988051004664	9.043119392336932E-5	1.82434629029829E-4	1.2244823555337125E-7	1.9992811384129708E-4	4.4158617959151745E-5	2.8237504987720644E-7	4.0668890397741104E-4	1.298398446469505E-4	2.534019116730635E-4	2.312430482675128E-6	0.0010384600577461717	1.87784044265381E-5	3.143195828851623E-5	2.0269523243717985E-5	3.276981072105204E-4	7.706829149146385E-4	2.164558528635224E-6	4.104860082308484E-9	8.279402118036252E-10	1.8388143994743123E-8	3.035835054053083E-6	4.07633811625949E-4	0.0	4.07633811625949E-4	5.768938926335073E-8	7.368028649369529E-13	5.771610681007556E-10	2.0622243783869093E-10	2.045985856668516E-9	2.964744652831521E-5	3.3553765106394084E-10
0.0018407243545770942	4.651598780829279E-5	1.4987143781643408E-4	1.4844284456568573E-7	1.0052820982065282E-4	6.879924967801527E-5	1.9394247546094475E-7	3.068835384359652E-4	7.927454026048893E-5	1.24505699828495E-4	1.2140201051016706E-6	3.144031108332021E-5	1.5515698966118884E-5	2.6003914591486673E-5	1.772412922162638E-5	2.3891968656786702E-4	6.628995344317338E-4	1.988194056317127E-6	3.624000926529112E-9	1.5584443268186918E-9	1.5746029822827052E-8	2.538936840127973E-6	5.490459321496716E-4	0.0	5.490459321496716E-4	4.964873601900299E-8	6.407803661797169E-13	8.634684430855249E-11	6.71303831948268E-11	1.779811056583375E-9	3.0065984418540632E-5	5.165014016656495E-10
0.0016650477303133784	1.2361285977366247E-4	2.749355202670583E-4	3.1530161530802814E-7	1.5864540475820754E-4	6.752063551967814E-4	2.0737674149974584E-7	3.0863787959082797E-4	7.677391816224414E-5	1.274020388471264E-4	1.1939712926147244E-6	2.3878271359500893E-5	3.246893267261839E-5	1.4749600553037572E-4	2.4424379371407673E-5	2.8829688384671934E-4	3.323411019482097E-5	5.813472388631288E-5	3.1974903881487485E-9	1.102313688523619E-5	4.77511548057213E-7	1.0730067755954561E-5	2.4751264635722493E-6	0.0	2.4751264635722493E-6	7.015715468349638E-8	1.7598655415405928E-12	1.285504610556596E-10	7.237483591253084E-11	4.902154314107087E-9	1.6016177040706453E-4	6.210483286254705E-10
1.840488341503757E-4	6.914178845496113E-6	4.9965857183113423E-5	1.8732757504688764E-8	3.3384017882718687E-5	4.399313856995197E-5	1.7526008125061298E-8	3.7226960715556614E-5	9.5339184391537E-6	1.782255885001467E-5	1.5839727635623718E-7	6.76416191972009E-7	4.988885259687683E-6	4.589941889598832E-6	5.674766220806358E-6	4.187466093951419E-6	1.3545074002595915E-6	6.222201940869977E-7	2.820637311614543E-10	1.1640547122401049E-10	4.4608986980288544E-9	5.932019543924327E-7	6.273867727646347E-7	1.2151116840779785E-7	6.273867727646347E-7	1.0142041937912588E-8	1.6310966095278727E-13	4.559844735342079E-8	1.437614770517155E-9	4.5293357317189436E-10	6.726746649666328E-6	1.2824311308749166E-10
6.055276007497642E-8	3.473301878343199E-9	1.1063320721506147E-7	3.473856226285259E-11	1.2537175154272842E-8	5.920432183949629E-7	1.036289261600158E-11	4.287763666947327E-8	6.344359149440894E-9	1.187613559310533E-8	8.606598551935376E-11	9.873581678648952E-10	1.0745360440371455E-8	5.458132336669494E-9	7.856761406149316E-9	1.3186374990396652E-9	6.556979637269187E-10	2.2284042637044516E-10	1.1746148090372784E-13	4.39098674496891E-13	3.0285911237626557E-12	7.275746829042703E-10	2.7172824747894003E-10	0.0	2.7172824747894003E-10	1.5108212838237373E-11	8.546047508950089E-17	9.944906420657249E-15	3.806418231600254E-15	2.334323568736006E-13	5.932608445601927E-9	3.6202038946131953E-13
2.810724898430946E-6	1.1298753576175886E-7	1.0593078167287932E-6	4.1039384635532444E-9	2.6711887081534963E-7	8.735437716524017E-7	2.659200674008939E-10	5.991764952762913E-7	1.4741104720808352E-7	2.7180068989061215E-7	2.4069829819054626E-9	1.2198398825327284E-8	1.0455246203432515E-7	9.464900489521692E-8	7.78760801217305E-8	3.115700844790951E-8	1.664691543777899E-8	7.211616157728631E-6	4.429422174011326E-12	2.7537716428246263E-12	9.129118160106237E-11	9.730937146197276E-9	7.459937793359052E-9	0.0	7.459937793359052E-9	1.8108961190996255E-10	1.6917817546715187E-13	4.685215698665288E-13	1.77589204979888E-13	4.733018395953352E-10	1.0271575635936535E-7	3.1110568559017924E-12
3.902802059568865E-7	3.615729486866916E-8	1.5069118301857327E-7	6.544853097402884E-11	9.862364129897969E-8	1.7476778330690256E-8	8.861501097438221E-11	1.7006242633745373E-7	2.9901637657952514E-8	5.6494773383739444E-8	4.4230110607525965E-10	3.2032933439078746E-9	1.8326960797915518E-8	2.3722754096626952E-8	9.704666333751367E-9	6.169516609586358E-9	3.081621450401483E-9	6.819639987186425E-10	6.736599709494679E-13	1.8631405246642134E-13	1.3784264259626259E-11	3.131978776006037E-9	1.3841016839202524E-9	0.0	1.3841016839202524E-9	6.37952962442378E-11	3.201526829584313E-16	7.085668852744355E-14	2.639609456751097E-14	8.715907446854065E-13	1.2309945806578602E-6	6.846037345963055E-14
1.5278643376975346E-4	1.9821244681037505E-5	2.855135336314463E-5	8.815101357117207E-9	4.164376802202193E-5	2.708759033924227E-6	4.227698078525909E-8	2.636184739676954E-5	7.450316019565795E-6	1.421795957823834E-5	1.280038984960962E-7	4.829686184704558E-7	2.974413573221106E-6	5.550273532357116E-6	2.207087885174722E-6	1.27930144496308E-6	9.247903132707306E-7	1.8992837909816723E-7	2.7314607896538994E-10	2.704504328216185E-11	1.922458546923667E-9	4.359334081974776E-7	4.48854458110508E-7	0.0	4.48854458110508E-7	8.123378415604914E-9	7.1810858413233E-13	2.8850718270742583E-11	1.062949441602495E-11	2.0064696047790094E-9	2.7860164704020136E-6	1.5710437692327244E-11
4.1072283911722864E-4	1.018499380147531E-5	3.292722685651018E-5	2.7938093951005545E-8	2.2272855353063104E-5	1.511933763761356E-5	4.3057310902736473E-8	6.676270405879794E-5	1.7495928361956504E-5	2.73852367507006E-5	2.685543749703773E-7	6.998887375188195E-6	3.409896421218807E-6	5.720282381566161E-6	3.6520580248414573E-6	1.7513024891918988E-4	4.22563099929835E-4	4.3096335221121526E-7	8.09453778397656E-10	3.1376800284104604E-10	3.468811737292444E-9	5.57964424056959E-7	5.357316897273585E-4	5.35362381889315E-4	2.6805010008390117E-4	1.0891717826158993E-8	1.3881249855099305E-13	1.895672103578056E-11	1.4909742591556234E-11	3.855434883533071E-10	6.513073565375329E-6	1.1511637759750689E-10
1.2325214809177261E-4	3.0587275446244966E-6	9.884972095274706E-6	8.391274395057705E-9	6.68760726994861E-6	4.542261573346898E-6	1.2923171015152466E-8	2.0034845050501703E-5	5.250527533011694E-6	8.218973041931182E-6	8.059681582913895E-8	2.099768777374046E-6	1.023686727330755E-6	1.7179748489340066E-6	1.0961775288472862E-6	5.2539629926219835E-5	1.26768944689029E-4	1.295270398193452E-7	2.42888427775504E-10	9.414763817629322E-11	1.0450246926837838E-9	1.6765791980106005E-7	1.1090441643119408E-7	1.2094407441391831E-8	1.3395169923815982E-4	3.2690466848105992E-9	4.165613877623485E-14	1.256124716569284E-8	3.9723430889323973E-10	1.1569719846823255E-10	1.956601585197539E-6	3.45470815898701E-11
3.9018510660660373E-4	9.67570466925501E-6	3.128073800054798E-5	2.65410810611071E-8	2.115912633211989E-5	1.436331220497259E-5	4.090427861495857E-8	6.342431031231756E-5	1.6621064189573926E-5	2.6015868861798048E-5	2.5512561622505365E-7	6.648915902716516E-6	3.2393883950801825E-6	5.434246110268585E-6	3.4694409807328696E-6	0.0014378554259903342	4.0143330852628815E-4	4.0941351566299757E-7	7.689779548077707E-10	2.980783876090497E-10	3.2953577171961947E-9	5.30064042095351E-7	3.5084101596899697E-7	0.0	3.5084101596899697E-7	1.0347089755863119E-8	1.3187133606171142E-13	1.8008811572678428E-11	1.4164197722890552E-11	3.662648208897881E-10	6.187394664744427E-6	1.0936011292089145E-10
1.0073707375817413E-6	2.3153368863864563E-7	7.989972304039999E-7	7.661393849970522E-7	2.7571320279305836E-7	1.159939845900626E-6	2.483503092695155E-10	3.948176979376458E-7	7.223593973140108E-8	1.3674724466268074E-7	1.0868870315878958E-9	9.42415412217954E-9	8.391506470104552E-8	2.838229116481811E-7	5.652769916968517E-8	8.352204823234674E-8	1.5325671420245383E-8	7.857985043022666E-9	1.7806508199716157E-12	2.6527859325502184E-12	5.949234458643205E-10	1.536632850515228E-8	3.836876183672704E-9	0.0	3.836876183672704E-9	6.912781710802229E-6	2.5922389672003054E-6	1.8359520285328394E-13	6.80208889680368E-14	2.339486087685994E-12	4.433414777947521E-7	1.9176618384442836E-12
1.027461021500855E-7	2.163383955691759E-8	9.418512270277487E-8	1.4669212790998962E-9	2.7458602566636785E-8	1.2537037443817318E-7	2.453429707296291E-11	4.445919694312478E-8	7.805970022118041E-9	1.4750243047341665E-8	1.1540682760255282E-10	1.0579847803461295E-9	9.869985269728398E-9	2.6707990909904305E-8	6.704597499884682E-9	7.756819437718678E-9	1.50578125324843E-9	1.3334335134077377E-6	1.8416817967727987E-13	3.3945862684211867E-13	5.405389151756432E-11	1.531780904923066E-9	3.9671682892343415E-10	0.0	3.9671682892343415E-10	1.6920665862178922E-11	7.823414699417776E-16	5.861129532995888E-11	6.8797697493672604E-15	2.1826807891167372E-12	4.115989554098679E-8	2.514092405674023E-13
6.068569299600546E-8	2.4454375928302055E-9	6.78658279399378E-9	6.831321967319175E-11	4.4136064068741845E-9	6.148105229984384E-9	3.776091119769024E-12	6.024111190746867E-9	2.2281685597486864E-9	3.4152693325107984E-9	3.653708027856059E-11	1.4158546015671295E-10	7.486222702510879E-10	2.1278092077748878E-9	7.45673811388177E-10	7.840695647589062E-10	2.0601377881962108E-10	1.7661024240679357E-9	1.0209000776672128E-13	1.7173172718254744E-14	1.2971308116201546E-11	1.5930411278994828E-9	7.309428276252583E-11	0.0	7.309428276252583E-11	2.1712207207268945E-12	7.23841086908879E-15	4.277788501216138E-15	3.797218908290813E-9	2.025261387552382E-11	2.815613927770407E-9	1.1222771772070704E-14
1.5561261417865017E-8	1.1010028244809664E-9	1.5053847349185336E-9	1.3031638735962435E-12	1.4026495776101872E-9	2.959862231501091E-9	1.2511674981336786E-12	1.4143935465037528E-9	5.579507041114903E-10	8.550354040350708E-10	9.248865320992087E-12	3.5455317259358905E-11	1.82762728694577E-10	1.135353051906447E-9	1.5189895943354626E-10	3.5254149260705964E-10	6.589251409524065E-11	3.5590995528256534E-11	2.6280436422014738E-14	3.2423586670647534E-15	2.3398056710127385E-12	5.795116114880149E-11	1.7692089796529406E-11	0.0	1.7692089796529406E-11	5.321336066447497E-13	5.073252230801992E-18	9.02776217651291E-16	6.196073982850111E-16	1.4029826326534664E-14	1.7329524924449056E-9	1.7478113512165835E-15
1.0355047250874271E-7	1.9943182395304506E-8	4.693758189367522E-7	2.461408449682951E-11	2.884342905877683E-8	5.7306255512654365E-8	2.5458738013796943E-11	4.2532146642873324E-8	7.630249950075837E-9	1.4410374396262057E-8	1.1377077783912435E-10	1.1821672552087834E-9	7.2689597766206904E-9	2.5837608222285914E-8	4.691410103339518E-9	3.2257667364637103E-9	1.164099675697826E-9	3.782826693383582E-10	1.8221544543734778E-13	8.549842016227569E-14	3.670083082128639E-11	4.815250299823539E-9	4.709501854988836E-10	0.0	4.709501854988836E-10	2.479179332896001E-11	4.156231135044252E-11	5.214239082007536E-12	6.936341074974595E-15	1.1629257687731511E-7	1.651398712744043E-8	4.223301698642636E-14
0.0029656744390024756	1.0069191473665082E-4	2.0003134060423572E-4	1.931945895072848E-7	2.764446399387235E-4	3.243459373696315E-5	2.7953262708342096E-7	0.004035136310976911	5.238666560532904E-4	9.894455296596625E-4	6.615538565543342E-6	9.521816022878155E-6	2.013897446570644E-5	4.1286430916215E-5	2.7051898733015223E-5	2.0639138039157446E-5	1.7334485554322214E-5	2.8133631538189963E-6	4.6289962494352715E-9	6.460577785092728E-10	2.28403219083176E-8	4.032267600329291E-6	8.630810555234416E-6	0.0	8.630810555234416E-6	7.227175929605706E-8	9.54657619192601E-13	5.710928554510672E-10	2.0841608124627775E-10	2.6513209979862294E-9	3.4717961754443866E-5	2.5859321103873527E-10
1.987092856422987E-8	1.0933285651081548E-9	4.542021567762623E-9	2.173319236230643E-11	2.097639306209494E-9	1.3096734626898015E-9	2.4137044876735765E-12	9.347809524142958E-9	1.5455257773305796E-9	2.7734327622778547E-9	2.1607981784697167E-11	2.454472868304226E-10	5.17865922040447E-10	8.221373368360176E-10	1.0375350968932029E-9	3.1587376859600573E-10	1.815924760873217E-10	2.0863996815914402E-10	3.769216858497922E-14	5.626149209011703E-13	6.783649738002028E-13	9.883182170580946E-11	8.70407028707107E-11	0.0	8.70407028707107E-11	2.1672299374570454E-12	7.086769982688673E-17	2.2059359311636918E-15	1.0134590842712155E-15	1.976242221607156E-13	3.2042508411113564E-9	4.161136351037075E-15
