32
NULL,time@time,open@__open_nocancel,read@__read_nocancel,mmap@__mmap,munmap@__munmap,mprotect@__mprotect,rt_sigprocmask@sigprocmask,exit_group@_exit,rt_sigaction@__libc_sigaction,sched_yield@__sched_yield,write@__write_nocancel,syslog@syslog,getpid@__getpid,writev@writev,close@close,open@__open,fstat@_fxstat,read@__libc_read,close@__close_nocancel,mremap@__mremap,stat@_xstat,socket@socket,fcntl@__fcntl,connect@connect,lstat@_lxstat,openat@__openat_nocancel,getdents@__getdents,lseek@lseek,getrlimit@getrlimit,write@__libc_write,madvise@madvise
0.943679371837471	0.006076086211997441	0.00821007497422751	2.697001141086048E-6	0.01314477375833142	7.327971175552892E-4	1.4634159653321055E-5	0.010953677637943962	0.0036491130879826666	0.007309398121941033	6.593662964855527E-5	1.6594200736622068E-4	8.330925117147684E-4	8.724564123962475E-4	7.359033617896421E-4	6.000303695187899E-4	5.657956239350834E-4	4.16120579934174E-5	8.665820626895329E-8	8.933898557356492E-9	5.31364773942893E-7	9.884014671523829E-5	2.849125721645477E-4	0.0	2.849125721645477E-4	1.911238774165997E-6	1.8945170357926832E-11	1.7888056593701135E-8	6.142891144111819E-9	5.243919110848979E-8	7.955296633721997E-4	6.449163847229365E-9
0.0017200946188793964	2.0480642719275546E-4	0.007250828656442082	1.655824969914217E-5	0.004627448653719392	1.5402968015310243E-4	7.348620498513995E-7	0.0012511778090630009	3.3834443891521973E-4	6.604603937737253E-4	5.783076857049907E-6	2.7157890335858178E-5	1.3019886348175177E-4	4.4391857006855444E-4	9.787533608422892E-5	7.300164925486837E-5	5.1309637119185256E-5	6.11896900836292E-6	1.0813606919297926E-8	1.2940061705574755E-9	1.0401782410937883E-7	2.5262198983540745E-5	2.4868360803947384E-5	0.0	2.4868360803947384E-5	4.645687071318835E-7	2.1912620570496097E-12	1.390907470819748E-9	4.878278675753867E-10	5.969769890174318E-9	1.532227589904412E-4	6.935417578539806E-10
0.004560573173766977	5.943021131537067E-4	0.00843576131259577	0.0026939049547335552	0.0060234542398084935	6.341515745507948E-4	3.360538147141709E-6	0.0034313906090468814	8.14606796881845E-4	0.0014775802007106513	1.2967302557694266E-5	2.2935802038133806E-4	0.00816964313552363	4.2909974566593363E-4	2.439584840076027E-4	2.394803594027243E-4	9.933887970890985E-5	1.1482676082969073E-4	2.911247485857527E-8	9.766515097753977E-6	4.857922792784742E-7	6.619923737594482E-5	4.276250776483221E-5	0.0	4.276250776483221E-5	9.463978885393196E-7	2.20668835637223E-10	2.2606304381811342E-9	9.073196493015456E-10	5.8568219900347926E-8	8.299971995417632E-4	5.982114658162663E-9
2.054125873199044E-4	2.9210360694749486E-5	1.5800059120724312E-4	6.118160123043138E-5	3.59492798245284E-4	2.2440469514975193E-5	9.906920882451733E-8	4.623483065311641E-4	7.596355249693707E-5	1.456738764554156E-4	1.0918447233177727E-6	9.10088592135792E-4	7.847944765750798E-6	1.368837257562456E-5	7.518584616497569E-6	1.3071409181086304E-5	6.3831815911200355E-6	1.1593659164558472E-6	1.2108275053446082E-9	2.109367764261309E-10	2.496549437917448E-8	2.0402565910331914E-6	2.871619401951309E-6	0.0	2.871619401951309E-6	2.45021080994113E-8	1.7495077674668026E-10	1.984861654502225E-10	6.207257943613206E-11	3.8322632375177865E-8	3.861868151601604E-5	8.846136667156797E-11
0.003460707223867693	3.56115703789992E-4	0.0015186819990383798	8.277151929832007E-7	0.03761543277282233	0.035712180936743235	0.011462173937235524	0.0020864301576425286	5.91306592473601E-4	0.001147871542890247	1.0185668893453863E-5	8.868918706791162E-5	8.320808597500381E-4	2.002401148394125E-4	8.357681942965963E-4	1.446417939273681E-4	1.6479508286766956E-4	1.0834965834822615E-5	2.1959746815169653E-8	5.71896107273634E-9	1.4360738336430727E-7	4.461194208827068E-5	8.353267394393836E-5	0.0	8.353267394393836E-5	5.544219141076765E-7	3.689708431414579E-12	2.4539037382804153E-9	8.674077839708306E-10	1.019507810578811E-8	2.2312748420042546E-4	2.825115842645933E-9
0.0056063751858189004	8.06880970628697E-4	0.0017726891684846924	2.468565905735158E-6	0.013845356305681853	0.011238319237740893	0.02139556297600147	0.0030370331058711883	9.246639727459157E-4	0.001827479851108424	1.6316285918207988E-5	7.822869928688843E-5	4.940210701779065E-4	6.398630788080856E-4	2.6498256433806546E-4	1.8437299363291765E-4	1.4761190493810448E-4	3.016066041962487E-5	3.559611253277809E-8	4.0000537998044135E-8	8.218625620968798E-7	2.9181801806856028E-5	7.26931654733637E-5	0.0	7.26931654733637E-5	5.694112465543075E-7	1.137473030285191E-11	4.231529570238437E-9	1.4588189449453113E-9	3.168600916943268E-8	5.997196367940983E-4	2.6682635617207865E-9
0.0036028939407756035	3.272681171157977E-4	8.427919092555258E-4	4.763791761198311E-7	0.00559068947297465	0.016550889358888262	1.3598883982758252E-6	0.0015231696498300164	5.330204279863513E-4	0.0010731820814128448	9.738519452999477E-6	2.1867787005370404E-5	8.675809544764626E-5	1.3372151453230465E-4	8.749747986957209E-5	9.52680969000825E-5	8.528613402636943E-5	7.266277020866214E-6	2.3038240470088428E-8	1.205137784090153E-9	9.740113971693264E-8	1.3504287927782988E-5	4.267779943338784E-5	0.0	4.267779943338784E-5	2.8756659842717626E-7	2.8215913081447917E-12	2.7394816665979426E-9	9.249947546756832E-10	7.830141815463051E-9	1.4506422275932366E-4	8.308769036722308E-10
0.014507212917149761	0.001447683390726547	0.003374589566840164	2.4263557033466174E-6	0.004161985824196097	5.454233097910868E-4	4.627345897618651E-6	0.00810947947839381	0.008844773467089511	0.016353578689689015	1.1047037185859317E-4	2.1860951404020166E-4	3.544936382973704E-4	6.269064514064833E-4	4.7555897708701763E-4	3.6720979579641516E-4	2.707689491890606E-4	3.593001345670285E-5	7.217306031379674E-8	1.3153282246929109E-8	3.966491198729933E-7	6.895494381481336E-5	1.3310332915336188E-4	0.0	1.3310332915336188E-4	1.2788624954751374E-6	1.8723647254157744E-11	7.690146397337005E-9	3.212022357095933E-9	5.20519130460847E-8	6.293238287330953E-4	4.829378045380809E-9
0.010372557671354086	7.51004254890444E-4	0.002412294695561873	2.035931100452204E-6	0.002977252908544061	3.877747154407983E-4	3.134764420522129E-6	0.006860261470697437	0.001382026649781732	0.0025218977842271983	2.095240098253682E-5	2.3757040524954862E-4	2.532927332297817E-4	4.8801371137537E-4	3.56547799110109E-4	1.971609098411377E-4	1.3312327414334381E-4	2.6832085694608842E-5	3.671515468006899E-8	1.4839351129994604E-8	2.7123735512006647E-7	5.597200135497329E-5	6.45395725639367E-5	0.0	6.45395725639367E-5	9.388389588848855E-7	1.381107293391476E-11	3.2494910207632744E-9	1.312384321604237E-9	3.8372082989427227E-8	4.6010789712620223E-4	4.542521925184172E-9
0.01109816991973323	9.879217818687688E-4	0.0026912292594762403	2.041634060747915E-6	0.003279684918727732	4.228823013145452E-4	3.651973843143562E-6	0.007117795319378828	0.00949913443043764	0.0071786994488953005	1.6329008484157427E-4	2.140506395441793E-4	2.819924749846373E-4	5.103744170173164E-4	3.804655567279932E-4	2.596925647895963E-4	1.980797209237282E-4	2.8559383523183706E-5	4.680883048524174E-8	1.317713670905144E-8	3.0033238202142004E-7	5.748445809258472E-5	9.763222097299727E-5	0.0	9.763222097299727E-5	1.008586460828139E-6	1.4656309686455874E-11	5.491625183678434E-9	2.1274567020971975E-9	4.072693769360252E-8	4.926703189666473E-4	4.416830880864078E-9
1.160016097104654E-4	9.60354264414498E-6	2.7164113508263616E-5	2.1590296789016016E-8	3.344935479755904E-5	4.356891938662846E-6	3.610485064315658E-8	7.300012866256634E-5	1.0549431019715796E-4	7.591656323907476E-5	5.77146990498307E-5	2.3333799753866696E-6	2.851625065035486E-6	5.312541079785037E-6	3.933605935820136E-6	2.4928051371516168E-6	1.7727139691114E-6	2.962220283355125E-7	4.701560180290956E-10	1.442945913460604E-10	3.0893205379926E-9	6.009065572649235E-7	8.662434018029046E-7	0.0	8.662434018029046E-7	1.0429201701038848E-8	1.529160410764134E-13	4.680820261088267E-11	1.8992288046663882E-11	4.249358740539347E-10	5.114247613139662E-6	4.6622622980268626E-11
2.0741278607638752E-4	2.9352597484996177E-5	0.002295984015024444	8.106217273744419E-8	9.526444590784819E-5	2.1415301723785948E-5	1.0956738445014279E-7	5.364011260057118E-4	8.748467496351849E-5	1.6641454125052209E-4	1.2471368198556995E-6	9.132247132400708E-4	4.7470693097937094E-5	3.082959592069708E-5	6.839561549550038E-5	1.056345073985119E-5	7.1982030852775405E-6	9.867480912798977E-7	1.1974238273996586E-9	3.574532170052721E-10	1.5604349865384906E-8	4.148727580942867E-6	3.465607146745278E-6	0.0	3.465607146745278E-6	7.713252384524772E-8	3.528346434836817E-13	1.89888580750627E-10	6.851458627751416E-11	9.592581106088435E-10	2.4309370866950764E-5	1.300798057837107E-10
0.001679459074851575	1.974507959586397E-4	5.404295468856089E-4	5.115504331166261E-7	4.630131488800842E-4	8.065251435885259E-5	1.2513958311683563E-6	0.00178183184826732	3.6278974987553604E-4	6.600833468237465E-4	5.511868767304414E-6	2.1100841575097398E-4	5.71709847243551E-5	8.647470180312031E-5	6.229203013700443E-5	4.438559137001696E-5	3.036060521559045E-5	7.034294324405876E-6	1.0803735714486805E-8	7.503748559196575E-9	5.730811418600477E-8	9.431009431730624E-6	1.4751590180845351E-5	0.0	1.4751590180845351E-5	1.8616358083751014E-7	2.3691735078540093E-12	8.466887221539011E-10	3.461082358550745E-10	6.579345564819184E-9	1.2375945527664118E-4	2.078072011880263E-9
8.198476338680943E-4	0.001875815780081195	5.677325264590357E-4	4.6149928108033846E-7	3.808062428057666E-4	8.298927883001746E-4	4.6037822847545603E-7	7.834998475943416E-4	2.0675548411806357E-4	3.9608864361305544E-4	3.4798927227460285E-6	3.2166745229063365E-5	2.506850596505676E-4	9.344792397386416E-5	0.0018245473615371224	1.3499291440843323E-4	2.3777784483620216E-4	5.415311189980194E-6	5.02797657041702E-9	1.6386812916692314E-9	7.296671666115043E-8	6.61278205351706E-5	1.244628860046578E-4	0.0	1.244628860046578E-4	4.815613136312365E-7	1.5233381303478442E-12	7.748397876188614E-10	2.8226128960769297E-10	4.190413419026446E-9	1.0208941581975049E-4	6.458247552073244E-10
0.0010156971722988435	1.478611251101847E-4	3.3468908960554563E-4	1.8116653336961836E-7	3.5119175236317316E-4	6.134544866823915E-5	5.071329256006296E-7	7.498620837176824E-4	2.5858224018195634E-4	5.146557667130072E-4	4.685805782941358E-6	9.277013122945323E-4	3.460481050808897E-5	4.805392466685649E-5	3.89442816457991E-5	3.131100665502847E-4	7.078184698078476E-4	2.877236705975378E-6	6.169239792794562E-9	9.400581506528808E-10	3.208671986010521E-8	5.195887017856684E-6	3.744708273432109E-4	0.0	3.744708273432109E-4	1.0286061690059443E-7	1.361692028793946E-12	1.2583359852239242E-9	4.3670182053259305E-10	3.7827770262233186E-9	5.031652784787491E-5	4.757236068276954E-10
9.256524419279007E-4	9.807641829728425E-5	2.4265032803579882E-4	1.8799256398327898E-7	2.2614404934270387E-4	7.896092926603527E-5	3.1651893651100887E-7	4.5714966160585025E-4	1.62951782862311E-4	2.5929610670396707E-4	2.6769078489996097E-6	3.211336610487905E-5	2.5391702199859736E-5	3.799964582734436E-5	3.186737391929488E-5	2.2469965786855658E-4	5.962750457724576E-4	2.476162359733231E-6	5.852780480928075E-9	1.3858950306034973E-9	2.7136864679690458E-8	4.089293247892945E-6	4.915704345869847E-4	0.0	4.915704345869847E-4	8.483835317977114E-8	1.182756588504338E-12	3.074886104483081E-10	1.8251788699071142E-10	3.2885342089279466E-9	4.603629824517029E-5	5.511264762408622E-10
8.067991849931528E-4	1.6429759043067174E-4	3.509787734282176E-4	3.250095781695437E-7	2.619558502741887E-4	6.111296198766925E-4	3.1994099526156123E-7	4.5424927488807166E-4	1.5297426421464938E-4	2.5622671082772824E-4	2.5436732051036624E-6	2.508789785143214E-5	4.006151931631877E-5	1.544507894384836E-4	3.621254999825014E-5	2.967078522154079E-4	4.093713358993924E-5	6.065165182464971E-5	5.0739868204501385E-9	9.747783000438843E-6	4.24102699572269E-7	1.183142779094281E-5	6.700649053903532E-6	0.0	6.700649053903532E-6	9.793432287376169E-8	2.023784743984877E-12	3.7075662901947163E-10	1.8431087727896732E-10	5.634885895730592E-9	1.559004060419507E-4	6.407985478354197E-10
7.164661472322511E-5	1.066574807166613E-5	5.63084729621526E-5	1.9600502396141922E-8	3.9587153894520905E-5	4.0723885430146584E-5	3.142797908995099E-8	5.603676553405688E-5	1.7684975834613394E-5	3.358724974606543E-5	3.0812415687357136E-7	9.930865962339507E-7	5.6821601657032E-6	5.523434432283997E-6	6.370119274537582E-6	5.337714509550235E-6	2.6278299791892234E-6	5.823501367673699E-7	4.380199185918562E-10	6.226481060747225E-11	4.848300808466689E-9	7.241380155148408E-7	1.2730298943556202E-6	9.596454772569037E-8	1.2730298943556202E-6	1.2165506511247447E-8	1.783782592681023E-13	3.605748426151515E-8	1.1520626312597636E-9	4.95278044812123E-10	7.20310984609589E-6	1.263501669591479E-10
2.2034941827944348E-8	3.6475921497484813E-9	9.155500063067228E-8	2.659740874058658E-11	1.2939221654299112E-8	4.668350288848313E-7	1.2002845655284935E-11	3.8459454963677325E-8	7.217624643972727E-9	1.364412827074801E-8	1.0872906563115722E-10	8.786227494823072E-10	8.941251059493369E-9	4.795002883375902E-9	6.479036543441277E-9	1.4398311204996173E-9	8.708986163492192E-10	1.4963517162072455E-10	1.325426440677351E-13	3.327077920019369E-13	2.4967971935674486E-12	6.628928383630447E-10	3.895554880714595E-10	0.0	3.895554880714595E-10	1.2281344803059954E-11	7.444168271943936E-17	1.868148574643939E-14	6.9170349770122266E-15	2.037811970809658E-13	4.715645340416496E-9	2.880624532807465E-13
1.1275994118850388E-6	1.7036510257772695E-7	1.1264340121589517E-6	3.328921798420423E-9	4.164233831588124E-7	7.954448297586878E-7	4.747776121007851E-10	8.685245972466999E-7	2.7092248366209384E-7	5.062196038370146E-7	4.672048597756243E-9	1.686844599008039E-8	1.1236326392787464E-7	1.064898615753614E-7	9.083796261967978E-8	5.110916273487903E-8	3.56259394346358E-8	7.146303655624319E-6	6.918833782709051E-12	1.2884614256891097E-12	9.065017896918314E-11	1.1691197265565062E-8	1.7080503098694002E-8	0.0	1.7080503098694002E-8	2.0912103469859798E-10	1.344583485241967E-13	1.0311457324761996E-12	3.8874387422251877E-13	3.761505190750324E-10	1.0584712779158865E-7	2.9436284834381966E-12
1.4888085452717387E-7	3.805844819483298E-8	1.6060889749786866E-7	6.519971345706901E-11	1.0489930214892228E-7	1.7940593502908846E-8	1.0508775682766416E-10	1.9296163664748774E-7	4.3690157509540865E-8	8.370707999466721E-8	7.059574221960438E-10	3.7245473694614996E-9	1.917844028702125E-8	2.4586288335652345E-8	1.1318366891254599E-8	8.604796743262457E-9	5.583953187353573E-9	7.610820685911275E-10	9.129354171292211E-13	1.9029507513020195E-13	1.3549185728278435E-11	3.3380018205038205E-9	2.665153844858367E-9	0.0	2.665153844858367E-9	6.102776775166359E-11	3.594547783237521E-16	1.4643749098789136E-13	5.30774960140899E-14	9.834621816731392E-13	9.76469998775516E-7	8.492382254477697E-14
2.090784084604551E-5	5.2962695471193615E-6	1.3724337614772318E-5	4.786338626322937E-9	1.194589676981451E-5	1.7014674304838997E-6	1.2587481868488532E-8	1.4740230069784582E-5	4.724507193222678E-6	8.628324664952696E-6	8.101210891503904E-8	3.220103036680005E-7	1.494320233406346E-6	3.783315381796106E-6	1.1930809522366026E-6	8.81549545074235E-7	6.023601869005854E-7	1.1723731237213144E-7	1.6156654400372995E-10	1.5290501950197428E-11	1.1539184337926367E-9	2.87408988610182E-7	2.9156942863306575E-7	0.0	2.9156942863306575E-7	4.889288603903587E-9	5.621277474611179E-13	1.649868757080591E-11	6.5809382750692815E-12	1.5711868054771589E-9	1.6867721815551082E-6	8.337155167820433E-12
2.0589974148525614E-4	2.162360691553989E-5	5.3410163379307694E-5	3.7067258044737765E-8	5.015211473829168E-5	1.7327675228190664E-5	7.010923810682666E-8	9.997548843595567E-5	3.605014782393066E-5	5.723777574423476E-5	5.928932439190968E-7	7.116559593746984E-6	5.590243858072989E-6	8.366198378269645E-6	6.771160144774538E-6	1.5736432354880947E-4	3.764114029697559E-4	5.359217330462873E-7	1.3031454353859542E-9	2.7791201518630176E-10	5.99556214960698E-9	8.998464294897015E-7	4.765386239840933E-4	4.7530109303613627E-4	2.3888772349648654E-4	1.8691787301109848E-8	2.5943317856875277E-13	6.778762387226155E-11	4.046922519332375E-11	7.213298341004161E-10	1.006359602913728E-5	1.2231228239451426E-10
6.178154314521196E-5	6.490456384893402E-6	1.6030510859791282E-5	1.1128831757019738E-8	1.5052162207734363E-5	5.203716610021679E-6	2.104038924400157E-8	3.000179109751229E-5	1.0818050408239396E-5	1.7177297728872977E-5	1.7792190714828853E-7	2.1351160768089296E-6	1.677859169989841E-6	2.5117136734563805E-6	2.0320315595829463E-6	4.721004140859451E-5	1.1292369118373911E-4	1.6098189880891425E-7	3.910142100754213E-10	8.339035684825523E-11	1.8022964770186108E-9	2.7022236349951697E-7	3.7148991767087716E-7	9.551668009875784E-9	1.1919694016147417E-4	5.609322118126057E-9	7.784779134959268E-14	9.93621226202779E-9	3.223305082718441E-10	2.1644830825871115E-10	3.0214605700263416E-6	3.670548492648191E-11
1.9560395704891988E-4	2.054234283073572E-5	5.073944837550943E-5	3.521375159678528E-8	4.764431478358009E-5	1.646122436406915E-5	6.660350469824272E-8	9.497632685163799E-5	3.424750082585356E-5	5.437566529947639E-5	5.632462856999274E-7	6.760704054652939E-6	5.310710016533928E-6	7.94785606063026E-6	6.432575915714185E-6	0.0012783326736784438	3.5758937514009467E-4	5.091235709971743E-7	1.2379831170889684E-9	2.640153381920233E-10	5.695760823865972E-9	8.548506232929442E-7	1.1756496081283528E-6	0.0	1.1756496081283528E-6	1.7757125550716836E-8	2.46460514966022E-13	6.439798016602973E-11	3.8445607213570975E-11	6.852605489919262E-10	9.560377255655785E-6	1.161961946113716E-10
3.598332295720013E-7	2.1380401010120359E-7	6.994626299234937E-7	6.10364853442252E-7	2.729545711690716E-7	9.323611534753924E-7	2.7118579495336413E-10	4.17532229809291E-7	9.962835735799099E-8	1.9185856257364634E-7	1.6383720388066503E-9	9.451602574508437E-9	7.387822464700941E-8	2.5309055248560954E-7	5.1322395505460166E-8	7.961405078975737E-8	1.9662271236335998E-8	7.366740169367942E-9	2.1915421213363413E-12	2.1572675088502557E-12	4.693248713128568E-10	1.4361104274350081E-8	6.586242915260425E-9	0.0	6.586242915260425E-9	5.459444908039031E-6	2.0472442440339745E-6	3.5575139204875713E-13	1.2788826104787114E-13	2.407136509001772E-12	3.545988882288001E-7	1.574547998108616E-12
3.683596112263857E-8	2.0051096399181802E-8	8.161314115490918E-8	1.1695356062987406E-9	2.7288583957806003E-8	1.005116501397846E-7	2.6899165200161544E-11	4.56015432322674E-8	1.0446538799226619E-8	2.0065315387697014E-8	1.6960224914727474E-10	1.036155574910517E-9	8.579927737996215E-9	2.3800543963630982E-8	5.9505492550682606E-9	7.435017003919614E-9	1.94006933131973E-9	1.0531887825466606E-6	2.2408126541966462E-13	2.7550299991507924E-13	4.267831870021023E-11	1.428196742539223E-9	6.682377582019167E-10	0.0	6.682377582019167E-10	1.4594196425194972E-11	6.381597914274692E-16	4.631544063850818E-11	1.2895766033443822E-14	1.7803326298936739E-12	3.293035122875614E-8	2.0460873653590237E-13
2.5888777760623453E-8	3.6948895073426942E-9	8.892245361710794E-9	5.6488316853950265E-11	7.62794725797296E-9	5.511494618864041E-9	7.345349810698439E-12	1.0595343504585277E-8	4.59784067963815E-9	7.314090981865006E-9	7.799632763407396E-11	2.42648146385298E-10	9.697758820464798E-10	2.2981803096214995E-9	1.0853202245642212E-9	1.1184002593234493E-9	4.4161671192055746E-10	1.4380054071418473E-9	1.6343516752151577E-13	1.96283272184484E-14	1.0771240405426005E-11	1.5098243158369469E-9	1.8994654001145078E-10	0.0	1.8994654001145078E-10	2.987803659602567E-12	5.740832843607999E-15	1.0780228995816414E-14	2.998891899502823E-9	1.606219400458662E-11	2.861735802706419E-9	1.1870437510869483E-14
6.629765211298227E-9	1.3543674049329939E-9	2.0813611987126413E-9	1.5176589165350333E-12	2.1725265324759147E-9	2.517971954422504E-9	2.1197179717614407E-12	2.624397977299232E-9	1.1692806465944188E-9	1.866423191050559E-9	1.9938904598582673E-11	6.135866738015074E-11	2.399020710590189E-10	1.1039758455306065E-9	2.45888291132845E-10	4.157617230588947E-10	1.2533435195111952E-10	3.8318297776855974E-11	4.1876162886430047E-14	4.0430445581830935E-15	1.935205079637768E-12	6.509014008162164E-11	4.849014716371313E-11	0.0	4.849014716371313E-11	7.430676076613778E-13	8.89999852635808E-18	2.6526303460143227E-15	1.4753576865101103E-15	2.4697852913388165E-14	1.5235890837920157E-9	2.1457970004418414E-15
3.700888274396093E-8	1.8554938622430855E-8	3.7896597782041025E-7	2.1570556702150493E-11	2.820622664409793E-8	4.698985993407893E-8	2.7611872270721797E-11	4.404436589547503E-8	1.0318584188625957E-8	1.9787943538859868E-8	1.68457913939325E-10	1.176232491259225E-9	6.641644003986192E-9	2.30664070400327E-8	4.468140383154125E-9	3.4904922732639658E-9	1.652037100927322E-9	3.7941698304243885E-10	2.2493410153816514E-13	7.182371878661979E-14	2.917766227833988E-11	4.397399480276336E-9	7.349002682604227E-10	0.0	7.349002682604227E-10	2.0616191115205503E-11	3.285257299299237E-11	4.142546969789266E-12	1.2931026812901646E-14	9.192247107985252E-8	1.3528982837294534E-8	3.995649934374038E-14
0.0010626417127799883	1.41845163337219E-4	3.1821940920299745E-4	2.1973834554633936E-7	3.8411868633717803E-4	4.571920149597613E-5	4.5740812684971973E-7	0.003534041640130663	5.465880419789176E-4	0.00104573881565863	7.622733547926242E-6	1.3294883375742688E-5	3.243871474699735E-5	5.0008603998214765E-5	4.137635096459104E-5	3.86940383074725E-5	3.585865464975214E-5	3.0083104729828377E-6	5.8850002962813164E-9	7.732346599033636E-10	3.25687966347332E-8	5.447516427968731E-6	1.806628257282132E-5	0.0	1.806628257282132E-5	1.0465655000896034E-7	1.4187638752556173E-12	1.115054242662349E-9	3.93070030334663E-10	3.941890274722725E-9	5.006347556612334E-5	3.707763105293366E-10
8.578022185174918E-9	1.4214752829443084E-9	5.032373352450889E-9	1.796806633256795E-11	2.986597898802886E-9	1.2501909478730323E-9	3.5308147202546016E-12	9.635954064707254E-9	2.169361391252361E-9	3.8708815057480175E-9	3.3710498939751973E-11	2.5761819710291114E-10	5.651039208550358E-10	8.518987621887689E-10	1.0627242109473075E-9	4.2003051197731926E-10	2.7039236851480263E-10	2.1278343204395434E-10	5.241829621448298E-14	4.453655708897606E-13	6.563135952393748E-13	1.0634361787905547E-10	1.3166006883480021E-10	0.0	1.3166006883480021E-10	2.1208299467309753E-12	6.164314883282248E-17	5.0679083482881595E-15	2.199298182566376E-15	1.7185256795748228E-13	2.7152846749777468E-9	4.5641802161936356E-15
