32
NULL,rt_sigprocmask@sigprocmask,exit_group@_exit,rt_sigaction@__libc_sigaction,sched_yield@__sched_yield,time@time,open@__open_nocancel,read@__read_nocancel,mmap@__mmap,munmap@__munmap,mprotect@__mprotect,write@__write_nocancel,syslog@syslog,getpid@__getpid,writev@writev,close@close,open@__open,fstat@_fxstat,read@__libc_read,close@__close_nocancel,mremap@__mremap,stat@_xstat,socket@socket,fcntl@__fcntl,connect@connect,madvise@madvise,lstat@_lxstat,openat@__openat_nocancel,getdents@__getdents,lseek@lseek,getrlimit@getrlimit,write@__libc_write
0.9599094761671798	0.01918687513124718	0.006301376234546238	0.011469780272060989	1.0863877906067136E-4	4.4395973681001346E-4	8.238813111790348E-4	3.8190159560705635E-7	0.0010072594953313527	1.1762603062967141E-4	1.1444739797742033E-6	2.4963303831085828E-5	8.630143527425676E-5	1.2596944610974428E-4	9.431532333307613E-5	8.657917416594513E-5	6.93839866495338E-5	6.756439758142957E-6	1.5385077151865692E-8	1.6956970301505041E-9	7.620290812478035E-8	1.2086932947695287E-5	3.435937962559075E-5	0.0	3.435937962559075E-5	9.466701939711916E-10	2.570996280117995E-7	3.2192775266974382E-12	1.9669252526445445E-9	7.945117348983687E-10	8.939014668694917E-9	1.1828319345805454E-4
0.015072555304464738	0.007910972923002475	0.007019106441247688	0.013016458138181157	8.868723778821575E-5	1.575653331944699E-4	3.491153062191213E-4	1.8632397361715588E-7	4.117883504436812E-4	5.24828068184992E-5	4.4939772418040943E-7	1.7701694503200655E-5	3.6741582525382416E-5	5.825904235396539E-5	4.16685055337457E-5	3.0894931490371855E-5	2.2883236451750836E-5	3.0546712836443374E-6	5.442024789457684E-9	1.1931773151469508E-9	3.256405150608696E-8	8.036189044360689E-6	1.1216201275563769E-5	0.0	1.1216201275563769E-5	5.147103808326851E-10	1.1409836886243615E-7	1.421020473780647E-12	6.054774053455599E-10	2.47300815170721E-10	3.943528045891463E-9	5.248189116800734E-5
0.011155602315830784	0.006305896560615822	0.0010318215562401944	0.0019973357168865755	1.492860332529245E-5	8.056538811553622E-5	2.6856687738007737E-4	1.3950451055939925E-7	2.7050131593081913E-4	3.7034046894525526E-5	2.840758845496202E-7	1.834674206490364E-5	2.8611927595645996E-5	4.626454906769795E-5	2.9068602723780587E-5	1.4859461928413153E-5	1.0300556235563922E-5	2.0918680634525897E-6	1.933101726748002E-9	1.2145172937780366E-9	2.187475592637596E-8	8.348287466852775E-6	4.973533414322091E-6	0.0	4.973533414322091E-6	4.465645862641893E-10	8.975835379207552E-8	8.918791132519779E-13	2.3025932944409795E-10	7.800680534395638E-11	2.465541142071016E-9	3.7062923466728046E-5
0.012201788608741162	0.00664252650720207	0.00730208757655732	0.005724764471936337	1.251969182585311E-4	1.0426053335366696E-4	2.8219678763798074E-4	1.4534123141468795E-7	3.0583421459279557E-4	3.968639920914573E-5	3.3867389189012753E-7	1.669680558162423E-5	2.9797534560887027E-5	4.692459842797539E-5	3.160964661997497E-5	2.0704797348165307E-5	1.6413173882394377E-5	2.2856184628434886E-6	2.9678771322500877E-9	1.1159074845845241E-9	2.3894927598332993E-8	7.586071881240343E-6	8.086373229798193E-6	0.0	8.086373229798193E-6	4.47110334437358E-10	9.096022018864928E-8	1.0079573959092706E-12	4.271077233570495E-10	1.5180365187235357E-10	2.791809067850235E-9	3.953229366355357E-5
1.2388084818182608E-4	6.8228139831553E-5	8.077107716177093E-5	5.9859722262785425E-5	4.385172755554791E-5	1.0314266698166165E-6	2.9321857763069886E-6	1.5322830211285335E-9	3.1249803939190634E-6	4.154158885654659E-7	3.3490326607215362E-9	1.821476461463292E-7	3.1092087644248433E-7	4.980690585916473E-7	3.279004200384322E-7	1.9681960594020939E-7	1.4315950878632219E-7	2.3741421650002336E-8	2.9273328859548004E-11	1.212340117743871E-11	2.4965997163260277E-10	8.282140915244947E-8	6.976827456865652E-8	0.0	6.976827456865652E-8	4.690297063271461E-12	9.685949083203783E-10	1.0445679374577388E-14	3.512086269582467E-12	1.2968747980271761E-12	2.8919653034787364E-11	4.1534382684772335E-7
1.7249704029435788E-4	1.63784202137288E-4	3.6326220481080636E-5	7.221349805000096E-5	5.965617896584692E-7	3.3530567165137926E-6	4.451260264718122E-4	1.125965316149789E-6	2.947896699281469E-4	3.5653129991902947E-6	1.5464637922248613E-8	2.9487001804198986E-7	1.8006318658331664E-6	2.1284024953337283E-5	1.9791645181576056E-6	1.0504480244574519E-6	6.121893801219727E-7	9.486258600895106E-8	2.9555482812067257E-10	2.9010371194787107E-11	1.708683255511248E-9	2.0932589532065242E-7	2.9103183435596635E-7	0.0	2.9103183435596635E-7	1.8641381802083102E-11	5.644913231507789E-9	2.878905296691304E-14	1.3369151947138173E-11	4.271995975063973E-12	7.893558601065892E-11	2.4721283431588746E-6
3.6718141848981E-4	4.2174047012880436E-4	8.898780388459224E-5	1.6402425307068892E-4	1.3815752400197645E-6	1.90591666018506E-5	4.7034786831760833E-4	1.9429308648182954E-4	3.701678650474324E-4	2.9299708449837333E-5	1.7088525473778357E-7	1.329139595776962E-5	5.817782835598577E-4	9.525189890482344E-6	6.970523368865955E-6	8.978124116933343E-6	1.9254024532285898E-6	7.356003458861701E-6	9.05217326010035E-10	7.106031886111138E-7	2.2384948183001913E-8	1.1719411613814078E-6	5.976175416064052E-7	0.0	5.976175416064052E-7	4.4407898880211465E-10	1.4152643081790408E-8	1.4784613321327595E-11	2.514595907934485E-11	8.328304440298133E-12	3.3193068810741424E-9	4.251813804064565E-5
2.096332899348689E-5	3.762784454194179E-5	6.268002911366653E-6	1.2225783933411293E-5	9.18304287678334E-8	7.320466656867071E-7	7.2727050502859305E-6	4.315522401079664E-6	2.1868133069824235E-5	1.0266596465675167E-6	2.5897133308608972E-9	6.619459472234827E-5	1.4000737122541883E-7	3.4004112582442836E-7	1.1476864310722977E-7	5.329378459201439E-7	9.951667153687733E-8	5.1928528886595735E-8	2.618598214963732E-11	1.046638911774317E-11	1.3383808621121097E-9	3.173642109327045E-8	2.6505673463215956E-8	0.0	2.6505673463215956E-8	3.189013536318061E-12	3.0941622981213054E-10	1.1899840632029809E-11	3.029193606526825E-12	5.020613580202825E-13	2.56436369802218E-9	2.146155559548849E-6
2.9105914704145397E-4	2.3645407751608313E-4	5.843410939378097E-5	1.1530416476498482E-4	9.84760306564519E-7	6.648805513052903E-6	4.3480851519406754E-5	5.1001975960818904E-8	0.002605596430959391	0.0025015226703393044	8.081306037685762E-4	4.499607764388844E-6	5.343675464421861E-5	4.014651520030063E-6	5.472308420388917E-5	4.4903229094860944E-6	6.972589623530002E-6	3.508223125654533E-7	7.15775016232779E-10	1.319524610460133E-9	4.276306974234766E-9	8.158889939545333E-7	3.606158236725973E-6	0.0	3.606158236725973E-6	1.6246027060239882E-10	1.5373018582742505E-8	1.8078863232680435E-13	2.3271349359387915E-11	7.364073885988693E-12	5.045626527813772E-10	1.1265666246133766E-5
4.67379058778669E-4	3.5132836511169184E-4	9.144976276271116E-5	1.839235369210426E-4	1.5768298011400794E-6	2.826785437852969E-5	4.6878823347808546E-5	1.3929780964137237E-7	9.047711251364923E-4	7.817689636076073E-4	0.0015084903437151522	3.091027571672607E-6	2.725230599643749E-5	3.3910195474452806E-5	1.0007482308347902E-5	4.1850034874098515E-6	2.2531110322442096E-6	1.5224525921511073E-6	1.1987062301227642E-9	3.1094331037992276E-9	4.863832483897271E-8	4.017113154410529E-7	1.0467352649955196E-6	0.0	1.0467352649955196E-6	1.32471464571095E-10	1.2292617038099118E-8	5.528944988383121E-13	4.0174681298337444E-11	1.2397997395968877E-11	1.5453825789108184E-9	3.205475143397713E-5
2.8236798992482153E-4	1.7597853112184003E-4	5.1391672465534615E-5	1.0555927478230842E-4	9.19026144074301E-7	5.474934245727233E-6	1.8359085150587873E-5	1.3273968505571616E-8	3.514470196033683E-4	0.0011617619745092598	3.7273074931894124E-8	2.4092939468566216E-7	1.811581693067182E-6	3.213723981103654E-6	1.4643422628196023E-6	1.4309464286872565E-6	8.469494032877325E-7	1.7182399411035526E-7	8.350150852873286E-10	2.361487031940451E-11	2.568771245921179E-9	1.687704996950663E-7	3.9542020275621695E-7	0.0	3.9542020275621695E-7	2.2250329937165106E-11	6.213294104018422E-9	2.95927871958002E-14	2.582037940120092E-11	7.738683001346336E-12	8.209826447590406E-11	3.889552137915089E-6
2.6233011571246925E-5	5.012215800592528E-5	8.024394580312888E-6	1.5536922233818363E-5	1.1495477147869854E-7	3.6176369447469525E-7	1.562151513226895E-4	2.62986785973393E-9	1.625656822679159E-6	2.6481088531571304E-7	2.1006050732170915E-9	6.626377270494866E-5	2.2059576833016166E-6	3.340905341784236E-7	4.2321396693345885E-6	1.0489504878305746E-7	7.187575366272232E-8	1.3198620666215296E-8	1.3541750535491643E-11	1.2962172732515604E-11	1.5712540416985873E-10	2.988801641534708E-8	3.456411932819079E-8	0.0	3.456411932819079E-8	4.315248483128178E-12	7.800275304225868E-10	4.089025475890092E-15	1.7160770860055123E-12	5.833925740143166E-13	1.1163308352498257E-11	3.0141157364286946E-7
1.3066326378829884E-4	1.7046927038152546E-4	3.4649736793735215E-5	6.353283104731312E-5	5.297408093512352E-7	6.069759415555563E-6	1.4206076970019638E-5	2.348822230126541E-8	1.2401983989310018E-5	2.3871421898887917E-6	6.501033592309838E-8	1.4498678106718422E-5	1.4380471806732498E-6	2.0508021883988287E-6	1.7533584705380653E-6	7.367340886738423E-7	3.9003891487000977E-7	3.0585363044539463E-7	3.2854207605742155E-10	4.790148182720829E-10	1.38508300009739E-9	1.2253505191990261E-7	1.8196330584656903E-7	0.0	1.8196330584656903E-7	1.599511414675411E-10	3.3299998964643317E-9	6.96653954494805E-14	8.351981053802445E-12	3.0593397198943553E-12	1.9435394062299186E-10	4.691616477697085E-6
1.0919065801694263E-4	8.329995939856788E-5	1.9594890009303976E-5	3.819800449368899E-5	3.2382371438423524E-7	1.2964235445946605E-4	7.734599039699095E-6	2.2118585474994525E-8	8.808397665902285E-6	5.5725263888196E-5	1.1609424699757042E-8	1.4941255983169181E-6	1.4725306947089059E-5	1.1792071346177925E-6	1.3166294325605462E-4	7.456670641216829E-6	1.580047920714167E-5	1.3378102328113257E-7	6.868232098384594E-11	9.745827916110747E-11	1.6676829836223004E-9	1.5444989943394833E-6	8.313994394747934E-6	0.0	8.313994394747934E-6	3.064046238749275E-11	2.0888491889373688E-8	3.131157172085142E-14	6.643590372168403E-12	2.302310577642873E-12	8.699574036462854E-11	2.6990321775452136E-6
1.264085861409454E-4	6.820843675855331E-5	2.242329820535728E-5	4.5672210509033964E-5	4.0846231047288776E-7	1.512855577043322E-6	4.071073660116486E-6	2.5232841214280344E-9	3.4702585986738736E-6	1.6309984719307412E-6	7.163281453597427E-9	6.697829695044167E-5	4.0316977598047537E-7	4.14575332457162E-7	4.272637666243295E-7	2.0604677921373746E-5	4.926895868536327E-5	3.399001986202317E-8	5.628723776723659E-11	3.65442042249739E-11	2.733220164107961E-10	3.745888065794107E-8	2.6023067921259388E-5	0.0	2.6023067921259388E-5	1.5868669295293546E-11	7.920608684674447E-10	1.3444064383494338E-14	1.0371718340051163E-11	3.475630571749182E-12	3.743211124143439E-11	5.828884338922999E-7
6.845823784430576E-5	4.798003379939917E-5	1.6100192257881393E-5	2.5168525252998848E-5	2.601256464658093E-7	1.398187150745083E-6	5.6853190768606886E-6	4.4542934050008194E-9	3.131122604027902E-6	3.506140248884202E-6	9.541955307076893E-9	1.8760287348462829E-6	5.57647794584317E-7	4.941791313261217E-7	5.777253560259522E-7	1.5260308138174176E-5	4.284061657108737E-5	5.039210876017723E-8	7.918925617025529E-11	8.136339147816247E-11	3.564901178104706E-10	3.781075533828834E-8	3.5474460382545054E-5	0.0	3.5474460382545054E-5	3.282377863903353E-11	9.978487301951008E-10	1.8582737916216662E-14	2.3617838594723193E-12	1.505892698988565E-12	5.178572438496899E-11	9.443225624891888E-7
6.711598906075375E-5	4.933959954179763E-5	1.515820812398448E-5	2.520905640109281E-5	2.4722614739525736E-7	6.5579465124711905E-6	1.1008843476026795E-5	1.729100472203015E-8	6.074151911452263E-6	4.058663038233807E-5	9.486187486215707E-9	1.3386698113628628E-6	1.32616485460617E-6	8.675864071911707E-6	8.945763535930017E-7	2.0638821231082332E-5	2.1556940799657164E-6	4.3174344740797954E-6	6.812537345213223E-11	7.092636172528234E-7	2.7801887781642666E-8	4.911042282578377E-7	7.081926939875467E-8	0.0	7.081926939875467E-8	3.800464804654081E-11	1.150284388908949E-9	9.406271673491809E-14	3.0279785952431317E-12	1.5290478331846266E-12	2.629218490568979E-10	8.958357398222143E-6
8.26148031654425E-6	5.679066016926172E-6	1.6270178189016345E-6	3.1281185054676294E-6	2.8020442319907034E-8	1.488909645967348E-7	2.03368269971837E-6	7.308510462407369E-10	1.2620015613767935E-6	2.6249027727965514E-6	3.838655021782921E-10	1.2492547053291008E-8	1.9071234305071853E-7	7.503967425714102E-8	2.5786093085746574E-7	2.0353380704565424E-7	3.975529119660847E-8	2.7514369727462536E-8	3.68667676303129E-12	1.2664980770742054E-11	1.5693091791186178E-10	6.8712490084086804E-9	1.8044447756310917E-8	6.5397786228946586E-9	1.8044447756310917E-8	7.51551533583369E-12	1.1804248655956567E-10	7.583364534033199E-15	2.453000031506594E-9	7.69274425143118E-11	2.1185519724051364E-11	2.804923834075446E-7
3.586626333069854E-9	5.679845485993133E-9	9.833663408895768E-10	1.8883858037919066E-9	1.451367575421228E-11	8.338154132388418E-11	4.705751731716721E-9	5.483421815537367E-12	3.363737030542773E-10	3.187315097458659E-8	2.584518276513274E-13	2.3193519801596842E-11	4.327369809923487E-10	6.424468853250297E-11	3.5156724610250296E-10	2.810617967789761E-11	1.6792950620867464E-11	1.2670929527487748E-11	2.6413583750250766E-15	1.8584413269798005E-13	1.1994543681262447E-13	5.5425995625993356E-12	8.010421264043972E-12	0.0	8.010421264043972E-12	1.9222303807478623E-14	2.393710028921851E-13	2.1723998797035267E-17	2.310465898176158E-16	7.945371190368297E-17	6.073912580008312E-14	8.997597443286326E-10
1.259670351481975E-7	9.219574249248418E-8	2.566599003401717E-8	4.841751317660398E-8	4.350533038671391E-10	2.718643934725115E-9	4.694754051595681E-8	2.2088937852013258E-10	6.051945690722828E-9	5.141393222300118E-8	5.857208200844083E-12	2.358565739808754E-10	4.373792866164163E-9	2.1576127658800757E-9	3.2160670776670867E-9	8.163694688957848E-10	3.606430831051223E-10	5.158935383872843E-7	6.188773805543499E-14	4.0349175906397023E-13	3.257574723679695E-12	9.63075596265015E-11	1.5907020683819284E-10	0.0	1.5907020683819284E-10	1.855228906277022E-13	2.0914820973011216E-12	9.074487235460438E-15	9.545011521052283E-15	3.1607489158176572E-15	2.5390080825468255E-11	4.3726786404965995E-9
1.8467848066044325E-8	2.16987313675774E-8	4.3112430947251845E-9	8.411702010073341E-9	6.766250786213833E-11	1.319130986167192E-9	2.3059176272680257E-9	2.2079518154767766E-12	3.4455250398854558E-9	2.748544682679995E-10	3.06117029031598E-12	4.518876686726921E-11	3.465736747970858E-10	2.730973872718802E-10	1.5591905133966276E-10	1.0453274961256333E-10	5.4669753730046826E-11	1.0181202483891131E-11	9.815808312839192E-15	5.284393844375113E-15	2.0587665276586575E-13	2.3112051596195076E-11	2.4905080648633152E-11	0.0	2.4905080648633152E-11	2.1819642461281686E-15	5.773574155313083E-13	9.50784803141995E-18	1.2601769223211016E-15	4.3447088141372515E-16	2.639365473053848E-14	6.544744136935821E-8
2.51663138756626E-6	1.9196494625062524E-6	5.226565286478045E-7	9.69178605440383E-7	8.738680596512865E-9	2.526210915515457E-7	2.7473468346349317E-7	1.0416957863591887E-10	4.911783563410683E-7	3.4320719781078105E-8	4.884658345117983E-10	3.773417727684027E-9	2.826963012459747E-8	1.6169796985114965E-7	2.507336488538935E-8	1.0591104992832777E-8	6.831432914013398E-9	4.626602119942141E-9	4.190213176758991E-12	3.1185396859779306E-13	1.5021530090967503E-11	3.6428782116984163E-9	3.2774428706765167E-9	0.0	3.2774428706765167E-9	2.3377772753912433E-13	4.932154295324405E-11	3.639740320164472E-14	1.6232608063970606E-13	6.123673593616618E-14	1.0182443341196593E-10	2.000201802718556E-8
1.5463779881981227E-5	1.0838026096972521E-5	3.636812877485767E-6	5.685224288844089E-6	5.8758823318929805E-8	3.1583123667988627E-7	1.2842339000015616E-6	1.0061623187135455E-9	7.072774866505969E-7	7.919875614822303E-7	2.155393642604283E-9	4.2376833669473657E-7	1.259648286035876E-7	1.1162822806755897E-7	1.3050009826051543E-7	1.1381423270639295E-5	2.738091690493764E-5	1.138287297040649E-8	1.7887757623734313E-11	1.8378839261050137E-11	8.052617655284006E-11	8.540928440155966E-9	3.4658622287659396E-5	3.464701874598614E-5	1.7335087112097354E-5	7.414427469890524E-12	2.2540022558659403E-10	4.197582234208686E-15	5.334943818577974E-13	3.401605604498251E-13	1.1697675406448579E-11	2.1330925557385145E-7
4.640581112527335E-6	3.2522924473870174E-6	1.091302841110512E-6	1.7060918677890719E-6	1.763224754761453E-8	9.487988512754032E-8	3.854830157400044E-7	3.024438130733733E-10	2.1237816488549114E-7	2.3792028767341733E-7	6.468134973118288E-10	1.2713213404949037E-7	3.781117639514387E-8	3.3570029182928837E-8	3.91671514578273E-8	3.4144468798460413E-6	8.214265089401733E-6	3.4267444883563467E-9	5.366946190510454E-12	5.519698371863376E-12	2.4369482982531817E-11	2.567067594840037E-9	3.4831395868744936E-9	6.509257402278143E-10	8.665250727367902E-6	2.224908974150476E-12	6.763759051775124E-11	1.2601128861474214E-15	6.759049252492829E-10	2.1240515881891084E-11	3.5116437659984363E-12	6.413522413001705E-8
1.4690531003243646E-5	1.0296082821061188E-5	3.4549581497829313E-6	5.4009410579476905E-6	5.582065460506671E-8	3.0003845176592147E-7	1.2200172317101229E-6	9.558503063394029E-10	6.719108733333588E-7	7.523851163773411E-7	2.0476156135517677E-9	4.0257827878557604E-7	1.1966609936523417E-7	1.0604638437555954E-7	1.2397458797614627E-7	9.309876468222171E-5	2.6011765025052105E-5	1.0813685240863386E-8	1.6993300470874854E-11	1.7459826124574702E-11	7.649955588158595E-11	8.113848942767103E-9	1.1023319654010624E-8	0.0	1.1023319654010624E-8	7.0436773834737875E-12	2.1412934142811484E-10	3.987686867048632E-15	5.06817596768207E-13	3.231512151302461E-13	1.1112746336007505E-11	2.0264296673919047E-7
1.0474502533269192E-9	1.30221937004751E-9	2.683073226066768E-10	4.853808855545636E-10	4.0915797329551935E-12	4.355438002731826E-11	1.0719892200854325E-10	1.1220850012645674E-12	6.224276345316001E-11	5.567217456350067E-11	9.053942432774019E-14	1.0950112188177323E-11	1.2871755742082056E-11	1.81741408172584E-11	5.2089648491500757E-11	1.1825476270914768E-11	7.78118339304347E-12	1.3278165790090888E-11	7.664805110386149E-16	3.034308761280588E-14	2.1991054550211494E-14	1.5896810861656795E-12	3.906889998000299E-12	0.0	3.906889998000299E-12	1.9230866662939928E-16	4.482392451895341E-14	3.564351593587983E-18	5.586287739906948E-17	2.3023686521044193E-17	9.964048360979555E-15	1.5249660798987926E-10
4.971919017894937E-8	5.471792991427501E-8	1.1096434012762662E-8	2.1663241045868853E-8	1.754245499182293E-10	1.18985905559515E-8	2.936339396733185E-8	4.1683376438329145E-8	1.013288310200857E-8	6.080133056998387E-8	8.99328375070438E-12	2.0297689402767985E-10	2.972115621337146E-9	1.4623764988140106E-8	2.232450320250404E-9	4.411303711579469E-9	5.924273552782492E-10	4.64807318579265E-10	3.198654642260227E-14	1.1483854465552378E-12	2.9867119103458045E-11	2.3092008180932946E-10	9.127600795682773E-11	0.0	9.127600795682773E-11	1.0011026278878653E-13	3.7204238818807125E-7	1.395153154802344E-7	3.361613070435566E-15	1.145269357967969E-15	3.968987352286591E-13	2.6288294045077252E-8
5.282801028022264E-9	6.235515399875971E-9	1.2238717141584522E-9	2.3817101215056538E-9	1.9099003882802896E-11	1.0949476363683498E-9	3.5992003595243357E-9	8.270262323965744E-11	9.876575221456025E-10	6.581561898934117E-9	8.705771035079691E-13	2.373470091110165E-11	3.622530023065487E-10	1.331015731063562E-9	2.7570398598046836E-10	4.017085637460728E-10	5.6757983726959944E-11	7.177042484271249E-8	3.5099405973921965E-15	1.5437052578017834E-13	2.7132543106225638E-12	2.1897146694492477E-11	9.839332065153898E-12	0.0	9.839332065153898E-12	1.323184645383238E-14	2.3560298528801235E-13	5.553368509247287E-17	3.1525945843306512E-12	1.2099656133741791E-16	1.5533470048344851E-13	2.609155984352945E-9
2.2846684970109676E-9	1.1225663723143376E-9	4.250244038007863E-10	6.644677093553459E-10	7.021825748471064E-12	8.169023520166118E-11	1.7698715301047454E-10	3.672989627057502E-12	1.1326153223874012E-10	2.6854202814664376E-10	1.0196406503879383E-13	2.544105936028215E-12	1.87877351693783E-11	7.401002568829803E-11	1.8612038882683864E-11	2.711643849388563E-11	5.46738031214952E-12	9.163823474217111E-11	1.4059221077075089E-15	4.53100446331166E-15	6.348793026593012E-13	3.2990914527860757E-11	1.611992733838829E-12	0.0	1.611992733838829E-12	4.487527268981798E-16	2.603483541848024E-14	3.8800855092741316E-16	1.1644296719264126E-16	2.0436772163212663E-10	1.0856533247512685E-12	1.2308260809740621E-10
5.12708672721906E-10	2.927916239519054E-10	1.1080836611219864E-10	1.747965434521414E-10	1.8375348658638343E-12	5.092035613677752E-11	3.916890865708158E-11	5.4510500864890326E-14	4.7743050431988416E-11	1.5161914721572436E-10	4.34947825399156E-14	7.213272467546479E-13	5.16826473584009E-12	5.7851184094422665E-11	4.148443789424769E-12	1.7753438077803973E-11	2.4932552478603248E-12	1.667182634324162E-12	3.769799010398355E-16	4.85060420833036E-16	1.1522615246809612E-13	9.6694579061606E-13	4.3032116365351184E-13	0.0	4.3032116365351184E-13	6.846497456582664E-17	6.887778444498452E-15	1.5036383423365111E-19	1.880204380187335E-17	1.1359263693529245E-17	4.189055489034148E-16	8.534709003756061E-11
5.473100716753168E-9	5.479629179526616E-9	1.0549229759257642E-9	2.0660477508027135E-9	1.6408831387650958E-11	9.234596235886359E-10	2.2877957858327934E-8	9.998219352429403E-13	8.353357483244726E-10	2.7251182082268886E-9	7.726886659413708E-13	1.4012771651471675E-11	1.2099209598450495E-10	1.0993114583732954E-9	1.0137158590781525E-10	8.017739284134365E-11	2.37522391912806E-11	9.395664086320765E-12	2.2113556749078753E-15	1.2575305405179723E-14	1.6315948767043765E-12	8.75509899202594E-11	8.919516417194487E-12	0.0	8.919516417194487E-12	1.511848463134086E-15	1.89979720896472E-13	2.2298309425377207E-12	2.790519138839274E-13	1.0369876165946226E-16	6.239133394542788E-9	5.716696269108869E-10
1.196163478976932E-4	2.5275486224956076E-4	3.9859616416410176E-5	7.748976078493764E-5	5.683612148050027E-7	1.4731453118389142E-6	3.075192434662239E-6	3.966923514700906E-9	5.111304855254775E-6	4.5287631070984693E-7	3.964986020157697E-9	9.542680549568893E-8	2.683589488446921E-7	4.059761504340553E-7	5.213970443864499E-7	3.4693103609383124E-7	3.121326784000862E-7	3.4636334379156465E-8	4.0126067906187256E-11	9.092346860803183E-12	2.609114542363308E-10	4.3971466412472084E-8	1.5739315988636773E-7	0.0	1.5739315988636773E-7	3.8634410685841E-12	7.822848489078466E-10	1.0908886134050691E-14	8.43269291251524E-12	2.8553140003398773E-12	3.0331719766295587E-11	4.2088267453218244E-7
