32
NULL,lstat@_lxstat,openat@__openat_nocancel,fstat@_fxstat,time@time,open@__open_nocancel,read@__read_nocancel,mmap@__mmap,munmap@__munmap,mprotect@__mprotect,rt_sigprocmask@sigprocmask,exit_group@_exit,rt_sigaction@__libc_sigaction,sched_yield@__sched_yield,write@__write_nocancel,syslog@syslog,getpid@__getpid,writev@writev,close@close,open@__open,read@__libc_read,close@__close_nocancel,mremap@__mremap,stat@_xstat,socket@socket,fcntl@__fcntl,connect@connect,getdents@__getdents,lseek@lseek,getrlimit@getrlimit,write@__libc_write,madvise@madvise
0.37045579884403324	2.1323907428713243E-4	7.857797703420949E-10	5.434084472398566E-4	0.018523100884709386	0.09427379767593315	6.200943588971718E-5	0.07708582311804883	0.055459784028661765	4.271008997415717E-5	0.11678731546654404	0.03192262930546374	0.06187160071684182	5.416412388144147E-4	0.001954577638974773	0.011130933004028613	0.015133618895123534	0.010768560769917399	0.005720222162797316	0.003399549837749053	8.731515076901952E-7	5.843198267696604E-7	6.348116244969863E-5	0.0023840830109870944	0.0015589792977784742	0.0	0.0015589792977784742	3.978484053390121E-7	1.4127277250625533E-7	2.1190599777587206E-6	0.0834794197358437	1.37552658880851E-7
1.8918347458892683E-5	2.2573480002808076E-4	8.464658120941025E-5	1.1092727693600676E-7	4.7832375098687015E-6	2.2571978594655584E-5	2.333672652863155E-5	1.306781192760581E-5	4.309840416510969E-5	8.407635254903773E-9	1.680418980577204E-5	5.277855639137828E-6	1.0285890160215577E-5	9.249872986822081E-8	1.9218438508309959E-7	2.2213564695937713E-6	2.8053507478536275E-6	1.7254779706806422E-6	1.1142555665496761E-6	5.025018579373196E-7	1.5765463809902843E-10	2.6291011984916604E-10	2.9013079327961428E-8	1.917787706964238E-7	2.1578502695944355E-7	0.0	2.1578502695944355E-7	7.205082671602191E-11	2.5492447267672746E-11	3.518561207739337E-10	2.1156378087958184E-5	8.271226820633436E-11
2.0341491001724597E-6	1.1663156295251983E-9	3.6946120641432414E-14	4.352803995356981E-5	4.5177661087533907E-7	2.53066647856035E-6	4.581640146226619E-8	1.2733686299416202E-6	4.586493009119924E-6	8.121072544696135E-10	1.7859024145576126E-6	5.371819938401675E-7	1.0446797911424695E-6	9.323270345697608E-9	2.058137675392095E-8	2.6003863262188524E-7	2.6693168280566215E-7	2.007965634083009E-7	1.0538367022350434E-7	4.976283849214811E-8	1.5772302088970405E-11	3.1254187374438745E-11	2.636443661064743E-9	1.9254721430500756E-8	2.158162703215157E-8	0.0	2.158162703215157E-8	2.019428321697938E-9	2.5278302772496307E-12	1.0301770268581555E-10	2.00926084669882E-6	1.0154153652913996E-11
4.8779373787757716E-4	2.83124279313624E-7	7.684689433422526E-12	1.4063540838306552E-5	6.774464186849479E-5	2.736473302155937E-4	3.5145833829447186E-7	6.59048883499052E-4	3.091788049970141E-4	1.6166628963758764E-7	5.058908470044746E-4	2.223103808149692E-4	4.089350101617115E-4	4.003203722011953E-6	4.972239794479112E-6	2.5011565722961947E-5	2.9044276246241704E-5	4.0711089281004014E-5	3.505755040089869E-5	1.7955214024641478E-5	7.38083386575903E-9	3.266404237347742E-9	1.5520357342782753E-7	3.1566604313114493E-6	8.772602457256595E-6	3.967807406107216E-6	8.772602457256595E-6	1.490771352232474E-6	4.765688828388637E-8	2.1437269064547754E-8	2.0780912445596793E-4	9.643048480754418E-10
0.011119174806137274	7.0298529754889705E-6	6.465408004000184E-11	3.636927820578535E-5	0.0010999068778746626	0.028583985037133972	2.1820220143785942E-4	0.0223631160133867	0.002408560618372113	3.0319277229289907E-6	0.008144441914928672	0.003048944632920868	0.005962671245255377	5.5208902198689757E-5	8.282710499873433E-5	3.6748463578427647E-4	0.0024348159811886233	5.024037572016428E-4	3.65912817822398E-4	2.803033009135259E-4	1.388829134687374E-7	3.052964032267762E-8	2.8086044418071813E-6	7.470410617357425E-5	1.3623067942427253E-4	0.0	1.3623067942427253E-4	4.5611161717002497E-8	1.6004667264589157E-8	1.7898060868891547E-7	0.0036535840073321758	1.1109143212844043E-8
0.01944399892042704	1.3312790886912083E-5	9.493793606015344E-9	0.0018136492868265945	0.0025834197070420282	0.03431577150865679	0.017239033642564645	0.03570059642120114	0.006700958403943993	1.2982049315058404E-5	0.022867822590092693	0.006442673251276861	0.011783135291460925	1.0688498794644187E-4	0.001312509233442185	0.055788274439092254	0.0013023206165617663	0.0010659775226561316	6.659890940127999E-4	4.3160795942211167E-4	3.230701172803452E-7	7.49483433791574E-5	6.0785229188894615E-6	1.7932762681786558E-4	2.0431464035650576E-4	0.0	2.0431464035650576E-4	6.736911707439058E-8	2.581934507077232E-8	2.273906863233579E-6	0.011929180053321543	1.0416279624990756E-7
7.157644580046319E-4	3.6460209113146574E-7	7.604051901955011E-9	3.4433831021372433E-6	9.420945905425088E-5	5.89517927198126E-4	3.069383330099056E-4	0.001831093159931475	1.6680953410823268E-4	3.137328908059503E-7	0.0031975611032487306	5.910110632848647E-4	0.001135665757610896	8.870353271718475E-6	0.0063883220980430555	1.8801987689590984E-5	4.14716157707537E-5	2.8976463295229005E-5	3.24926652882255E-5	2.7941793778502972E-5	1.420598716729188E-8	6.298514811217355E-9	2.0472617943526362E-7	3.687812227683642E-6	1.3791471851663296E-5	0.0	1.3791471851663296E-5	6.080846089590514E-9	1.7964792400674222E-9	1.6581236654432996E-6	2.9319050567166543E-4	1.2397862072411051E-9
0.020834976908701577	1.4392297681994892E-5	1.3961621527964177E-10	8.455848649624977E-5	0.0020432220356296055	0.02020449337320668	1.758361041035851E-5	0.17021605246805088	0.25888826185637037	0.050313441486391455	0.019690103332537026	0.005942636004586844	0.011466999149555778	1.0280490734558267E-4	5.585089236333406E-4	0.006496572777270228	0.0012360659753342788	0.004604287703412718	7.980897757205077E-4	8.203605262973759E-4	2.8579169018032893E-7	3.1441296702501377E-7	5.571990408557615E-6	1.6550833141128579E-4	4.1044233829633686E-4	0.0	4.1044233829633686E-4	7.804482652351127E-8	2.7633704526959882E-8	3.8708414699244E-7	0.008549642515949654	9.042051346312405E-8
0.02266163787841891	1.609501774837378E-5	4.676049445573273E-10	1.9393701722484548E-4	0.005052672176548629	0.015284111718618236	4.7195106315799336E-5	0.06991440589872475	0.0629563208797992	0.09391676920292688	0.033085592774023925	0.010052442657776283	0.01961294360561279	1.7511583628536013E-4	4.6296187868254205E-4	0.0039327646171555646	0.004303641105483402	0.0019922629505086955	0.0011455209790790588	8.473674026887099E-4	4.801918325821598E-7	1.7351402823061613E-6	3.553630914745062E-5	1.70187747419562E-4	4.087481715367125E-4	0.0	4.087481715367125E-4	1.376413353569631E-7	4.790863203953842E-8	1.3053876842856714E-6	0.024709931551759778	7.113434168332902E-8
0.005959421998653704	5.480115131416838E-6	6.642439179554002E-11	4.869930040870175E-5	0.0010949788904294861	0.0023389745248417362	6.232351482045306E-6	0.025502200956518017	0.0744206211060128	4.1417676565172215E-6	0.008653324084014953	0.0036089984251532117	0.007261456730808831	6.73319255619816E-5	6.683743198246857E-5	2.492985011327596E-4	6.248524838577756E-4	3.268713148013716E-4	4.0256827426612474E-4	3.3002555099989915E-4	2.5270759001932324E-7	2.7272663552488642E-8	2.8650966289406876E-6	4.9704383999499594E-5	1.613337422428742E-4	0.0	1.613337422428742E-4	6.170682147074038E-8	2.065347971194663E-8	1.8526986880261858E-7	0.0038698744757147364	9.852354560134624E-9
0.15310279167787863	4.6971391186578174E-5	1.0722001765446977E-9	4.333925731035482E-4	0.01164696618910596	0.018785429496406974	5.614318583030532E-5	0.0818639898022448	0.019174685345833324	2.9428918579487753E-5	0.09916163836997088	0.12792032979028836	0.23397398477478693	0.0016665734232433136	0.001594693701430332	0.002070636432236719	0.005312574168205887	0.0040857007053212895	0.0036928668045848644	0.0026912716156412596	1.7656603823581668E-6	6.233771996293733E-7	2.3456617652478483E-5	4.624326199116801E-4	0.001304132756651266	0.0	0.001304132756651266	4.572404010809947E-7	1.9481404611990648E-7	2.9930848927649762E-6	0.033695136612792935	1.2158805380052186E-7
0.1597730890134733	2.6370791493028545E-5	5.598615343687102E-10	2.2254359061035122E-4	0.0045930800512156865	0.009802295189449077	3.441847818021877E-5	0.06698738296107733	0.010246963289619198	1.4770552832903202E-5	0.061630648722555366	0.014619426605210926	0.02691113511773934	2.3285219056432983E-4	0.0015069922591587597	0.001110307031151391	0.0029829028452148095	0.002206034881183275	0.001394032918263416	9.240119010914539E-4	7.955243103202944E-7	6.054581268550396E-7	1.2295552800211128E-5	2.761755793668433E-4	4.3799818746267704E-4	0.0	4.3799818746267704E-4	1.3760087434361563E-7	5.217563542458243E-8	1.5617985199693306E-6	0.019582241751044657	9.261712268866184E-8
0.14663779438837313	3.199770686943633E-5	7.059256807900166E-10	2.844754884151493E-4	0.007062331907883566	0.012964132357582656	3.982892105730525E-5	0.06862685861565582	0.012767552327740671	2.0454362299849665E-5	0.0769130625901195	0.12848034788709808	0.09967362298415501	0.0022258486928847174	0.0014355667449027258	0.0014339415020297047	0.003631267103171548	0.0027699613123403372	0.0022807348367038724	0.0017801671708634976	1.0793745607523292E-6	5.709526060697157E-7	1.5436949746261307E-5	3.254439954838243E-4	8.681681585445915E-4	0.0	8.681681585445915E-4	3.0225706774684076E-7	1.1451743055741106E-7	1.9699269939565085E-6	0.023264381078890877	9.981447744658635E-8
0.0015916949010433671	3.248444979646778E-7	7.110564499093552E-12	2.849295063369788E-6	6.692556073898923E-5	1.2557241723767863E-4	4.090587743824648E-7	7.193273424674245E-4	1.2887146589499112E-4	1.9332774212221747E-7	7.390953257334995E-4	0.0014082448888150842	0.0010174206814715814	7.661297644572669E-4	1.544138701699358E-5	1.4035673078724282E-5	3.676382145341977E-5	2.76862198444082E-5	2.090414811109954E-5	1.4866818612356873E-5	1.0778546069550793E-8	6.154915962964537E-9	1.5584435487419268E-7	3.319210818829498E-6	7.153000664105667E-6	0.0	7.153000664105667E-6	2.404844767830613E-9	9.597399016042885E-10	1.984150717818518E-8	2.3770651494578064E-4	1.0219139790474207E-9
0.001995505890510746	1.0536929064073683E-6	9.470434994382333E-12	4.817802416884046E-6	1.487836902074675E-4	0.015294514416087668	9.229191445283593E-7	7.597322168770277E-4	3.2407272213568595E-4	4.3582359541789695E-7	0.00359791649883177	6.930861871566194E-4	0.0013296368428948485	1.0555856646728423E-5	0.006398758505615995	2.391346111212891E-4	8.701002134924841E-5	4.4949944941109E-4	4.860935925714056E-5	3.828546915868282E-5	1.3821958686603171E-8	1.0357565700509737E-8	3.724833172285989E-7	1.1371355023049414E-5	1.860693349599158E-5	0.0	1.860693349599158E-5	6.225123998290485E-9	2.2091521313384578E-9	2.6168837784059742E-8	5.324835451264794E-4	1.9185043712204175E-9
0.006161992363121664	4.082606853141174E-6	9.041373062391332E-11	5.146229748619394E-5	0.0014229158888739227	0.0023361169065182603	7.739203209215409E-6	0.0048582203359681855	0.0016809923453311847	6.267268135150398E-6	0.014787531944318652	0.0036541053053660353	0.006764626194473279	5.903721860933519E-5	0.0014405137516808806	2.4661902890986724E-4	5.137870117418779E-4	3.501758028233714E-4	2.7677567107497596E-4	2.076222743228816E-4	1.4752424877448163E-7	3.0938379444629947E-7	2.0245312552388665E-6	4.203378697304487E-5	1.0079826948643589E-4	0.0	1.0079826948643589E-4	3.561959894589216E-8	1.3652413565524012E-8	2.5231672595865284E-7	0.004444320020995397	4.359055118077399E-8
0.00996929022676893	7.677643716535304E-6	4.74006707615184E-11	2.4404061565122516E-5	0.013056714104288788	0.002779990327317638	5.949861898695595E-6	0.003489110597991999	0.00495257602764792	2.05387693359415E-6	0.005850738499689927	0.0018936172514416102	0.0036454039071270317	3.317531289974192E-5	1.4366888428444643E-4	0.0011332404354094758	4.590696860568241E-4	0.007898423333099935	6.235282680031557E-4	0.0010584333648591259	5.8100427924509765E-8	4.899792092719509E-8	2.052848720398774E-6	1.2294216053719158E-4	5.510050709652458E-4	0.0	5.510050709652458E-4	2.5126128146824622E-8	9.071340120824728E-9	1.3071496559266085E-7	0.002832895742253219	9.302280298643268E-9
0.00391465925869518	2.0704728269393932E-6	4.8276473784487734E-11	2.0403196889584935E-5	6.533430726499467E-4	0.0011387316869749342	2.5153911466220033E-6	0.0030029899423888395	9.366647431146419E-4	1.9680056461485967E-6	0.006484780371819969	0.0027121488936980506	0.005394917945337484	5.033851730380582E-5	0.006495744483110629	1.1884985557705326E-4	2.363230739811752E-4	1.979667912373272E-4	0.002185218166174761	0.00494806660284032	7.9472401696218E-8	3.2604936914606753E-8	1.0453876680812232E-6	2.0080370978815885E-5	0.002608920168742655	0.0	0.002608920168742655	4.374811390840854E-8	1.5211216627793327E-8	1.3476889351968636E-7	0.0015154633664541829	7.467387790960525E-9
0.0027444493815380394	1.936380659605193E-6	4.5074782785859406E-11	1.890869191113567E-5	4.815000285863343E-4	8.906590998118227E-4	2.633011761959037E-6	0.0020271860536291257	9.898824330049256E-4	1.3235864375086492E-6	0.0034142014760395775	0.001739508677098825	0.0026468755286363672	2.9407444859644115E-5	2.0712089379503468E-4	9.57092764191711E-5	2.1177541403210906E-4	1.6998387859045315E-4	0.0015834436631984852	0.004188316410087231	7.929800440054604E-8	5.059322188859969E-8	9.97183806547655E-7	1.811740860937802E-5	0.00344731976745024	0.0	0.00344731976745024	1.0209660737833959E-8	6.551345831998792E-9	1.2586202702597417E-7	0.0015686170215822605	8.231670904173783E-9
0.0029390451731237045	1.94050702618285E-6	6.437413854256023E-11	2.756409300909491E-4	6.333399386782666E-4	0.0014925858510799947	4.250723719903939E-6	0.0021951494463456293	0.0056769294621632355	1.3803583503406585E-6	0.003241239857948641	0.0014977423195923856	0.002408571938294496	2.5582265057994897E-5	1.5256296187518177E-4	1.9403345271790348E-4	4.074993029609392E-4	1.9442507864547292E-4	5.246425167110167E-4	1.1749672936175682E-4	6.418336250270469E-8	7.426042801606382E-5	5.01657623249972E-6	6.285387071596052E-5	3.4468552515185265E-5	0.0	3.4468552515185265E-5	1.1292514676257588E-8	6.015002442977398E-9	1.797641079572793E-7	0.002561584602017786	8.8935531947112E-9
5.360296094724824E-7	3.1975421170022776E-10	6.33167417032618E-15	2.90494998444979E-9	4.5117526846568074E-8	8.677990898771593E-7	1.3932203627470226E-9	2.742045237237817E-7	5.60188299761728E-6	1.1008068915945063E-10	6.221697592428954E-7	1.457456621619344E-7	2.747786796792009E-7	2.3424355047238732E-9	6.245581557886808E-9	8.091633682151445E-8	2.5580140632608644E-8	7.024348581212353E-8	1.3964925862557126E-8	1.0260503105475286E-8	3.880544825905824E-12	3.574859099213547E-11	1.229149998169588E-10	3.3479254262897055E-9	4.960840896071055E-9	0.0	4.960840896071055E-9	1.4590568252984452E-12	5.428134289973317E-13	1.7620926467155564E-11	2.99775956750422E-7	3.635123374704426E-12
7.6124259539819346E-6	4.395340683823629E-9	5.8508910828179555E-12	5.0032038036579716E-5	1.155764130339509E-6	5.863088475425754E-6	1.2107443881521216E-7	4.635566066653764E-6	7.863330718351272E-6	2.588214803937113E-9	7.897216657112558E-6	3.2928490034591774E-6	6.108578329503757E-6	5.9093777118071084E-8	8.014533206590407E-8	5.858881682131457E-7	5.790017844286429E-7	5.762189196662163E-7	3.553138730882029E-7	2.510659476934595E-7	1.0774804119190584E-10	8.254171379376135E-11	3.8838844784245586E-9	5.1982916872353445E-8	1.2099788696073451E-7	0.0	1.2099788696073451E-7	4.3285486447543665E-11	1.6407498367684023E-11	1.636991713323579E-8	3.883486495989991E-6	2.4207483091342205E-11
2.4049619260188118E-5	1.3630804592744748E-8	1.0206446718469649E-13	5.327424899588566E-8	2.41026713649182E-6	6.6947342781776614E-6	1.189391532427983E-8	9.549005258752871E-6	4.165452298264087E-6	5.709146136619806E-9	1.8357979891816252E-5	5.131184615040079E-6	9.759276875235002E-6	8.66664585980887E-8	1.7209881791101417E-7	9.194946600915456E-7	1.0833620169977692E-6	8.237273090080078E-7	5.5262637228991E-7	3.945446567781203E-7	1.424062354306863E-10	7.31851197599379E-11	4.751712157432605E-9	1.5010297476945573E-7	1.8864754500468515E-7	0.0	1.8864754500468515E-7	6.028038338854226E-11	2.2155920781833484E-11	2.810531161055869E-10	4.799714372136742E-5	1.71295818605281E-11
2.169314308298775E-4	1.2479911908073776E-7	2.5031201263053954E-11	1.7892399908039283E-6	8.357593051580197E-5	9.233430610705266E-5	1.1796734900535135E-7	2.2356545621992764E-4	4.782823278135811E-5	1.698631275423877E-7	2.22743146766136E-4	9.674055743471099E-5	1.8341941539692548E-4	1.7639714960474003E-6	2.1183590153270564E-6	9.61605339414063E-6	3.117428298172096E-5	1.1954894857720904E-5	9.16165241123724E-6	7.752439298023542E-6	3.946717400260036E-9	7.794540349755728E-10	5.4417119880815604E-8	1.6699160169130485E-6	3.823147796559292E-6	0.0	3.823147796559292E-6	1.3667758352416605E-9	5.073059973300919E-10	7.000886284978422E-8	7.223956698824354E-5	3.0699469456290026E-10
6.196050573379469E-4	4.371701300215831E-7	1.0176382288576178E-11	4.2689514319834965E-6	1.0870665191895287E-4	2.0108098562913416E-4	5.94445969388127E-7	4.576710108836101E-4	2.234823325659061E-4	2.9882145268296457E-7	7.708121762117185E-4	3.927230362743216E-4	5.975761264150807E-4	6.63922045910707E-6	4.676090206573812E-5	2.1607949865873004E-5	4.781182287943822E-5	3.837668349070887E-5	0.0011217200909253346	0.0026526816529047273	1.7902845905658323E-8	1.1422242809189853E-8	2.2513083585384102E-7	4.090306178091514E-6	0.0033480257176644423	0.0033408931703241686	0.0016775766444491426	2.305000169798269E-9	1.4790754699634822E-9	2.841544704768251E-8	3.5414127937576464E-4	1.8584340324359401E-9
1.8622099569904805E-4	1.313357186413889E-7	3.056301142726058E-12	1.2880631692008545E-6	3.2708541284349725E-5	6.05218139734366E-5	1.7879783678506314E-7	1.3761198068867756E-4	6.732466971690359E-5	8.986225527224065E-8	2.3168814953067804E-4	1.1799973798337838E-4	1.7963566201676526E-4	1.9951477326715312E-6	1.4031978853242843E-5	6.503067629515096E-6	1.4372910978008246E-5	1.1535204903252782E-5	3.3653495724238945E-4	7.958190970517359E-4	5.3762559278109224E-9	3.429061498585034E-9	6.77869832496244E-8	1.2306530174776866E-6	2.14768495284743E-6	3.949289604177087E-7	8.373722215604975E-4	4.106815470409777E-7	1.3269824013467325E-8	8.53407090416238E-9	1.0643938730864456E-4	5.583365661017296E-10
5.886224050043489E-4	4.1530993054663757E-7	9.667523765349549E-12	4.0554873285521725E-6	1.0327089834840481E-4	1.9102615764659438E-4	5.647213688824606E-7	4.347856879743764E-4	2.1230735048564456E-4	2.838792228405003E-7	7.322685823736101E-4	3.730853636114177E-4	5.676950059363003E-4	6.307233725276345E-6	4.4422675877377675E-5	2.0527468694185258E-5	4.5421046580623654E-5	3.645770069961029E-5	0.009000230495515397	0.002520037297552355	1.7007634280272156E-8	1.0851086435244947E-8	2.1387342222523098E-7	3.885775029171832E-6	6.775892351941663E-6	0.0	6.775892351941663E-6	2.189741235023641E-9	1.4051159686354655E-9	2.6994564654364776E-8	3.364328439685139E-4	1.765505133890033E-9
5.636423300819857E-7	3.760197901731385E-10	2.561120832551386E-13	5.7833227552500846E-8	1.02833270316875E-7	2.2189357630351333E-7	2.41151943570085E-9	4.035222470106329E-7	3.3598594293911425E-7	1.9293112840583916E-10	4.5747333516267247E-7	2.9854786134189257E-7	4.5471012250363E-7	5.1872502138846525E-9	6.664252665926898E-9	2.4622916772292032E-8	4.8302747539493305E-8	3.761716939310862E-8	2.852229231788262E-8	1.4152499803699144E-8	1.3214947958051234E-11	3.2664607461896125E-12	6.19379762547298E-10	1.6537580178254015E-8	6.399289079373687E-9	0.0	6.399289079373687E-9	2.0350077137730662E-12	1.2399495906995264E-7	7.165439896692161E-10	3.2029513247467414E-7	8.609453978365118E-13
1.3806500771173578E-7	9.250148336065497E-11	1.9232075637070436E-15	9.862216528379498E-10	3.388447221471247E-8	5.045961973000554E-8	1.3240886480218908E-10	1.1281073572636953E-7	1.3762934462297587E-7	5.971369730498449E-11	1.172165517793443E-7	7.677355918603285E-8	1.1773608519704625E-7	1.3380267905511808E-9	1.7121473262973415E-9	6.22057075882778E-9	1.7091058110895975E-8	8.456008790579085E-9	8.659543108547533E-9	3.777146879007964E-9	3.4030169817220457E-12	8.094075967544902E-13	1.4107186248271623E-10	1.1863849871995508E-9	1.6411501282939477E-9	0.0	1.6411501282939477E-9	5.355143104918609E-13	3.183424100887915E-13	5.366039354952906E-12	1.1968883652183844E-7	2.0168628501879468E-13
3.0309872217883827E-6	1.7437338491552963E-9	1.4311778328655415E-9	7.770288988507092E-9	4.6927821260026594E-7	1.5158934851692861E-5	1.4336880330947955E-9	1.3298664148071984E-6	2.3446853106828285E-6	8.75485122721825E-10	1.566436725223131E-6	5.210113338100621E-7	1.0148037683658364E-6	9.227907775182365E-9	2.0974351994960034E-8	1.4031036356564162E-7	2.770222296765533E-7	1.3803530461326506E-7	7.634024564497211E-8	5.112588345149508E-8	1.568580756445899E-11	1.0847624710965795E-11	2.0357852212261305E-9	5.186445343754687E-8	2.4102320637429247E-8	0.0	2.4102320637429247E-8	1.861848302039181E-10	2.582897453211959E-12	4.004477654805403E-6	1.2105776806284851E-6	3.0281502676282515E-12
0.0400779029472189	1.1830044542563931E-5	2.73255145290028E-10	1.1359669212134685E-4	0.00356590265645253	0.005836045476173124	1.406921355305245E-5	0.02031042749390414	0.004892431858970229	9.980497601732494E-6	0.15520908085555493	0.027640745297649486	0.05316903798978628	4.090165602185432E-4	3.294691278633762E-4	6.188498993934731E-4	0.0013568724143551427	0.001110701187977234	0.001266761679328606	0.0012227678365997158	4.4545021040134785E-7	1.2794597893432798E-7	5.924116866628479E-6	1.1625000123411202E-4	6.12539621103061E-4	0.0	6.12539621103061E-4	2.2817949831834238E-7	7.99776250242179E-8	7.627801579609253E-7	0.008275764331517945	3.2956620876051733E-8
1.4787242768030648E-7	9.041993421730722E-11	3.251059864271555E-15	1.2583494370722487E-9	1.6268471047580767E-8	4.1313556140503264E-8	2.9853583848897657E-10	7.615155272694763E-8	3.4870727590182604E-8	3.6182784485095523E-11	2.2071749113465795E-7	5.919274866481317E-8	1.0463613463304731E-7	9.542158241037388E-10	1.8380885698257586E-9	4.943083118818842E-9	7.669918480471886E-9	8.621590065376125E-9	4.942369659501491E-9	3.388639612061943E-9	1.7551261336335692E-12	1.904472353919751E-11	4.170474221374328E-11	8.664675578726596E-10	1.634377982640224E-9	0.0	1.634377982640224E-9	4.886633694846737E-13	2.1212198083923416E-13	9.076099031077041E-12	1.3435091506877057E-7	1.4502523318846665E-13
