32
NULL,time@time,open@__open_nocancel,read@__read_nocancel,mmap@__mmap,munmap@munmap,mprotect@__mprotect,rt_sigprocmask@sigprocmask,exit_group@_Exit,rt_sigaction@__libc_sigaction,sched_yield@sched_yield,write@__write_nocancel,syslog@__syslog,getpid@getpid,writev@__writev,close@close,open@__open64,fstat@_fxstat,read@__read,close@__close_nocancel,mremap@mremap,stat@__xstat,socket@__socket,fcntl@fcntl,connect@__connect,madvise@madvise,lstat@__lxstat64,openat@__openat64_nocancel,getdents@__getdents64,lseek@llseek,getrlimit@__getrlimit,write@__libc_write
0.4846466682785684	0.01902874099049865	0.13615010630362478	5.748961781445406E-5	0.046587044182936625	0.01673027834981204	4.4021154952126885E-5	0.09182871245118772	0.02854369253913736	0.05523972549029239	5.014690449988097E-4	0.0028097749769273386	0.014160579331748026	0.018765792033594922	0.015387871834897706	0.007488398203155397	0.006798214713781882	7.677515756865781E-4	7.619833456469967E-7	1.009476147024453E-7	0.001036254185328346	0.0017367415289165444	0.0034339433486227358	0.0	0.0034339433486227358	1.1997109319018473E-7	2.3199150168075694E-5	1.4299319691268E-10	1.0325073780978886E-7	3.7259767129567393E-8	3.923968978487484E-7	0.007619201508879783
0.02766361628121081	0.0012180661865357925	0.006032108405638578	9.816660823727672E-6	0.012616896607993098	0.0010806067279925868	2.8157083867430907E-6	0.004467896211739233	0.0015538856111495945	0.0029405017177293845	2.7570084827646364E-5	1.0963178750639327E-4	4.918150085789258E-4	0.0022624571264917943	0.0012841971989780495	4.194546770007407E-4	4.1541454574531056E-4	4.819403556102447E-5	5.904989801671368E-8	5.648892063334216E-9	3.5354928659149356E-5	1.3613356931457617E-4	2.1233612578526532E-4	0.0	2.1233612578526532E-4	6.513122641533184E-9	7.366985117821289E-7	8.028647035263334E-12	5.5104687495645026E-9	2.053901898082314E-9	2.230456233215538E-8	3.501333393775496E-4
0.05284633018647636	0.002645450353564423	0.02221748463240741	0.013121878264876274	0.025450903462039008	0.002383126155028245	9.417504509548431E-6	0.012342643783315479	0.0030663700536197962	0.005509366747317077	4.930494864705029E-5	0.0012317911792915084	0.04851853491281991	0.0015469605208451255	0.001640259930183045	9.66671798611462E-4	5.596183692765915E-4	5.310079978525174E-4	1.2960579096725856E-7	5.820924935352658E-5	4.8893806085086824E-5	2.1760512601388016E-4	2.64416870727284E-4	0.0	2.64416870727284E-4	4.824218870347634E-8	1.2634213307927772E-6	7.342952167263974E-10	7.2236703909145185E-9	2.9653753121772882E-9	1.8975047235675962E-7	0.0019566729037675396
0.0017640406057274469	9.3617017255898E-5	4.3583586234134875E-4	1.4876141540776452E-4	9.063590467267748E-4	7.49297191366719E-5	2.3550711142657553E-7	0.002411929594699054	3.44752825560072E-4	6.52909227612046E-4	4.5944894665581984E-6	0.00549535346593212	2.2409709834522817E-5	5.30638832856386E-5	5.220806296286163E-5	5.166450857595689E-5	3.111770846400747E-5	5.700567351637856E-6	4.792946462563114E-9	7.49313249674167E-10	2.2634469773623843E-6	5.60486985159975E-6	1.4496832278726551E-5	0.0	1.4496832278726551E-5	6.78903509924385E-10	3.350314604595542E-8	5.837609899206342E-10	5.349123745420539E-10	1.6630118771876978E-10	1.272238983509085E-7	8.952089757044258E-5
0.026147777971136873	0.001092733790915414	0.0036631776004170924	3.6806610562839817E-6	0.0933599874640723	0.0901849428611631	0.02851756051049569	0.005143213653009903	0.0014541891942785475	0.002659006426555799	2.4352104500455354E-5	3.918866143620523E-4	0.004113936057859465	7.005818817796565E-4	0.0016617356275421536	4.283496684652908E-4	3.8811397712314616E-4	6.915685087681164E-5	7.683886991649529E-8	4.44631789639476E-8	2.1695349844585533E-5	1.660812645203528E-4	1.961057512649664E-4	0.0	1.961057512649664E-4	1.3286713678560595E-8	6.3360655239108E-7	1.128102970619523E-11	4.107652882941533E-9	1.6108760064147243E-9	3.150164218307419E-8	6.151094902634602E-4
0.03240694421410556	0.0028980834300165155	0.004407151532734111	9.532221612735627E-6	0.033645603514686845	0.02876177243329076	0.053231229653824506	0.006520840693206439	0.0019577482947267144	0.0036858562507004248	3.369390052971868E-5	3.173986765888518E-4	0.0022972330354563532	0.003289485587039312	0.0014447513923375786	6.13695353169053E-4	4.814422233185686E-4	1.667534665389318E-4	1.155865093298926E-7	1.3708913536232144E-7	3.399799385489778E-5	1.1477494279424703E-4	2.4033469318011027E-4	0.0	2.4033469318011027E-4	1.3585335170637108E-8	7.946986415030341E-7	3.1255708907260725E-11	6.47482280400427E-9	2.385900605627795E-9	8.738371468614E-8	0.0016623989343085676
0.012709636125989911	6.674758540740253E-4	0.0017616681561006577	1.7467972584204961E-6	0.013070030795800264	0.04132705729261473	2.063749625939938E-6	0.002240148965963597	8.446861539919972E-4	0.0016568565305847148	1.5451578182228736E-5	4.4376276715801806E-5	1.7298367495191725E-4	5.09263262357975E-4	3.6690239780671666E-4	2.432923135970959E-4	2.1309999352529606E-4	4.014072133977594E-5	6.862565529774106E-8	2.2238539822162426E-9	1.6368667867774773E-5	4.7817432670582176E-5	1.072543753366848E-4	0.0	1.072543753366848E-4	3.504099293516385E-9	3.712591979460424E-7	4.071974683694946E-12	3.58226825687339E-9	1.2318799916502611E-9	1.1369582454308728E-8	2.5978982545924465E-4
0.09024905231908448	0.0037615957850836205	0.008040629841249035	1.0049572611653744E-5	0.008887475028604801	0.002258747015977192	8.501408038091576E-6	0.01990647443428597	0.031088233247487346	0.05756185906094687	3.709424495954588E-4	9.79630064109727E-4	7.930890773313805E-4	0.0024633120582679413	0.0026079170839368175	0.0014512597597454973	0.0011114033189111806	2.115178056434399E-4	2.257124999976543E-7	3.881627804587037E-8	7.143478038213137E-5	2.4337234431173456E-4	5.023058803870303E-4	0.0	5.023058803870303E-4	3.188534337878022E-8	1.5420135583181967E-6	4.3114478814393796E-11	1.4253383025717153E-8	6.208838450349595E-9	1.2046731949263636E-7	0.0011949952874343234
0.055480231708346615	0.0027962464433324554	0.005883891733754066	9.402267018228802E-6	0.008032773758971296	0.0017998941866147838	7.092897214952773E-6	0.020073946244950156	0.003990648880426405	0.007120146284841552	5.963819396435378E-5	0.0012462423461374952	5.846208448275191E-4	0.0022887290649534664	0.002297417346489804	0.0011182675449634657	7.69246111273128E-4	1.9181671269377794E-4	1.6714854751315417E-7	4.785989081225562E-8	4.004972344888632E-5	2.0677780130478517E-4	3.000901842917366E-4	0.0	3.000901842917366E-4	3.489532817848124E-8	1.2748283803996002E-6	3.933873981485921E-11	6.8909799370746136E-9	2.980081527161294E-9	1.0991313276314578E-7	0.0010604648276110221
0.06511054398672933	0.0030528712839932477	0.00679165368760259	9.221565679243038E-6	0.007991270365675592	0.0019192959709311255	7.4852394731676535E-6	0.0193020573277787	0.035234518494741594	0.023852998149607618	6.072141307489989E-4	0.0010572142082207903	6.695787231935141E-4	0.002204090020740637	0.002324454197938718	0.0012137843259851777	9.344044227453203E-4	1.8654909744792006E-4	1.767519760544345E-7	4.112219640706679E-8	5.6790649651280176E-5	2.1477613154409142E-4	4.0399519910915764E-4	0.0	4.0399519910915764E-4	3.195460067947175E-8	1.2994036816750667E-6	3.802711428101445E-11	1.0914782663372089E-8	4.424526488241104E-9	1.0624548333003851E-7	0.001042247393691201
6.580260207354876E-4	3.100826665895095E-5	6.614035504045176E-5	9.666484239277579E-8	8.345378948279307E-5	1.951617337150654E-5	7.587690429036338E-8	2.0223922860325118E-4	3.9537836357516053E-4	2.5839305265251884E-4	2.2826495217303234E-4	1.1743138374011728E-5	6.549844537788036E-6	2.3501599329115322E-5	2.4081802375014E-5	1.2269081803883782E-5	8.860038376390414E-6	1.9841146029525927E-6	1.8459878085178455E-9	4.5453258140651144E-10	5.054311410491222E-7	2.196233689563066E-6	3.6770536860275225E-6	0.0	3.6770536860275225E-6	3.427726787541129E-10	1.3593143102889928E-8	4.0593034352161587E-13	9.329166794345059E-11	3.995626608649025E-11	1.1341822767157624E-9	1.1045168415666048E-5
0.003113346189854314	1.2896293474123433E-4	0.013303253159733734	4.6670034055251894E-7	3.403069214073175E-4	9.670800440107709E-5	3.325419247725039E-7	0.0026786592858457064	4.236906782904046E-4	8.044907614704921E-4	5.962277864263195E-6	0.005506681501052748	2.183188919247139E-4	9.432274415352512E-5	4.194110944498164E-4	4.9876576540330114E-5	4.714636785429342E-5	5.775958698416703E-6	6.0068147687620736E-9	1.1719103638094141E-9	5.123708254639874E-6	1.0199360814879285E-5	2.3654977705867216E-5	0.0	2.3654977705867216E-5	1.0990184349261356E-9	9.686790672243761E-8	1.0778692881318968E-12	7.305124098400171E-10	2.6516547553044304E-10	2.9893857744646847E-9	4.441686122656493E-5
0.021160336690273788	0.001434276693821783	0.0024980776369911595	3.198531897268346E-6	0.0026233071461393034	5.754170025814714E-4	4.498832474857198E-6	0.009054338070743495	0.0017411279958206092	0.0031881556063498044	2.6068972882753862E-5	0.001261509857486285	2.459927303691898E-4	5.783525462100478E-4	6.269837365770856E-4	2.736813746388989E-4	2.3294431437519917E-4	6.088192450388582E-5	5.8435449305308984E-8	2.4809634775353794E-8	1.683253344395236E-5	7.203682956373757E-5	1.1636614242245671E-4	0.0	1.1636614242245671E-4	1.8983232485542648E-8	3.6124159587707264E-7	8.096183778998998E-12	3.319123933365127E-9	1.3409110314641865E-9	2.2612125354607307E-8	3.672415904112573E-4
0.02774302830912668	0.01139650150054605	0.0016526182120754442	2.419555353376349E-6	0.001906011678154404	0.0016450948887393921	1.6072990488269616E-6	0.00227629697480439	9.26166221208548E-4	0.0015391055092635467	1.588923725768474E-5	8.576333732686544E-5	5.04617328139965E-4	3.554070398879216E-4	0.0030810430945581346	3.933117516517866E-4	4.6188558488683166E-4	3.746765207573773E-5	3.480004379232612E-8	5.528927043387996E-9	1.14142436561948E-5	2.8012711631220696E-4	2.4062672910657502E-4	0.0	2.4062672910657502E-4	4.632834091126241E-9	5.009369045519887E-7	6.056734832643905E-12	2.082792750907135E-9	1.0332922146773531E-9	1.6910884113289874E-8	3.013653462098978E-4
0.011924178787937922	5.15687515036102E-4	0.001546370605079427	1.2511730871348238E-6	0.0010270680293442659	4.0783973342461434E-4	1.3069070187899006E-6	0.0027877194748795937	9.351248367570276E-4	0.0018514539979442427	1.6852911628442976E-5	0.005585968887904283	1.4905606334067199E-4	2.355156535187108E-4	3.3638561488834524E-4	0.0016486204714097623	0.004159172089245966	2.1997467000362493E-5	2.4601071306885492E-8	4.053632144207932E-9	1.7484465553329656E-5	3.414988572744179E-5	0.0022568908540647817	0.0	0.0022568908540647817	3.851898315249093E-9	1.7853098350765833E-7	4.099041257607359E-12	3.77079833107272E-9	1.318297566115558E-9	1.14469006150628E-8	1.3064103706802207E-4
0.009347026110554435	3.032527048271096E-4	7.422016758331472E-4	8.83589614818794E-7	5.358768326651629E-4	4.0194195425852605E-4	7.058080297901515E-7	0.0017431054663424712	5.51277559622645E-4	8.61229622415334E-4	8.794567554019404E-6	1.759877238601156E-4	7.329919244352744E-5	1.770515991602213E-4	1.9794734638460323E-4	0.0011683647141193646	0.00351038244690107	1.9558881103353613E-5	2.129407621091652E-8	6.580191526111924E-9	3.7025640397806027E-6	1.7402462770489664E-5	0.0029628037335889448	0.0	0.0029628037335889448	3.874728158261869E-9	1.3418041600408116E-7	3.4552088474141917E-12	6.789954804490669E-10	4.667201988158499E-10	9.654640050782481E-9	1.1786612440683206E-4
0.008866411536865262	7.848482887717033E-4	0.0013008099061405224	1.6637710960829364E-6	7.765812518710968E-4	0.002924589036850262	7.968743525689458E-7	0.0015880634794068356	5.317898568919253E-4	8.775363013806459E-4	8.793822486504751E-6	1.34769427435737E-4	1.385518292289354E-4	9.435620308002271E-4	2.3081930003889038E-4	0.002408886992303838	2.980421115883595E-4	3.929416466062231E-4	1.9663605085577303E-8	5.81464368765762E-5	7.316893120551747E-6	5.160924888706976E-5	3.652304496498883E-5	0.0	3.652304496498883E-5	4.2152627751356235E-9	1.464557784555018E-7	7.391353137252582E-12	1.0085399546142464E-9	5.28203897323596E-10	2.0661554287547188E-8	6.009982589630806E-4
9.0271291055188E-4	4.3306925518993864E-5	2.4959447091840004E-4	1.8927796849389022E-7	1.2823165680610787E-4	2.3086917856072196E-4	8.696911106550035E-8	2.0916193769274281E-4	6.585535403544045E-5	1.2422283028732411E-4	1.145401267422773E-6	5.323136130766385E-6	2.3540506007829555E-5	2.243194145822084E-5	4.466193486404477E-5	2.970869690224001E-5	1.5346809451116962E-5	4.9042730813202656E-6	1.8273143882854772E-9	1.9506490249026067E-9	1.1708960571029241E-6	2.566103730863581E-6	7.657914997511952E-6	3.233827179830382E-7	7.657914997511952E-6	7.940735128444077E-10	1.8092365563916997E-8	7.553805312292549E-13	1.2148723654311524E-7	3.8759324505267604E-9	2.110342825561541E-9	3.058421458316008E-5
3.222247321611914E-7	1.8855717209846986E-8	2.833126045080079E-7	2.4827777357591687E-10	3.737914615542085E-8	1.757001156515483E-6	3.337804221414712E-11	1.422243502042617E-7	2.8449334320534095E-8	5.3538615139054196E-8	4.3858691796938473E-10	4.104261434648178E-9	2.6524295023458076E-8	1.142303618891471E-8	3.299288658183645E-8	6.469338188629264E-9	5.53510306210626E-9	3.2335972937754717E-9	6.308457562253375E-13	6.0955205488884245E-12	5.10286518849181E-10	1.1564567618536642E-9	2.817593096665067E-9	0.0	2.817593096665067E-9	1.0836285072127337E-12	1.410181792705839E-11	7.943773054746988E-16	6.624668332868144E-14	2.4883924995922363E-14	2.2197280363524524E-12	3.2037160575932134E-8
1.4828310821603321E-5	7.361815620703516E-7	5.098849179860234E-6	1.3572344658187102E-8	1.3006732420000208E-6	4.3074494057014864E-6	1.3392187299827843E-9	3.3731158984875253E-6	1.0509082051584114E-6	1.9491734978909523E-6	1.809136000312617E-8	1.0095980459771432E-7	4.822241303636903E-7	4.337432080109923E-7	7.498426960438212E-7	2.6692983774879736E-7	2.259226320989503E-7	3.917057344010338E-5	3.007984518990232E-11	4.853249008696131E-11	1.8290632022284964E-8	4.098402584589146E-8	1.1418097474660911E-7	0.0	1.1418097474660911E-7	1.773713879239657E-11	3.2137087975543344E-10	4.5221156931571656E-13	3.3119638906753438E-12	1.2667426585508698E-12	1.2652420152986205E-9	4.450927333223977E-7
8.845825087084878E-4	2.777375846402192E-5	8.397337082181079E-5	1.015507080179507E-7	6.0186040156496444E-5	1.8115427801744857E-5	5.523508874994334E-8	1.2279170053482058E-4	3.66076312333892E-5	6.337879728230089E-5	6.042324359313461E-7	2.3798481777462003E-6	9.477033537901866E-6	1.347141164817523E-5	2.2651617933180072E-5	8.0852796146046E-6	6.654331749575297E-6	9.779142889655254E-7	1.1383424921446557E-9	1.1237181374956076E-10	5.526414957504816E-7	3.154230227804528E-6	3.3225771385723038E-6	0.0	3.3225771385723038E-6	1.2257465563911205E-10	1.333355258029298E-8	1.8021083541974534E-13	8.125396132541666E-11	3.734963932711851E-11	5.014554263240465E-10	1.062340920668832E-5
6.209632724291163E-4	9.448397784231994E-5	1.2806580862263856E-4	7.56041532005213E-8	1.7815226292882728E-4	2.03900486842336E-5	1.8100626513375286E-7	1.2240036737560603E-4	4.391597936075733E-5	8.449117313413844E-5	7.895650495801009E-7	2.5974423720281815E-6	1.252682026732372E-5	3.475496058755962E-5	1.9466632827828242E-5	1.0537559912177042E-5	1.0095547655511432E-5	2.2495153170139115E-6	2.263520664887526E-9	1.227506787701753E-10	8.890570027876079E-7	2.1669524816849156E-6	5.137856433240244E-6	0.0	5.137856433240244E-6	2.2415623465019983E-10	1.28058339435275E-8	1.9727847831383347E-12	1.6612265192955497E-10	6.055730836360587E-11	5.517385993691857E-9	7.5847287817193305E-6
0.002085924379966649	6.932517013715156E-5	1.7609876362483106E-4	1.9889711896754746E-7	1.2480856962530327E-4	8.850772868680434E-5	1.6114338950533865E-7	4.692562577212506E-4	1.3239075686614801E-4	2.1196578441881383E-4	2.0807580686987E-6	3.8226389884673235E-5	1.7433625128779566E-5	4.061740821264386E-5	4.5099305961428275E-5	8.293914535985915E-4	0.002214972004119287	4.350381616057354E-6	4.730580758113867E-9	1.4248526378058344E-9	9.481811746778213E-7	4.0156810997153325E-6	0.002878307330905297	0.002871851036541746	0.0014423796738895307	8.523224388791678E-10	3.132151763590531E-8	7.708146982492882E-13	1.6928718061663698E-10	1.0822563803484354E-10	2.153241530745345E-9	2.6354168853099612E-5
6.25861164627518E-4	2.0807423003950653E-5	5.284844336217937E-5	5.97016063584159E-8	3.745724670724248E-5	2.6569102090452668E-5	4.8358246887016894E-8	1.407949576169887E-4	3.9723438484909446E-5	6.360194475024772E-5	6.243394346393951E-7	1.146827731768483E-5	5.231958133890571E-6	1.2191909883029564E-5	1.3532732575511567E-5	2.4881980533475635E-4	6.644919204031804E-4	1.3058725488996557E-6	1.4193456977081908E-9	4.276519395809383E-10	2.845868449532801E-7	1.2049782641915322E-6	1.9376555054981E-6	3.218734871897243E-8	7.199014840133814E-4	2.557435750853539E-10	9.398063717313312E-9	2.3129290812191576E-13	3.346542491606323E-8	1.0777416182903523E-9	6.461078964881146E-10	7.912919997772578E-6
0.001981620083070904	6.58586431634129E-5	1.6729314348802062E-4	1.8895149277527332E-7	1.1856765781356297E-4	8.408199949969728E-5	1.5308559599030234E-7	4.457916276054039E-4	1.2577070632978105E-4	2.013666743445967E-4	1.976712107373276E-6	3.6314922355899636E-5	1.6561876359329732E-5	3.858638050807526E-5	4.284416601293787E-5	0.007608547236179801	0.0021042148262693785	4.132845688077885E-6	4.494033400682101E-9	1.3536044880676537E-9	9.007684440417593E-7	3.814881493705627E-6	6.133454642894176E-6	0.0	6.133454642894176E-6	8.097030162531279E-10	2.97553204592018E-8	7.322709782995348E-13	1.6082216600859843E-10	1.0281393702126304E-10	2.0455711156199885E-9	2.5036358351964238E-5
2.180984253926937E-7	8.047142473406057E-9	2.079226601190032E-8	7.619929167082333E-11	1.3125619917201058E-8	7.309936913713983E-9	1.2876080032957109E-11	4.092894287774206E-8	1.091897654234707E-8	1.8675290942766864E-8	1.7457962224425525E-10	1.3789153566779242E-9	2.3085626287896256E-9	4.18589930244636E-9	8.68989650989429E-9	2.6702842855931435E-9	2.0255644408189097E-9	1.2311986375587993E-9	3.3617849530723367E-13	1.4337220986909799E-12	1.393201551419391E-10	6.56491422583851E-10	1.0180973129780362E-9	0.0	1.0180973129780362E-9	3.906050601871488E-14	4.30686954993908E-12	2.0853201108002914E-16	2.050337583106448E-14	9.974879956805659E-15	5.827794769462851E-13	8.48038963416134E-9
3.51780275000083E-6	8.373043901203388E-7	1.7361389948278305E-6	1.985105600312528E-6	6.896267960695114E-7	2.8783352335695037E-6	6.214073151939976E-10	1.0749042931686615E-6	2.6779905927540427E-7	5.108540912177887E-7	4.442593774854303E-9	2.6587689213189067E-8	1.7865428480561386E-7	1.0171094942771717E-6	2.1294864732348908E-7	3.3095550547874683E-7	8.266110186109057E-8	3.743729929652076E-8	6.962027618358194E-12	3.57644111583423E-11	6.614076557362923E-9	1.2840755427295692E-8	2.8875826714767407E-8	0.0	2.8875826714767407E-8	5.458764096778236E-12	1.8396988555598923E-5	6.898833203785039E-6	8.088739162730403E-13	2.9675506785758033E-13	1.4740581349344317E-11	1.142724908099128E-6
3.709683508681354E-7	7.810226958017685E-8	2.0994980634884526E-7	3.898728341331384E-9	6.882216321270308E-8	3.1112221873126477E-7	6.191810687174013E-11	1.2495957006269992E-7	2.9452445743049175E-8	5.609678699484013E-8	4.809702514598324E-10	3.0816298492211526E-9	2.1139109334731188E-8	9.363909662564195E-8	2.4654255270906262E-8	3.0714279532865654E-8	8.366827793940655E-9	3.5505839946214254E-6	7.402012358325069E-13	4.819495716021958E-12	6.889529158016514E-10	1.3270288321086586E-9	3.068047639016913E-9	0.0	3.068047639016913E-9	7.007856276325103E-13	1.3743886244033771E-11	2.480579912584409E-15	1.5457537729715022E-10	3.115232957929029E-14	6.937813725211544E-12	1.1082778152396217E-7
1.6937739653213646E-7	8.097489203968273E-9	1.4083596958884352E-8	1.8038798983465334E-10	1.1128214248974538E-8	1.3862963473481296E-8	9.916792200867206E-12	1.5026358932644175E-8	8.123282210103083E-9	1.2249157941680794E-8	1.390490728245352E-10	4.954774342370763E-10	1.4456200593819971E-9	6.775245138035854E-9	3.1832518109258245E-9	2.864910571390404E-9	1.0977220659971513E-9	4.746447457944986E-9	3.4696226869744906E-13	1.4915496064587109E-13	9.922421558162696E-11	5.333644679651976E-10	4.691970208038478E-10	0.0	4.691970208038478E-10	3.808439329971147E-14	2.2694679476590082E-12	1.9056786868733726E-14	1.513897275363425E-14	1.0105698497197573E-8	5.3321215744166123E-11	6.040729417362167E-9
3.9419863249935955E-8	3.8454361014184864E-9	3.534418483084565E-9	4.169829746134812E-12	3.6605316486839446E-9	7.505551645774275E-9	3.2275196246551183E-12	3.839360570207798E-9	2.0512808188021435E-9	3.1565159519773026E-9	3.5348733211814606E-11	1.2807572094229148E-10	4.0708418256485357E-10	4.319561863629671E-9	7.984472600364028E-10	1.4839236314166988E-9	3.7103808462609114E-10	1.521650547902757E-10	8.658792738704733E-14	1.62833838926889E-14	2.5472197757169275E-11	7.238177058408521E-11	1.2977431290723574E-10	0.0	1.2977431290723574E-10	7.788806465689272E-15	6.089311932449399E-13	1.4750777004482632E-17	3.610866234667711E-15	2.2155469115461773E-15	4.119080450145939E-14	4.089925045319377E-9
4.0528090280533577E-7	6.720463116595918E-8	1.1726204276306528E-6	7.135274989492219E-11	6.426659320526836E-8	1.3530399733840183E-7	6.01896986877674E-11	7.251552559676565E-8	2.3570606794486626E-8	4.489904510062028E-8	4.1444048439078025E-10	2.0034451007068583E-9	1.086167128671787E-8	7.90577459631158E-8	1.3432788351800226E-8	8.573774390508588E-9	5.7033501616699474E-9	9.37007156559052E-10	6.857393384074069E-13	3.8355522159285235E-13	7.027658498233942E-10	1.9121721228855848E-9	2.7615256526667033E-9	0.0	2.7615256526667033E-9	1.499325629190802E-13	1.312153268179435E-11	1.0938261197772887E-10	1.3756181411074677E-11	3.054343364892238E-14	3.0605580583126713E-7	2.4310585022289455E-8
0.006453396545895363	3.0047878110504227E-4	7.745146460937305E-4	8.119139735373864E-7	6.873897349111159E-4	1.7959066215892798E-4	6.80621785078483E-7	0.010772160323513543	0.0014933483001640221	0.0028308942549418433	1.9565645034407438E-5	4.22558648684698E-5	7.357606290090053E-5	1.493570452069823E-4	2.054913420898014E-4	1.1860569065716939E-4	1.1616250340929406E-4	1.3742220604202803E-5	1.4295859101240289E-8	1.8387213808643607E-9	8.582605161282592E-6	1.861699288645898E-5	5.8065402353440794E-5	0.0	5.8065402353440794E-5	1.9135041437021964E-9	1.0574906652118823E-7	2.563892448665869E-12	1.8313128810876242E-9	6.57129489103978E-10	7.161602922512047E-9	7.808871718110059E-5
