32
NULL,time@time,open@__open_nocancel,read@__read_nocancel,mmap@__mmap,munmap@munmap,mprotect@__mprotect,madvise@madvise,lstat@__lxstat64,openat@__openat64_nocancel,fstat@_fxstat,rt_sigprocmask@sigprocmask,exit_group@_Exit,rt_sigaction@__libc_sigaction,sched_yield@sched_yield,write@__write_nocancel,syslog@__syslog,getpid@getpid,writev@__writev,close@close,open@__open64,read@__read,close@__close_nocancel,mremap@mremap,stat@__xstat,socket@__socket,fcntl@fcntl,connect@__connect,getdents@__getdents64,lseek@llseek,getrlimit@__getrlimit,write@__libc_write
0.25681094124637116	0.010862748882316548	0.03705132774688736	7.065160562219562E-6	0.02341328597583377	0.01953179679266438	2.3671111312035396E-5	1.4938727347789702E-7	4.588608957995036E-6	3.8005901055309605E-11	2.0793270458066882E-4	0.6009792039920824	0.008299648901402515	0.01653587288530985	1.478671822720123E-4	6.094218953406689E-4	0.003710895316574075	0.00410987920733176	0.0028149551928939635	0.001899394423150633	0.001773632151040237	2.3538485206613766E-7	2.0540191624186227E-8	1.1024514159699504E-6	4.000421478803786E-4	8.979850597355028E-4	0.0	8.979850597355028E-4	3.3996810789229535E-8	1.1735232334998733E-8	1.0488634359597515E-7	0.0017577801802760005
0.002003475230721105	8.409505037559449E-4	0.017988039140760827	5.029322394551502E-5	0.010426261537583406	5.875774784011594E-4	2.1320196044476354E-6	1.4259867377793684E-8	1.509504247502763E-6	8.278964327225622E-12	4.969103554691975E-5	0.008251409918353048	0.0015038842446127953	0.0029353938555572666	2.6270096027528313E-5	1.5138566508130427E-4	6.332873191124635E-4	0.0023577727919890184	4.5356535793833594E-4	4.1182688149528633E-4	3.206819078945633E-4	5.51005677580747E-8	5.444688814458806E-9	3.19877958109476E-7	1.299483979106658E-4	1.5902640872366526E-4	0.0	1.5902640872366526E-4	5.657920741401926E-9	1.9997753117594552E-9	2.2650075167926547E-8	5.099012260626033E-4
0.014744350408418252	0.002123129416831341	0.02212443219148379	0.010004337200502148	0.02045005366887989	0.0017238893644325101	8.049547863968348E-6	1.0460402839671467E-7	2.54747579348555E-6	6.000428283050196E-10	4.1732532317047526E-4	0.027111926336062436	0.002858939781077722	0.0053249306229516844	4.613519613734524E-5	0.0010282878885403313	0.03689068914343651	0.002240789021373014	8.566960558694615E-4	9.137753644387032E-4	4.86502891923056E-4	1.165048681101646E-7	4.3674975118843015E-5	1.025166818466958E-6	2.726376298192705E-4	2.2491507907541214E-4	0.0	2.2491507907541214E-4	7.801954502179665E-9	2.9530983863542645E-9	1.5876732382736232E-7	0.0019193186405333702
2.7285252331383765E-4	1.0056917419154207E-4	4.2505802591085167E-4	1.2353878248436059E-4	8.024969073714042E-4	6.326800674241367E-5	2.6019327887045725E-7	1.8553281875583198E-9	6.50718172340578E-8	4.760963203696231E-10	6.384002667585167E-6	0.002412927796572152	3.321042642033623E-4	6.377191977930926E-4	4.797692369202938E-6	0.004122433341097565	2.6878816918860404E-5	7.856216594444438E-5	3.264382814642584E-5	5.6132090459434245E-5	3.755818297542352E-5	6.139218480618936E-9	6.225583666678463E-10	5.215235797300651E-8	8.32437445437372E-6	1.7957767213532838E-5	0.0	1.7957767213532838E-5	7.454192766035327E-10	2.4115207786242876E-10	1.048370573279734E-7	8.787389991856748E-5
0.0035147423544397167	9.868453720922228E-4	0.004028731142443167	2.4485275722939564E-6	0.07748959477863689	0.07533869873021752	0.023565126999635887	2.5719468074652372E-8	1.3068793355459011E-6	1.0639300232837795E-11	7.121849230827979E-5	0.010946207875018092	0.0016839929451684457	0.003268869179740497	2.903963278583551E-5	3.6891281660558284E-4	0.0035022754647469796	9.905399780076273E-4	0.0037335079001908538	5.811094232088307E-4	7.127048881120131E-4	7.822824568293776E-8	2.8009277094415383E-8	3.5265891706139657E-7	2.2042210321740957E-4	3.705542740735528E-4	0.0	3.705542740735528E-4	6.110141763867358E-9	2.1596050217235953E-9	2.9516280662704643E-8	6.22029951488137E-4
0.02622852483373797	0.0024070536698566963	0.00442643961969946	5.654533120763726E-6	0.028319228369104287	0.023673593109146414	0.04398679237924458	2.9788906542357257E-8	1.1321981291594229E-6	2.5906399808562344E-11	1.169565505291686E-4	0.030925394405558592	0.0023016676571869232	0.004539436279355449	4.094883887621177E-5	2.67096940598994E-4	0.001863096411865437	0.0029696600585545113	7.378815010709703E-4	6.339284747020279E-4	5.158406699288053E-4	1.1908347978661308E-7	8.578795644654422E-8	2.114631265067004E-6	1.1130935635109186E-4	2.5735884419787427E-4	0.0	2.5735884419787427E-4	9.335711637453554E-9	3.228021658628252E-9	7.224277831430868E-8	0.001404298599429165
0.0019451564159516624	7.607012718169583E-4	0.0018778080990785398	1.2777293649897496E-6	0.01124973430073132	0.034187636462086356	2.2929322258801003E-6	1.0538253721535622E-8	5.562580706612355E-7	5.844519478128476E-12	4.933289983699576E-5	0.0070382509119751675	0.0012446360465406697	0.002506360313157372	2.2968005555729045E-5	6.760615698350987E-5	1.9806246810097315E-4	6.842860369468919E-4	2.310049448655771E-4	3.177314147233338E-4	2.876155261271669E-4	7.532621418895783E-8	2.597971655430958E-9	2.0749283221027272E-7	5.466815066927997E-5	1.45200999202571E-4	0.0	1.45200999202571E-4	5.720333857517942E-9	1.928953117200924E-9	1.6250623288192525E-8	3.1608839775810744E-4
3.1051320583219433E-7	1.2969717338832527E-8	6.652671653576312E-8	5.6589977815092966E-11	3.020348351776785E-8	1.118485582138154E-8	2.504825313069375E-11	2.0962520192707846E-13	1.8426732048814447E-11	2.3230466052710463E-16	1.0209098265440506E-9	3.455879918838334E-7	2.4214935287888947E-8	4.111607850474054E-8	3.9377530585296867E-10	2.2802352878773812E-9	7.837952857813248E-9	1.5299256377903808E-8	6.943803368970941E-9	5.4232291045161235E-9	3.1931348858987907E-9	8.625867552905303E-13	9.371770077608324E-13	4.663051826867046E-12	1.5580161183337706E-9	1.515514313189277E-9	0.0	1.515514313189277E-9	4.880562570632077E-14	2.3912170403087945E-14	6.44219487618224E-13	1.0897058259609411E-8
3.850911383093585E-7	6.59672565385616E-7	1.718772835252157E-6	1.6274409243822243E-6	6.571662281786894E-7	2.0721196347256725E-6	5.873028906850239E-10	5.660983972026931E-12	1.4964511026091726E-5	5.611598915901093E-6	3.259028451366972E-8	1.6793103501857605E-6	2.894935859137073E-7	5.573065257726201E-7	4.862993164535622E-9	3.3889761433773964E-8	1.826388762986262E-7	8.731373778735231E-7	1.465211546878679E-7	2.887479539007116E-7	7.83719222509063E-8	8.128875972876253E-12	2.0659562384144827E-11	1.0093616674543663E-9	4.5753876538538844E-8	2.8627581619090474E-8	0.0	2.8627581619090474E-8	9.512851572943526E-13	3.4369403342482623E-13	1.085334957572384E-11	9.373103896662547E-7
4.018245319667224E-8	6.165896959040942E-8	1.934160438609819E-7	3.173020134053803E-9	6.547045374636081E-8	2.1918545365706687E-7	5.849135209740866E-11	6.698893328194557E-13	2.8783991563768113E-11	1.9524491954454675E-15	2.888283568380445E-6	1.8184076113623903E-7	3.0583915364689956E-8	5.8659717062991706E-8	5.071329644913675E-10	3.767897707057785E-9	2.074228905071805E-8	8.208130636706777E-8	1.6944809618766736E-8	2.6977281187809562E-8	7.821169208190212E-9	8.429793796741662E-13	2.7642798921575474E-12	9.17866033060732E-11	4.4725023426230055E-9	2.9528325100632833E-9	0.0	2.9528325100632833E-9	1.2598179286068454E-10	3.4926214810366606E-14	5.4534967657506064E-12	8.977189178559908E-8
8.525490148349706E-5	4.474644320976101E-5	1.6498787759238536E-4	1.1217710441452201E-7	1.2837664843602304E-4	1.0663784680762638E-4	9.934185605024852E-8	8.041196048286237E-10	3.421191480557413E-8	7.667844172321759E-13	3.7089509482537545E-6	3.7054942387960917E-4	8.242951632258993E-5	1.5588679446352426E-4	1.4689521280031088E-6	5.3227520573486686E-6	1.725578558403208E-5	3.5676028717056824E-5	2.5868263608048042E-5	2.9810941080869998E-5	1.706272192093976E-5	2.6587879226482377E-9	1.4800655851811944E-9	1.6428200428787547E-8	3.5621169447340415E-6	8.47052722804751E-6	2.6304362725900455E-7	8.47052722804751E-6	9.894253398503412E-8	3.1988004007131024E-9	2.136479540221046E-9	3.135697335632296E-5
0.6612061905823816	0.005376609411510959	0.03593107680422343	1.0529277358247387E-5	0.013318257260866563	0.02219287688607899	1.212257078073439E-5	1.868472014525823E-7	5.474314253626769E-6	6.246854728320353E-11	3.251856637558552E-4	0.3606600023607958	0.029818861013900383	0.05506690973593229	3.820922167017449E-4	0.0012126967432863937	0.003635309918674536	0.005565523966424715	0.0034090782307749233	0.0022869792170808903	0.001637203895677807	3.7083746605139163E-7	3.9913876427951415E-8	1.4771110609233537E-6	5.198336199491702E-4	7.649672921158659E-4	0.0	7.649672921158659E-4	2.6973625518082207E-8	1.1227394195648665E-8	1.7320477881590402E-7	0.002391918280510409
0.014867652246986043	0.0023886365253269586	0.007643153692862263	5.899854133648136E-6	0.007196164644070855	0.001607508764512208	6.297786159216003E-6	8.288515623706221E-8	2.1671349537325395E-6	3.5371295414543303E-11	1.76662263085952E-4	0.03882083137587093	0.003933039804802811	0.007203675394329357	6.047278262357547E-5	0.0010268565588006406	8.26882076486649E-4	0.002748307151759474	0.001320345383662225	0.0010495701906121054	6.846566946133308E-4	1.6890294016709925E-7	3.2886263911731265E-8	6.720454071809959E-7	2.464841563828419E-4	2.7360224069764385E-4	0.0	2.7360224069764385E-4	8.621796027859953E-9	3.42844502656985E-9	9.838922987198607E-8	0.0011446145944192978
0.01418398308150718	0.003127875813505256	0.00861474047626359	6.243553359378454E-6	0.008122256675799033	0.0017764935395591227	7.779404647891879E-6	8.322230440214883E-8	2.430808456505617E-6	3.988141259663214E-11	2.0222406165113933E-4	0.0404966854155118	0.02977194253544623	0.02249008542643816	5.1411545916059E-4	9.362705617289872E-4	9.280187903694546E-4	0.003026569163214902	0.0014591250637727197	0.0013521289825133669	0.0010178783321911548	2.1507579273930468E-7	3.0630112297050305E-8	7.853597322909467E-7	2.6575673154560114E-4	4.5750344178569386E-4	0.0	4.5750344178569386E-4	1.6056316849669377E-8	6.199176360212183E-9	1.1097397966782501E-7	0.0012976044336017736
1.5238341862982538E-4	3.070105066284735E-5	8.703519498499548E-5	6.530139512171538E-8	8.242815008277197E-5	1.8336172316024695E-5	7.56155001176482E-8	8.735901383724937E-10	2.4938197096057352E-8	4.107105230168592E-13	2.0737063045887905E-6	4.187182145454516E-4	3.294325659616249E-4	2.3532022633989473E-4	1.8108650768173452E-4	1.017691728150542E-5	9.397929370735368E-6	3.1275281797908496E-5	1.5023650582579578E-5	1.3110084033486295E-5	9.117705936359976E-6	2.169687412906226E-9	3.307153237841181E-10	8.000167638684563E-9	2.7569153050668522E-6	3.935884479447615E-6	0.0	3.935884479447615E-6	1.330272429296208E-10	5.398904655987906E-11	1.142820381635177E-9	1.3309171480296877E-5
3.9961834680954313E-4	1.2098542797339868E-4	0.010452665285711985	3.0651767212169094E-7	3.6950096313942E-4	8.371438638159518E-5	3.2723590510594305E-7	2.846164521605654E-9	2.517029718173926E-7	1.3112224848408488E-12	7.197138865112997E-6	0.002864767664770315	3.935948589459779E-4	7.523651696213757E-4	5.715241226827208E-6	0.004140346799884516	2.229085371891631E-4	1.9134060396286648E-4	3.074583934572482E-4	6.127156434272494E-5	4.696420558581013E-5	6.853747380870848E-9	1.1082317744363157E-9	4.7847428568590926E-8	2.0746041397743693E-5	2.296859171566891E-5	0.0	2.296859171566891E-5	8.109078737694594E-10	2.900118078830111E-10	3.5794248159320494E-9	7.985048554432355E-5
0.006169180425887659	0.0013853957811728265	0.002749578653090898	1.7334004598562411E-6	0.0026979178359274043	4.5592868676149867E-4	4.314053826194844E-6	4.422862171659402E-8	6.245841713189551E-7	8.250720914383246E-12	5.4637225694200876E-5	0.014925489458487932	0.001829467700040251	0.003478210962515663	2.917386788943777E-5	9.768914111040466E-4	2.91551439302354E-4	7.625308865119322E-4	3.1255814659461383E-4	3.1532864620224734E-4	2.682353978071267E-4	6.169730963204795E-8	1.6524193697488746E-8	2.0026036925777882E-7	6.445847155929617E-5	1.3391109368919582E-4	0.0	1.3391109368919582E-4	5.04579595466633E-9	1.8502679884863329E-9	2.2926612495838548E-8	3.894061322030241E-4
0.0015954415209846655	0.008450627768421329	0.002252436445850169	1.658386228640201E-6	0.0014304504964270858	0.0038121743151008753	1.3715929424345408E-6	1.1874935645855265E-8	1.449543373368253E-6	5.5828752185549865E-12	3.734814120846744E-5	0.005307040248458195	9.426648175327211E-4	0.0018253335638255134	1.632941967110671E-5	1.563271696890296E-4	0.001151238813368637	5.391804447413319E-4	0.008714840474217255	6.528332705806644E-4	0.0011668589410730585	2.8235557748132672E-8	5.785275572717368E-9	2.3299107246659675E-7	3.8142841443357357E-4	6.233756962063959E-4	0.0	6.233756962063959E-4	3.3951421332874437E-9	1.2200707087476272E-9	1.54370326122572E-8	3.4467046698707677E-4
0.0014388818342273306	6.349628920519072E-4	0.0014951934538753131	8.354552121679173E-7	0.001293588348241615	2.8487502133200786E-4	1.6570826394092901E-6	1.1079221894101865E-8	3.803005678587092E-7	5.933323784863697E-12	3.115816248119481E-5	0.005908031100674962	0.0013135037342363943	0.002625528299431518	2.4020741264481082E-5	0.004217941861341834	1.5877423026866525E-4	4.3548267718938974E-4	2.1414413497539587E-4	0.0013683552093471272	0.0032406580449530955	3.8193440037272564E-8	3.801727811681706E-9	1.283500828622428E-7	3.7109507184098335E-5	0.0017533498865625018	0.0	0.0017533498865625018	5.730291977813183E-9	1.9815796917803886E-9	1.6511136944644424E-8	2.0661526936859175E-4
0.0014783554436460118	4.4349411166484155E-4	9.745290265243649E-4	7.770295002867052E-7	8.146167121182683E-4	2.815797030377518E-4	9.063362113183645E-7	9.811676626965347E-9	3.010272992555328E-7	5.11149620160273E-12	2.6484069396358444E-5	0.0041173646332048315	8.040155627163957E-4	0.0012558218261415068	1.335600546763121E-5	1.5502608138379375E-4	1.0505834114632627E-4	3.515630937804826E-4	1.659290307156109E-4	9.570576240115592E-4	0.002670780458400842	3.5886143403591344E-8	5.290182953016978E-9	1.0594467299802267E-7	2.9202761676222185E-5	0.0022381661032105857	0.0	0.0022381661032105857	1.2872593124331176E-9	8.03260020937063E-10	1.4239855408823525E-8	1.806175415129738E-4
0.001323334379762489	7.554530081396682E-4	0.0014232180338958687	1.3152040513492712E-6	9.619971385205447E-4	0.0021778685161820657	9.511690395685171E-7	9.39108904319162E-9	3.291598614774553E-7	7.88630220629481E-12	2.998000089336986E-4	0.00380115933653807	7.537746025672745E-4	0.0012404418009596173	1.2780647168366068E-5	1.243597978388128E-4	1.6011496584518025E-4	8.925521324584429E-4	1.789395020548028E-4	0.0018327454000437518	2.601744770064099E-4	3.166033777185802E-8	4.3633275856830794E-5	1.4280844816976814E-6	6.057778053985739E-5	4.646141556667864E-5	0.0	4.646141556667864E-5	1.6152262257123579E-9	8.300220630322956E-10	2.1986426300041214E-8	5.525024897688694E-4
2.725038910559096E-8	1.258026711160455E-8	2.029925803682409E-7	1.698821313315269E-10	3.099092205678583E-8	1.3349874475378632E-6	2.7534327598942477E-11	7.507079780983801E-13	2.3890331698870778E-11	5.778822601917469E-16	1.9484646762278305E-9	1.505187034023162E-7	2.2611101042006854E-8	4.244648977564922E-8	3.4961042165494217E-10	3.4221127422667277E-9	2.020526079561127E-8	1.6837932609350678E-8	1.8677060186776567E-8	5.687196450748998E-9	3.965291932817373E-9	5.643414909651575E-13	4.1502475324505715E-12	6.166916965934199E-12	1.863893835955352E-9	1.948815710111568E-9	0.0	1.948815710111568E-9	5.421595740322515E-14	2.0494489145033247E-14	1.6092869037409345E-12	2.5602974145731644E-8
1.323303788787734E-6	7.001893126236745E-7	2.904516438551594E-6	1.0143673421073218E-8	1.364164019379973E-6	1.588911690809366E-6	1.448861927854001E-9	1.4010546784926211E-11	5.438677030067055E-10	3.715185912741165E-13	2.9192131457997704E-5	5.538004909976883E-6	1.233905449022773E-6	2.2819564851748703E-6	2.185455486739528E-8	8.536760248220495E-8	2.991395313012322E-7	6.000753557432433E-7	3.389780671329978E-7	2.950602404252213E-7	2.313369149120391E-7	4.186878034041164E-11	3.5674332211032985E-11	2.5366441393603485E-10	5.151208203619086E-8	1.1501466412591654E-7	0.0	1.1501466412591654E-7	4.259758702275891E-12	1.6457374886507593E-12	1.0393775350410952E-9	4.5973326910750373E-7
1.7187414899920022E-7	1.0671877839874789E-7	5.688348014040933E-7	1.791426329667586E-10	2.8471637652451055E-7	4.8603645452065996E-8	2.4262279700903355E-10	1.3211943859731618E-12	1.4407373383020264E-10	9.642633517236384E-16	3.926617531831903E-9	8.145832874867197E-7	1.3710170886425446E-7	2.6275092957590773E-7	2.2563823266599665E-9	1.4816993031627938E-8	6.837469568343864E-8	1.0814961679289627E-7	3.770174959506152E-8	3.457606022594781E-8	2.4655652110014847E-8	3.6422332558102755E-12	4.880315928968785E-13	3.0259146170172344E-11	1.196962957854997E-8	1.201462941260338E-8	0.0	1.201462941260338E-8	4.2115305638967364E-13	1.5315320067034912E-13	2.646302928674728E-12	2.6502345556979324E-6
8.52971646107441E-5	1.055797438171453E-4	1.7965347273097312E-4	6.731827046567974E-8	2.0852607224527986E-4	2.127788561440835E-5	2.1378958664186594E-7	7.305619157331034E-10	3.7037500166965874E-8	1.8172033151579386E-12	2.971474410485212E-6	3.5546295812356347E-4	7.612988525108773E-5	1.481550632295858E-4	1.3735232215657872E-6	5.060999650590643E-6	1.9066380630388404E-5	5.110489139883073E-5	1.7671050352966514E-5	1.786448641527169E-5	1.6008440106705806E-5	3.1618531301129506E-9	1.8116034073278407E-10	1.0483926487124947E-8	4.029534015259589E-6	8.075539334353468E-6	0.0	8.075539334353468E-6	3.053376142845002E-10	1.0952537216817193E-10	5.073618972140963E-9	1.5780049557523007E-5
3.2584302800284557E-4	9.941062207348083E-5	2.3540160224684527E-4	1.728276805354679E-7	1.860740453180245E-4	6.262403154334898E-5	2.0492820556633896E-7	2.169266480704058E-9	7.140587977340872E-8	1.1347886659380662E-12	5.893988524486725E-6	9.78738263080677E-4	1.857833493265099E-4	2.9534111924808506E-4	3.0570066503371745E-6	3.402603760970525E-5	2.548233185273213E-5	8.078867316739453E-5	3.752275395405286E-5	6.408728391899246E-4	0.0016694976922603188	7.896096547763152E-9	1.1546306342694002E-9	2.4054212337752786E-8	6.865063157186687E-6	0.0021610099992920647	0.002152089461573012	0.0010849636657865164	3.0506739974957005E-10	1.8207032782670006E-10	3.1593938112825096E-9	4.088120907234495E-5
9.776243948467127E-5	2.9832652243073362E-5	7.064001443403924E-5	5.1873891116200294E-8	5.583795593424445E-5	1.8799802815068463E-5	6.149536221228964E-8	6.508709135370076E-10	2.1425560251061566E-8	3.404924267729447E-13	1.7689367187109731E-6	2.9366294632809524E-4	5.574415294767551E-5	8.862050303616123E-5	9.172684870083242E-7	1.0208379436209989E-5	7.646792810560296E-6	2.4243952237711044E-5	1.1258988116588414E-5	1.9226477484290754E-4	5.008504628020711E-4	2.3690996328681783E-9	3.4651189708161685E-10	7.2245988253109216E-9	2.060470376845419E-6	2.677190820916204E-6	2.6181599968286094E-8	5.407003575736909E-4	2.7271432442555625E-8	9.048667317931026E-10	9.47973291135276E-10	1.2270576850076118E-5
3.095496147513256E-4	9.443970599477383E-5	2.2363061052427794E-4	1.6418562722063843E-7	1.767696224665338E-4	5.949258744995835E-5	1.946810016882934E-7	2.0607947560229545E-9	6.783530926015425E-8	1.0780448380875942E-12	5.599266273353148E-6	9.297975596898741E-4	1.764934624003366E-4	2.805729195552148E-4	2.904144479334535E-6	3.232460396085683E-5	2.4208116577868814E-5	7.6748926648875E-5	3.5646470946692766E-5	0.005720025964206452	0.001586016342393233	7.501261142153421E-9	1.0968946311628622E-9	2.2851408569137546E-8	6.521783413859317E-6	8.474476287654008E-6	0.0	8.474476287654008E-6	2.8981284836588064E-10	1.729661063544695E-10	3.001411885730704E-9	3.883699030320285E-5
1.8439086114359415E-8	1.123327389947353E-8	2.5024052681870376E-8	1.5442116318358925E-10	1.847219871113822E-8	1.3657019434322944E-8	1.598624669860241E-11	1.274653610744341E-13	6.812527393991482E-12	1.5632367752602765E-14	4.3139568498289E-9	6.135724566980127E-8	1.4805446311969126E-8	2.3099071720293383E-8	2.54186155697365E-10	9.925364107939212E-10	2.7635134725810087E-9	1.0656276692157026E-8	3.826011312364449E-9	4.683295128785483E-9	1.9149587996361284E-9	6.771882897694837E-13	1.1792975573517157E-13	2.7881561925932925E-11	5.3849366915875595E-9	8.327953718349402E-10	0.0	8.327953718349402E-10	2.968361836420089E-14	8.220113525875781E-9	4.373821496752802E-11	7.4588815030392E-9
4.788077764267487E-9	4.134874719551195E-9	6.118982996484915E-9	4.513990464246605E-12	5.259557546436424E-9	6.2939698108658746E-9	4.595081710297269E-12	3.153048383254765E-14	1.733662581469055E-12	2.543346194879694E-17	1.979767004060851E-10	1.5500703930287596E-8	3.745457682299003E-9	5.8586368177111435E-9	6.454714096499392E-11	2.5016656431192865E-10	7.05879505756945E-10	4.492208776162893E-9	8.988174062942679E-10	1.637301705087893E-9	5.311691315809844E-10	1.7173859301325193E-13	1.5254839519524393E-14	4.237524643725781E-12	2.565256215515511E-10	2.1223135804726158E-10	0.0	2.1223135804726158E-10	7.207690603177463E-15	4.1996831928841534E-15	7.074641954009696E-14	3.851047600599987E-9
3.9633334701820466E-8	5.505611315540603E-8	1.042266643538125E-6	5.4747543536455684E-11	6.923419369616085E-8	1.1124423084268603E-7	5.730902576389431E-11	3.3450859507769966E-13	4.045208919760766E-11	8.94029257341796E-11	1.4383918514104666E-9	1.607896584920031E-7	2.739365850276777E-8	5.2773605523983736E-8	4.605515773489402E-10	3.879922513272982E-9	1.943208529275738E-8	8.030352189625959E-8	1.2311706954028224E-8	1.1573625369482301E-8	6.0892743847335105E-9	7.724587324647092E-13	3.1115521607736326E-13	5.927789502468575E-11	1.4611127012726323E-8	2.8067566902991175E-9	0.0	2.8067566902991175E-9	1.1266445405310603E-11	3.261316726450695E-14	2.5015203699289766E-7	2.8168968074958414E-8
9.089344099061896E-4	3.848933909696551E-4	8.859035413998727E-4	6.372761225709786E-7	8.591073117018969E-4	1.6480506452010743E-4	9.216723326567574E-7	6.382750596547544E-9	2.3466651795273616E-7	3.731421223605549E-12	2.0044692479626284E-5	0.01109681181618508	0.001557516931882471	0.002983692815222838	2.2215326626001714E-5	5.246946341701655E-5	9.308943958355439E-5	2.7566578967316206E-4	1.4778506487063037E-4	1.6852175432913928E-4	1.594720691158096E-4	2.3184339410507222E-8	1.9068147753465525E-9	8.022769539951556E-8	2.3489380934230264E-5	8.004413838243085E-5	0.0	8.004413838243085E-5	3.0280682366948976E-9	1.0719528189714048E-9	1.0385499519548055E-8	1.270498522617247E-4
