32
NULL,lstat@__lxstat64,openat@__openat64_nocancel,fstat@_fxstat,time@time,open@__open_nocancel,read@__read_nocancel,mmap@__mmap,munmap@munmap,mprotect@__mprotect,rt_sigprocmask@sigprocmask,exit_group@_Exit,rt_sigaction@__libc_sigaction,sched_yield@sched_yield,write@__write_nocancel,syslog@__syslog,getpid@getpid,writev@__writev,close@close,open@__open64,read@__read,close@__close_nocancel,mremap@mremap,stat@__xstat,socket@__socket,fcntl@fcntl,connect@__connect,getdents@__getdents64,lseek@llseek,getrlimit@__getrlimit,write@__libc_write,madvise@madvise
0.6723078992085614	5.898457119986487E-5	4.447748136960875E-10	3.638111030207723E-4	0.013191242509338431	0.033392230778260396	3.4452583497547055E-5	0.04176192614971766	0.038041252200760545	2.844640951821876E-5	0.05045697066960223	0.0166151592120446	0.032656620979232616	2.950691161352272E-4	6.568062617233223E-4	0.003940887621148932	0.005468616183988176	0.003934823723784718	0.0038919032794281928	0.001771229057496457	4.815137972179369E-7	2.588017998856271E-7	4.882455521290985E-5	8.925742160003485E-4	7.640018995492582E-4	0.0	7.640018995492582E-4	2.3497202334342615E-7	8.2272505778353E-8	1.2240434497118772E-6	0.06401300958880612	7.39942673289289E-8
4.008368550478228E-6	1.6249702023778858E-4	6.0930449668587685E-5	8.157981176512983E-8	3.4303426684431577E-6	1.9143976528667844E-5	1.679918010287833E-5	1.0525720727472324E-5	3.090600526463965E-5	6.204868491242471E-9	1.52783155245444E-5	4.407069324865651E-6	8.539310047057978E-6	7.56733511943616E-8	2.0295640387039524E-7	1.9438014511761767E-6	2.4823306535927004E-6	1.5775023023390963E-6	8.06971567156762E-7	4.1339790797434244E-7	1.2576809488398574E-10	2.0274105322960484E-10	2.0535624991067424E-8	2.1027896227566816E-7	1.8553433092437037E-7	0.0	1.8553433092437037E-7	5.5811613726136474E-11	1.9864106291282074E-11	2.881772627159492E-10	1.4765533510320061E-5	6.149510318039583E-11
4.0989045055979446E-7	1.7414798616550245E-9	2.8131772610570404E-14	3.133262273718755E-5	3.240074384327344E-7	2.138810053207359E-6	3.307578165807362E-8	1.040504134088235E-6	3.284101217219408E-6	6.01753764122761E-10	1.6358032269716522E-6	4.536288027233735E-7	8.769683210146638E-7	7.712253813219813E-9	2.1927052855275738E-8	2.2500016192768329E-7	2.431222319283912E-7	1.814353146413128E-7	7.650362016054611E-8	4.158802199425401E-8	1.2717612992638438E-11	2.3978329953791277E-11	1.8597096237934093E-9	2.1797203915148526E-8	1.8882606992968933E-8	0.0	1.8882606992968933E-8	1.453985257340945E-9	1.9888771244289423E-12	7.810348193248732E-11	1.3958594315062472E-6	7.524193201336311E-12
1.7464424600273294E-4	3.6257645152844284E-7	4.501133017830614E-12	1.0131563898763277E-5	4.790401960044326E-5	2.535385854315035E-4	2.638224591175879E-7	4.937047478220585E-4	2.2146433062600454E-4	1.1803333606788932E-7	4.247892511920214E-4	1.7086057619519575E-4	3.1494791460945647E-4	3.0410144389647153E-6	4.796654940702677E-6	2.4722891691301287E-5	2.9754459836018265E-5	3.276257029498454E-5	2.4896564742513828E-5	1.3418309505008903E-5	5.472960679212101E-9	2.6084901892386114E-9	1.0343946855890005E-7	3.6632146307633222E-6	6.657669562706725E-6	2.8561140443389044E-6	6.657669562706725E-6	1.0731459966170857E-6	3.432403175493816E-8	1.2485200853554388E-8	1.386880928328836E-4	7.285550722275385E-10
0.002346152725528084	9.828592886330555E-6	5.3437030906164254E-11	2.7018206539168412E-5	7.806415095026251E-4	0.022321522152160947	1.578401242678394E-4	0.01675833236361861	0.0017792292134863504	2.261686015919075E-6	0.007683499241774287	0.002538354246304632	0.004933988734618832	4.485633357515403E-5	9.708572655951246E-5	4.676830122339446E-4	0.002019866490031442	5.567307275093725E-4	2.6356350901419155E-4	2.3038848999357034E-4	1.0688759156112688E-7	3.001871733720835E-8	1.8030786313106036E-6	9.554940332420711E-5	1.1511836984812523E-4	0.0	1.1511836984812523E-4	3.4983756009373815E-8	1.2346128664279398E-8	1.462707577552518E-7	0.002345095394845522	9.153276832376028E-9
0.00477530321179662	1.7332140261153088E-5	6.8455949783067125E-9	0.0013065067720138006	0.0018417507587019531	0.027513594264581963	0.012399956821296857	0.026713227913721355	0.004869352867674465	9.478499808604673E-6	0.019401458943258162	0.005198211014879005	0.009525003207373416	8.529805721218E-5	0.001004131362005258	0.04042355300520218	0.0013763518544596082	0.0010864338549129388	4.8371109824313515E-4	3.59691296197992E-4	2.432490787200988E-7	5.388925736572985E-5	4.020549477629182E-6	1.9663496789029184E-4	1.751345205705716E-4	0.0	1.751345205705716E-4	5.2050177728406817E-8	1.9939013820137227E-8	1.667694117688418E-6	0.008110911138690693	7.672382267387687E-8
3.5686260380856597E-4	3.93421011597304E-7	5.4732657769191115E-9	2.4896660868621814E-6	6.723359503409616E-5	4.719263372343066E-4	2.2127003249048608E-4	0.0013346223722525974	1.2096816420341828E-4	2.2736939559193384E-7	0.002352239099046651	4.3550748719389093E-4	8.364415620741051E-4	6.53885618842023E-6	0.004592282652773869	1.911676233594705E-5	3.7138298612532314E-5	2.5937829190413407E-5	2.3415541750104147E-5	2.0812712709169215E-5	1.0384665713935956E-8	4.750266855792942E-9	1.4110080120103907E-7	3.807664073135674E-6	1.031443161567123E-5	0.0	1.031443161567123E-5	4.413584607168499E-9	1.3077009682915822E-9	1.1934993325617753E-6	2.0270342432943857E-4	9.200532096878509E-10
0.0045073553517613755	1.9303488234865925E-5	1.1556245075500407E-10	6.254637333555684E-5	0.001457692476284304	0.0177029383986313	1.3590867495672322E-5	0.12393450426134894	0.18636520006699062	0.03627401868393453	0.017651641350681296	0.004941833974450498	0.00949521369853856	8.393434796156225E-5	4.717740497942066E-4	0.005047179659881993	0.001396021296752254	0.003674551977082651	5.656708299901012E-4	6.399071741262538E-4	2.192650041324087E-7	2.407768236832632E-7	3.6213396512230444E-6	1.976087637363155E-4	3.281261132643275E-4	0.0	3.281261132643275E-4	6.052147643703375E-8	2.1549822760864313E-8	3.172896479921207E-7	0.005643711688413411	6.720447282017511E-8
0.007515558661572155	1.8966349569310047E-5	3.4124082223749464E-10	1.397877756027532E-4	0.003609777106685891	0.013622568569882388	3.445066386212271E-5	0.05133104223329837	0.04531288639557683	0.06771010526032992	0.0265807030166515	0.007768592421997448	0.01511645195696242	1.340593344347736E-4	3.897923246372668E-4	0.00313990800110509	0.0035095900872942464	0.0017218425097349096	8.176230089116949E-4	6.484815741473893E-4	3.5581265208700563E-7	1.240329184085679E-6	2.5224174391176014E-5	1.87361518961307E-4	3.1877272311448966E-4	0.0	3.1877272311448966E-4	1.019985449556028E-7	3.560942166220674E-8	9.497578109463593E-7	0.0172296360463867	5.284315544777036E-8
0.002563142729031844	5.4052893099786236E-6	4.877235402861343E-11	3.521596523112159E-5	7.829559320280638E-4	0.0022092637248406067	4.6320961504746416E-6	0.01856773725385176	0.05366301110988707	3.00351712898404E-6	0.006834358970368667	0.002719248612044865	0.005456952958029858	5.032952168037194E-5	5.9368437816826804E-5	2.4168638869527176E-4	5.310207435680002E-4	2.9217564509528046E-4	2.857437458620224E-4	2.4334948250905218E-4	1.8415541419193842E-7	2.2165946737595815E-8	1.995317462837401E-6	4.8634021947877986E-5	1.2066161071822239E-4	0.0	1.2066161071822239E-4	4.4913647186151145E-8	1.5061544371075095E-8	1.354709023854012E-7	0.002696204881698119	7.422726383168375E-9
0.09002278426569414	5.174318933586978E-5	7.958530102367205E-10	3.176575428483555E-4	0.008427932562384687	0.02001803918509121	4.261009452908872E-5	0.061638798814617576	0.014103796509351674	2.169802007231257E-5	0.07966099054714881	0.09476455666422312	0.173360220265828	0.0012377406226317278	0.0012945055064439745	0.002257703539461637	0.004846223671227506	0.0036672520298808866	0.0028717560903991635	0.0021525802634705217	1.307981416587209E-6	4.879508825481925E-7	1.625413816391797E-5	4.911606756948899E-4	0.0010091572373240798	0.0	0.0010091572373240798	3.404435412552413E-7	1.4464246802891835E-7	2.214861212639706E-6	0.023457298097498722	9.241316305814547E-8
0.10123308328879439	3.117465820904239E-5	4.2338470294420173E-10	1.6411121877460893E-4	0.0033287120498842002	0.01148054345807704	2.630398929356363E-5	0.05003426769938258	0.007585889993487818	1.097319002726731E-5	0.05008748334490989	0.011653066301484957	0.021467571363713394	1.8464732088174142E-4	0.0011870196138857028	0.0013217362638730872	0.002842240719499963	0.0020919836296584156	0.0013039238153961924	8.903799135049279E-4	5.95234855090647E-7	4.66539420867133E-7	8.41718339170859E-6	3.066418963434397E-4	3.635542205610311E-4	0.0	3.635542205610311E-4	1.0644319414495936E-7	4.0405925564597286E-8	1.176521216662269E-6	0.013569505814183983	7.005299113245394E-8
0.09021376834675425	3.664434837381644E-5	5.274451389217084E-10	2.0907652894012284E-4	0.005112615205493205	0.014269437912289849	3.0346724770987177E-5	0.05144222836428019	0.00941929568764391	1.5112832117570106E-5	0.0617741162163788	0.09481243379496845	0.07476576827457576	0.0016400642596588048	0.0011458631512226017	0.0016152544181585824	0.0033896775816460033	0.002548223534068073	0.0018792644135987634	0.0014836485009252036	8.032713877636595E-7	4.429304888910701E-7	1.0627117551794614E-5	3.5453244567062206E-4	6.78787617464346E-4	0.0	6.78787617464346E-4	2.2619142309263794E-7	8.573130424330913E-8	1.4667316137069103E-6	0.01614524939853298	7.559275972296435E-8
9.881845700658828E-4	3.7349117475061875E-7	5.332645566283783E-12	2.0955974618018186E-6	4.846391051134653E-5	1.4104300760369113E-4	3.117949158539788E-7	5.387029091655623E-4	9.514327939058366E-5	1.4311173420279166E-7	5.973159856615012E-4	0.0010384061900434564	7.631575562275151E-4	5.588893051952201E-4	1.2275018644010926E-5	1.6085121558212104E-5	3.442467798897824E-5	2.565467075341327E-5	1.7807722956578823E-5	1.2936609074608445E-5	8.027858614298767E-9	4.764911991796224E-9	1.0722971272960699E-7	3.6236316781104953E-6	5.700493756879747E-6	0.0	5.700493756879747E-6	1.8173768665651343E-9	7.24175609076653E-10	1.4827822204903646E-8	1.650032620048594E-4	7.741160116545632E-10
4.624069399912514E-4	1.5731741863449192E-6	8.20258684984596E-12	3.612142343322471E-6	1.0522316784623864E-4	0.011282424161325163	7.465881169358142E-7	6.558180250807348E-4	2.4096092951528275E-4	3.271619295817087E-7	0.002897165822323905	5.569818506536616E-4	0.0010654527809510744	8.462818570417503E-6	0.004605191735174049	2.0629715848501345E-4	1.0866581530265863E-4	3.562677076110684E-4	3.558763213076741E-5	3.281192723796852E-5	1.1119824526072635E-8	8.806310954169862E-9	2.3040234073527356E-7	1.5317326877387617E-5	1.6358884967237825E-5	0.0	1.6358884967237825E-5	4.855288627299413E-9	1.7340219164317203E-9	2.2395476524650172E-8	3.341408658298805E-4	1.5776381438910466E-9
0.0024690577510458824	4.576905864712201E-6	6.672054791210602E-11	3.597659551561388E-5	0.001018058548137129	0.0022694342787428633	5.706203034522383E-6	0.003699945048763444	0.0012178392147182725	4.533443426050916E-6	0.011271618372282017	0.002752504946893879	0.005096386862618854	4.433172649861924E-5	0.0010480188855630148	2.4715205654295667E-4	4.6424964345029334E-4	3.1736001862667386E-4	1.991349929477121E-4	1.5872825673858145E-4	1.0741993222298063E-7	2.2429789680584182E-7	1.3768596585746173E-6	4.414101275234979E-5	7.792648863958249E-5	0.0	7.792648863958249E-5	2.6237781725930797E-8	1.0056186233370796E-8	1.8556561340687027E-7	0.0030896231811176835	3.170501577739426E-8
0.0015636479525678014	1.028247369810553E-5	4.024458483611476E-11	1.840638109876468E-5	0.00937442449603331	0.0037136321291213986	4.757663189432651E-6	0.003152575591172506	0.003603438540353517	1.5583129204186334E-6	0.006037800770750864	0.0017004005357436245	0.0032567128764212257	2.887172782964579E-5	1.4001191751395218E-4	0.0010166410569649638	5.992694134497195E-4	0.0058628802959895	4.1511749301947605E-4	7.724009353252516E-4	4.850476340231578E-8	4.29742632317301E-8	1.2600951153422436E-6	1.302492972426625E-4	4.129432226272898E-4	0.0	4.129432226272898E-4	2.036223058185977E-8	7.384954564420187E-9	1.0937045863498859E-7	0.001754701162853869	7.836215391173754E-9
0.0019031195348968727	2.29780348241447E-6	3.4389496785597704E-11	1.4572356321904922E-5	4.642466856062434E-4	0.0011106159569161242	1.8533096887141251E-6	0.002255249618904898	6.715347710154502E-4	1.4168604424019597E-6	0.005152406711440265	0.0020222062833038412	0.004031250087550503	3.723138311575297E-5	0.004670948200662398	1.2013964373533194E-4	2.1431927328876486E-4	1.72206989007064E-4	0.0013803835832489522	0.003466008000098291	5.709526503109826E-8	2.3957667093302246E-8	7.088989459581255E-7	2.1644074278898074E-5	0.0018776439461367423	0.0	0.0018776439461367423	3.1789398693783844E-8	1.1000380049482637E-8	9.567510511284801E-8	0.0010282611200880163	5.427850618838779E-9
0.001209918309276389	2.0632291773428974E-6	3.27598063380441E-11	1.3535700257915576E-5	3.4245094384093277E-4	8.832381223812165E-4	1.9349053830490466E-6	0.0015412884132286488	7.095255545682877E-4	9.57777688276472E-7	0.0028329914074220275	0.001308701871056192	0.0020204658461947774	2.1971932834702797E-5	1.5133497332235938E-4	9.764268438229968E-5	1.892012461650924E-4	1.48488921374785E-4	0.001001029947209364	0.002946336064117869	5.711824497511456E-8	3.6798188703129425E-8	6.822842465307696E-7	1.8996101113638068E-5	0.0024802338986183235	0.0	0.0024802338986183235	7.754443711598393E-9	4.802780311840876E-9	9.120841465478881E-8	0.0010779527590400147	5.990395862071898E-9
0.001061732518750616	2.280867703845298E-6	4.7457909423758435E-11	1.9848937769948095E-4	4.5295232100866443E-4	0.0013915484242045502	3.1480786134003495E-6	0.001694235601014373	0.004089539260871398	1.0078234755738623E-6	0.002676907796990488	0.0011457538420112517	0.0018585514581976649	1.943039729607725E-5	1.1657939997302165E-4	1.77259120966252E-4	3.4278885772807944E-4	1.7564830755739338E-4	3.789983331118457E-4	9.040081741735952E-5	4.7337983380735786E-8	5.338538697629E-5	3.5723964170848874E-6	5.29311138311262E-5	2.794111096193671E-5	0.0	2.794111096193671E-5	8.521907544284284E-9	4.469238467619542E-9	1.3218507728686124E-7	0.0017891402803890228	6.606418960787685E-9
1.0581023332790957E-7	4.70957529006991E-10	4.975991751106033E-15	2.1410512272004027E-9	3.2267866962795655E-8	7.080883706635317E-7	1.0268115495404114E-9	2.3082104985696152E-7	4.033450715083013E-6	8.402489794849775E-11	5.415646119992392E-7	1.2288575849673268E-7	2.3130142843540194E-7	1.9550607695600338E-9	6.394341390131066E-9	6.824510386223706E-8	3.208330055563811E-8	6.034887712156983E-8	1.0279689806651722E-8	8.976386350190962E-9	3.1631599750492613E-12	2.6070934216023E-11	7.831972325430877E-11	4.523237664737612E-9	4.478089459286244E-9	0.0	4.478089459286244E-9	1.1726193667820825E-12	4.37478887335305E-13	1.3760470838806335E-11	2.0231737255041802E-7	2.672570899675332E-12
2.3976958187262937E-6	5.787632619332627E-9	4.213464872931372E-12	3.600967426036164E-5	8.252409326420528E-7	5.149408165838062E-6	8.741377443632347E-8	3.684175534763664E-6	5.627649431181723E-6	1.9056252304301453E-9	6.713337188385792E-6	2.5684099235065663E-6	4.766953714632069E-6	4.5508217136530196E-8	7.818397166815243E-8	5.323023873454021E-7	5.644386857517659E-7	5.179410641307074E-7	2.5540182215307353E-7	1.9570774122773273E-7	8.114822224916923E-11	6.377508223365464E-11	2.677128295934292E-9	6.046948470245928E-8	9.610173513022273E-8	0.0	9.610173513022273E-8	3.227843365262926E-11	1.2233898434389337E-11	1.1787617217221053E-8	2.6395621320793983E-6	1.803332020229365E-11
3.966230015096689E-6	2.1039816641457174E-8	9.349514653531703E-14	4.049053444832226E-8	1.7122736614572317E-6	8.864477300864473E-6	9.717818503731967E-9	8.376263279887259E-6	3.111528093881349E-6	4.302860607138969E-9	1.745921790297551E-5	4.4924315103988455E-6	8.51453541434343E-6	7.425230776215773E-8	2.123482477989675E-7	1.140098309614485E-6	1.4150601277675443E-6	1.0614551964337686E-6	4.050585924784257E-7	3.565325510690068E-7	1.1889815691643086E-10	7.151778656935006E-11	2.909425308213942E-9	2.063801287329659E-7	1.7728744872480403E-7	0.0	1.7728744872480403E-7	4.872454166854213E-11	1.7986866168381148E-11	2.539599938659656E-10	3.388333580599821E-5	1.508768248461514E-11
6.981527713316031E-5	1.6139536504813304E-7	1.8097742189235772E-11	1.1563434828603676E-6	5.8939508458003E-5	9.20011934228E-5	9.021842081330393E-8	1.694565414730555E-4	3.4529654390354554E-5	1.2270601269613154E-7	1.8755212685802887E-4	7.471535910692099E-5	1.4147736561219253E-4	1.3448523599887705E-6	2.073824892860607E-6	9.94352991751304E-6	2.5261418125214473E-5	1.1453487508442783E-5	6.5100345397963E-6	5.944325967218462E-6	2.8188690572231445E-9	6.796317781538778E-10	3.545797471177191E-8	1.772067903512486E-6	2.981759096681729E-6	0.0	2.981759096681729E-6	1.0076178984501707E-9	3.7443967979854665E-10	5.058893188509127E-8	4.729943704060395E-5	2.3646314482797903E-10
2.7418302458893267E-4	4.836612637750407E-7	7.246759320592306E-12	3.0020715372817062E-6	7.679320541254637E-5	2.0648012329096483E-4	4.275607182536812E-7	3.5011963032046555E-4	1.582993625416731E-4	2.142971886091159E-7	7.063318026981483E-4	2.9865487769944213E-4	4.683480042215295E-4	4.982698738056786E-6	3.2862122412052755E-5	2.2915332646293862E-5	4.3488114682311114E-5	3.400400026198329E-5	7.02114482244084E-4	0.0018559554844724917	1.25485900023752E-8	8.008613028236574E-9	1.5237506988701976E-7	4.483211490763151E-6	0.0024070483625758476	0.0024010964166036887	0.0012064983661127684	1.8242164429869488E-9	1.0850267427508053E-9	2.0164641692932885E-8	2.3925600459107627E-4	1.313542799770403E-9
8.238557279193123E-5	1.4532737707772468E-7	2.176558569648689E-12	9.059427709230006E-7	2.3107142565721023E-5	6.21204489345863E-5	1.286116627235622E-7	1.0527190523039038E-4	4.7691064339116264E-5	6.444587458677658E-8	2.1225805260093636E-4	8.973561969016106E-5	1.4077976917993177E-4	1.4973581959871224E-6	9.86205125043826E-6	6.89355263508523E-6	1.3072953976328044E-5	1.0220973078972497E-5	2.106478634593265E-4	5.567976336899228E-4	3.768593090426229E-9	2.404466267826111E-9	4.58863316048768E-8	1.348373296551963E-6	1.791594797651832E-6	2.8427845278705597E-7	6.020665930291922E-4	2.956670495984253E-7	9.558028116017596E-9	6.056408251537104E-9	7.19127562773342E-5	3.946649511904226E-10
2.6047281156531634E-4	4.594763275720463E-7	6.884393290947856E-12	2.851956334672153E-6	7.295324775451548E-5	1.9615531751677136E-4	4.0618102658029324E-7	3.3261229294011496E-4	1.50383781388526E-4	2.035814992968475E-7	6.710124772407639E-4	2.837209772512277E-4	4.449287902979485E-4	4.73354450528223E-6	3.121888903043522E-5	2.176947727264794E-5	4.131354053723472E-5	3.2303668565862244E-5	0.006369595276244848	0.0017631505229231197	1.1921111906907683E-8	7.608151362874731E-9	1.4475572630886965E-7	4.259033554654819E-6	5.654325624198807E-6	0.0	5.654325624198807E-6	1.7329985564236533E-9	1.030771203766447E-9	1.9156331519210457E-8	2.2729227782483725E-4	1.2478605729896265E-9
2.1299393747871612E-7	4.3254214349183326E-10	1.8452722309909764E-13	4.1620404021169035E-8	7.346922227283841E-8	2.178392944377585E-7	1.7507296034332517E-9	3.1144904832920337E-7	2.4220465750921703E-7	1.4140935174803876E-10	3.9283425931885316E-7	2.2768701574577844E-7	3.506904976102413E-7	3.926481257144341E-9	6.060774476848528E-9	2.461234021506484E-8	4.381772367732359E-8	3.3627134924498276E-8	2.0774275141838965E-8	1.1290362806603183E-8	9.720548679670464E-12	2.6287297012381037E-12	4.374198247293757E-10	1.334456266700453E-8	5.183537743076375E-9	0.0	5.183537743076375E-9	1.5381400091233386E-12	8.9254293282358E-8	5.162021789464962E-10	2.2045743118386436E-7	6.578107686800914E-13
5.460330371584564E-8	1.0406037338170547E-10	1.4286248811664607E-15	7.14238159112186E-10	2.4248484510594735E-8	4.981423238093106E-8	9.898975795402785E-11	8.598751561507809E-8	9.926001923879892E-8	4.3547665374538674E-11	9.909967458367811E-8	5.8245090268205596E-8	9.019460358057582E-8	1.0081221879851266E-9	1.5243286168437593E-9	6.074971466953199E-9	1.4389627134003673E-8	7.59453860236719E-9	6.291604645603736E-9	2.97222052741604E-9	2.496587380674332E-12	6.468898532842694E-13	9.977107315782803E-11	1.1842338883717722E-9	1.3129446188406267E-9	0.0	1.3129446188406267E-9	4.0194980353433834E-13	2.3486392605605096E-13	3.971709035262106E-12	8.378377930230404E-8	1.5393720084835283E-13
4.350971765703453E-7	2.728735239197991E-9	1.030008194881328E-9	5.886422687626069E-9	3.3490582729401517E-7	1.1441125501817127E-5	1.184498607921883E-9	1.158274872978649E-6	1.698393108065749E-6	6.56146713842465E-10	1.6866407033657016E-6	4.803080248480336E-7	9.2682225171664E-7	8.206851606451088E-9	2.672697434583483E-8	1.6369780738871134E-7	2.825272452912176E-7	1.608748515421833E-7	5.580001230901078E-8	4.628165695886687E-8	1.3472765479544843E-11	1.0277954687717936E-11	1.39752343065688E-9	5.035764323354455E-8	2.28280118775421E-8	0.0	2.28280118775421E-8	1.3470729768314647E-10	2.1314385226195434E-12	2.881992637643224E-6	7.847896463305387E-7	2.5423674193097332E-12
0.02346237661453414	1.2953614435239299E-5	1.9752384849096737E-10	8.207233758372909E-5	0.0025450812300275394	0.0057969613039284724	1.0535737916691176E-5	0.015128781937561397	0.0035471278187390125	7.2284521233158175E-6	0.11360309841522653	0.020273754310504634	0.038984796011513126	3.0019912027902124E-4	2.705491615982446E-4	6.345369534254859E-4	0.0012230833708986994	9.672334521027343E-4	9.137359239815976E-4	9.03610652155218E-4	3.2560412900085333E-7	1.0013722943184129E-7	4.043507314191435E-6	1.22699317918286E-4	4.532913033390379E-4	0.0	4.532913033390379E-4	1.653526852062757E-7	5.801697447137062E-8	5.496374980438104E-7	0.0056671945451667325	2.4643568160408052E-8
4.5988777943403136E-8	1.1573664752118855E-10	2.4136310406258664E-15	9.137224469490611E-10	1.1570627586014489E-8	4.797036807427642E-8	2.1965004967308869E-10	6.149218563322129E-8	2.5478186128142732E-8	2.6850757622504438E-11	1.781743949868685E-7	4.6298808764033884E-8	8.218130437603701E-8	7.419376694201179E-10	1.7187745380791592E-9	5.7150561674783775E-9	8.374499181255147E-9	8.281699009543971E-9	3.5872786503447755E-9	2.7601775429083435E-9	1.3327356138129058E-12	1.377110112298793E-11	2.7641924483370885E-11	1.0677143652491025E-9	1.3580531259502203E-9	0.0	1.3580531259502203E-9	3.745745985665077E-13	1.6122480797869102E-13	6.7188564774895385E-12	9.350740468952012E-8	1.164907261729601E-13
