32
NULL,munmap@munmap,open@__open_nocancel,fstat@_fxstat,mmap@__mmap,read@__read,open@__open64,close@__close_nocancel,rt_sigprocmask@sigprocmask,exit_group@_Exit,rt_sigaction@__libc_sigaction,sched_yield@sched_yield,mremap@mremap,time@time,read@__read_nocancel,mprotect@__mprotect,write@__write_nocancel,syslog@__syslog,getpid@getpid,writev@__writev,close@close,stat@__xstat,socket@__socket,fcntl@fcntl,connect@__connect,lstat@__lxstat64,openat@__openat64_nocancel,getdents@__getdents64,lseek@llseek,getrlimit@__getrlimit,write@__libc_write,madvise@madvise
0.9213143230037976	0.06323230277260389	0.004309572330504084	3.664968145171235E-5	0.0012381291386429905	2.8828569696736187E-7	1.7983472342785497E-4	6.7317788977356784E-9	0.002323532471568406	7.736383186094874E-4	0.0014198730372517031	1.3342500526533025E-5	5.132803061293442E-7	4.389229628001817E-4	2.501541817889073E-5	7.263796759708336E-7	9.09501824799004E-5	4.6124434585903816E-4	7.306312944805144E-4	3.377011579386716E-4	3.5419031876635494E-4	8.205380977630402E-5	8.070642456953366E-5	0.0	8.070642456953366E-5	1.5829760891158471E-6	8.599017090271586E-12	5.997452749180162E-9	2.3689234621653266E-9	2.357723994789668E-8	5.845199604770247E-4	1.627596380454064E-8
0.06154425983718877	0.0014395755791198708	4.4450453278879927E-4	6.023749500154141E-6	7.179586748603049E-4	9.455166725466942E-8	4.2504923199209996E-5	9.490161994687055E-9	5.0687439510533E-4	1.9758067173177718E-4	3.7075140673417954E-4	3.53719045856398E-6	1.4019837402273794E-7	1.233795245209395E-4	5.4943692333627494E-6	9.192573914850504E-4	1.4922717885048648E-5	1.0134853199125733E-4	1.3771092459496234E-4	6.328362558241913E-5	3.8348515549984695E-5	9.834891977683756E-6	2.1833742290715157E-5	0.0	2.1833742290715157E-5	1.0824818260615412E-7	2.7089297488057936E-12	1.7924564689479998E-9	6.757185802670114E-10	7.575670448933416E-9	1.1204463827897962E-4	4.241446579080331E-9
0.0019615709114862434	1.876196039135511E-4	3.314868875239792E-4	4.161403798185743E-5	6.706825715349009E-4	3.213422557060033E-8	9.5762625843641E-6	2.0303958739790835E-6	2.864460415526908E-4	6.216481523690592E-5	1.1607174972211931E-4	9.738879109363995E-7	1.2601218393729149E-8	4.31961719290331E-5	3.570539396285679E-4	1.4975683588891231E-7	3.5066745397102473E-5	0.001520890126765339	2.5057352883802407E-5	1.6271685503365034E-5	8.85686657371163E-6	6.078347230231517E-6	4.891388947017606E-6	0.0	4.891388947017606E-6	3.977017015855003E-8	4.0534236904868566E-11	3.9429221717386475E-10	1.45619424323191E-10	9.335423905641792E-9	4.735590669457575E-5	5.553115341227093E-9
2.7183423557819803E-5	6.676343900060705E-6	2.632579759260551E-6	1.4455365197773486E-7	1.0969123739183216E-5	1.111492267992932E-9	7.632240500913314E-7	2.992264256129862E-11	6.851622674317034E-6	2.9611161892682237E-6	5.607280522203965E-6	5.4044884280822446E-8	4.4165366980104743E-10	1.1547663070257799E-6	1.0084176341386385E-8	2.1715718076699147E-9	1.455787554086048E-7	3.22079182674967E-7	7.777524068133873E-7	1.4843703889813055E-6	9.57094722138493E-7	9.266002479113602E-8	3.9633664588165496E-7	2.406026773302077E-8	3.9633664588165496E-7	1.9373689458428123E-9	4.286758893309288E-14	9.051096492666543E-9	2.9290939125386E-10	1.1992852433953734E-10	1.2283206218445222E-6	3.6938333626731794E-11
5.36669222004197E-4	0.0019587462527200974	7.363281201590534E-5	1.301414896722912E-6	0.001610973089005517	2.2640496016455804E-8	2.1474209416013066E-5	2.4562610035283756E-9	1.3474303213281534E-4	3.490918201242861E-5	6.748834720322524E-5	5.853886756354805E-7	5.798641907736803E-9	1.708827776581863E-5	1.2160237838538496E-7	4.924169526581105E-4	1.213933466287123E-5	1.3550477808160516E-4	1.515197023707821E-5	1.3751150346627398E-4	1.1140753796234875E-5	4.8173660624327565E-6	1.146656114163344E-5	0.0	1.146656114163344E-5	1.4417412558688725E-7	3.482815831674722E-13	2.939365166747868E-10	1.0263455870358029E-10	9.741777696233082E-10	1.9396559469728377E-5	1.2024173271383542E-9
1.1857929166865881E-7	5.403157590873925E-7	7.239945589701429E-8	6.141733591506784E-11	4.304898434109377E-9	8.367092944503711E-13	4.6422176338513983E-10	4.2821165635773184E-13	1.795919034439563E-8	3.2989260997272553E-9	6.253261087832799E-9	4.914024959538952E-11	3.442742229503568E-13	9.059698545479434E-10	1.2089025650612526E-11	1.7955036793181424E-12	2.6807064085693135E-10	6.625128290851817E-9	7.473871479454372E-10	5.061971795723504E-9	4.23747659810192E-10	6.635200184081567E-11	2.360310989973175E-10	0.0	2.360310989973175E-10	1.6353636238908874E-12	3.620373324615464E-17	1.8061912345347386E-14	6.5933709645051956E-15	1.0119627535122214E-13	1.2650922213142243E-9	3.737579277985367E-13
4.095411845325875E-4	1.1850633000761532E-4	1.1847596200712543E-5	6.309348094777744E-6	1.3912754352589952E-5	9.064066423367224E-9	1.6401212623030906E-6	2.02619862546463E-6	3.799162723277072E-5	1.7370028870165903E-5	2.5939637364283273E-5	2.8798145773737877E-7	2.303317013947431E-9	7.096182365801211E-6	5.2713023132134355E-8	1.120592437802824E-8	4.024644416129205E-6	1.2820358993622924E-6	5.862088216043092E-6	3.824920062107026E-6	2.852416820393934E-6	1.4975060016057818E-6	7.69734106226989E-7	0.0	7.69734106226989E-7	9.04398282310328E-9	2.9266380823071554E-13	5.667450739189972E-11	4.158119779592431E-11	8.188178739109176E-10	5.541612997118838E-6	3.2716567334803536E-10
3.9095695168869804E-7	9.548389199464183E-8	5.2492903246795944E-8	1.2467718541608054E-6	3.396402304052725E-8	1.544705060160234E-11	7.808337207794201E-9	9.925697509779286E-13	8.108621834386429E-8	3.804536936718716E-8	6.938669312331661E-8	6.898862231115256E-10	5.6119043008687396E-12	1.533637811296299E-8	2.4513972957209593E-10	2.7064295600952443E-11	1.852892770516968E-9	4.942133358583767E-9	1.0728010116352237E-8	9.190243939568405E-9	7.261417188610784E-9	9.822222236326531E-10	4.0054323990741175E-9	0.0	4.0054323990741175E-9	1.6527036615672163E-11	2.5353875395542305E-14	3.351864155323512E-13	1.3219220442942187E-13	7.094066357100101E-11	1.6070136281674065E-8	5.635257211162262E-13
0.0020573652777509128	2.4660081026605E-4	1.3522756459681022E-4	7.110637633777335E-6	3.049607721349708E-4	1.2219318909612385E-7	3.8823817974008884E-5	2.466605012248315E-9	5.591520534253951E-4	9.59970955917125E-4	0.0017655527362230867	1.1693891533628809E-5	2.294946502978836E-8	9.452749416397753E-5	8.005017158218118E-7	1.5962826332303235E-7	3.13670982039955E-5	1.3179692883744919E-5	8.292612454301709E-5	5.6123949932291984E-5	4.28746801309925E-5	5.9632184416877E-6	1.7953113165996914E-5	0.0	1.7953113165996914E-5	1.2921476221131534E-7	2.741972520875524E-12	1.4016850673226276E-9	6.154035574068231E-10	7.67128215140969E-9	7.104700597635298E-5	4.280385808869215E-9
0.0016028516207969982	1.564953789729718E-4	7.160080396942744E-5	4.608884340582968E-6	2.792337622116008E-4	7.966098113597155E-8	1.7937810034456677E-5	2.9015273426190794E-9	4.394868154219896E-4	8.69012978196829E-5	1.568995647367259E-4	1.2952243046981595E-6	1.4194551668385825E-8	5.316786095820129E-5	6.252322742625778E-7	1.0080253529043598E-7	3.640745839851245E-5	6.997456329798924E-6	5.802019371422426E-5	3.891477221386007E-5	2.2790075009397033E-5	4.208303336257552E-6	6.418286065816947E-6	0.0	6.418286065816947E-6	9.138049703044879E-8	1.8642943608670005E-12	4.229434531929463E-10	1.669839423208285E-10	5.2157681734829966E-9	5.0754740981862235E-5	4.0772929525679034E-9
0.001699948693846112	1.8352773291738513E-4	9.38694726211539E-5	5.162283272283689E-6	2.712922400087648E-4	8.806064757622165E-8	2.8528618004016125E-5	2.530980664235375E-9	4.807399395213694E-4	0.0010407465039857836	7.063590337853283E-4	1.7967001655168515E-5	1.6283547140037826E-8	6.521187944972592E-5	6.899062587889604E-7	1.2245104679588086E-7	3.1830503526743276E-5	9.12781655905027E-6	6.24870065865119E-5	4.227497928109037E-5	3.057343390471886E-5	4.55146548688363E-6	1.2462755304762123E-5	0.0	1.2462755304762123E-5	9.73751879006927E-8	2.0312981322497556E-12	9.551498738957562E-10	3.672893493328742E-10	5.682964945428336E-9	5.410414674726985E-5	3.939027151931478E-9
1.7514602779086674E-5	1.8426732225978524E-6	9.102915306975011E-7	5.351464241822346E-8	2.888677697268636E-6	9.213780682866484E-10	2.477611390623942E-7	2.794589336566012E-11	4.81562391237086E-6	1.1605474730996657E-5	7.489038666739062E-6	6.7382638167210855E-6	1.678294564544211E-10	6.551022506461355E-7	6.873329389289643E-9	1.1960126001654151E-9	3.517229700739975E-7	8.880291681420575E-8	6.546145300861622E-7	4.4080231036439166E-7	2.905839112728432E-7	4.739710981970912E-8	1.0163192615760836E-7	0.0	1.0163192615760836E-7	1.0260957214386629E-9	2.124756559318903E-14	7.41741932439434E-12	3.050896327682303E-12	5.944466370084948E-11	5.683202279693615E-7	4.175363404740581E-11
2.2151477135959659E-7	3.271999163638807E-8	7.94943193574581E-9	1.6420050847573959E-10	1.5000270243926452E-8	2.5820453329270334E-12	1.4202372361320188E-9	5.134749444991187E-14	3.837151989339527E-8	8.853771086475388E-9	1.670914430336446E-8	1.4210893609322465E-10	1.433904312469487E-12	5.547467238250432E-9	3.685634578404646E-11	1.0899258568559578E-11	4.45164283127366E-10	1.542288115760653E-9	2.014241361351488E-9	1.4170012377672732E-9	1.3149634108637038E-9	2.3351955439927644E-10	7.23711587539815E-10	0.0	7.23711587539815E-10	3.16842142550498E-12	7.658517198758197E-17	6.033285411449892E-14	2.251151667758018E-14	2.1406880222689706E-13	1.8060325733218372E-7	1.2998407099821434E-13
6.793744110562664E-4	1.0204374870444089E-4	2.767440678330528E-4	9.373194114529879E-7	2.0263920522337094E-4	1.625253536066543E-8	8.125541416491934E-6	1.3879821459120342E-10	8.365451476124982E-5	3.261909581558037E-5	6.426418883858695E-5	5.97781670702327E-7	5.071503590513704E-9	1.4339699643799741E-5	3.847601535800752E-7	2.8035904243764028E-8	1.536784174973806E-6	2.703757320572498E-6	6.06302502574066E-5	8.022252789439774E-6	7.031009782321504E-6	1.1237333484382658E-6	4.204819015920117E-6	0.0	4.204819015920117E-6	1.7523618031524805E-8	2.740163455315814E-13	3.4683665021655013E-10	1.2131898537795656E-10	7.660709132782683E-10	9.689871854727045E-6	5.257983477528757E-10
4.336531789734151E-5	5.631804450054497E-6	6.856863050106047E-6	1.2879220944929954E-7	1.7519892371373298E-5	2.1412874633263737E-9	1.1297395607393364E-6	4.4084500171982454E-11	7.650487407281516E-5	1.1569362986495947E-5	2.2133444628502652E-5	1.5871885200912006E-7	7.175786177631266E-10	1.92125562670632E-6	6.846993300406746E-7	4.327453231700768E-9	1.7392761459556836E-4	3.077500674289248E-7	1.4487683920506152E-6	8.922874006635863E-7	9.396217945110724E-7	3.257430593260565E-7	5.742454494669926E-7	0.0	5.742454494669926E-7	2.2121759880146832E-9	3.259068391535692E-11	5.251643526579972E-11	1.6810081406409144E-11	7.11740476934268E-9	2.0888482280313955E-6	8.889806926237743E-11
1.6047909110861644E-4	7.320068040269477E-4	1.728193090477165E-5	1.048950385596691E-6	2.2331907055000102E-4	2.1613288089565597E-8	4.957620617663503E-6	7.230605533719185E-11	4.597645970548136E-5	1.8633839152629494E-5	3.787915089271607E-5	3.487062344706915E-7	3.688284557178053E-9	1.1705363014543193E-5	8.030388613940803E-8	2.9226591644464048E-8	8.644386139677932E-7	1.7197887737452815E-6	1.309908123582267E-5	3.7675756894050363E-6	3.873960319810272E-6	9.015402023578977E-7	2.578427028717391E-6	0.0	2.578427028717391E-6	2.0838410705603902E-8	1.548503556118042E-13	2.2745846300144525E-10	7.419306921920408E-11	4.331929726539419E-10	1.0797304509252103E-5	2.980632703063398E-10
1.237478298644434E-4	1.6985134447674555E-5	4.0623799434842347E-4	1.1827488014131542E-7	6.302852589879078E-6	1.8611047870632178E-9	1.134214968269013E-6	5.787036696581897E-11	7.723781518412277E-5	1.1677831236435734E-5	2.2303774936019644E-5	1.6002119580319684E-7	4.736423916796953E-10	1.7858451003824873E-6	2.1704144994743737E-8	4.13449572654995E-9	1.7404820734433514E-4	5.391187894629302E-6	1.3965268899794362E-6	1.1297463760850245E-5	9.841520528485574E-7	1.0963294498632559E-7	5.740547533745132E-7	0.0	5.740547533745132E-7	2.2063604916419094E-9	4.2978365795488796E-14	4.8079023942293304E-11	1.6834886345937115E-11	1.2014396400555953E-10	1.2985075382069424E-6	1.040677727529169E-10
6.810873349711294E-4	5.231564794767278E-5	4.630257234200355E-5	1.3618873160224222E-6	7.710698994120998E-5	1.826684977404152E-8	7.979217475558745E-6	1.5941590665420651E-9	2.823121131458713E-4	5.524141959676538E-5	1.0574284791792352E-4	8.47289410432668E-7	3.978021488823846E-9	3.9660199581921285E-5	1.278395328256601E-7	1.013354480635286E-7	3.9312118932706266E-5	4.43233817964147E-6	1.6414602592271538E-5	7.999312997989183E-6	6.747953125144715E-6	1.0343905076367411E-6	4.0922692703538526E-6	0.0	4.0922692703538526E-6	1.90052901456401E-8	3.9933278475722133E-13	3.459858409783066E-10	1.2321337665356809E-10	1.1171539892730352E-9	1.672764376183381E-5	2.521543603995875E-9
4.1017005462436234E-4	1.8968429788435796E-4	2.0994598020007482E-5	7.081778348050497E-7	3.4866386781585175E-5	8.658686052391396E-9	4.3220411523774573E-5	3.398270637976631E-10	7.837378140688762E-5	2.495607428293194E-5	4.839070244646415E-5	4.384488656518194E-7	3.6324311879950753E-9	3.4515499065929155E-4	9.51869370813862E-8	2.3254241103048333E-8	4.475840005448171E-6	3.718889382229447E-5	6.443659235041559E-6	3.333271363997843E-4	1.9230426548776447E-5	9.855368832985119E-6	2.3301360311016154E-5	0.0	2.3301360311016154E-5	3.096821674828262E-7	2.2551304061340877E-13	2.3139638933306368E-10	8.29153272691425E-11	6.307080214987863E-10	9.819416610243232E-6	5.390177399182015E-10
2.842671857978572E-4	3.6877657763575425E-5	2.306743222550241E-5	8.075679760252401E-7	2.945117021558102E-5	1.2815373208190846E-8	1.3500866591858215E-4	2.120937710542759E-10	1.0392584564122404E-4	3.938522449851446E-5	7.955694570117923E-5	7.274985970637335E-7	2.7132711338357452E-9	1.2950134473552876E-5	1.3177400787229038E-7	2.8706031524346067E-8	1.770377677063107E-4	2.2093739794693318E-6	8.815273657571111E-6	6.165512200114822E-6	5.4321532820473144E-5	6.707550595237954E-7	7.300347130253055E-5	0.0	7.300347130253055E-5	1.303628906996832E-8	2.930475691175036E-13	4.431631672931347E-10	1.5110864672006392E-10	8.198175474661004E-10	7.71014305450015E-6	5.285326394993045E-10
1.9207003270467384E-4	2.390910012361334E-5	1.4300665855156033E-5	7.099119604797464E-7	1.841642423799809E-5	1.26559027022823E-8	1.1168383365909902E-4	2.900891476934187E-10	5.689531379135544E-5	2.4434259174393054E-5	3.622627604489508E-5	4.0020367919182983E-7	2.4189279877762664E-9	9.676890195523319E-6	3.945082719263915E-8	1.5335809949585242E-8	5.801410956636385E-6	1.4036660507380851E-6	7.909124516174207E-6	5.186510591760604E-6	3.7845214537112895E-5	5.404899094165053E-7	9.39071174244115E-5	0.0	9.39071174244115E-5	1.2550546045497343E-8	2.7088834973182246E-13	7.077545437331402E-11	5.58793097809152E-11	7.578867405076118E-10	7.470743252746819E-6	4.477607509392273E-10
2.0559106782124112E-5	3.0040147699778623E-6	2.91088378351638E-6	8.082160437140731E-8	6.555023692030388E-6	8.337763341811617E-10	4.861011372316517E-7	8.026819730415353E-12	4.906282595726059E-6	2.053637130545767E-6	3.987419957190516E-6	3.7758163990801354E-8	1.727967399786718E-10	3.3815667388777694E-6	6.9793960594991615E-9	6.224744993328805E-9	9.740276574002178E-8	2.773660505673783E-7	1.1884271435766418E-6	4.7058102599779664E-7	4.0781819510680077E-7	5.929466520562649E-8	2.514203413591588E-7	0.0	2.514203413591588E-7	8.299668788432572E-10	1.1548577316833958E-13	2.1219786612025725E-11	7.632352072777006E-12	3.231183027800151E-10	4.656826687181421E-7	4.525960615641903E-11
4.4698172502200774E-5	5.626470381185555E-6	3.2130294337391213E-6	1.5701773968218418E-7	4.196862126410924E-6	2.784145121711518E-9	7.03904547182727E-5	6.328535792023141E-11	1.512901691623368E-5	5.689153180371045E-6	8.630471668146965E-6	9.204301150149343E-8	5.352646372876651E-10	2.169118922477954E-6	9.242967373084539E-9	3.4751775917491543E-9	1.263110715528675E-6	3.152626125994979E-7	1.7505302674180315E-6	1.1495378449446548E-6	2.675619017717023E-5	1.2061259235698995E-7	9.112541790720405E-5	9.089192780030484E-5	4.567938631738249E-5	2.770348954904268E-9	5.979792437896844E-14	1.7145237500431123E-11	1.2665150880527479E-11	1.6729891063430793E-10	1.6451355212577237E-6	9.885168839450609E-11
1.3416254324347016E-5	1.6895413291047434E-6	9.647298527747863E-7	4.715166692747862E-8	1.259986074990648E-6	8.354334116137409E-10	2.1117234125712064E-5	1.9015996920417967E-11	4.540089486792926E-6	1.7072957717188245E-6	2.5902436358767886E-6	2.762309252051431E-8	1.608861135945213E-10	6.511636264608506E-7	2.7751572009833388E-9	1.0434060514368138E-9	3.7895798974804175E-7	9.465591140424332E-8	5.252979779986734E-7	3.449836146061761E-7	8.0269533324996E-6	3.621951972396848E-8	7.011934326671992E-8	2.394797819205664E-9	2.2793135138177494E-5	8.313211817747285E-10	1.794457990180088E-14	2.4912583239494072E-9	8.157131081905817E-11	5.0204226244E-11	4.938923997066866E-7	2.966543412988295E-11
4.246309078009093E-5	5.345125073200959E-6	3.0523655193565426E-6	1.491662446351915E-7	3.987002767429427E-6	2.64492708381674E-9	6.687065939008418E-5	6.01208449469611E-11	1.4372507482177961E-5	5.404673489683371E-6	8.198914662595738E-6	8.744050448300613E-8	5.084993325711354E-10	2.060654576279585E-6	8.780783210351227E-9	3.301405254277821E-9	1.1999502882619844E-6	2.994982610915912E-7	1.6629969749883801E-6	1.0920565010265587E-6	2.4128604713892726E-4	1.1458149565789954E-7	2.2181469734646482E-7	0.0	2.2181469734646482E-7	2.631820778776536E-9	5.680779658810721E-14	1.6287909229201257E-11	1.2031844289761672E-11	1.5893331722510933E-10	1.5628723742850855E-6	9.390872116426021E-11
6.644807854184134E-7	2.2193406682802765E-7	7.927963213664818E-8	5.556715696886258E-10	2.916352652573272E-8	4.053032799526694E-12	2.3615451199295992E-9	5.534019545381735E-12	4.579598229577329E-8	1.2156247009557327E-8	2.3053997606843545E-8	2.0308982458289685E-10	1.5970091108523794E-11	1.1324744811519554E-8	1.9809135628365465E-8	2.0923217971437205E-11	7.560587238764267E-10	7.334089161918752E-9	3.922834196337938E-9	7.4455011000034E-9	2.2591857405179106E-9	1.3531836480575292E-8	1.2049476564938982E-9	0.0	1.2049476564938982E-9	1.368769998098331E-6	5.132858519323014E-7	9.421473840819316E-14	3.4846238681484996E-14	8.524161855316102E-13	4.9205117774228656E-8	5.058698684768094E-13
5.8187347229737886E-8	2.2633907612559837E-8	9.590610989680189E-9	2.639174478815793E-7	2.6490713479814624E-9	3.5073690824349307E-13	2.0915462738489894E-10	7.652190590922699E-13	5.0289600236350486E-9	1.1683016209276503E-9	2.2462020838488856E-9	1.8976128795689468E-11	1.4156438157136756E-12	9.986606682751841E-10	4.417928863869071E-11	1.836040531044727E-12	7.498088460953316E-11	8.825606984348011E-10	3.2538842496101825E-10	7.569748071749175E-10	1.9614971903583503E-10	1.1498146219689306E-10	1.0668490920266638E-10	0.0	1.0668490920266638E-10	9.303245677093612E-13	1.3542371275442668E-16	8.632253112088906E-12	3.120685888833883E-15	3.7888144700688505E-13	4.715494822814485E-9	5.811278110131944E-14
9.04219773818287E-9	1.8932748704786795E-9	8.913204911292279E-10	3.5761592709070034E-10	8.696205084357915E-10	5.06531742503567E-13	9.14996923322074E-11	2.395188577145585E-14	1.2776569594085657E-9	9.119401162475881E-10	1.3130994458730962E-9	1.567051700824059E-11	2.0003284507346375E-12	4.334724825570796E-10	3.574811581984147E-12	5.51111523180854E-13	4.9940846357215836E-11	8.722527571119629E-11	3.2322926311178335E-10	2.489672013550367E-10	1.4571717115433625E-10	2.34516127829758E-10	4.392752718273366E-11	0.0	4.392752718273366E-11	5.26820255825259E-13	1.0729090372543184E-15	3.2627796446916877E-15	7.518842804250401E-10	3.0020270443529173E-12	4.72473494963883E-10	1.0526647256338166E-14
3.1487863310534846E-9	6.791915784825285E-10	1.5521509794110123E-10	7.071696780207623E-12	2.325582411637513E-10	1.2449550749361188E-13	2.1248545742602298E-11	8.924171076406596E-16	2.8258563038657803E-10	2.1954927077211317E-10	3.126591227624133E-10	3.783647745272377E-12	7.64177368988989E-14	1.212710767913658E-10	5.038198628727699E-13	1.6237974735016504E-13	1.197174806427451E-11	1.5508631252145616E-11	7.977031713762187E-11	5.329713000631609E-11	3.545297215618983E-11	8.346685265211365E-12	1.0120494704914916E-11	0.0	1.0120494704914916E-11	1.2487706864139495E-13	2.6307824137947967E-18	7.301440597953876E-16	5.787574359898744E-16	7.35941534957092E-15	2.1266000464335882E-10	2.3680096678940866E-15
3.9296031850309876E-8	9.402999391863049E-9	6.134113341716972E-8	2.1436283195362582E-11	1.8363706177571405E-9	2.3379230829804394E-13	1.5175527580583586E-10	1.0956481951772301E-14	1.5411642867564161E-9	6.082066366079143E-10	1.1798947929052488E-9	1.1085115173913732E-11	1.155146760464822E-13	8.895778243572721E-10	4.455322628221075E-12	1.6742671134185E-12	3.236737190355758E-11	1.3454501847186766E-10	2.2333275472063116E-10	2.4194452203354063E-10	1.3203904741888446E-10	4.059637627133168E-10	7.81343451691523E-11	0.0	7.81343451691523E-11	3.75888023860418E-13	6.111358154925522E-12	7.701181659709988E-13	2.2127209670650974E-15	1.7099762305633973E-8	2.0687406790585154E-10	1.4596380855330887E-14
2.823672171831619E-4	3.571478012822343E-5	2.1821292131202394E-5	8.575100608953668E-7	3.700389421451337E-5	1.3461885227276329E-8	8.663832702334112E-6	2.1473242648095174E-10	6.051880626745756E-4	9.074186158976063E-5	1.733700002768361E-4	1.2383137037096166E-6	2.7813312829125524E-9	1.3016408122115966E-5	1.5703258527583385E-7	2.5445560706977707E-8	2.6107565979775595E-6	2.0769374023271643E-6	9.363368463699847E-6	7.074330541716198E-6	7.271210832796612E-6	7.297209991887887E-7	4.401750273691331E-6	0.0	4.401750273691331E-6	1.526832402414843E-8	3.075306751871725E-13	3.6737222982349543E-10	1.284096348881104E-10	8.603515583620814E-10	8.004672156750611E-6	4.982049466345909E-10
3.528366953608175E-8	2.1165975160556666E-9	8.636170468753243E-10	2.4380133600845282E-11	7.496265527726228E-10	3.5824391672181E-13	8.829810185807727E-11	9.726221824659106E-14	2.6608533909428866E-9	8.450831701273318E-10	1.3601837717372637E-9	1.3581215773708118E-11	1.1294429099380576E-13	3.0603353647434207E-10	2.2895203648330006E-12	4.315178922484592E-13	4.581631149123547E-11	1.0862526517739313E-10	2.3519454973512275E-10	1.9446108960259544E-10	1.1828033438112825E-10	1.8065371277366793E-11	4.328628489404112E-11	0.0	4.328628489404112E-11	4.309179621254189E-13	1.4855106615361935E-17	3.2634152667729694E-15	1.9172497039408298E-15	4.155555012079097E-14	5.22025973635599E-10	1.0182745193054602E-14
