32
NULL,time@time,open@__open_nocancel,read@__read_nocancel,mmap@__mmap,munmap@munmap,mprotect@__mprotect,rt_sigprocmask@sigprocmask,exit_group@_Exit,rt_sigaction@__libc_sigaction,sched_yield@sched_yield,write@__write_nocancel,syslog@__syslog,getpid@getpid,writev@__writev,close@close,open@__open64,fstat@_fxstat,read@__read,close@__close_nocancel,mremap@mremap,stat@__xstat,socket@__socket,fcntl@fcntl,connect@__connect,madvise@madvise,lstat@__lxstat64,openat@__openat64_nocancel,getdents@__getdents64,lseek@llseek,getrlimit@__getrlimit,write@__libc_write
0.6287248567787251	0.010701133216211045	0.15946073938133123	1.8115400338697877E-5	0.02673757682743626	0.007003166779950061	2.0281852485744185E-5	0.05130061873837038	0.015592059939169723	0.030544006599250193	2.786502446106024E-4	0.0023054000536866983	0.015860293263429692	0.015111115557992244	0.00651514864882899	0.005739479455449689	0.005433915637623889	6.655443602432237E-4	4.879233681801276E-7	4.879936789266252E-8	1.9053289639829541E-6	0.0013607647932273766	0.0027646880677826037	0.0	0.0027646880677826037	5.1555104919606235E-8	1.011371916961346E-5	7.062985752967126E-11	5.672046061151775E-8	2.0091745480400646E-8	1.9428304535564838E-7	0.0034307375799716745
0.01174479865168326	0.001418587213179377	0.023128732559460036	6.61407018089194E-5	0.01102981123373931	0.0013778834723769443	2.589741217425875E-6	0.008182775190042272	0.0021958758462602775	0.004275411733741329	3.832140804145498E-5	3.523562126501049E-4	0.001345839521638181	0.0050168359460977	0.0011232905198474668	8.590368626071824E-4	7.484613910854607E-4	1.0953789353889989E-4	8.18501326332028E-8	7.832902736591532E-9	3.4328234390897527E-7	2.544206277243497E-4	3.7775742632266814E-4	0.0	3.7775742632266814E-4	8.494936184355406E-9	1.8529476317262894E-6	1.0583687692884767E-11	7.493772072128693E-9	2.6569649563357322E-9	2.899028937499331E-8	6.084822735676535E-4
0.06982108720139073	0.003346524479609445	0.030003729219475042	0.018145342091758773	0.03406353750110589	0.003139395373937095	8.606371094737691E-6	0.019626778991321266	0.0038573280147275644	0.007216597231793444	6.0190631017026756E-5	0.0021242942663142685	0.07411678856430996	0.004520886366865748	0.0021573830331025204	0.0015166998098908421	9.700860515876907E-4	7.24301010494047E-4	1.558613052691527E-7	8.709828907951709E-5	9.218717060759566E-7	4.8011370214682094E-4	4.672613866459833E-4	0.0	4.672613866459833E-4	4.562621834509633E-8	2.8549256331479806E-6	6.544831648505608E-10	8.81073552020106E-9	3.2906319038684367E-9	1.7653448089446026E-7	0.0019760943070517363
0.001552475101338209	1.6463120615967003E-4	5.567404480345206E-4	1.1039691175817881E-4	8.35606377405907E-4	1.0121698345923016E-4	3.116074016060943E-7	0.0037987826382917733	5.790442187552352E-4	0.001106584302717653	8.033790618086732E-6	0.008297910826565951	4.288039787573245E-5	1.6630530496445343E-4	8.753820575122171E-5	1.084955102300241E-4	8.905710657600632E-5	1.3265463999465514E-5	9.512228414990861E-9	9.796826216976947E-10	4.870469885294536E-8	1.566223129684387E-5	4.388531699802805E-5	0.0	4.388531699802805E-5	9.360434249399443E-10	7.352802643922696E-8	5.183417459286E-10	9.870029430425143E-10	3.2428003540594586E-10	1.144214779905208E-7	9.214103763647709E-5
0.014945895029939175	0.0012829256297724294	0.004993040917572708	2.8117115035085938E-6	0.07186798164697894	0.06996333621266287	0.021775236667993463	0.009921485216729427	0.001837933330348917	0.003522069997893054	3.064558849354243E-5	6.94432623019211E-4	0.006744360990488489	0.0015889736744000185	0.0077683787865613085	9.736445058177317E-4	0.0013249787605463142	1.1851557740591255E-4	9.064757280491732E-8	4.130289953496091E-8	3.1078513303953396E-7	4.659488440290892E-4	6.956437756143132E-4	0.0	6.956437756143132E-4	1.2551524758563346E-8	1.2756937501602429E-6	1.1407356504016438E-11	5.444786917553491E-9	1.950274971822717E-9	3.173237825952249E-8	6.431963962712331E-4
0.017825497817921806	0.004063480911471029	0.006095027778588347	8.908141058411176E-6	0.026621543418354297	0.02295934683562894	0.040645705413722984	0.009174039486789918	0.0024302006625016937	0.004638555728634667	4.1807965414002736E-5	5.604042167415933E-4	0.003459007683800451	0.005751293294640926	0.0018333990644541559	0.0010926450123003942	8.38967208994482E-4	2.8956840693478353E-4	1.4054884138403998E-7	1.2630774688653425E-7	2.2777110767602796E-6	2.0935731543774227E-4	4.18199806983538E-4	0.0	4.18199806983538E-4	1.3505284150464566E-8	1.1462001145474238E-6	3.0221084791542304E-11	7.761348518423825E-9	2.8015752253635325E-9	8.433015457991055E-8	0.0016558305505045426
0.004859745802965588	8.347026465046966E-4	0.0017955026202274805	1.2817239084557574E-6	0.01021153493872679	0.031704206816248755	1.7264086990821438E-6	0.002645157112160892	9.538066267442444E-4	0.0019042294393783652	1.755518386669549E-5	8.480901891098996E-5	1.944536680078359E-4	0.001017980116718632	3.57451588301627E-4	3.9513036748198673E-4	3.579310543679548E-4	7.278378820458818E-5	7.803647169165281E-8	2.240543049226869E-9	1.658026394609134E-7	8.35500225420403E-5	1.8124942628880279E-4	0.0	1.8124942628880279E-4	3.3387017464995414E-9	4.3671034034074284E-7	4.182855682522373E-12	3.963752760648917E-9	1.3367310827343105E-9	1.1640715714271109E-8	2.723645254781176E-4
0.061093581375496246	0.005645970311479125	0.014526506617643665	9.225103737000138E-6	0.010306095572450633	0.004413142036475415	8.603676050104067E-6	0.02694684033803474	0.032233163437322236	0.05943303392168159	3.9770973290627907E-4	0.0017783787384940272	0.0015890784033640425	0.006603855386741107	0.0036712471591095978	0.00348720309253294	0.0022430816143410083	5.118229033289947E-4	3.672727350147731E-7	4.1189808262189684E-8	1.1728368271246776E-6	5.86216584024E-4	0.0010117845951497474	0.0	0.0010117845951497474	3.6572717221180583E-8	2.8483786972454852E-6	5.1057568333539315E-11	1.9611139319181312E-8	8.42678119293584E-9	1.422587932578593E-7	0.001761643465595112
0.041514175804714566	0.0033625400346610273	0.00966484898688558	7.289199268615332E-6	0.007493338780449688	0.00223372942083642	5.470023333221194E-6	0.019635366666818796	0.003787922189111639	0.006879227724923278	5.7147267296710055E-5	0.0019665981604994297	0.0010690806568094786	0.004666591016409792	0.0025603809825221423	0.0017240561888437651	0.001111606493938802	3.2996859567856234E-4	2.1951525039061104E-7	4.389394531324462E-8	6.349394063126798E-7	3.9679448681815795E-4	4.254126216924392E-4	0.0	4.254126216924392E-4	3.088617791205703E-8	1.9419444514263794E-6	3.5635677402498995E-11	6.996885900025834E-9	2.8090118177135303E-9	9.9262786640017E-8	0.0011999472494635761
0.044487722313681435	0.00396230597211478	0.010414675231279117	7.338997988833712E-6	0.008074958021734711	0.002434515425483036	6.5596530728908E-6	0.020874036074406205	0.03468708214333749	0.02460068510083624	5.983725250334123E-4	0.001742880288880566	0.0011467888672713588	0.004915453942745557	0.002732847169680623	0.0021319904866468173	0.001616680666937006	3.537002607086093E-4	2.529939093056513E-7	3.9220617633498527E-8	6.99397911668715E-7	4.156869084194333E-4	7.127609125894343E-4	0.0	7.127609125894343E-4	3.010778601336428E-8	2.0866813385896346E-6	3.818431470112299E-11	1.3469170682310917E-8	5.214081624989826E-9	1.0638135865450409E-7	0.0012839612706851144
4.630879919309366E-4	3.978803267614376E-5	1.0655861560308072E-4	7.762894126430993E-8	8.266157847268332E-5	2.5130825183851027E-5	6.400607231667202E-8	2.1163134264578243E-4	3.859512274049137E-4	2.602736388769817E-4	2.1919299690321864E-4	1.911386003868819E-5	1.1759470887005258E-5	5.12719662791897E-5	2.8309076508721097E-5	2.079131536638095E-5	1.4475345555715564E-5	3.6775447366945874E-6	2.59868380141066E-9	4.2877406692843534E-10	7.20385305672739E-9	4.345116389696441E-6	6.076730586777614E-6	0.0	6.076730586777614E-6	3.176903271285153E-10	2.162401495623251E-8	3.975363290147453E-13	1.0948621218439727E-10	4.474693426710782E-11	1.1075342928121348E-9	1.3319747680486237E-5
0.0022074050364755474	2.0078348439196762E-4	0.02066979366812921	4.808784393856241E-7	5.839448703209625E-4	1.8343046147512783E-4	4.024460467097353E-7	0.00435245810300358	6.608941423766572E-4	0.0012592823865049134	9.248847828961557E-6	0.008335672055549994	4.1644031675648873E-4	4.096378320256704E-4	0.001628681552434096	1.2615092220215967E-4	1.0937190085748604E-4	1.628177886690989E-5	1.077064635699994E-8	1.8361763390922669E-9	4.891781849075781E-8	3.75392610304867E-5	5.437909493698726E-5	0.0	5.437909493698726E-5	1.51694746756136E-9	2.8882519625224844E-7	1.7036640341105105E-12	1.0730718803393968E-9	3.8277099614565735E-10	4.667172185854119E-9	9.208540203216012E-5
0.03063915814349269	0.002500350495786217	0.004522994296599098	2.8826251912843805E-6	0.004311808707918527	8.506594541819488E-4	5.5684937152458796E-6	0.014788208073100781	0.002880803320630758	0.005500528167784483	4.4509671681139856E-5	0.0020021875337988123	4.8622741713009223E-4	0.0016579804523362527	9.095369158917501E-4	7.06160258521457E-4	6.439274968780839E-4	1.3591209888480906E-4	9.644383237735773E-8	2.4200255343645356E-8	2.369569311912378E-7	1.363359611139126E-4	3.2482237705922705E-4	0.0	3.2482237705922705E-4	1.9336182024891946E-8	7.041846984718603E-7	1.0608125539559585E-11	6.707527009734394E-9	2.419451714339828E-9	2.9519836185166352E-8	4.902713058597939E-4
0.009619929335792575	0.016857391927413236	0.004011539819504052	2.624472777323273E-6	0.002287357261097698	0.008072839059751544	1.72372754557439E-6	0.005347917953949869	0.0014428118092361577	0.0028013139637378813	2.4906398413462698E-5	3.3603676550379236E-4	0.002323506656906876	0.0011168994311701633	0.01831138854804472	0.0014222341512293761	0.0025054347125499435	9.032439391990585E-5	4.420651280715247E-8	8.385714323185477E-9	2.88940088156721E-7	9.214343050211342E-4	0.0013391124817220866	0.0	0.0013391124817220866	6.688617593479644E-9	1.78176837869449E-6	7.241012667835231E-12	4.744155151160175E-9	1.693619996400732E-9	2.0080166252440384E-8	4.728712766273439E-4
0.010489281077627585	0.0011362479926327058	0.0028272673775270236	1.4325779118540018E-6	0.00196374536065925	7.238845774013747E-4	2.209007412369624E-6	0.0060141584251894266	0.0020871964448571454	0.004173693022176868	3.811356119347498E-5	0.00851972541348267	3.0502170400726545E-4	0.0010573556265433051	6.447061347555603E-4	0.0028764597727668787	0.006686627483048043	8.010879363387955E-5	6.289679568184537E-8	5.432917158408472E-9	1.683085234535549E-7	8.81495250122641E-5	0.0036190335776822968	0.0	0.0036190335776822968	6.39295017585211E-9	4.918226145051372E-7	8.30730095701138E-12	8.305330917449367E-9	2.8661689528150564E-9	2.3138290184507005E-8	2.948828313273536E-4
0.009846164846207036	7.372419449907427E-4	0.0020076327440161643	1.2954494129863695E-6	0.0010983893564907943	8.201228718271762E-4	1.021152042707823E-6	0.00340159607647264	0.001208641690555814	0.0018672408626384646	1.9708938701459386E-5	3.355103591963897E-4	2.163821205505713E-4	8.046790115311883E-4	5.097197761051058E-4	0.0019465971234902376	0.0053842320714593	6.697104263737347E-5	5.413622373234612E-8	6.356927127009329E-9	1.2660554468646748E-7	6.819429006147567E-5	0.004510416273010551	0.0	0.004510416273010551	5.608067582970656E-9	3.792294338983429E-7	6.640870865903254E-12	1.5276750747381658E-9	1.0313186001878902E-9	1.8508216227501997E-8	2.3051819715217596E-4
0.009018111338316412	0.0014291554568248563	0.003022565743319892	2.200942787082721E-6	0.001422803234260595	0.004100812890147973	1.1384063300132458E-6	0.003654229026928809	0.0011610591422204614	0.0018977946769997407	1.947021320198141E-5	2.750236971873048E-4	3.299865898905553E-4	0.002004837028058508	5.572317206949619E-4	0.0044625243122188565	6.223404540718164E-4	6.579827212461954E-4	4.9378639864539446E-8	8.704021759980805E-5	1.7899473468421488E-6	1.3153740899607126E-4	1.1267896263878158E-4	0.0	1.1267896263878158E-4	6.021636210315791E-9	4.274834598025662E-7	1.0318855161463183E-11	2.1318784278897524E-9	1.1257204972394149E-9	2.8774392334931643E-8	7.20956985511039E-4
7.363053080519365E-4	8.881129458341434E-5	5.242511761219063E-4	2.294817283628308E-7	2.0126247457275483E-4	3.8353029128779367E-4	1.386055019020264E-7	4.3469181665449627E-4	1.3714400705559579E-4	2.5930259965946286E-4	2.4069005833635015E-6	1.7389822927079252E-5	5.4152991623496185E-5	9.861133952512505E-5	1.1306890042657947E-4	7.04842472711743E-5	4.5623495394870416E-5	1.1006114653830054E-5	4.4634474053253395E-9	1.2773265423353088E-9	2.2932045510121557E-8	9.319661213974895E-6	2.2927369291455393E-5	2.9028447138279494E-7	2.2927369291455393E-5	1.3352065923599846E-9	5.399862825346947E-8	9.35868522958464E-13	1.092977586833001E-7	3.570556409366709E-9	2.603728494116605E-9	4.568223154862961E-5
1.581122322506369E-7	1.9491157847353492E-8	3.734936907812518E-7	2.135928475031337E-10	4.615806031607927E-8	1.8118131839140257E-6	2.543881348926938E-11	1.6432477396449136E-7	2.8772404393117964E-8	5.398868762916607E-8	4.321388595990833E-10	6.9929016271785834E-9	3.7361255401332355E-8	3.3103457423580007E-8	6.571874198901335E-8	9.806416007723953E-9	7.531781395951617E-9	3.918455774811534E-9	7.151406052220122E-13	5.230192148395491E-12	6.145346182997975E-12	3.096898406685733E-9	3.769483602504489E-9	0.0	3.769483602504489E-9	1.1176836681340193E-12	2.6327608382451906E-11	6.989515452716791E-16	5.733473013185761E-14	2.1593013486945532E-14	1.9474355330544708E-12	3.022858068612013E-8
1.2389812584990316E-5	1.4701676768639084E-6	1.0633908132850626E-5	1.3070932296175648E-8	2.521349640383159E-6	7.119749428225063E-6	2.067013071431301E-9	6.94108211523991E-6	2.155106643387168E-6	3.986350154635995E-6	3.7366607835315554E-8	3.1561916119608584E-7	1.083778223004793E-6	1.7473281341683645E-6	2.092952187061584E-6	7.831358686288225E-7	6.612121470881812E-7	5.7507745030138064E-5	7.280098333122911E-11	3.133018236639149E-11	3.077002498977622E-10	1.4878589697321546E-7	3.3393617798278976E-7	0.0	3.3393617798278976E-7	2.9255949484564334E-11	9.64858098668084E-10	4.0510528277664485E-13	6.417374386311872E-12	2.483569461284193E-12	1.1332217205264516E-9	5.815359552210692E-7
7.807753862284756E-7	1.244083620780551E-7	9.376086385159048E-7	2.19679078305079E-10	3.458373861179312E-7	8.420553970627341E-8	2.3351458037464926E-10	7.502192069037883E-7	1.5146464209026328E-7	2.8798814514005475E-7	2.4213306834070338E-9	2.63658033801431E-8	1.1341975969931087E-7	1.8740303282327623E-7	7.173835749146623E-8	5.193697524941056E-8	4.017669369255789E-8	6.382398866958575E-9	4.082999792757329E-12	5.777749218025555E-13	2.5403468003548504E-11	1.7599305138155295E-8	1.9868776722175605E-8	0.0	1.9868776722175605E-8	5.480746746001584E-13	1.3812164342608653E-10	9.52434111126914E-16	3.8401940013213773E-13	1.411203323157441E-13	2.6155642740755827E-12	2.8780040140154628E-6
5.771726377652253E-4	1.9902891206804036E-4	3.4489112675202045E-4	1.173922262285148E-7	3.656521091409607E-4	4.7816319272299676E-5	3.51743956074704E-7	3.356097811597843E-4	1.1451446380873278E-4	2.2225870509333387E-4	2.065534057362842E-6	1.1962389820830157E-5	3.706224769468784E-5	1.1868303676665553E-4	5.488480019470967E-5	4.131910222591941E-5	3.9238735349470686E-5	7.062770791527531E-6	5.737849114726865E-9	2.8434535227788855E-10	1.3041437380471169E-8	8.945211715102608E-6	1.9983215917719547E-5	0.0	1.9983215917719547E-5	4.801404884082913E-10	4.590629887025907E-8	2.0683413778699286E-12	4.178093453345418E-10	1.501694630209278E-10	5.774585329677976E-9	2.110390105498934E-5
0.0021627098022901285	1.6545923741484312E-4	4.8575455679461576E-4	2.877646559449204E-7	2.5432769269737325E-4	1.8045793910173344E-4	2.331947525875455E-7	8.848555817473812E-4	2.819417192682706E-4	4.447388287391874E-4	4.542507277503677E-6	7.388090714106168E-5	5.261957258471947E-5	1.8475255193516133E-4	1.140993000835421E-4	0.00128853299150341	0.0033585754999983218	1.4829250346264799E-5	1.1924805359414785E-8	1.3974591450154582E-9	2.8573915385919068E-8	1.579200299264498E-5	0.004348772634638642	0.004328623208640435	0.00218445780667602	1.237074188524022E-9	8.971285834875775E-8	1.4747346069457095E-12	3.6721619782643527E-10	2.3427487446485495E-10	4.107742418043413E-9	5.200056425299037E-5
6.488512463474382E-4	4.9648215111488385E-5	1.457488810041646E-4	8.63559422216171E-8	7.631331196406261E-5	5.4152684276724854E-5	6.997287084728656E-8	2.6548120848842485E-4	8.459048637583407E-5	1.334374783117981E-4	1.3628968765705036E-6	2.2165030950569915E-5	1.5788297743624266E-5	5.5435817805698067E-5	3.423374447941424E-5	3.8656352495328465E-4	0.001007573688939957	4.44965396990905E-6	3.577691438851383E-9	4.19444292219539E-10	8.57942257154318E-9	4.7388331614218255E-6	6.046299457527729E-6	2.8892971047978735E-8	0.0010882037134388389	3.7116780915205275E-10	2.6916688305863612E-8	4.4247523081748114E-13	3.0104821436497243E-8	1.0085754328360427E-9	1.232475465959771E-9	1.5606346079123112E-5
0.002054565936920946	1.5718563479088946E-4	4.6146494783420996E-4	2.733753087576267E-7	2.4161032315958567E-4	1.7143434330984644E-4	2.2153411189413273E-7	8.406093759909151E-4	2.6784354146456473E-4	4.225001650180125E-4	4.315364322430972E-6	7.018657567469685E-5	4.9988390182272325E-5	1.7551420887039525E-4	1.0839389322133334E-4	0.011504554877459494	0.0031906337186648082	1.4087730401575884E-5	1.1328518911747764E-8	1.3275807760001361E-9	2.7145108962009098E-8	1.5002341687305792E-5	1.9141876668147657E-5	0.0	1.9141876668147657E-5	1.1752156884359537E-9	8.52268680115988E-8	1.4009921655788982E-12	3.4885396586305654E-10	2.2256022349472448E-10	3.902339389603001E-9	4.940033466428551E-5
1.0473152651511908E-7	1.0114116201016277E-8	4.198240084537505E-8	7.314593546437435E-11	1.4663513162380718E-8	1.0554130705882672E-8	1.0478058974088838E-11	5.002499005390493E-8	1.2248142205586891E-8	2.084595733904845E-8	1.9455780790674208E-10	2.7113678947520544E-9	4.838673501120138E-9	1.1595196662579446E-8	1.0933191317566185E-8	5.15746054219035E-9	3.0452343229804563E-9	2.132916591660747E-9	4.355213223979841E-13	1.2890237075472032E-12	2.358734819625976E-12	1.0700757099133812E-9	1.4756579192740048E-9	0.0	1.4756579192740048E-9	4.240158119688388E-14	7.410827449356765E-12	1.959304348147677E-16	2.0762415797533625E-14	1.0263223564246901E-14	5.46176814768065E-13	8.466487816287738E-9
1.4417450985105131E-6	8.255569511576701E-7	2.2980132948362278E-6	1.7123254913290434E-6	6.842949535162619E-7	2.527710028595142E-6	5.040281169775296E-10	1.381631414807468E-6	2.7300473455865316E-7	5.225211933127437E-7	4.472330638179024E-9	4.564340013723997E-8	2.408637960155426E-7	1.2132420593110293E-6	3.1536530039783946E-7	3.733883661576197E-7	1.0578377340489003E-7	3.858031791219576E-8	7.99999554818607E-12	3.709611769427822E-11	8.197897256824408E-10	5.9171569953301966E-8	3.999146693263801E-8	0.0	3.999146693263801E-8	4.843780011384314E-12	1.6514165966937863E-5	6.192737083785746E-6	7.575023762677432E-13	2.749025244505746E-13	1.483333419384568E-11	9.848806899005894E-7
1.5013847037513493E-7	7.566094132036236E-8	2.597711723743774E-7	3.3492792310771214E-9	6.898408564463222E-8	2.740919231272765E-7	4.9911568368673817E-11	1.5381236144531133E-7	2.9512028362760798E-8	5.6316284463554613E-8	4.751025695508677E-10	5.021825178489018E-9	2.7668498034242567E-8	1.1433015642555482E-7	3.785191735631995E-8	3.4695614432511796E-8	1.0574469864270787E-8	3.187550912667799E-6	8.394965255107209E-13	5.0440936238985644E-12	7.4704430872907E-11	5.723681373025482E-9	4.120083240312199E-9	0.0	4.120083240312199E-9	6.213561441445885E-13	2.434107728775051E-11	2.289644410547056E-15	1.371044459371038E-10	2.816753509236199E-14	6.399133785416833E-12	9.724112853018343E-8
7.961546554082369E-8	1.0997908808469675E-8	2.7091465019945965E-8	1.594426898327562E-10	1.4427114504720082E-8	1.621215655014941E-8	1.0949582011199492E-11	2.5713312424053675E-8	1.1870727773280955E-8	1.8150261402144907E-8	2.0245208761116007E-10	1.2724343735515386E-9	2.984349623270601E-9	1.3502606981603381E-8	5.757179350990564E-9	5.819071988633745E-9	2.3011659579583595E-9	4.845871555047874E-9	5.68580343880586E-13	1.7156050466948395E-13	2.773454068246357E-11	6.995053337074074E-9	9.986867408031295E-10	0.0	9.986867408031295E-10	4.7811965254425325E-14	4.6557324149069E-12	1.6938589948998757E-14	2.045843729577745E-14	9.071383472291425E-9	4.7393665705116814E-11	6.544528949457909E-9
2.0601390930803482E-8	4.509933808972017E-9	6.626622420074749E-9	4.068963612185114E-12	4.31535555006978E-9	6.997130974251891E-9	3.334728644220888E-12	6.668597073764838E-9	3.010422512472239E-9	4.612487215946868E-9	5.1589327876309356E-11	3.279291788740299E-10	7.730018301540506E-10	5.9809979044753235E-9	1.3490554066060276E-9	2.0474252984204506E-9	6.507036101432756E-10	2.4947804310279393E-10	1.4492318455803403E-13	1.5042268157931203E-14	3.3424828064021523E-12	3.2912501800541104E-10	2.606192459194052E-10	0.0	2.606192459194052E-10	9.315440507175364E-15	1.2169165789324605E-12	1.889312590445584E-17	4.806111174637676E-15	2.998204796321047E-15	5.258665637441541E-14	3.5996699905734103E-9
1.2850712138420532E-7	6.368560863279068E-8	1.1434900777640972E-6	5.02494950599096E-11	6.559186338906062E-8	1.2340906040699319E-7	4.552105978706184E-11	1.0393586560146144E-7	2.097354802466003E-8	4.027579137017545E-8	3.516440556303652E-10	4.675514486908856E-9	2.2125561126072233E-8	1.0280984283913074E-7	1.6810087050591267E-8	1.2561959523477808E-8	7.224252420655297E-9	1.634703786559788E-9	6.453598375236905E-13	3.7148120017587083E-13	4.1397417286434E-11	1.8189384256638683E-8	3.4104117206660254E-9	0.0	3.4104117206660254E-9	1.3350741627550616E-13	2.6310218130214094E-11	9.704907220143278E-11	1.2194349156461186E-11	2.2601486930698522E-14	2.715461880964369E-7	1.9755117946730474E-8
0.003386905413109645	3.986429908052749E-4	8.950816083543756E-4	5.998157425832274E-7	7.371218703565841E-4	2.032468182910457E-4	6.798631585628645E-7	0.01004796353211978	0.001523890987743854	0.002907281118742489	2.1051247215701993E-5	7.827059336594444E-5	9.619116446496457E-5	3.74488032820062E-4	2.4293684090718071E-4	2.323533677556273E-4	2.2653126980062396E-4	2.8818078101389086E-5	2.1653108979417917E-8	1.8972406521205947E-9	6.051687718467947E-8	3.124543255358523E-5	1.1408480624326525E-4	0.0	1.1408480624326525E-4	1.9718908642217714E-9	1.7035209638253204E-7	2.966685158707739E-12	2.3572310200125245E-9	8.350205912238804E-10	8.265792878579215E-9	1.0646887794827018E-4
