32
NULL,mprotect@__mprotect,exit_group@_Exit,time@time,open@__open_nocancel,read@__read_nocancel,mmap@__mmap,munmap@munmap,rt_sigprocmask@sigprocmask,rt_sigaction@__libc_sigaction,sched_yield@sched_yield,write@__write_nocancel,syslog@__syslog,getpid@getpid,writev@__writev,close@close,open@__open64,fstat@_fxstat,read@__read,close@__close_nocancel,mremap@mremap,stat@__xstat,socket@__socket,fcntl@fcntl,connect@__connect,lstat@__lxstat64,openat@__openat64_nocancel,getdents@__getdents64,lseek@llseek,getrlimit@__getrlimit,write@__libc_write,madvise@madvise
0.5	0.5	0.0	0.0	0.0	0.0	0.0	0.0	0.0	0.0	0.0	0.0	0.0	0.0	0.0	0.0	0.0	0.0	0.0	0.0	0.0	0.0	0.0	0.0	0.0	0.0	0.0	0.0	0.0	0.0	0.0	0.0
0.3141797396807862	1.5034774891636877E-5	0.07544216512151884	0.005932774185757537	0.02105713461306698	1.0396341344260352E-5	0.024686032477012277	0.02957114839624471	0.02585007342543071	0.014591141667844629	1.286140736858234E-4	4.5980890545065095E-4	0.002427130713668813	0.016529154349118117	0.0023884009017976957	0.0013063526953323065	9.274295538465316E-4	1.1583761075227274E-4	2.1537525452982586E-7	1.8126528266393086E-7	6.937854359377871E-6	3.4262760189351465E-4	4.4658507324079976E-4	0.0	4.4658507324079976E-4	5.212173184888047E-5	2.30534317242985E-10	1.395947577802117E-7	4.867173529504419E-8	6.263281632737144E-7	0.00934775199672297	2.2172563991156972E-8
0.17056298155780603	4.663972610188334E-6	0.021696681205416714	0.0013049091193562293	0.0023484066894647075	5.96393927310375E-6	0.010609373749148429	0.0014683229787643007	0.013342132979983011	0.0055673484659837374	4.772399317704219E-5	3.7060636742951774E-4	2.6615685153418657E-4	0.0011080244040097094	6.561997379176451E-4	4.2983774578514444E-4	2.9292625643462564E-4	4.872472084331955E-5	1.293478267070232E-7	1.7046189241722721E-7	1.5001559132963481E-6	5.196514397596501E-5	1.1989054892652243E-4	0.0	1.1989054892652243E-4	8.44900834053854E-6	1.7087083839831898E-10	3.7671037494585584E-8	1.4475321443067688E-8	4.767779442436592E-7	0.0024696603466335685	1.477416375028667E-8
0.0028206191149084156	1.0364399175017256E-6	0.001719394701949444	3.44914519662549E-4	0.00905333770037375	3.913459496622575E-5	0.006657069405686565	3.488179625133885E-4	0.001883516409868165	0.0012942028725065951	1.182588037282942E-5	2.325066598348933E-5	9.748192274608094E-5	7.139068092614921E-4	1.3966120424739717E-4	8.829591980286123E-5	7.713492017466003E-5	7.596298220422508E-6	2.6207733418070846E-8	1.08557971252381E-8	3.2455302452694887E-7	1.4525493120496607E-5	3.8591725920847186E-5	0.0	3.8591725920847186E-5	2.155469144586397E-6	1.9072834849949253E-11	1.3650312650955641E-8	4.7522134026235236E-9	5.276044563170252E-8	4.283421110121168E-4	1.7543691591562712E-9
0.006034458196156634	4.47923821275479E-6	0.003940215862211294	8.804126766166269E-4	0.010143416561883306	0.004270331205605646	0.009491089097066849	0.0013178740989374551	0.005393461490175075	0.00275457863247169	2.5016453150302698E-5	3.3219681992650325E-4	0.013450854402408464	6.409873649836326E-4	3.1500627957817365E-4	2.1123262597088938E-4	1.354925149466525E-4	4.504711124046665E-4	6.631557136280714E-8	1.801388062730621E-5	1.0940517572550122E-6	4.281976817808538E-5	6.418437737483087E-5	0.0	6.418437737483087E-5	4.437613342684728E-6	2.483023540082226E-9	2.159844269161824E-8	8.393587883973735E-9	6.198102600511521E-7	0.002021622592069036	1.7761191605933824E-8
1.913853646404724E-4	1.2061728002396445E-7	2.5559703765041966E-4	3.6545040168223595E-5	1.7613191492330517E-4	8.37605301410449E-5	5.280766738308583E-4	4.3044244322773266E-5	7.710428057855018E-4	2.650737254219017E-4	2.0466216206689257E-6	0.0015313515826434678	6.227537545328473E-6	2.077713919237751E-5	1.057096178188769E-5	1.1397453606773267E-5	8.678745888744941E-6	1.0382442594434052E-6	2.8410526833754194E-9	2.094895966384762E-9	4.984786141453637E-8	1.0098753263130468E-6	4.205153560379942E-6	0.0	4.205153560379942E-6	1.3149093650480017E-7	1.980269080293498E-9	1.8540354350466486E-9	5.618854005618154E-10	4.3033911521523287E-7	7.03130620459255E-5	2.3232305122711822E-10
0.006368023606349334	0.01576865065267188	0.0043872524986984405	5.927056538734931E-4	0.0027386794233465843	2.61417738849333E-6	0.05239928149478264	0.059980981462586395	0.0039299365967414785	0.0023514971056618453	2.113419682222298E-5	1.255793363604262E-4	0.001311602449017993	7.169855469744608E-4	4.0890613186373787E-4	1.6706536293425867E-4	1.4651824101542642E-4	1.7833742935760902E-5	5.2896990906679066E-8	1.4239893696785082E-7	6.949636229285472E-7	4.497724770036732E-5	7.266757013534817E-5	0.0	7.266757013534817E-5	3.3305811873563946E-6	4.6158962062680044E-11	2.2918910546860124E-8	8.06662045347597E-9	1.283801040007141E-7	0.001057429778762301	1.2585916730930934E-8
0.006119931621926604	0.02943420551568176	0.004975940862027419	0.0013297581300174052	0.0024568158644223534	7.212636813170997E-6	0.020201893601100793	0.01700322383894501	0.006467486543498041	0.004013647798237356	3.601268223672419E-5	1.138064777849001E-4	8.12160793422563E-4	0.0012955964323481085	4.6879632117818854E-4	2.8905299154148833E-4	2.3664518525429087E-4	4.783409384855753E-5	8.922655968933223E-8	4.5832968702192056E-7	4.761163509952095E-6	3.399767042936876E-5	1.169203763833187E-4	0.0	1.169203763833187E-4	4.272698792366285E-6	1.269633159013403E-10	4.0757277021006044E-8	1.4085637530169679E-8	3.545137301262549E-7	0.0032511595151361187	1.0342902320864735E-8
0.0168781254368786	8.114899214104653E-6	0.0404015314413731	0.0028899173635631484	0.0039302160665259395	8.637395763081495E-6	0.013284016208934175	0.002488794938817563	0.018657227924937028	0.04202187703172885	2.9270168907433424E-4	3.6493992582484766E-4	4.449123860008481E-4	0.0017474822685021978	0.0010527550778896807	8.295316414293298E-4	6.286926378749583E-4	8.036021037854185E-5	2.617842398991122E-7	1.682714520706116E-7	2.5991229272755306E-6	8.381037915505602E-5	2.942927875813384E-4	0.0	2.942927875813384E-4	1.235919917006947E-5	2.6370417291376355E-10	1.051706292402981E-7	4.394221527121519E-8	7.360218621722356E-7	0.0038413747191285673	1.7598950072638083E-8
0.012175473721868007	5.959465963573813E-6	0.04062634476306955	0.0018564255218665386	0.0028822552026739213	6.5183030880595685E-6	0.011021718121489887	0.0017442173032753729	0.015265367925066187	0.018170769566672688	4.083403257601283E-4	3.428510341376961E-4	3.240105599955898E-4	0.0012743624689304052	7.606935599168472E-4	5.728027168421819E-4	4.4828383274236866E-4	5.723042309127637E-5	1.6715375609760557E-7	1.58012026513369E-7	1.794940855794565E-6	6.053582069692654E-5	2.0387681364105365E-4	0.0	2.0387681364105365E-4	9.305716198451075E-6	1.9285630483708763E-10	7.197868592703021E-8	2.7260618102546394E-8	5.381800802968359E-7	0.0027937739706676407	1.5179308075041394E-8
1.245976406803767E-4	5.750548626764853E-8	4.454434019807465E-4	1.78043198252835E-5	2.8401622796941136E-5	6.773436454473175E-8	1.1483785929021635E-4	1.7728709731174452E-5	1.5121205333460923E-4	1.8842901906159426E-4	1.4194402032544255E-4	3.716636183437128E-6	3.2131773635960547E-6	1.3013520830978427E-5	7.757231656716996E-6	5.523523260605317E-6	4.006072199664885E-6	5.821962267942628E-7	1.680455543918699E-9	1.7109410033436138E-9	1.8261949238489014E-8	6.158066114734699E-7	1.7576964554024483E-6	0.0	1.7576964554024483E-6	9.635656662816462E-8	1.9875483236745047E-12	5.944105919563091E-10	2.356400829794598E-10	5.546395849478317E-9	2.8805209756900413E-5	1.576079637856568E-10
6.941442270616201E-4	1.454836301133453E-7	6.607612576257244E-4	4.956708319272777E-5	0.0032886271265873427	1.2366102981578679E-7	1.654160222974876E-4	7.272353977245006E-5	8.323619313130361E-4	2.9560901037497584E-4	2.3125827215554812E-6	0.0015330235086961712	2.631746083014648E-5	8.320146241602624E-5	6.865909635035813E-5	1.4973785965193796E-5	1.388953501071374E-5	1.291474217956042E-6	2.6590443628880725E-9	2.797151516051316E-9	6.235228341144947E-8	5.871690803879013E-6	6.93708998053519E-6	0.0	6.93708998053519E-6	2.606830905322472E-7	2.816700065552985E-12	1.8556514477083817E-9	6.549571786980885E-10	7.808003247510926E-9	8.54058714525564E-5	3.0036535150036965E-10
0.001685132161020908	1.8332066915709132E-6	0.0015897964062979936	3.5142713793420287E-4	5.206316808804916E-4	1.3415456682446096E-6	9.92313208445292E-4	2.636753407084311E-4	0.0032272577999559364	0.0013792383482120196	1.191378993717827E-5	3.4741863367383167E-4	5.7701728141288524E-5	1.8933091826991692E-4	1.0207375001752147E-4	6.922935841149827E-5	5.372479332415265E-5	1.1510927605586381E-5	2.7082430983293187E-8	8.234978740851131E-8	2.6890751467712293E-7	9.160244599641792E-6	2.6313909719595912E-5	0.0	2.6313909719595912E-5	1.2002745604935771E-6	2.5206710686922178E-11	9.29992354813323E-9	3.659476281089262E-9	7.03263311009449E-8	6.002527928562413E-4	6.861292870763043E-9
0.010880769406683168	1.8248174188363292E-6	0.0076840351281384014	0.00372333795744099	0.0026351671314722505	2.0148105477574444E-6	0.0021643886789807333	0.001784165665806505	0.0024897700972825875	0.0015873342016790002	1.4369720458666801E-5	4.332576071624234E-5	3.569975356726426E-4	0.0013830566744108788	0.0010131946977971961	2.847306977018893E-4	1.7927005222796992E-4	2.4199308724399347E-5	2.2526967022221883E-8	2.709094891493078E-8	1.8116426904235957E-6	1.0064989494469107E-4	8.45963789955291E-5	0.0	8.45963789955291E-5	3.0963718637037965E-6	2.757062265352674E-11	1.5934109289586923E-8	5.624477847608319E-9	7.618337309262664E-8	0.002411889841374194	3.1911498844294657E-9
9.469215401111316E-4	6.603647640428244E-7	0.0011238185050155443	2.0722431828264156E-4	2.954689646850495E-4	4.6733488438849534E-7	6.661475088517956E-4	1.6365456402507388E-4	0.0014608221781680264	0.0011150361198892836	1.0256716087284833E-5	0.0015567751088231586	3.2021175146453985E-5	1.001025250079E-4	6.0414298087569434E-5	4.6362120248063653E-4	0.0011600933922802567	4.675690886343179E-6	1.4861239366584094E-8	9.867732812871609E-9	1.4564720143113368E-7	4.94222706660443E-6	6.287966058355388E-4	0.0	6.287966058355388E-4	6.527553035005794E-7	1.3862467661177943E-11	1.2411732991908213E-8	4.282097499053432E-9	3.8679937485091986E-8	2.1269055158898615E-4	1.273382864532657E-9
8.41660433962397E-4	4.3237338082476745E-7	7.599076479571361E-4	1.4594776378492434E-4	2.2294855651014953E-4	4.842587062855375E-7	4.4317932881069474E-4	1.8375222041559184E-4	8.257161550254904E-4	5.556921145606426E-4	5.938885834924759E-6	4.9909888028179426E-5	2.500673156528697E-5	8.57153183879392E-5	5.301055193298954E-5	3.349541855397272E-4	9.840043935133206E-4	4.238649875960467E-6	1.4493791445315073E-8	1.50214190906001E-8	1.346774393916409E-7	4.255418267675685E-6	8.280715547426057E-4	0.0	8.280715547426057E-4	5.79819762370043E-7	1.2530644886313927E-11	3.0874855931639047E-9	1.8394419309491318E-9	3.4973968687203014E-8	2.1447785075302624E-4	1.4246438865266844E-9
8.969755209246032E-4	4.4756087862549775E-7	7.511136140647525E-4	1.9881972209580278E-4	3.532010206911637E-4	7.928191999248693E-7	5.020057314547807E-4	0.0012574931423344757	7.566138021595617E-4	5.148454330995315E-4	5.325305128247784E-6	3.7923849052397944E-5	4.729303924255733E-5	1.7057551623696982E-4	5.734976550658517E-5	1.9935102669338202E-4	4.0125519578109195E-5	7.411276547481294E-5	1.2169827603058483E-8	1.7815676936358217E-5	1.0313604171330332E-6	1.5092838079264438E-5	1.0601746421506435E-5	0.0	1.0601746421506435E-5	5.97349606715037E-7	1.8733043974366144E-11	3.452510358106836E-9	1.7515209657398393E-9	5.2299761084908546E-8	4.4840956233661405E-4	1.6285612268213404E-9
1.4104679140213293E-4	5.4623855459494274E-8	1.2130979140312238E-4	2.1347381454254255E-5	7.207268894233367E-5	6.791850771192399E-8	1.573891181845173E-4	7.28360603649318E-5	1.1607006763453293E-4	8.610041536338192E-5	8.295783919276233E-7	1.3991439990893242E-6	6.697965981032968E-6	1.5785824656422436E-5	1.064092491577632E-5	8.8745941433546E-6	4.884210194485289E-6	3.5856378353642984E-6	1.4141340622871507E-9	2.4152486439775667E-9	2.2844201253096827E-8	8.433407350032977E-7	2.4126896770514525E-6	1.0282626445431728E-6	2.4126896770514525E-6	9.206724814674703E-8	2.2613435700797675E-12	3.8642254485317447E-7	1.238089914476212E-8	6.305295702796332E-9	3.0367994618827226E-5	2.2947627055442023E-10
1.2615711246088065E-7	2.849337514184949E-11	9.479403647499713E-8	1.1082656423668781E-8	1.3534677477270795E-7	1.696205901938653E-10	4.4459481055773E-8	1.0658910767156002E-6	1.0087532075526058E-7	4.3519321338633814E-8	3.662966729048366E-10	1.209680301815554E-9	1.3116397566891294E-8	1.4307216887977236E-8	1.0556123902985004E-8	2.8145946704511284E-9	2.425513259497153E-9	4.45168666691622E-10	5.389946738924542E-13	1.4528422555831424E-11	1.333891383277108E-11	9.183801407483477E-10	1.1893318344994175E-9	0.0	1.1893318344994175E-9	7.7316108763119E-11	2.2150118023036905E-15	3.253198658996457E-13	1.185676065653533E-13	6.175888406259782E-12	3.3814065886283864E-8	6.669279436528968E-13
2.4377371630810778E-6	8.779573847159365E-10	2.0923758525597305E-6	3.71952608472418E-7	1.4784034361427929E-6	3.019746960518864E-8	1.083085922916689E-6	1.9732532264355488E-6	1.8752270081029374E-6	1.3213285568902195E-6	1.2542456618967739E-8	2.356650163820789E-8	1.53711006852577E-7	3.3551494287762465E-7	1.7693038380584536E-7	9.777199154910151E-8	7.533049356531159E-8	1.2364959804177871E-5	2.095328046737875E-11	2.836181227370031E-10	6.952427216248337E-10	1.5765892768869335E-8	3.68944439067517E-8	0.0	3.68944439067517E-8	1.6245880751872037E-9	1.5471502233261405E-12	1.2853023724839449E-11	4.811440472281719E-12	4.328606524265364E-9	6.148228921992865E-7	6.086113586620775E-12
2.7654399775080007E-6	9.951222052445086E-10	1.6218585155496662E-6	3.9302059449296793E-7	9.265053096005594E-7	1.1184402525893255E-9	1.2304034725674767E-6	2.9374258872698794E-7	2.2707413751369716E-6	1.1509473161896104E-6	1.0073556414479046E-8	2.5299206910687076E-8	1.2599543580319243E-7	2.7587908399311496E-7	1.1412075069265255E-7	6.801916060475183E-8	5.756516981250863E-8	5.939861784003099E-9	1.5024550271848165E-11	1.2803411300649473E-11	2.6797883154037036E-10	1.4522141385855901E-8	2.8516755484528437E-8	0.0	2.8516755484528437E-8	2.2173885558660347E-9	1.6757958967819695E-14	9.800299229873777E-12	3.559096816462929E-12	4.6154684810117434E-11	6.039671642484142E-6	1.532623823974818E-12
4.249499066459726E-5	3.284118595368721E-8	3.454935750156419E-5	1.5049548149147283E-5	1.600053766554204E-5	1.573809346527727E-8	3.6429537620907977E-5	5.68760622284575E-6	3.593752793812495E-5	2.7543628551204724E-5	2.6429450744519706E-7	4.333921545628349E-7	1.7455309214051258E-6	7.831578490493054E-6	2.4147555191515506E-6	1.6967737044647518E-6	1.501174637084277E-6	2.5948786383561106E-7	5.442138827835831E-10	1.9671830523357238E-10	5.291101328487435E-9	2.690243841693146E-7	7.513220542225814E-7	0.0	7.513220542225814E-7	3.053746146453224E-8	6.4001093944131175E-12	2.7502375017497605E-10	1.0370698131252815E-10	1.7900055566547062E-8	7.1062410997621195E-6	3.454647218831485E-11
1.901198944563354E-4	9.594520977554296E-8	1.721721754965634E-4	3.242179331545681E-5	5.080398640653958E-5	1.0235373804054378E-7	9.958247027363385E-5	4.008374289119799E-5	2.046415424808473E-4	1.2819413949446013E-4	1.3405379614095687E-6	1.0729286162361124E-5	5.7059268642231186E-6	1.933643148369976E-5	1.154611968310414E-5	2.335454877810808E-4	6.187182317817588E-4	9.211549919425237E-7	3.1658804367530246E-9	3.2254857756048296E-9	2.9765045884104744E-8	9.628838519141132E-7	8.027530798855976E-4	8.005510291803098E-4	4.0247696910350824E-4	1.3214050190000992E-7	2.7501879907427112E-12	7.169302120376017E-10	4.124931828073002E-10	7.67392363075673E-9	4.70826920141302E-5	3.093210509847063E-10
5.714924551005467E-5	2.8851512003035325E-8	5.176058010273987E-5	9.755434122783315E-6	1.5291945230026774E-5	3.081268694072567E-8	2.9949558630099905E-5	1.208782655921469E-5	6.149725427614122E-5	3.8538365288442536E-5	4.02901469204852E-7	3.219880167355919E-6	1.7173059770520362E-6	5.817483228748999E-6	3.4717116974087736E-6	7.006901359812437E-5	1.8561989472528574E-4	2.782515985975655E-7	9.50859163627397E-10	9.835011821961294E-10	8.97749251471959E-9	2.8962684008529305E-7	6.630029481104178E-7	1.0234637311799661E-7	2.008010583391553E-4	3.9713902766672195E-8	8.27928576363942E-13	1.064646818158062E-7	3.4476934476695844E-9	2.3102000617235785E-9	1.4157568799996797E-5	9.2961088235264E-11
1.8061316348007712E-4	9.114757773179986E-8	1.635628999721712E-4	3.0800578093876266E-5	4.826359034399399E-5	9.723565476604806E-8	9.460296111942427E-5	3.807940051936038E-5	1.944086728672006E-4	1.2178393607839067E-4	1.2735058720060617E-6	1.0192780304283837E-5	5.420608424385498E-6	1.836953502774468E-5	1.096876898574111E-5	0.002123171084689515	5.877799241602689E-4	8.750936751041314E-7	3.0075741548077506E-9	3.064198995890855E-9	2.8276678322543955E-8	9.147359304790252E-7	2.091939642418366E-6	0.0	2.091939642418366E-6	1.2553296508108085E-7	2.612667940897891E-12	6.810809250701153E-10	3.9186692625638335E-10	7.290197731378475E-9	4.472837508219461E-5	2.9385380056667894E-10
8.606594818603667E-6	2.3996419859790037E-9	7.06066435675036E-6	1.3949334156932871E-6	5.697249900720654E-6	6.008191721111687E-6	3.0310368874260804E-6	1.0214233179481704E-5	4.206187737556555E-6	2.32451743308207E-6	2.056663039146632E-8	6.182846336360527E-8	6.031861027608951E-7	1.8422870040080955E-6	7.49362361365816E-7	3.303933061314455E-7	1.7602267314815675E-7	3.416283275671915E-8	3.19654709722923E-11	2.9705274813128295E-9	5.829769386101302E-9	6.816360066904551E-8	7.991616639912266E-8	0.0	7.991616639912266E-8	5.850244528693038E-5	2.193627612210379E-5	2.151116021699281E-11	7.626215786728317E-12	1.0875381084226462E-9	3.7983023356848607E-6	1.9055203351898504E-11
9.061687448921166E-7	2.443857004465063E-10	7.320467758200617E-7	1.3712879859020937E-7	6.376300779219425E-7	1.1750401638786019E-8	3.111951789702963E-7	1.1062061914766057E-6	4.687296929890834E-7	2.494723936638661E-7	2.192237117005245E-9	6.7610158464079916E-9	6.828811706504495E-8	1.8101786503758595E-7	7.833246031973584E-8	3.2200423135143825E-8	1.82219188008681E-8	1.1281075842503492E-5	3.3787583771566742E-12	4.139174379451083E-10	5.332168757583755E-10	7.106036243224714E-9	8.376785474618011E-9	0.0	8.376785474618011E-9	6.833054126845227E-10	5.92865192056794E-14	5.264512223725765E-10	7.996558984268873E-13	1.657531934926684E-10	3.6890818524023116E-7	2.4271143151944982E-12
2.3421960678109274E-7	6.129495687037842E-11	1.6270806575254102E-7	3.064576312512317E-8	5.152652078311155E-8	5.864736308704495E-10	8.739922736144537E-8	6.309708122750635E-8	1.0448661304771501E-7	9.521325758735477E-8	1.0688687409416622E-9	1.7632799405928113E-9	5.89224754969349E-9	2.4067625583690606E-8	1.1379420534860383E-8	7.511517573013386E-9	4.097038622762332E-9	1.4728974816967307E-8	2.5474805508657623E-12	1.1533880118760439E-11	1.2691951946149678E-10	1.6737993117413502E-9	1.8880022846035367E-9	0.0	1.8880022846035367E-9	1.1527529032776199E-10	6.771493201876542E-14	6.007437708317123E-13	3.2133495662511276E-8	1.8945012369476727E-10	4.6828457097069576E-8	1.5699317568593905E-13
5.315997891962484E-8	1.8227886269483077E-11	4.708120227070938E-8	1.006571800072488E-8	1.536376368110377E-8	2.4911633363258134E-11	2.5279876205626574E-8	2.951907736176324E-8	2.756681662541363E-8	2.4834505829818096E-8	2.771771795642665E-10	4.871231374352338E-10	1.925202746581274E-9	8.984314485081512E-9	3.886226400259364E-9	2.422604589876725E-9	1.1906182161198059E-9	2.3985256535698996E-10	6.587868691588252E-13	3.0103715330890387E-13	2.6432865511710944E-11	3.3408524676030005E-10	5.331519491432125E-10	0.0	5.331519491432125E-10	3.027571991368943E-11	5.680204380992748E-16	1.5762341213703443E-13	9.159381187780033E-14	1.5837821235157229E-12	1.9455165747573085E-8	3.571585059696844E-14
8.824713729203107E-7	2.800884475137941E-10	4.256647048591113E-7	1.483068980718466E-7	3.934538965580424E-6	2.611188764831069E-10	3.311893812507094E-7	4.957821692331357E-7	3.773043298612765E-7	2.345570999628828E-7	2.1129166931330584E-9	5.917694341401298E-9	3.488738943615229E-8	1.3435854909012504E-7	3.295985562420525E-8	1.951437130404439E-8	1.4460177576839173E-8	1.7531040263086896E-9	3.2604979209904065E-12	1.6487676701002122E-11	3.85406164751976E-10	5.903067861529397E-9	7.022813772257582E-9	0.0	7.022813772257582E-9	5.544296172804002E-10	3.7025066925359727E-10	4.861365234152171E-11	8.213438047839794E-13	1.035972226692444E-6	1.830250712597168E-7	5.452481630421337E-13
0.003137006979557013	1.9685795512523427E-6	0.007175507025708427	6.566391641405989E-4	8.877149307546569E-4	1.5960395402134268E-6	0.0025362422175015287	4.716427949565281E-4	0.02090311660811286	0.006755687735718787	5.085339176409029E-5	5.3401002212299496E-5	9.668330426477552E-5	3.309550880383239E-4	2.0285699674140305E-4	1.9377791637130936E-4	1.9075154978931026E-4	1.5421887850502435E-5	4.886655055594071E-8	2.5011970012360503E-8	4.837945760553972E-7	1.6072528474465443E-5	9.56476799982212E-5	0.0	9.56476799982212E-5	2.3025575206133525E-6	4.88960396606361E-11	3.712566785028779E-8	1.2993926465212334E-8	1.3646517969888695E-7	6.890957412526592E-4	3.3656917142183438E-9
2.2371542695522354E-8	8.601649561666712E-12	1.94406277933775E-8	3.6462496335311287E-9	7.260640363934224E-9	4.716015722718531E-11	1.1508210679971486E-8	4.183952931717059E-9	3.3326161289305835E-8	1.505968347259251E-8	1.3485658131479175E-10	4.1330571216233745E-10	8.705429881677533E-10	2.3723375053508375E-9	2.000411605509649E-9	8.943412251782248E-10	6.766424901563596E-10	3.193301613897233E-10	2.2891377643343977E-13	4.973205253641714E-12	3.962724393032097E-12	1.244063806018087E-10	3.341946123945946E-10	0.0	3.341946123945946E-10	1.9683706741045785E-11	7.857178136847396E-16	9.727010492641337E-14	4.1355983441084246E-14	2.194073234535096E-12	1.5986258752318628E-8	1.8266313767690143E-14
