32
NULL,open@__open_nocancel,fstat@_fxstat,mmap@__mmap,read@__read,munmap@munmap,open@__open64,close@__close_nocancel,rt_sigprocmask@sigprocmask,exit_group@_Exit,rt_sigaction@__libc_sigaction,sched_yield@sched_yield,mremap@mremap,time@time,read@__read_nocancel,mprotect@__mprotect,lstat@__lxstat64,openat@__openat64_nocancel,write@__write_nocancel,syslog@__syslog,getpid@getpid,writev@__writev,close@close,stat@__xstat,socket@__socket,fcntl@fcntl,connect@__connect,getdents@__getdents64,lseek@llseek,getrlimit@__getrlimit,write@__libc_write,madvise@madvise
0.9806707745640502	0.0020383619328897683	2.145887124850044E-5	0.0025486249562460045	1.8175728991200463E-7	0.0020729574241962596	1.0987549951826918E-4	1.6630470491469988E-8	0.0030086425063311174	0.0010020088311028855	0.0019712077154671547	1.7844923437177074E-5	2.640333374475071E-6	8.347405877803614E-4	1.7486754408982034E-4	1.8099638153812472E-6	3.4524646718978107E-6	2.1040673084426273E-11	3.9376681622404546E-5	2.3260505515771885E-4	3.231678953689467E-4	2.2038734881050544E-4	2.318183446300262E-4	5.1988868241803314E-5	4.6747542579507986E-5	0.0	4.6747542579507986E-5	1.5203240342894006E-8	5.322988611531857E-9	5.775142699524603E-8	0.0034670877827869236	4.373687398753947E-9
5.409057308795481E-4	0.001863995972501514	1.4639480230986673E-4	0.001778830935115076	9.795974765082415E-8	3.2962945147319147E-4	2.572986211073579E-5	3.962907481551462E-6	0.0012898615527483222	3.477828242675291E-4	6.375711604100242E-4	5.718881043579302E-6	2.732937347747313E-7	1.29434505960329E-4	6.30917390957305E-4	6.562972726483802E-7	1.2069795872892986E-6	4.2005703789936283E-10	6.686329513089193E-5	0.0026617352567692345	9.595260834198633E-5	7.66620529729111E-5	3.4821665109945375E-5	1.3838979864197325E-5	1.2363130309045182E-5	0.0	1.2363130309045182E-5	3.7204180412191288E-9	1.4295453887883967E-9	1.0397691194132833E-7	5.343520605055652E-4	4.982224933097849E-9
1.3573573315018549E-5	2.2073068982011086E-5	7.168187919573969E-7	5.2620124269190845E-5	2.885924233747982E-9	1.7856953477238695E-5	1.3981611489516692E-6	2.5279748463041473E-10	3.775364649258326E-5	1.478003620209663E-5	2.7603593825635423E-5	2.6368169595520154E-7	9.2278217567413E-9	4.41634041333562E-6	2.0183881145556358E-9	1.1108957686843365E-8	3.6714098565253546E-8	4.566378018615492E-13	4.5588096319224676E-7	2.3289804275177636E-6	2.843429997380311E-6	4.124237664953828E-6	2.1038074226057655E-6	3.6586922591376366E-7	6.960733261846225E-7	1.9170093462959983E-7	6.960733261846225E-7	7.208854471229207E-8	2.3253235122851606E-9	1.2675596552388816E-9	1.2000830124748147E-5	5.938781691730524E-11
2.9057894989209477E-4	0.0011310413174693671	4.151413656917825E-6	0.00833698401383065	8.727430436789632E-8	0.012082505868623078	4.289411958466188E-5	1.881222174025943E-8	0.001132343538747669	3.2043328989907573E-4	6.150442256354015E-4	5.4543661297605594E-6	2.3317317530004508E-7	9.976898063688586E-5	6.099386792396647E-8	0.002446400908111958	1.4180579120002783E-6	7.41762199816922E-12	3.0991432913445904E-5	3.278661002998689E-4	9.201639633102607E-5	2.3875217232495813E-4	3.843530580369072E-5	1.319428803351019E-5	2.1838736278198935E-5	0.0	2.1838736278198935E-5	4.186209318697763E-9	1.4955940359570687E-9	2.038614558440655E-8	3.573538600572883E-4	4.1959691024198855E-9
2.645463660479147E-8	2.6636034555950316E-7	3.6022791245023584E-10	5.603861919337062E-8	4.833944358271358E-12	1.464544488059502E-6	2.5342191552054787E-9	2.800571772782327E-12	1.349534106563185E-7	3.073302368101253E-8	5.8287447394272295E-8	4.916342840690373E-10	2.069890933294658E-11	8.872181670461246E-9	3.53541023028674E-12	2.4506739355603365E-11	1.5987306770001176E-10	7.912048992116856E-16	1.9313203227508273E-9	2.5549151074209468E-8	1.0789128413084321E-8	2.070251451057087E-8	2.8772370515668846E-9	1.5795925052435288E-9	1.2498162411449755E-9	0.0	1.2498162411449755E-9	3.2442629650550406E-13	1.191430309921545E-13	2.1587438710646E-12	3.4018561812178624E-8	9.978672754433352E-13
5.000722117739027E-4	8.974090056163303E-4	9.395834972262949E-6	0.003431818604704281	1.4169971932569075E-7	0.0030101669728419007	4.441525567039662E-5	8.512210700455222E-8	0.0017090952789343972	5.034379221307056E-4	9.789858098988788E-4	8.701878344336149E-6	1.5659573461554587E-6	2.4311173567420353E-4	1.0067588331909373E-7	0.004566518212841963	1.276221071779229E-6	2.1597977801993577E-11	2.595413004998253E-5	2.0528091947554013E-4	2.3323078565926582E-4	1.1477296915467821E-4	5.622890977679515E-5	1.2709100076865296E-5	2.159687839808701E-5	0.0	2.159687839808701E-5	7.0473688904121176E-9	2.46663315087406E-9	6.011285788416223E-8	0.001081470232009686	3.352018461501938E-9
6.944627614595696E-5	9.733684949828276E-5	1.3298197842209677E-5	1.1235523013409421E-4	1.9044139237836098E-8	2.6805176332919776E-4	6.6223925559478965E-6	3.9280485349409795E-6	1.7802359246765534E-4	7.49201223746168E-5	1.2216944093343366E-4	1.2706378618247676E-6	2.3271083428201092E-7	3.128184685602653E-5	1.4031779623426152E-8	6.982654623399494E-8	1.5849462129126347E-7	3.0176863829306113E-12	7.762336766036813E-6	1.2158514281345734E-5	2.3668606906805527E-5	1.2120676375639205E-5	2.677201873403685E-5	3.64543887493235E-6	1.940736303151658E-6	0.0	1.940736303151658E-6	6.032296597241039E-10	3.122213484706556E-10	8.403719719489456E-9	1.1625876167167033E-4	4.353184167400997E-10
1.8856701723996968E-7	4.396457056465029E-7	2.3792469390086534E-6	2.9688083119367116E-7	3.892853490423732E-11	4.306398011688384E-7	1.624875398919905E-8	6.047961603488469E-12	5.397353705403614E-7	1.9931495027546857E-7	3.7018282497132876E-7	3.5136632529157714E-9	2.0246078843632178E-10	6.822909671284948E-8	1.617235657602146E-10	1.6007015181618295E-10	5.355669402011256E-10	2.6006808039733257E-13	6.8046092275872385E-9	4.54467743752742E-8	4.916074276822205E-8	4.442956433285546E-8	2.1172184648023425E-8	5.624523596297665E-9	7.885892204933063E-9	0.0	7.885892204933063E-9	2.624735992056112E-12	9.982726686788048E-13	7.275162862912686E-10	2.0816507008198498E-7	1.41798193547653E-12
0.00549967146787999	0.0013817177060218354	2.075475653236791E-5	0.0038566269760691788	5.278504090127699E-7	9.141455207199156E-4	1.4288183485058266E-4	3.3525652541069235E-8	0.005066725004329318	0.0059539639858546154	0.010902162201687398	7.767015674362461E-5	1.0261491580765085E-6	5.621695706587701E-4	3.609066065583729E-7	1.4595287680463216E-6	3.489432835276202E-6	4.947121385551955E-11	8.529732291679688E-5	1.5304780567772472E-4	3.202167282332801E-4	2.470737955763552E-4	1.9057992646572978E-4	3.312660116429282E-5	6.634412919441436E-5	0.0	6.634412919441436E-5	2.2706937927630974E-8	9.613458292879782E-9	1.3766085868605192E-7	0.0014732409302782132	5.976656044770495E-9
0.006178404524243843	7.966828261781457E-4	1.0964251982117674E-5	0.003120025854268735	2.66739881146134E-7	4.968873545980909E-4	6.0350322232600916E-5	3.1968816024888085E-8	0.003229534347363172	7.520779721556059E-4	0.0013846367376503489	1.1920390875235346E-5	5.419326447515591E-7	2.2739281406331262E-4	1.810238067434269E-7	7.50698432112564E-7	2.132085118714337E-6	2.6714630789481437E-11	7.859797025795378E-5	8.972366084102473E-5	1.9030575099478965E-4	1.4170958215738407E-4	8.857874238565914E-5	2.078191494724571E-5	2.4477453026615454E-5	0.0	2.4477453026615454E-5	7.293975304589758E-9	2.7773887882272327E-9	7.423385872087512E-8	8.637727069527334E-4	4.547829420161805E-9
0.005505509485530352	9.875263260892859E-4	1.3817509696204862E-5	0.003214240097578472	3.3993793286026273E-7	6.148555948222071E-4	9.878678045397636E-5	3.039866737408749E-8	0.003945666978595728	0.005976889238080314	0.004716970848267449	1.0336369793034216E-4	6.783292411689885E-7	3.443967848914213E-4	2.3172114715246338E-7	1.0228170866923289E-6	2.4916610938698834E-6	3.313285524917262E-11	7.57508609190346E-5	1.0966052770719962E-4	2.2576172676085565E-4	1.7245197471664754E-4	1.2578734912239344E-4	2.4007106176221866E-5	4.479143239973321E-5	0.0	4.479143239973321E-5	1.513991705024747E-8	5.7433713408341975E-9	9.21296357253849E-8	0.0010222329414787655	4.896479194084526E-9
6.031434917019221E-5	9.764645535844434E-6	1.3867825172544283E-7	3.36280467475469E-5	3.4317329519194067E-9	6.205592182738757E-6	8.668515629297166E-7	3.267478173993542E-10	3.828558804785957E-5	6.549619708088774E-5	4.823595039440609E-5	3.521407903153041E-5	6.847144258906761E-9	3.2714143978368645E-6	2.336726397125975E-9	9.714175179870434E-9	2.5404392026190033E-8	3.344866628883969E-13	8.11531738776468E-7	1.0912768903226294E-6	2.292992989228121E-6	1.7342309702393376E-6	1.1962000519219866E-6	2.4515323237300215E-7	3.785703315570348E-7	0.0	3.785703315570348E-7	1.2249548681344772E-10	4.8773636210814077E-11	9.299967593322986E-10	1.0447742954943793E-5	5.017758031460839E-11
2.3698410550760483E-7	5.725931423628469E-7	2.5589243306903415E-9	5.108980019395679E-7	4.508614410734518E-11	1.9171878213741426E-7	2.2545868178786738E-8	4.758500693347161E-12	1.0643429750427257E-6	2.7304432020689263E-7	5.170394794578764E-7	4.508909771569807E-9	1.7703216331990163E-10	1.0807618939429454E-7	3.188202445919547E-11	2.7319723780456443E-10	1.3070483435601264E-9	5.684454845057579E-15	1.3397076102321234E-8	7.172021299484905E-8	8.961763564413575E-8	6.565722160676403E-8	2.5937279513662315E-8	1.3040382594774729E-8	1.10939570202043E-8	0.0	1.10939570202043E-8	3.1355139508167323E-12	1.160335204333213E-12	1.5454510457062323E-11	2.072226391329629E-6	9.283752210038977E-13
1.6308600553186682E-4	0.0015196766189034604	1.8276238143025084E-6	0.0011239426183271015	4.2801470065382445E-8	1.1808841227067298E-4	1.5759915039073202E-5	2.185244766489965E-9	5.056938083688978E-4	1.6610852191262896E-4	3.2257340356398035E-4	2.9317597617424753E-6	1.1736498592791521E-7	5.3648045000752106E-5	4.5922817689688066E-8	1.5635904072654356E-7	6.633535603285688E-7	3.5506378169393833E-12	6.637628265305129E-6	3.2023395595819504E-5	1.3449102356310412E-4	3.76386837443171E-5	1.8142538950873808E-5	6.544085034270049E-6	7.800775976944272E-6	0.0	7.800775976944272E-6	2.4232450728571766E-9	8.571835898291752E-10	9.72689791952538E-9	1.5222115786162594E-4	6.005346639682653E-10
3.78804249612035E-5	3.168764307772595E-5	1.7350822490184356E-7	8.92793620709862E-5	4.2428420423142146E-9	8.451643858627995E-6	1.4492559586257443E-6	3.318775061145966E-10	1.5509070223253954E-4	2.8655300426107303E-5	5.502176241511288E-5	4.2998151397487497E-7	9.68404733853475E-9	4.7786434395147944E-6	1.941022604148473E-6	1.6098302169969135E-8	2.8124766340034902E-8	3.3533745914916736E-10	3.01909453920057E-4	1.3795038949576322E-6	2.613613937965907E-6	1.8591400661810124E-6	1.658911461773868E-6	2.7867898329368625E-7	7.100051506868244E-7	0.0	7.100051506868244E-7	3.0214264772704935E-10	9.138615647604039E-11	7.31512968430702E-8	1.3973085761095042E-5	6.118007550424725E-11
1.742421753780435E-4	1.5965174679212808E-4	2.3980327424470967E-6	0.001254107458438741	7.36238840378468E-8	0.00361852280632194	1.715150954277352E-5	1.6591199244405413E-9	4.60740027731591E-4	1.8207667459588567E-4	3.6488236420006715E-4	3.3652389742350776E-6	1.31054044543653E-7	5.5491782412641425E-5	5.0506792455332093E-8	2.109258758548342E-7	3.8128414846515354E-7	3.3019857175067357E-12	4.199751987950567E-6	1.7247958022919238E-5	3.662092103462077E-5	2.1189356550746593E-5	2.0113680178639424E-5	3.4568117083534035E-6	8.428907390592187E-6	0.0	8.428907390592187E-6	3.178489583363242E-9	1.069572386011627E-9	9.171110703642027E-9	1.7666269520133412E-4	5.063048981845711E-10
1.5878449170703768E-6	1.295900655850273E-6	5.8182197692070545E-9	7.192960578676862E-7	5.363478450921867E-11	1.966776754523191E-6	3.045221123209374E-8	2.0951004403773848E-11	1.1008117772887196E-6	3.072353772991535E-7	5.931683328910113E-7	5.22910343095198E-9	1.2603687233801416E-9	2.2621808832637333E-7	1.939908796763359E-9	4.280771189821463E-10	1.0906964507427966E-5	4.089621061781427E-6	1.5729818787046842E-8	1.393929921124307E-7	1.7943709346548096E-7	1.1504440534366305E-7	5.633439415563351E-8	1.6559041681647924E-8	1.3515688496617402E-8	0.0	1.3515688496617402E-8	4.015975605875843E-12	1.4372900233651581E-12	2.094577680105718E-11	9.558942257674914E-7	4.08491640989467E-12
3.0910744768037135E-8	1.5381597087130693E-7	2.103072936142296E-6	7.303606332957142E-8	5.528207389142616E-12	2.1212111590522026E-7	3.090134783629191E-9	2.6474927001245367E-12	1.1946512607036191E-7	3.217389902819228E-8	6.192368206253132E-8	5.422196622989981E-10	1.1609727816243166E-10	2.1926659259696886E-8	7.588875119323446E-12	4.1885433664693386E-11	1.4105392852460354E-10	1.870286282086289E-15	1.6933532928779656E-9	1.6097214047343365E-8	1.763997585007896E-8	1.3219413453187783E-8	5.455204128193974E-9	1.7046161697237293E-9	1.3898214669710937E-9	0.0	1.3898214669710937E-9	8.914572940235919E-11	1.4628031131847724E-13	5.185719916945737E-12	9.145943596888498E-8	5.076248362556123E-13
2.9678501434006492E-5	7.441110298591657E-4	2.462139767452221E-7	4.306302414273212E-5	4.594134868686318E-9	1.6072602603535872E-5	2.236738694552767E-6	6.186742905222908E-10	1.903871944073373E-4	3.650464413916794E-5	6.975587383610742E-5	5.539684143749541E-7	1.5149955695983907E-8	7.269206215435262E-6	3.2206700540530773E-9	2.2617735070585518E-8	1.0574706501049373E-7	5.373905905369281E-13	3.0277166409761454E-4	1.37301736586562E-5	7.426390209610935E-6	2.3485851929754084E-5	2.4561259947069207E-6	1.0453881533414336E-6	1.1046047415955486E-6	0.0	1.1046047415955486E-6	3.3598612545202774E-10	1.2037323714992901E-10	1.4682481582927539E-9	2.1716703956136235E-5	1.0425593580581245E-10
1.6231959118418975E-4	1.5836212301542635E-4	2.4148240033309037E-6	2.4243901228865832E-4	4.179865905178736E-8	8.17223742625409E-5	1.0885355642597305E-5	1.5213212758972798E-8	7.364001621617619E-4	1.791627977398084E-4	3.314634768758764E-4	2.882409232609267E-6	9.041106850707315E-8	6.853021118022013E-5	2.8896434423879492E-8	3.06839978024699E-7	3.1548488604508884E-7	4.264421913059326E-12	6.906959976465325E-5	1.7044546039549562E-5	3.146223617798094E-5	2.1930665031164356E-5	1.3777839727238682E-5	3.0645197162182605E-6	5.285146101191627E-6	0.0	5.285146101191627E-6	1.8057226760501888E-9	6.94160171253861E-10	1.185865986152907E-8	1.9695622280130272E-4	2.0471944119775227E-9
1.0124862372600423E-4	2.54442773796844E-4	1.2721615883310271E-6	2.0927286942187275E-4	2.0330713725108437E-8	2.3936818463839388E-4	5.136145635879055E-5	3.053680498891006E-9	3.975413582076668E-4	1.1349639790509718E-4	2.1698824929252457E-4	1.9318601033990596E-6	8.392958155287067E-8	6.188856780933048E-4	1.4506035227573155E-8	1.0959140661469402E-7	1.085991927655543E-6	2.7718119176532996E-12	9.3392485581664E-6	6.738619354433653E-5	4.033178736718344E-5	3.8637427593329464E-4	2.803289172467373E-5	9.192897050726945E-6	2.7389019276470084E-5	0.0	2.7389019276470084E-5	1.4487933976327044E-9	5.277463051486732E-10	7.55556424001327E-9	1.1449841923989252E-4	5.221044025744517E-10
1.21264257076518E-4	7.954254993988313E-5	9.920693497201475E-7	1.4847550877184905E-4	2.327738510174489E-8	4.571252031619628E-5	2.2824024041028301E-4	1.6991105002615397E-9	3.371429009633081E-4	1.3127111408651207E-4	2.6143600402367314E-4	2.4134967278672033E-6	4.6873171176299847E-8	3.224748226407265E-5	1.6014552738742178E-8	9.840142841480946E-8	1.614545486648038E-7	2.2598381055097555E-12	3.071712548048421E-4	8.496252614714987E-6	1.4820750954555346E-5	1.2172202060505046E-5	9.119301851566276E-5	1.531680195805931E-6	1.2360005172131904E-4	0.0	1.2360005172131904E-4	2.185698620098286E-9	7.575910829510049E-10	6.286432954600495E-9	6.737938001293293E-5	3.610013435868973E-10
7.850886221987536E-5	6.24748673483157E-5	9.088811394865717E-7	1.0102562029836759E-4	2.2747534148885873E-8	4.7400675161687585E-5	1.938974435481263E-4	2.5635873221770235E-9	1.868460672093599E-4	8.462747162533728E-5	1.313510506174801E-4	1.4205117116444633E-6	4.4294677205961554E-8	2.3578687586480716E-5	1.565648944626594E-8	6.615140488816173E-8	1.4246377390236855E-7	2.079221971189518E-12	1.0020557510791043E-5	6.807390885830519E-6	1.2867573542895393E-5	1.0273970739261125E-5	6.608591215942735E-5	1.32153252732213E-6	1.6312438944270224E-4	0.0	1.6312438944270224E-4	5.439141513726075E-10	3.315200275954505E-10	5.7878273598662834E-9	6.926407751086637E-5	3.9316638252990285E-10
4.361590037068186E-6	6.2503536594260254E-6	7.536478123088396E-8	1.0859048784731552E-5	9.761781910010859E-10	2.270147577844722E-6	3.9619956590293503E-7	4.813840978384119E-11	1.2026719405893487E-5	4.7431281554184115E-6	8.975047940349345E-6	8.524105145271198E-8	2.2783909556443475E-9	3.831292195046972E-6	6.559381085213404E-10	8.029598585334962E-9	1.0833377560037568E-8	1.1122203629246354E-12	1.388903455931189E-7	6.671257886754856E-7	1.664885832595673E-6	7.664429326921077E-7	4.371803900770181E-7	1.195289714276309E-7	1.9703576787093277E-7	0.0	1.9703576787093277E-7	6.769577456180948E-11	2.5204937304633166E-11	3.108900822430226E-9	3.0229633623850235E-6	1.5201426698779246E-11
1.7771782982143947E-5	1.4592412902885152E-5	2.016461157547375E-7	2.2943857278606E-5	5.000958491802593E-9	1.0575214707459602E-5	1.2204623517833266E-4	5.582111582934605E-10	4.655625845946245E-5	1.93250649060543E-5	3.045732635899214E-5	3.222925706293605E-7	9.89722008248154E-9	5.285567377501549E-6	3.4425328552743755E-9	1.4798013380368503E-8	3.3326325104348984E-8	4.604347969368254E-13	2.1767384526456763E-6	1.5949174499836041E-6	2.958608278754293E-6	2.34858817435335E-6	4.6204990058823296E-5	3.11399457422635E-7	1.5824995853718963E-4	1.5784030935212643E-4	7.932968631319261E-5	1.2774853873115641E-10	7.489601471560485E-11	1.2809703450716675E-9	1.538132191308282E-5	8.624283153624059E-11
5.340139077787725E-6	4.390540183026602E-6	6.08563890796921E-8	6.899184870870735E-6	1.5019717237383747E-9	3.185682273017788E-6	3.6614650805539565E-5	1.6763607441366638E-10	1.399137865027729E-5	5.806856440231673E-6	9.15563953877193E-6	9.685818343278824E-8	2.980375269865437E-9	1.5904267396398338E-6	1.0339478390192223E-9	4.4503023821550694E-9	1.0015282780046016E-8	1.3830454619985972E-13	6.532701303703951E-7	4.798395673450518E-7	8.894823029671075E-7	7.060126159855208E-7	1.3862451651043614E-5	9.367420077431225E-8	1.2331507696163788E-7	1.9080626420486426E-8	3.958345118896018E-5	1.9846623163797922E-8	6.421536401037309E-10	3.847734506720209E-10	4.62335860152217E-6	2.5913630395525592E-11
1.688312501048443E-5	1.3862735747535845E-5	1.915630290774092E-7	2.1796575562880724E-5	4.7508912006284925E-9	1.0046413018780575E-5	1.1594345078628667E-4	5.302984386645305E-10	4.42282652439134E-5	1.8358736822999407E-5	2.893434209277933E-5	3.061766939959251E-7	9.402320750636063E-9	5.0212685398734096E-6	3.2703928810459524E-9	1.4058055404941885E-8	3.1659879790457146E-8	4.3741127402196377E-13	2.067893100431726E-6	1.515165401047892E-6	2.8106664073858153E-6	2.231149670553176E-6	4.1876432656446467E-4	2.9582827863392753E-7	3.8916513941308387E-7	0.0	3.8916513941308387E-7	1.2136061707887436E-10	7.115092393943324E-11	1.2169168671650821E-9	1.461219625211477E-5	8.193035597764453E-11
1.4260310616840881E-8	1.594937022176325E-8	2.8115348388216735E-9	2.108622941460954E-8	3.986634959824882E-12	1.617142895908526E-8	8.152943191480791E-10	2.1960218085908872E-13	2.7126011992249994E-8	1.5179504516966517E-8	2.354071928514766E-8	2.615807903190299E-10	2.9311712965860234E-11	5.151104440192487E-9	2.915851240453987E-12	1.0064372568064868E-11	3.1587708962165644E-11	1.1327238073826686E-14	4.30824393637897E-10	1.7748373757353102E-9	3.102941337277657E-9	2.401913619781804E-9	1.4692364432716942E-9	9.706972448429513E-10	3.6962177782038734E-10	0.0	3.6962177782038734E-10	1.1110111789495536E-13	5.990706773628069E-9	3.168621518319497E-11	1.4575371149231662E-8	4.5281099286366475E-14
3.6262665851113283E-9	3.827223890608435E-9	4.923252126287801E-11	5.8240858337512005E-9	1.0215065077609805E-12	6.288249536103743E-9	2.168186025348764E-10	4.874821217240091E-14	6.956518625522122E-9	3.886122882103172E-9	6.061088149640622E-9	6.710880963578538E-11	6.271889084472773E-12	1.6595412521764872E-9	7.063304290888122E-13	3.0408485861094015E-12	8.137841283816691E-12	9.432691995918465E-17	1.119730896796423E-10	4.547510997438597E-10	1.0248708424585551E-9	5.634760373273918E-10	4.4166512294062993E-10	9.087475954144049E-11	9.46829496750732E-11	0.0	9.46829496750732E-11	2.8936112300279936E-14	1.663994657499372E-14	2.619094079375971E-13	5.403040101612886E-9	1.0445440692180869E-14
2.627339744717968E-8	7.049328313743302E-7	3.747993032132073E-10	7.11402407535535E-8	5.200632757442008E-12	1.0292804633414644E-7	2.9495967639151437E-9	7.125529888995662E-13	1.0355090736823056E-7	2.956795097535584E-8	5.688811897070515E-8	5.049329317884689E-10	8.41591266038261E-11	2.1182709040107154E-8	3.726840177190577E-12	4.159861899714149E-11	1.7086491188396337E-10	6.307092570166643E-11	1.6936806287662432E-9	1.0280914770949973E-8	1.8038534575747952E-8	9.964562995911112E-9	3.607999623975636E-9	3.227352953332709E-9	1.4371189087026592E-9	0.0	1.4371189087026592E-9	8.27069122542198E-12	1.3924856238462874E-13	1.764742713580865E-7	4.739109373111973E-8	1.561955177823592E-13
0.0013997877356332648	3.8951616467383616E-4	5.2284070618803636E-6	9.259816184516602E-4	1.2602587296689783E-7	2.256004507709969E-4	5.758219714883209E-5	6.742028427072201E-9	0.006959668887544053	0.0012352334022184476	0.002373890837526804	1.8249669836023783E-5	2.49703937845341E-7	1.6520721289583711E-4	8.641690858266415E-8	4.7036131712461157E-7	8.558351308376596E-7	1.211958131015983E-11	1.7367231487133842E-5	4.202065970971807E-5	7.900925772284478E-5	6.398538838977099E-5	5.865792319197224E-5	8.109521508017538E-6	2.8678016699999702E-5	0.0	2.8678016699999702E-5	1.0616976745242878E-8	3.73105275559356E-9	3.372086989666494E-8	3.480014506249396E-4	1.5464540459101674E-9
3.057614959460983E-9	3.307127946607198E-9	6.15450019897618E-11	3.959775477710517E-9	5.305701029607437E-13	1.7109841770539065E-9	1.8638926621203376E-10	9.290119794408231E-13	1.1281925978412246E-8	2.9360307539067323E-9	5.21648981781247E-9	4.710694025867406E-11	1.8180590639179458E-12	7.94806076845232E-10	3.885062988517677E-13	1.850350107229546E-12	7.733810060026566E-12	1.4985306140346286E-16	1.1512192466920736E-10	3.858685347763935E-10	5.652102274559358E-10	5.551743171231325E-10	2.462607456762859E-10	7.259758056894821E-11	9.058329836111347E-11	0.0	9.058329836111347E-11	2.545705297696184E-14	1.0934772436906958E-14	4.171078315073517E-13	5.879403249253914E-9	7.636280080303437E-15
