32
NULL,munmap@munmap,madvise@madvise,mmap@__mmap,lstat@__lxstat64,openat@__openat64_nocancel,fstat@_fxstat,time@time,open@__open_nocancel,read@__read_nocancel,mprotect@__mprotect,rt_sigprocmask@sigprocmask,exit_group@_Exit,rt_sigaction@__libc_sigaction,sched_yield@sched_yield,write@__write_nocancel,syslog@__syslog,getpid@getpid,writev@__writev,close@close,open@__open64,read@__read,close@__close_nocancel,mremap@mremap,stat@__xstat,socket@__socket,fcntl@fcntl,connect@__connect,getdents@__getdents64,lseek@llseek,getrlimit@__getrlimit,write@__libc_write
0.6265995416604386	0.27458824255462716	2.0994838376596632E-7	0.005614317058072488	2.4445276872451837E-6	2.2822698351705434E-11	2.6253391637027465E-4	0.0027342515849955408	0.03625411408946058	5.090552342666126E-6	3.4728481691843006E-6	0.01703326707110149	0.0060423805404574895	0.011144302211069452	1.0625333147496056E-4	7.056272584742287E-4	0.003648871117059253	0.004950783063540896	0.002941564327049747	0.002137455124883578	0.0017892002705865756	2.018322691182878E-7	0.0	5.652267049160993E-7	4.21014274346733E-4	8.970901318415082E-4	0.0	8.970901318415082E-4	1.577588869653318E-8	6.1915223715676096E-9	6.314326710937801E-8	9.339697298009364E-4
0.24259697857841148	0.011515998648540148	8.393285776613886E-8	0.00567249601993426	9.610928396603987E-7	1.0498249483812114E-11	1.2093472118901732E-4	0.0016890019880823413	0.012705925878985063	2.3368284327481385E-6	0.005907994146435	0.006851079433881051	0.0024263898123755953	0.004489914626573139	4.27217001807045E-5	3.2513133300463736E-4	0.001958886001030966	0.002901137041242759	0.0011667566335750836	8.551624759253844E-4	7.366362734188163E-4	9.532100001133164E-8	0.0	6.254529934995753E-7	1.7425973127609273E-4	3.681360751028844E-4	0.0	3.681360751028844E-4	6.439888055084259E-9	2.500451019867873E-9	2.911385801943484E-8	5.096453054776459E-4
4.935658301460937E-7	2.0315117652023206E-9	1.636799789526938E-13	1.087632923688431E-8	5.692697818506865E-12	3.5275740872820216E-17	4.099885988241625E-10	4.115903282299918E-9	3.99534592577561E-8	9.888827092732633E-12	4.942007219535054E-12	3.440053929834581E-8	9.164253081266558E-9	1.5892525606989656E-8	1.4742321683053378E-10	1.3477175558206413E-9	4.8803658429129586E-9	9.904740248489443E-9	3.0114973796475327E-9	2.8846543093312716E-9	1.9239022467094894E-9	2.9610348051582643E-13	0.0	1.1364755726373988E-12	9.086829151870986E-10	9.231791572881778E-10	0.0	9.231791572881778E-10	1.4968166202694247E-14	6.9569224965593285E-15	9.681054908268532E-14	1.9914507805936183E-9
0.004809074680842476	0.010882906477037676	1.1016893064302264E-8	0.010366327368397963	2.104209621153927E-7	6.645549282388394E-13	1.9345025794421122E-5	1.6271123036973661E-4	6.161529547426145E-4	2.43817398985629E-7	0.0031644264585533577	0.0010677045150834054	2.107365820166801E-4	4.0446190927206585E-4	3.2683512197190493E-6	1.4502863879805455E-4	0.0015675942673522181	2.691656048040923E-4	0.0017433620439008643	1.741968259092356E-4	2.488863423773269E-4	1.3462312552440831E-8	0.0	5.494314139005694E-8	1.1535517949847084E-4	1.303882701470707E-4	0.0	1.303882701470707E-4	4.4859419836037623E-10	1.5471663488977204E-10	1.8334551682283543E-9	8.553584490510366E-5
4.0250973902247414E-7	2.759460683026766E-7	8.600644942377438E-13	8.638237559692127E-8	3.4015614397506577E-6	1.2755800485722882E-6	6.531423526654105E-9	1.6007789865192228E-7	1.9211797410397442E-7	3.6054617929717584E-7	5.898623856873432E-11	6.510169501587479E-8	1.7047889036300205E-8	3.3076361046814066E-8	2.8882957293160783E-10	3.915981496233727E-9	2.0488724476232086E-8	2.38125209942686E-7	1.200881261540972E-8	7.336018103388089E-8	1.2378624748848287E-8	5.551308479217656E-13	0.0	1.5438525963057186E-10	1.0385773721210142E-8	2.9751607364210276E-9	0.0	2.9751607364210276E-9	4.595346002022665E-14	1.6333510642265726E-14	2.91959233197094E-13	1.5863991130146365E-7
3.5552767712091085E-8	2.4810221551533876E-8	7.52173802771836E-14	7.701362239673013E-9	1.6542394506288668E-12	3.4109654572444538E-16	6.563653777662749E-7	1.3854436250620756E-8	1.4911914791854833E-8	6.771750026820073E-10	5.299915331954252E-12	5.667863074589742E-9	1.4959019174592569E-9	2.9064330984819395E-9	2.541014475156831E-11	3.4873531837166075E-10	1.834423130023219E-9	2.1405030388398248E-8	1.0239605806895553E-9	6.478445243743648E-9	1.1003116666992608E-9	4.8631781487370534E-14	0.0	1.3763668339443819E-11	9.032220853310347E-10	2.611142707537176E-10	0.0	2.611142707537176E-10	2.8086789226188824E-11	1.4446846194501077E-15	9.537997421175343E-13	1.4249818405744017E-8
3.2131909979515E-4	2.247378550950815E-5	2.151050093798547E-10	1.9438251967311727E-5	3.236129753399063E-9	9.454977634911392E-14	8.967003927070256E-7	6.4437569032862345E-6	1.9660138451098024E-5	1.0182051071058813E-8	8.485788350080073E-9	3.30007127509484E-5	1.2377577529029186E-5	2.3453697652530785E-5	2.2249280102648968E-7	1.118686450163342E-6	2.2153520187408957E-6	8.329996937378576E-6	5.7633907099578924E-6	6.276966891635366E-6	4.495566181950681E-6	3.985475057771355E-10	0.0	3.1114920944181937E-9	8.904453045413651E-7	2.1890844942602977E-6	5.979279846437965E-8	2.1890844942602977E-6	2.2458688982116987E-8	7.150356180228669E-10	2.637939162017609E-10	5.895108919336529E-6
0.005937576338431839	1.1000650033336747E-4	8.597913637266117E-9	0.0016142044978472482	3.454467113225996E-7	1.175398672802121E-12	1.5834693222331492E-5	1.6642627221484662E-4	0.004185868363185868	1.4235543404728772E-5	2.3288290415269098E-7	0.0010570445869734519	2.6663255253437296E-4	5.178206060325793E-4	4.477869246402482E-6	6.490230575282964E-5	2.955331266988502E-4	0.0011090687849748134	1.521892559836871E-4	1.1632115947693071E-4	9.0860903482423E-5	1.089166043993646E-8	0.0	5.323491685178168E-8	5.3784038096337187E-5	4.471759833557051E-5	0.0	4.471759833557051E-5	7.098834985878801E-10	2.4973848431652494E-10	3.1647242160478584E-9	9.112443116426918E-5
0.021282940929958666	2.2011561004987593E-4	7.33822023550586E-8	0.0074851660502188	5.132986479798598E-7	1.3167302344859552E-10	1.4067581887172246E-4	5.516740157905669E-4	0.005458592904200927	0.004230687074961257	1.2656006077184338E-6	0.0034327762178888986	6.31456798964989E-4	0.001189797122377642	9.443231419027012E-6	4.7376027811889677E-4	0.017814637035451556	9.25096022417515E-4	2.4611541011343446E-4	2.3397114803781394E-4	1.445526897957328E-4	2.5828703899697628E-8	2.0950866376178662E-5	1.352188845698835E-7	9.989014774831775E-5	6.80977737152681E-5	0.0	6.80977737152681E-5	1.1101413195092018E-9	4.016587259852206E-10	2.931437781233481E-8	2.5836905165575996E-4
7.546901221503441E-4	7.703527356066065E-6	9.952438125115739E-10	1.0600672080240655E-4	7.757634191793738E-9	1.0616476705349827E-10	1.790555980126834E-6	1.7085253351277406E-5	6.352895799251379E-5	1.655750655320966E-5	2.4841094645241635E-8	8.225382114447651E-4	1.0742420238653308E-4	2.0385931836226136E-4	1.3569781078579279E-6	0.0019976839227912515	4.38045277193412E-6	2.264614648839906E-5	8.047822783507122E-6	1.3648876562681302E-5	1.0281924689923031E-5	1.2400665036317151E-9	0.0	6.049956843193747E-9	2.066361171907527E-6	4.873671481324644E-6	0.0	4.873671481324644E-6	1.0080881105263171E-10	3.047864809482309E-11	2.326788945438493E-8	1.1139205585212407E-5
0.0015872475170916765	0.004583198555702803	2.0183153325781737E-9	0.001391415018819603	5.216226495243195E-8	2.657073669956229E-13	1.2113781581706916E-5	1.009056037240212E-4	1.4113476022867508E-4	1.8085187634263548E-7	1.4329446316699376E-7	1.7092411960589017E-4	6.257620326662123E-5	1.26106653300982E-4	1.154277351529945E-6	6.1610411206355416E-6	1.579638968205429E-5	1.620677506648344E-4	1.8754273094409622E-5	3.724018655664215E-5	2.5417066435343142E-5	1.2746202439628113E-8	0.0	2.2496045719979348E-8	1.1892698540434813E-5	1.2266838940799394E-5	0.0	1.2266838940799394E-5	2.456138278828422E-10	7.66176865668196E-11	7.39166855328762E-10	3.4575802852920884E-5
0.025054868925071205	2.420079366697233E-4	3.9514301251870646E-8	0.0010974038805562423	3.083795435101698E-7	5.571838531271295E-12	6.326443369151207E-5	6.232236502342958E-4	0.001451938384222589	1.1998018862124676E-6	6.886198825395532E-7	0.003044702338514143	0.006658347511294732	0.012380731702590771	7.714754911797301E-5	3.2435515455675175E-4	1.6391090857568037E-4	9.265085638549262E-4	4.0473472668146236E-4	3.7717822670650387E-4	2.628507398448434E-4	4.80147053373702E-8	0.0	1.1119150069806507E-7	7.294521902836944E-5	1.0949184950080244E-4	0.0	1.0949184950080244E-4	1.7399374196263176E-9	7.386940547331718E-10	1.552993551911393E-8	1.788961015319995E-4
0.015206896935351157	2.3545081916483815E-4	4.82414010940546E-8	0.0011809161575053488	3.0217872636715893E-7	5.154091172543879E-12	5.8322329493486784E-5	5.62396748031629E-4	0.0015072640363477737	1.302655897835717E-6	6.311397052698253E-7	0.0032039022805348035	5.423269144572448E-4	0.0010020082885174367	7.746811349309954E-6	4.317645833296511E-4	1.70985961031477E-4	9.296016819721532E-4	4.074458146754353E-4	3.1116769852812824E-4	1.8692049115435596E-4	4.134877117053799E-8	0.0	1.0304086544458523E-7	7.416221369334454E-5	6.029593774504114E-5	0.0	6.029593774504114E-5	7.671499964672567E-10	2.840352241283654E-10	1.4355190509432975E-8	1.6784402801334295E-4
0.01839023075995758	2.217513808534291E-4	4.1908131434688566E-8	0.0010756524612157692	2.836886762935307E-7	4.937657080254144E-12	5.60150971164263E-5	5.482539960437546E-4	0.0014020474885151834	1.1684056685774987E-6	6.319127411841898E-7	0.0030247367879184233	0.007687826140841213	0.004780194172339659	1.3281753060905526E-4	3.594937180729057E-4	1.5853394427287634E-4	8.625779223160221E-4	3.7746323841350126E-4	3.2617053167173905E-4	2.2605308570332151E-4	4.063693473893695E-8	0.0	9.908925539870475E-8	6.84439401859719E-5	8.74425745769888E-5	0.0	8.74425745769888E-5	1.3278398998254713E-9	4.971787025685203E-10	1.3755880184600179E-8	1.60747944605517E-4
1.8199556686962633E-4	2.3838481416577787E-6	4.598342736442719E-10	1.1632831287624284E-5	3.0529377887529668E-9	5.294059439114095E-14	5.997824664734001E-7	5.826871203626335E-6	1.5011670400656501E-5	1.2777722455175446E-8	6.5423583625155115E-9	3.188879265945652E-5	8.667567607923389E-5	5.2339913760319175E-5	5.2318922206551835E-5	4.023528933591463E-6	1.7002830029688435E-6	9.324961558622231E-6	4.083062341669152E-6	3.334870653750941E-6	2.135164362990995E-6	4.3390425708233936E-10	0.0	1.0585620563111198E-9	7.411239998643441E-7	7.686273533551808E-7	0.0	7.686273533551808E-7	1.0919766091196314E-11	4.265605791465497E-12	1.4748148142765464E-10	1.7181802669782558E-6
0.0010528114478325146	1.5504214511264108E-5	1.7747301071905342E-9	1.057171083318946E-4	5.96686176300209E-8	2.0115220210616937E-13	2.3188861146819904E-6	2.3735222979667962E-5	0.005062724940941823	8.127699175916074E-8	3.9316095213190695E-8	9.222254702519532E-4	1.232235693918144E-4	2.3361140057966554E-4	1.5783692071569035E-6	0.002007759631244207	1.0830309572537421E-4	9.076779367007734E-5	1.395975158888481E-4	1.8508125238029077E-5	1.4304674343051174E-5	1.3769346985082662E-9	0.0	7.917691216055276E-9	8.634887004058916E-6	6.842868890119843E-6	0.0	6.842868890119843E-6	1.0798523848703461E-10	3.8214491653497956E-11	5.407498971636507E-10	1.4227009087029148E-5
0.010710956267973103	7.22863028004611E-5	3.27503430250494E-8	7.918853495765311E-4	9.335273916969775E-8	9.507082621893328E-13	1.8225492108172956E-5	4.659726379220238E-4	7.202467863528655E-4	2.8736874667635344E-7	9.2727084686102E-7	0.0029028180218563593	4.8510582153508665E-4	9.253472211969446E-4	7.020243839703188E-6	4.5969028230801346E-4	7.739783552680689E-5	2.9220628873110477E-4	8.241074101534223E-5	9.559532544478509E-5	8.644168951268895E-5	1.516580642351538E-8	0.0	3.128870686898707E-8	2.17469248212837E-5	4.293691565799342E-5	0.0	4.293691565799342E-5	7.75338243117136E-10	2.7607512187889746E-10	2.6385143259331643E-9	5.4144998990617736E-5
0.004379634409362644	0.0018009139000161368	6.685476566204793E-9	3.487209459445509E-4	3.4337867886597193E-7	7.942142569720274E-13	1.6050841191399825E-5	0.003952133716166494	6.353820240385511E-4	4.368140344274987E-7	1.6794455433880067E-7	7.602368947226683E-4	1.8361864490096445E-4	3.5581878976134084E-4	3.045631651668943E-6	6.586458977616593E-5	5.296270234338804E-4	1.8394246951177354E-4	0.004365932888308825	2.96786900554482E-4	5.553161747088191E-4	5.184729016414487E-9	0.0	5.307359040312884E-8	2.500628872703223E-4	2.96246620544243E-4	0.0	2.96246620544243E-4	4.660208634124729E-10	1.6574396194598848E-10	2.193835729332362E-9	7.873437092111734E-5
0.005923583715551364	3.2396237709964925E-5	4.871964121563664E-9	1.3957017375071967E-4	4.3605791457843804E-8	7.357004795074668E-13	8.614172260875727E-6	9.319133634941561E-5	2.3562407425715037E-4	1.2377336663759151E-7	1.4488147130281221E-7	6.938739946278444E-4	2.3523307502437213E-4	4.7103075317886806E-4	4.2704084773148895E-6	0.002031068908920208	2.6133862674858342E-5	1.178235067178703E-4	4.900492439924519E-5	6.104912042303668E-4	0.0015193927894215236	6.6549019344557055E-9	0.0	1.5928501789577134E-8	9.216752080113404E-6	8.219140155825164E-4	0.0	8.219140155825164E-4	7.952851146892446E-10	2.737380864015249E-10	2.0497270032123013E-9	2.5940633024391283E-5
0.003712867058656603	2.286635323062078E-5	4.4548318751885176E-9	7.739400447542366E-5	3.137249816841085E-8	5.350541377393916E-13	6.3895271027606185E-6	6.341276325038058E-5	1.3189973154833565E-4	9.247369197809338E-8	7.555646696631304E-8	4.715530466301249E-4	1.369306515208475E-4	2.1035478834807527E-4	2.126613920310481E-6	6.370408403951924E-5	1.4924012705100902E-5	8.623522288572981E-5	3.411794802649456E-5	4.2744577013423236E-4	0.0012731855974087805	5.616633837174741E-9	0.0	1.1280304991489389E-8	6.718930822724229E-6	0.0010735950751175729	0.0	0.0010735950751175729	1.0074039040825955E-10	8.341486573396808E-11	1.4918469777739874E-9	1.854614832928384E-5
0.0036266914807085416	6.609578448951417E-4	4.2283688079633935E-9	1.4982303661998799E-4	4.1802149532939813E-8	1.3190618884872382E-12	1.693086544368178E-4	2.2556239773093543E-4	3.5780963300852884E-4	3.0162915952325953E-7	9.475837439772629E-8	3.9328354446993373E-4	1.2881830066746402E-4	2.0928021630756848E-4	2.105775723165516E-6	4.9361250675348084E-5	3.797331003211484E-5	3.6680707086355057E-4	4.0301987358686794E-5	0.0011779392712411715	1.3492075881524817E-4	5.201203152472378E-9	2.0950866376178662E-5	3.869486920750382E-7	2.2285556943892214E-5	1.0890475015826867E-5	0.0	1.0890475015826867E-5	1.76028920152955E-10	9.831164970276879E-11	3.6808175634159648E-9	1.2492025665205485E-4
2.6502123910766618E-9	3.312730887968513E-7	2.41914436483923E-15	1.4464445000907833E-10	7.831284759788758E-14	4.498136279314216E-18	1.88368059491683E-11	7.879597263440228E-11	4.773078077491179E-10	1.050002224220427E-13	9.714284598144395E-14	3.065570970828514E-10	1.0436897555794557E-10	2.0213720480372149E-10	1.865638565426203E-12	1.728626242518235E-11	7.714866415130119E-11	1.521507066152107E-10	2.706149887712093E-10	8.728303272273005E-11	6.694834504702693E-11	3.252341585697501E-15	0.0	5.855202705784103E-14	2.7133370864610197E-11	3.288640450124637E-11	0.0	3.288640450124637E-11	3.1836572997889754E-16	1.1475808240509877E-16	1.2564458417058973E-14	9.787683257154853E-11
4.566080918425027E-6	5.276263250465482E-8	2.7197745499290976E-12	1.1279926232695169E-7	3.7101766423999235E-11	8.171696784584104E-14	1.4167860548199526E-5	8.955450443564455E-8	1.8740370487875657E-7	1.9076279111269235E-9	9.773048719034962E-11	3.410977731280662E-7	1.6374167975882424E-7	3.006431394188075E-7	3.002588623526415E-9	1.3845115340797158E-8	2.1081372157518037E-8	1.1906759323340656E-7	4.2206924987911094E-8	6.30276762116218E-8	5.2724673552029373E-8	5.917338399079135E-12	0.0	2.7680647498472153E-11	8.649416633946168E-9	2.6297040583560517E-8	0.0	2.6297040583560517E-8	4.820678335874288E-13	1.8620748378388391E-13	2.2863937701110533E-10	3.639668717653085E-8
3.366242575553413E-7	6.917720353908091E-9	6.387010288906164E-13	6.203466969275813E-8	2.581016440905003E-11	1.3343279416469552E-16	8.869668090570076E-10	1.8162384267841768E-8	2.0627706414190976E-7	3.68524282874605E-11	3.176186377000103E-11	1.2021351517099542E-7	2.0922727779425924E-8	3.9648545414913296E-8	3.0696090714716446E-10	5.0910893572343225E-9	2.52551974902939E-8	3.8297076893301566E-8	9.355927867777295E-9	7.387118891557445E-9	4.759650241040849E-9	4.648200092030789E-13	0.0	4.140748146205043E-12	3.751898964861773E-9	2.2505258047883525E-9	0.0	2.2505258047883525E-9	3.399151133429844E-14	1.2453649095536763E-14	3.6361599853259985E-13	5.877214163338058E-7
3.455258941516778E-4	4.389918761631446E-6	7.460344210665014E-10	7.621549183054146E-5	7.1346091772879185E-9	3.752562076618218E-13	1.0868583817850814E-6	4.0733838831548206E-5	6.869541355092782E-5	1.6950599509345768E-8	6.992688731926903E-8	4.163887284868567E-5	1.3913312363135929E-5	2.7045779208712524E-5	2.482837863690456E-7	1.7924994784871143E-6	7.388491741120667E-6	2.227245135902925E-5	5.587381525790213E-6	5.317941231111425E-6	4.809073865475108E-6	8.387133189939261E-10	0.0	1.8161753425021146E-9	1.5794702401119038E-6	2.4157097668234474E-6	0.0	2.4157097668234474E-6	4.276465143413725E-11	1.5271624913428492E-11	1.0477823880734787E-9	2.6955235183014428E-6
8.305952261067802E-4	5.382101664680435E-6	1.0032952607215648E-9	1.9904637991523135E-5	8.380434568816185E-9	1.220192826768107E-13	1.4515287064732104E-6	1.4719676594049971E-5	4.095902882318922E-5	2.1535343594910613E-8	1.798635457072891E-8	1.3488836059548072E-4	3.3872409828960404E-5	5.368531816518364E-5	5.138908021624548E-7	1.4157888824309226E-5	4.638735932467888E-6	2.1153286673753077E-5	8.065920486135278E-6	3.0542543455008944E-4	8.060102998628904E-4	1.2548209106814696E-9	0.0	2.6587869610240055E-9	1.706427066683038E-6	0.0010452634063822853	0.001043591091392427	5.234670834956509E-4	2.5688884666900726E-11	1.9310962986039733E-11	3.3968755846910497E-10	4.394619837090987E-6
2.4919639624211136E-4	1.6162138551504198E-6	3.010110639557272E-10	5.973283798172912E-6	2.514375241970486E-9	3.660848678271635E-14	4.356072269115902E-7	4.417496443977806E-6	1.2289782020223299E-5	6.464554515625212E-9	5.397591272341511E-9	4.046833028014157E-5	1.0162413567015158E-5	1.6106979193967224E-5	1.5418001277959762E-7	4.247432328943386E-6	1.3918562423287566E-6	6.347641609254394E-6	2.420003146239828E-6	9.162807827083768E-5	2.4180291388083795E-4	3.7646847174998393E-10	0.0	7.990002855934998E-10	5.121669126363428E-7	5.018300905769027E-7	5.951374479934867E-9	2.613999915338944E-4	6.186002411279164E-9	1.9906150998834964E-10	1.019137587433329E-10	1.319308970931139E-6
7.890622482596076E-4	5.112975738857132E-6	9.53126612349916E-10	1.890932900975488E-5	7.961380386518767E-9	1.159178460142163E-13	1.3789466499965984E-6	1.3983635761304306E-5	3.891091876514212E-5	2.0458493017944163E-8	1.7086967188695696E-8	1.2814342020049077E-4	3.2178658164084244E-5	5.100084435653414E-5	4.881942719739525E-7	1.3449939555615536E-5	4.40678117199434E-6	2.009554042238839E-5	7.662593225951091E-6	0.002768675410275891	7.657066635348698E-4	1.192075005760025E-9	0.0	2.525837316622407E-9	1.6210991050830646E-6	1.5886927642014093E-6	0.0	1.5886927642014093E-6	2.4404340951437816E-11	1.8345340053596297E-11	3.227018650802972E-10	4.174871826744035E-6
2.9148807767736194E-8	1.5930400340597555E-9	1.7934054987403164E-14	1.244038839455709E-9	4.0211374464020586E-13	3.4849494867530864E-15	9.449779337278047E-10	1.2839090691889202E-9	2.5071364259747825E-9	3.1632988125083297E-11	7.803636428621756E-13	1.6406744580301627E-9	9.621024804115777E-10	1.3940202082007645E-9	1.6360614886875854E-11	1.1494740129816549E-10	2.937833623998393E-10	1.9174699256436437E-9	4.1018267725883473E-10	8.41876686115919E-10	2.046819767056565E-10	4.773573725955199E-14	0.0	5.654603073665009E-12	1.6178646572275943E-9	6.949890715997492E-11	0.0	6.949890715997492E-11	1.4195398958691135E-15	1.868522042080445E-9	9.750894097280805E-12	9.161238719815519E-10
7.617287703984339E-9	1.1149354222763985E-9	5.799352776801744E-15	4.572968453559542E-10	1.2080857361037373E-13	1.4358794637496387E-18	3.696906435361111E-11	7.069432939397239E-10	8.079528749639083E-10	4.556698178802627E-13	3.080664378199387E-13	4.531242089326029E-10	2.524858616218278E-10	3.7060485390682836E-10	4.290600085139512E-12	3.271825568579952E-11	9.813339735105823E-11	1.0720638859180377E-9	1.0689997950770846E-10	3.3731665941266934E-10	6.641232279785585E-11	1.2407633676580407E-14	0.0	6.163148348907719E-13	5.0149994169162157E-11	1.8959750283938407E-11	0.0	1.8959750283938407E-11	2.7364201677183916E-16	2.0469310180959038E-16	3.985450280640595E-15	6.483318924996738E-10
4.9587672497499714E-8	2.1413457229049512E-8	1.1052301528684265E-13	1.1452873767232967E-8	4.563058351968647E-12	2.0037242022883532E-11	2.8243453354660837E-10	1.3172070890275772E-8	2.3284117818661822E-7	7.408234757200924E-12	6.5794822397334186E-12	1.0914659300134926E-8	2.338246460200747E-9	4.486495365104395E-9	3.726009388416197E-11	8.361509177318294E-10	4.422315719272927E-9	2.3067402051277475E-8	2.1227817842305107E-9	2.1489302552530978E-9	8.960674616839837E-10	6.883217786157147E-14	0.0	8.224950791941602E-12	4.240883744676633E-9	3.8385922279353094E-10	0.0	3.8385922279353094E-10	2.510008302004731E-12	1.8630266405052725E-15	5.606479887224905E-8	3.353874980670035E-9
0.0015686923812957168	1.154496779178636E-5	1.5503760886184687E-9	6.162109885792816E-5	1.523275700943143E-8	2.598846002093422E-13	3.2874167088947274E-6	3.635213127598423E-5	7.57926295570343E-5	9.356155285569001E-8	4.040499622463335E-8	0.0018608955264237863	2.4232893595148931E-4	4.5931506068014577E-4	3.052804888646472E-6	1.0121049952585952E-5	8.287818660310936E-6	4.176394973904249E-5	2.457554479419998E-5	2.4456336562098904E-5	2.275320571786139E-5	2.1832305138876047E-9	0.0	5.922820932851344E-9	3.2733281762589848E-6	1.114301948324676E-5	0.0	1.114301948324676E-5	1.9091870222490285E-10	6.726186707440125E-11	7.242809768311404E-10	9.857074823168353E-6
