32
NULL,munmap@munmap,madvise@madvise,mmap@__mmap,lstat@__lxstat64,openat@__openat64_nocancel,fstat@_fxstat,time@time,open@__open_nocancel,read@__read_nocancel,mprotect@__mprotect,rt_sigprocmask@sigprocmask,exit_group@_Exit,rt_sigaction@__libc_sigaction,sched_yield@sched_yield,write@__write_nocancel,syslog@__syslog,getpid@getpid,writev@__writev,close@close,open@__open64,read@__read,close@__close_nocancel,mremap@mremap,stat@__xstat,socket@__socket,fcntl@fcntl,connect@__connect,getdents@__getdents64,lseek@llseek,getrlimit@__getrlimit,write@__libc_write
0.9238941252495161	0.031341649512011134	1.0583062541224725E-7	0.0021989748425641285	1.1843602819924662E-6	4.292698029486292E-12	5.0049426447059226E-5	5.32193440188264E-4	0.02443646456436346	1.9021681417045196E-6	7.845378981285363E-7	0.006234738267625079	0.00127318381001487	0.002426290949150457	1.9880217745091302E-5	2.6778341108383495E-4	0.002427738308716433	0.0018412924365804708	0.001397820858831093	4.161314923419175E-4	3.2385952503379825E-4	3.14840513760525E-8	0.0	1.6540910499914704E-7	1.7244717251420764E-4	1.5932718481441018E-4	0.0	1.5932718481441018E-4	2.6006043472404854E-9	9.479569519950372E-10	1.1578095086205498E-8	2.905147252244392E-4
0.03260106896287518	0.0027214091836359985	1.0430899762302088E-8	0.0022799222036254327	1.0767068253663335E-7	1.7482863871948618E-12	2.0315336015951233E-5	4.654940748389682E-4	8.401214884217155E-4	3.737008630303846E-7	0.0034733824775719964	8.596524508791908E-4	2.7400592520046346E-4	5.358330412739626E-4	4.8574219122502755E-6	5.805203256899983E-5	4.838534888005577E-4	7.673243898630195E-4	1.352588024974334E-4	1.208784177375136E-4	9.93159586993875E-5	1.6624438756830074E-8	0.0	2.597833120550945E-7	2.2999455822033277E-5	4.946217705879721E-5	0.0	4.946217705879721E-5	8.561160782953243E-10	2.9769783235371117E-10	4.870255882203765E-9	1.2168586932046755E-4
2.4527334630992987E-7	1.0224966014308803E-8	1.6375902139892509E-13	9.152230942220815E-9	4.403708691367924E-12	4.0266932476240116E-17	4.639178764036897E-10	4.613592159716718E-9	2.9467884476746796E-8	8.872995340701207E-12	4.841842004258881E-12	2.6570393789350555E-8	9.44187391923851E-9	1.5485915742529536E-8	1.5727336735663243E-10	1.1679653120626212E-9	3.510244147956428E-9	8.730202265042946E-9	3.0958161227318387E-9	3.055165188464478E-9	1.873624991058978E-9	3.647393360584034E-13	0.0	1.0562091078217121E-12	7.610009277542718E-10	8.942950223530677E-10	0.0	8.942950223530677E-10	1.457226960669686E-14	7.714321950580195E-15	1.1138113102664857E-13	1.7806054083496276E-9
0.001441512144811955	0.00646840443305395	8.790656951602242E-9	0.006179184934448242	1.494918050101727E-7	8.650369553636115E-13	1.6890034906338043E-5	1.5383778083740888E-4	5.008331392376626E-4	2.1622610360558557E-7	0.0018608376734541028	9.374543990635395E-4	2.5962321483414484E-4	5.041938922643106E-4	4.454745739054095E-6	9.584841179893488E-5	9.370880783715863E-4	2.3014337854738504E-4	0.0010580319886702	1.527051619243442E-4	1.9660752160905565E-4	1.2199709575395839E-8	0.0	4.224418077872308E-8	7.353509428524394E-5	1.0242399481484207E-4	0.0	1.0242399481484207E-4	7.329782658885138E-10	2.580866976276361E-10	2.4004266213452355E-9	6.61519723577278E-5
7.404345056668909E-8	1.6693039197921068E-7	7.802474007469514E-13	6.082825062722463E-8	2.000200786865059E-6	7.500709142228048E-7	4.518444904861963E-9	1.0120514525024783E-7	1.2866923238813558E-7	2.120421525193996E-7	4.4406437955649E-11	7.525849755486938E-8	2.6392898127943292E-8	5.145066185057719E-8	4.752513251177041E-10	3.5725304047472487E-9	1.3779261470583275E-8	1.4873138796955797E-7	1.0857756836597373E-8	5.010506662224612E-8	1.3286875136062396E-8	8.482842038139808E-13	0.0	9.201092834111307E-11	6.7814434348716826E-9	4.821000098361734E-9	0.0	4.821000098361734E-9	8.311472586026185E-14	2.969763491099455E-14	3.265980465354482E-13	9.520739611215912E-8
6.565363002893751E-9	1.5002154468855557E-8	6.843380344703462E-14	5.411963708870065E-9	1.2427505510143965E-12	2.055205491437324E-16	3.860177609883682E-7	8.768719037920355E-9	1.0151936562364404E-8	3.9834463976578053E-10	3.973957920828273E-12	6.598152050797996E-9	2.3213031162788706E-9	4.53237788804302E-9	4.18540705731806E-11	3.167931711461594E-10	1.2312610972939097E-9	1.3352027817160208E-8	9.356847575840175E-10	4.421238447546734E-9	1.1781302161098402E-9	7.439279064245024E-14	0.0	8.20140425196466E-12	5.903713134078382E-10	4.2514554990492733E-10	0.0	4.2514554990492733E-10	1.6520651064330705E-11	2.6227137076876303E-15	5.746523112315779E-13	8.548320039751813E-9
3.841009145954402E-5	1.6055948655084146E-5	3.799210284987725E-10	2.096406630929752E-5	4.9112711485108835E-9	1.1410817209752856E-13	1.193768028725087E-6	1.072439576094157E-5	2.5895632029309787E-5	1.4615191268344659E-8	1.3893913520234557E-8	5.24164292919662E-5	2.275018430384095E-5	4.2973611785073424E-5	4.1684296578113296E-7	1.8814084019596396E-6	2.891300940847772E-6	1.3457889758607582E-5	7.157311778116926E-6	1.1621563316495026E-5	7.886898868183399E-6	7.655180506324509E-10	0.0	3.013047847856875E-9	1.1830367278649543E-6	3.952948665037014E-6	3.515956450948927E-8	3.952948665037014E-6	1.3254516703428263E-8	4.3868858196200427E-10	3.1832015022766594E-10	5.348977613471499E-6
9.95017168350914E-4	1.3394662498490624E-4	9.290656811717144E-9	0.001103520966637198	2.503228422716785E-7	1.5769476080397297E-12	1.956429689357341E-5	2.0622955232034725E-4	0.0027024129845748795	8.508994889102656E-6	2.8690311156587854E-7	0.00119256268029997	4.089585247345145E-4	7.983705638230169E-4	7.3407624473754015E-6	5.769851212885988E-5	2.003477773134133E-4	7.851805579172433E-4	1.47536820671346E-4	1.6251917905150007E-4	1.462613168747033E-4	1.4415301461846495E-8	0.0	4.9722017101552595E-8	4.192633626909736E-5	7.379962560553175E-5	0.0	7.379962560553175E-5	1.2855851613731865E-9	4.5707271769812704E-10	4.330946363875239E-9	8.299208945642973E-5
0.010009760283898245	4.973477867035373E-4	4.696640312529261E-8	0.0045361426713932075	3.449806827099525E-7	7.816817677045504E-11	9.14063802761202E-5	4.148158228849844E-4	0.0034996437841650985	0.0024879979896781485	8.683654463909571E-7	0.0025022895855188764	5.809168531383709E-4	0.0011077677036799413	9.441584537509335E-6	2.955438067095364E-4	0.01050652673354565	6.598574663820465E-4	1.9756341851307537E-4	2.1661321924819346E-4	1.6070336332847388E-4	2.186895775836724E-8	1.2319599630744362E-5	9.523272295699991E-8	6.785413147802896E-5	7.873330607107096E-5	0.0	7.873330607107096E-5	1.3578504789504872E-9	4.898859186978017E-10	1.930332696573389E-8	1.7709593955334831E-4
1.5026064237201226E-4	1.376408335504083E-5	1.0823344684346006E-9	8.024557907637282E-5	9.974668758126865E-9	6.25300485042773E-11	2.2221671577324043E-6	2.246853901382844E-5	6.57037149025633E-5	9.761794755845448E-6	3.2215720775793465E-8	5.512619375298959E-4	9.25191284781458E-5	1.780048669972316E-4	1.3468377623157044E-6	0.0011769401223059985	5.693178146578786E-6	2.8553241106100528E-5	1.1373713578641984E-5	1.87737674781625E-5	1.710859459791871E-5	1.636212026620364E-9	0.0	5.667527880749191E-9	2.3914181931270197E-6	8.537545083710927E-6	0.0	8.537545083710927E-6	1.6317478049748347E-10	5.4453998882804144E-11	1.3968385678313823E-8	9.924870225917536E-6
1.8986591179617342E-4	0.0027117188383659683	2.4497960124821E-9	8.631654754264676E-4	4.399766871214888E-8	4.03782821725768E-13	1.0007869581023929E-5	9.013565001674578E-5	1.530625630297702E-4	1.446500343909743E-7	1.2952518709923783E-7	2.7592687523856496E-4	1.1097331935227181E-4	2.237655160220154E-4	2.075149589103484E-6	9.247850653371818E-6	1.7006601012535945E-5	1.328493511054048E-4	2.733720836432319E-5	4.943906456446211E-5	4.4038681593356755E-5	9.700332959100928E-9	0.0	1.8442771025384E-8	9.891286205107385E-6	2.216790586769183E-5	0.0	2.216790586769183E-5	4.1927754007856233E-10	1.3949358661168426E-10	1.1248168702705827E-9	2.8676952331909056E-5
0.006367710785393387	5.056563268907789E-4	3.756344403932053E-8	0.0012148361296783964	3.7400061711737553E-7	7.032149641555081E-12	8.029089051900846E-5	8.043124534193391E-4	0.0017290646033076636	1.2888312995888306E-6	8.892480576366293E-7	0.0034908185106711726	0.0048212467185281185	0.008855004349458361	6.170300681444013E-5	2.6591707409665596E-4	1.9333658488309628E-4	0.0010947324956040343	4.7834529889382915E-4	5.347225093122489E-4	4.0553125473802575E-4	6.381191985766103E-8	0.0	1.4071703545871784E-7	8.525767415797497E-5	1.8976977682097E-4	0.0	1.8976977682097E-4	3.245993814071452E-9	1.4003953466022746E-9	1.9610004396267185E-8	2.2417503614759744E-4
0.006931886100489914	4.0117104237689385E-4	3.150794084799645E-8	8.123756703811123E-4	2.1769449353103085E-7	3.757347974393768E-12	4.2720686283298844E-5	4.1662900894084433E-4	0.0011192028668071245	8.76066255457513E-7	4.722654660049691E-7	0.002256036339641942	5.019721321667055E-4	9.186030436818426E-4	7.8842558670929E-6	2.6922887962718445E-4	1.2564986796769983E-4	6.568612093709484E-4	2.8917446385931544E-4	2.4927621897245555E-4	1.6481022769050367E-4	3.110967564330118E-8	0.0	7.554041521276927E-8	5.220390579700628E-5	6.318366415104564E-5	0.0	6.318366415104564E-5	9.469853146574066E-10	3.693929554538133E-10	1.0467144044456572E-8	1.2238457490748185E-4
0.006226958457003901	4.113879831118285E-4	3.230182280592828E-8	9.208919768395198E-4	2.603382952058972E-7	4.66553734811697E-12	5.327803541620624E-5	5.327072336866635E-4	0.001303433176020347	9.603637789295162E-7	6.324052594550837E-7	0.0027412636794564155	0.004983644956009589	0.0036667903540283523	8.656675604139709E-5	2.4869283300373013E-4	1.4573003515774372E-4	7.704673735225265E-4	3.37733534008951E-4	3.566270466296088E-4	2.818328598415604E-4	4.022480780724054E-8	0.0	9.436587637901176E-8	6.0602066377902795E-5	1.2691099746744956E-4	0.0	1.2691099746744956E-4	2.142915712962707E-9	8.217702650543661E-10	1.3002988067692415E-8	1.5185281823467656E-4
6.799793276958E-5	4.329724121416214E-6	3.351890351965079E-10	9.344821389935117E-6	2.6361059643396543E-9	4.70872123139239E-14	5.365207683049592E-7	5.302275474504366E-6	1.3057149499384869E-5	9.974964931435603E-9	6.007233968751951E-9	2.652178637186061E-5	5.494453299614853E-5	3.783792390058123E-5	3.083658750698676E-5	2.6943601508690554E-6	1.463124084938088E-6	7.852779357805854E-6	3.446533867479214E-6	3.3562995714148956E-6	2.4131091656133924E-6	4.051373423382108E-10	0.0	9.461261193748496E-10	6.191069352172419E-7	1.0339562945759367E-6	0.0	1.0339562945759367E-6	1.6804638215415986E-11	6.8343542115424874E-12	1.3122940937192055E-10	1.522535943036473E-6
2.597182195565226E-4	2.29501299064237E-5	1.6491267586868058E-9	8.40609015933686E-5	4.1782007564992756E-8	2.4239895975649734E-13	2.801978202783066E-6	2.919156537057099E-5	0.003012491224343894	6.690527831153426E-8	4.443292254384995E-8	6.239019687380158E-4	1.0817986209589464E-4	2.0765957052205016E-4	1.5948689529468348E-6	0.0011833767788871751	6.758257067809513E-5	7.214993550106597E-5	9.031414806729192E-5	2.408633052857222E-5	2.1684185759099788E-5	1.929282300129041E-9	0.0	7.2486202955061815E-9	6.53323404091021E-6	1.0821597795039834E-5	0.0	1.0821597795039834E-5	1.8783812522638082E-10	6.657875581588771E-11	6.640365231912214E-10	1.2509867522552487E-5
0.004137583941210042	2.1058044658813638E-4	2.2756791626573504E-8	5.896694704098184E-4	9.29726794189681E-8	1.2445929488672868E-12	1.8671301736069346E-5	3.585408855511517E-4	6.473878252641347E-4	2.773161764960545E-7	6.65892094128201E-7	0.0021750833652668103	4.856487436608604E-4	9.421679106097041E-4	7.876135594395726E-6	2.8590494707878624E-4	6.979399928445044E-5	2.769972291854889E-4	9.509658782382445E-5	1.2984171720019705E-4	1.2669407562670117E-4	1.5061456390670172E-8	0.0	3.284107755272727E-8	2.095105020639687E-5	6.415444773061149E-5	0.0	6.415444773061149E-5	1.168593808966069E-9	4.1198815042793545E-10	3.4624813976648152E-9	5.497517682988704E-5
9.776202308434873E-4	0.0011147842149018291	6.629208106899967E-9	3.02974242385634E-4	2.320706496337776E-7	1.0270087354077104E-12	1.5929836223892942E-5	0.002392398240616807	5.295684499761297E-4	3.4220224422735097E-7	1.938823889308979E-7	8.102803928444083E-4	2.6758541009351745E-4	5.224565497758593E-4	4.771341523363347E-6	5.113029356844211E-5	3.289391005644113E-4	1.9241901698098245E-4	0.002607578305204505	2.3773304649097617E-4	3.858152279868334E-4	8.094744604366879E-9	0.0	4.288692639206673E-8	1.5390205187563755E-4	2.0461390676376865E-4	0.0	2.0461390676376865E-4	8.260041616823285E-10	2.9414079779705955E-10	2.8514957523653906E-9	6.492082241846553E-5
8.075693584252375E-4	8.363072342181868E-5	7.409166295272425E-9	2.441528501691351E-4	7.385886885155756E-8	1.329613981403992E-12	1.5462283948433324E-5	1.6605317497420737E-4	3.917770033794593E-4	2.143419761584845E-7	2.475838286775668E-7	0.0010360685547269317	4.052704600859109E-4	8.135059265870487E-4	7.53135882301313E-6	0.0012145990728203429	4.3248838275081894E-5	2.0504247158484345E-4	8.784364761843508E-5	4.5620243100062067E-4	9.969887404862406E-4	1.1916213736804454E-8	0.0	2.8189101696290667E-8	1.589182218087901E-5	5.366927743531893E-4	0.0	5.366927743531893E-4	1.4482656209658568E-9	4.994403326708173E-10	3.7062737467088045E-9	4.541238302709514E-5
8.350051182911449E-4	7.170462867994842E-5	4.977247391037289E-9	1.499188328509179E-4	5.715964593971884E-8	1.099541052071085E-12	1.2689992407476973E-5	1.25173614082351E-4	2.2814851195041098E-4	1.7582090605355466E-7	1.205597096539766E-7	5.121027727028408E-4	2.414734785089718E-4	3.6521539385893896E-4	4.0633898147170325E-6	5.179047677201595E-5	2.564522319190726E-5	1.627411777425648E-4	6.897416680658574E-5	3.033452322779125E-4	7.773774730689585E-4	1.1005385068347201E-8	0.0	2.1890033689244047E-8	1.2557265885550714E-5	6.449756091679614E-4	0.0	6.449756091679614E-4	2.835935188902829E-10	1.9350098307203824E-10	3.0680025623674165E-9	3.477244080736022E-5
7.511574688065563E-4	4.389149372844478E-4	4.870270197599467E-9	1.8896587530293086E-4	6.048667801793625E-8	1.4906526429488108E-12	1.0801925486763291E-4	2.1453253151442657E-4	3.5779156715528876E-4	2.6198165991498035E-7	1.3467692448616417E-7	4.903517053138273E-4	2.332495980195238E-4	3.760877045596525E-4	4.034380762410121E-6	4.2630688059832766E-5	3.8796607956821034E-5	3.193650790048607E-4	6.90814732390968E-5	7.592608547086916E-4	1.146475127582484E-4	1.0010303121089788E-8	1.2319599630744362E-5	2.4192574685371765E-7	2.1063018896752278E-5	2.357087583317495E-5	0.0	2.357087583317495E-5	3.977275688417981E-10	2.1129864942105096E-10	4.159723291851695E-9	9.57485096616514E-5
3.699562497972264E-10	1.9482639168841977E-7	3.4465777558695197E-15	1.5951921934982738E-10	6.905424505602045E-14	3.0830588034235378E-18	1.6111831041753334E-11	9.929041031243525E-11	3.9514225783165633E-10	1.2759368701897438E-13	1.285864193082901E-13	4.500310154258006E-10	1.8288162246553287E-10	3.539233226752637E-10	3.3583310636027256E-12	1.9636166444029822E-11	5.802789330139319E-11	1.5455336456949684E-10	1.8767667363102807E-10	9.628657228990161E-11	8.292379491067453E-11	5.876789675069301E-15	0.0	4.341575972437225E-14	2.09966685840187E-11	4.1585343449127474E-11	0.0	4.1585343449127474E-11	5.926024174146524E-16	2.148960229703168E-16	8.609837880472947E-15	7.185935123039577E-11
5.473577741678459E-7	8.513866981602497E-8	5.281855549677893E-12	2.0802163090515877E-7	6.77320745809109E-11	4.895388556517201E-14	8.358193314914896E-6	1.581890490186806E-7	3.224663151232093E-7	1.2448586327073796E-9	1.8535085267438227E-10	6.648828501347474E-7	3.2443890119454594E-7	5.942714877323012E-7	5.949806484627302E-9	2.652062430169108E-8	3.5948021550314436E-8	2.0102321798720192E-7	8.180526912550706E-8	1.1766621995819994E-7	1.0296105222039257E-7	1.1763883570697104E-11	0.0	3.431693316807649E-11	1.516772397397603E-8	5.182536428164933E-8	0.0	5.182536428164933E-8	9.37935977323394E-13	3.689901495084455E-13	1.3696265819092293E-10	5.001194924786574E-8
7.288159980004001E-8	8.396111948188494E-9	5.875308610781018E-13	4.434343122204453E-8	1.7643141240220957E-11	1.2492891415104356E-16	1.0588162465938937E-9	1.63039275794966E-8	1.336922826815416E-7	2.8708278107168216E-11	2.6101357905658672E-11	9.855867592226293E-8	2.5051443522977778E-8	4.7695772615707315E-8	4.1685559515395617E-10	3.998469225486067E-9	1.6217948927564866E-8	2.9477621639148354E-8	8.54086766066007E-9	9.030684045556349E-9	7.24949214861632E-9	6.984781836061618E-13	0.0	3.394748722311362E-12	2.7454502883714953E-9	3.5917147552248326E-9	0.0	3.5917147552248326E-9	6.12343241963624E-14	2.2569598396705797E-14	3.4339902638357446E-13	3.4712261009425777E-7
4.560138529116219E-5	6.459660288643666E-6	7.065540312387185E-10	5.4665315314327084E-5	7.22253548650163E-9	2.779987761188274E-13	1.3014110708050634E-6	3.0930359218309677E-5	5.553338368186681E-5	1.890221003227951E-8	5.061780195706141E-8	6.042836167131051E-5	2.426954301540821E-5	4.715834629712464E-5	4.457467571649052E-7	2.3042282861344354E-6	6.016173379747193E-6	2.1655445860530477E-5	7.015318479727653E-6	8.976335096442927E-6	8.64703878632084E-6	1.0133254716402993E-9	0.0	2.253504477127984E-9	1.5898159522630855E-6	4.394315324651844E-6	0.0	4.394315324651844E-6	7.941546556859697E-11	2.8595230978917315E-11	7.760244471782063E-10	3.4763340770487988E-6
1.8539516234447866E-4	1.6056549928891806E-5	1.1179086169959476E-9	3.490376230431579E-5	1.3471505376383377E-8	2.4455806352353787E-13	2.821155103666983E-6	2.805751752387038E-5	5.766275232268892E-5	3.940033403361772E-8	2.770620177795767E-8	1.3276293291011545E-4	5.576219090489756E-5	8.602306256937385E-5	9.303418005117019E-7	1.1494141499896226E-5	6.486586973854519E-6	3.714311005477319E-5	1.552843946981484E-5	1.9095179176784274E-4	4.80480240328858E-4	2.4297078900106795E-9	0.0	4.929356471288359E-9	2.9016377238459822E-6	6.178364344061428E-4	6.13655979343382E-4	3.110079877282994E-4	6.80675467823028E-11	4.401190337429298E-11	6.820505754129261E-10	7.852954447436E-6
5.562071800740481E-5	4.8180854356882925E-6	3.353999434031308E-10	1.0472748106353296E-5	4.041746851609492E-9	7.33718177748044E-14	8.464667256974253E-7	8.418541563639413E-6	1.730083214859971E-5	1.182282767381094E-8	8.313356734054797E-9	3.9831900865828304E-5	1.67298970064978E-5	2.5809401350455423E-5	2.791257113479141E-7	3.4483446171961496E-6	1.9462013131849133E-6	1.1144333109014287E-5	4.658850709695388E-6	5.728611226607487E-5	1.4414429053361908E-4	7.289506433824499E-10	0.0	1.4796694731387323E-9	8.706650697566742E-7	1.2543814996606807E-6	3.4995474425244255E-9	1.5466860483858227E-4	3.6534057533005147E-9	1.2685085931418439E-10	2.046274121467534E-10	2.356523842039703E-6
1.7612468627069E-4	1.5253660252262556E-5	1.062008856961827E-9	3.315843902168266E-5	1.2797877938156977E-8	2.3232921327805806E-13	2.680086423350521E-6	2.665453299285197E-5	5.4779391403254336E-5	3.7430164751210794E-8	2.6320784394731295E-8	1.261242721302706E-4	5.2973865416418116E-5	8.172157631019282E-5	8.838211076682504E-7	1.0919389912982957E-5	6.162232505370948E-6	3.5285810712576334E-5	1.475195736128649E-5	0.0016388326433441989	4.56454367616923E-4	2.3082130862855034E-9	0.0	4.6828695584241234E-9	2.7565446008456334E-6	3.9714161204994985E-6	0.0	3.9714161204994985E-6	6.466390584654663E-11	4.181113776620677E-11	6.479454053506628E-10	7.46027631391362E-6
4.0672232817413844E-9	1.3618289227777879E-9	3.3583160932112435E-14	1.7421218756939867E-9	6.062366503903132E-13	2.0574922459483854E-15	6.416680961425373E-10	1.5986964501989311E-9	2.9061581174633044E-9	1.9735127107715862E-11	1.2126789644690261E-12	3.328845634578769E-9	2.1313235448912866E-9	3.2169783017687186E-9	3.7114406911890633E-11	2.0566013227492642E-10	3.3352023116236194E-10	2.1994505846508466E-9	7.078800988943335E-10	1.0185534643926968E-9	4.223303780436361E-10	1.013371230341729E-13	0.0	3.4818640674737362E-12	1.0377698623409567E-9	1.8485564409019142E-10	0.0	1.8485564409019142E-10	3.2340337137430704E-15	1.0987361207141982E-9	5.756814204531548E-12	7.681368499659155E-10
1.0969755958080417E-9	7.657418615216309E-10	9.355363331508345E-15	5.285273003111948E-10	1.657483358064361E-13	2.754433512197636E-18	4.3633165106753565E-11	6.318517355286487E-10	8.43546783021176E-10	5.343562576147438E-13	3.7598814794875837E-13	8.810308138761542E-10	5.514358906215981E-10	8.384654979906826E-10	9.608875521322054E-12	5.467809966509848E-11	9.905079870732734E-11	9.04815137977338E-10	1.8240840469412406E-10	3.348541198635228E-10	1.1820235324121507E-10	2.6030680056276546E-14	0.0	3.999473904010573E-13	5.0570962904802504E-11	4.9002357280682986E-11	0.0	4.9002357280682986E-11	7.94162460190637E-16	4.937986093355597E-16	7.674565718482267E-15	4.3988553714561943E-10
1.0913048681280945E-8	1.3258747934027324E-8	9.599321730098273E-14	7.880598081121924E-9	3.04130514211837E-12	1.1786831615126634E-11	2.4266709085724735E-10	8.566362665513785E-9	1.387769803349131E-7	4.815913879968082E-12	4.960809750737548E-12	1.0556306104322861E-8	3.2203724874599106E-9	6.220423553528376E-9	5.6256889313541E-11	6.369652602897237E-10	2.805835988790769E-9	1.4593512983764324E-8	1.6825802496480233E-9	1.975022131934104E-9	1.1930462410823064E-9	1.0015651049093555E-13	0.0	4.988643776249036E-12	2.5746248957220484E-9	5.659598787083662E-10	0.0	5.659598787083662E-10	1.4827038814077655E-12	3.3396157982792636E-15	3.297990520770062E-8	2.1956661317280143E-9
2.525768119122032E-4	2.5017392432704593E-5	2.051692200119608E-9	7.75734674612586E-5	2.1529181493852596E-8	3.8856798008913837E-13	4.662698692176776E-6	5.0300841259429424E-5	1.090161745697284E-4	9.199165386630183E-8	6.415243939704257E-8	0.0012484617714712308	2.1026171011842126E-4	4.0333319865185465E-4	3.0601159789623513E-6	1.1176166238719665E-5	1.197590278996976E-5	6.0040452133030405E-5	2.9893976870832096E-5	3.904760322371623E-5	3.8527111393585164E-5	3.4125646002884816E-9	0.0	8.391614386306675E-9	4.6615034019935765E-6	1.9431233391129652E-5	0.0	1.9431233391129652E-5	3.478729179156881E-10	1.2321932784268562E-10	1.0832734408677627E-9	1.3640534000224171E-5
