32
NULL,rt_sigprocmask@sigprocmask,exit_group@_Exit,rt_sigaction@__libc_sigaction,sched_yield@sched_yield,munmap@munmap,madvise@madvise,mmap@__mmap,lstat@__lxstat64,openat@__openat64_nocancel,fstat@_fxstat,time@time,open@__open_nocancel,read@__read_nocancel,mprotect@__mprotect,write@__write_nocancel,syslog@__syslog,getpid@getpid,writev@__writev,close@close,open@__open64,read@__read,close@__close_nocancel,mremap@mremap,stat@__xstat,socket@__socket,fcntl@fcntl,connect@__connect,getdents@__getdents64,lseek@llseek,getrlimit@__getrlimit,write@__libc_write
0.9592986340878129	0.010293267440695943	0.003172776571181581	0.005862654219029742	5.460652973373864E-5	0.005477011871516026	5.29537842997112E-8	0.0014940963491431984	6.183206565497548E-7	6.651325659926505E-12	7.641222235760925E-5	7.950416761977404E-4	0.00826388489964667	1.3829322813538211E-6	9.9898421015471E-7	1.9220647213262913E-4	8.360507108470753E-4	0.0013265897580634265	7.473716497477212E-4	6.014774817735962E-4	5.252132136969012E-4	5.9577937275806404E-8	0.0	1.5709460313368933E-7	1.1074840719764847E-4	2.6342356353174003E-4	0.0	2.6342356353174003E-4	4.6587289128216065E-9	1.8304173660524528E-9	1.8440800493885726E-8	2.574359522071221E-4
0.008632851975244877	4.0910215144610506E-4	0.0016782957608752734	0.0031380187518150766	1.876668761503032E-5	4.110845509444454E-5	5.399320476685231E-9	1.3631030722318225E-4	3.640928135094676E-8	6.213231563450942E-13	7.028070944962824E-6	6.813467109510315E-5	1.9122071382681038E-4	1.5021672900032375E-7	7.507311317160148E-8	4.704630440483289E-5	2.1422332239639042E-5	1.0999314721092488E-4	4.862337866044327E-5	3.903144228009433E-5	2.342483372792651E-5	5.108627194972756E-9	0.0	1.244131142147059E-8	8.759472625255647E-6	8.157399014785666E-6	0.0	8.157399014785666E-6	1.1149524473965731E-10	4.623674606094417E-11	1.7306654040589372E-9	2.020000660183844E-5
0.0056867998719404905	4.665271117344271E-4	6.468940126853091E-5	1.1710383680243729E-4	8.272669056461608E-7	3.613890579840573E-5	7.376927886004058E-9	1.7395964749213603E-4	4.3500920061406396E-8	7.268170535039473E-13	8.197894270904647E-6	7.806196880932202E-5	2.2142705087775208E-4	1.9400840539382438E-7	8.551593162967657E-8	6.793579702104528E-5	2.5136147045656238E-5	1.3486659408417167E-4	5.929364355023337E-5	4.096460059656875E-5	2.0315440737832272E-5	5.694981597196099E-9	0.0	1.4487399587490833E-8	1.0810417687002634E-5	4.669288635283565E-6	0.0	4.669288635283565E-6	3.1543788399676215E-11	1.0877617967472913E-11	2.023820359569992E-9	2.369534485176524E-5
0.006588913246393482	4.271409253013883E-4	0.0019980533644974757	0.0011104318013827634	3.4677697233330066E-5	3.7950408128855867E-5	6.113320469131446E-9	1.473579566510932E-4	3.759980947974457E-8	6.285270832128821E-13	7.101943990630832E-6	6.83430787502415E-5	1.982874629583281E-4	1.6231780708865595E-7	7.692302266031537E-8	5.482418455296471E-5	2.2332011275107803E-5	1.1509074145757096E-4	5.078244716365874E-5	3.801644729063311E-5	2.1885073302802438E-5	4.988353106284627E-9	0.0	1.2601917440387204E-8	9.208807871232504E-6	6.68360505870778E-6	0.0	6.68360505870778E-6	7.969347101736413E-11	2.8085660841455325E-11	1.750210916943894E-9	2.0578605348153462E-5
6.580161433657649E-5	4.535988130769812E-6	2.2684099830453303E-5	1.2405927420940868E-5	1.4323898755887965E-5	3.806211035394384E-7	6.826173030967677E-11	1.6352760575033198E-6	4.1540738934909837E-10	6.970563486994535E-15	7.868821689920632E-8	7.532017774973699E-7	2.1390421069679467E-6	1.8163677831748718E-9	8.294367373754899E-10	6.201752261569924E-7	2.418881269413315E-7	1.2789469948701296E-6	5.631806529042218E-7	4.061769510327962E-7	2.1557613010964542E-7	5.52660784979437E-11	0.0	1.391903668608383E-10	1.0235936595811678E-7	5.851848443960601E-8	0.0	5.851848443960601E-8	5.792100918127824E-13	2.183723122551166E-13	1.9410987920822765E-11	2.2726643046098242E-7
0.005981824090117041	8.818505160433967E-5	2.195464494378876E-5	3.827243817005362E-5	3.4940662744028725E-7	5.197964345717098E-4	1.4427828271127185E-9	5.928053069716689E-4	1.4276929821144634E-8	2.889555515722388E-13	3.3208653810971398E-6	1.049125139197611E-4	5.770790328866334E-5	7.474765873175808E-8	9.7034997999703E-4	1.0669343570815704E-5	1.1704150368438553E-4	1.7754071923651988E-4	1.871408857798725E-5	1.1966156624605131E-5	4.924325194157012E-6	2.880313828580913E-9	0.0	6.79339862401804E-8	3.4267255313473616E-6	2.131785745382409E-6	0.0	2.131785745382409E-6	2.610454103000655E-11	9.765713959424986E-12	8.065233489205016E-10	2.6429116064797385E-5
8.853304632564805E-8	4.036532767255529E-9	7.258718227502466E-10	1.21948791446226E-9	1.0144853724024179E-11	2.081624705866532E-10	1.239720319820978E-14	1.2113072189167628E-9	7.431884745005532E-13	1.9776558851441057E-18	2.372054514789185E-11	2.3212722231864074E-10	5.7740725520308E-9	1.012583415248837E-12	3.236276411431566E-13	1.4185598287124758E-10	7.130805089117273E-10	1.071662018475828E-9	2.5469078648499957E-10	1.7588082956604786E-10	6.533190344711674E-11	1.2485977116301253E-14	0.0	1.1060233917705779E-13	1.0661505683663521E-10	2.7028711740853874E-11	0.0	2.7028711740853874E-11	2.5383936823612123E-16	1.7916921288224978E-16	5.252428687642252E-15	2.0694566150998607E-10
9.199331732636347E-4	1.4690121767186782E-4	2.1701868648731535E-5	4.191382716413184E-5	2.9959914143951694E-7	0.0017875717613189189	1.5398033046607568E-9	0.001693030130175697	3.1580484977394154E-8	5.025440875407767E-14	2.4973037209901927E-6	1.9596891202521516E-5	8.91522635421715E-5	3.046904704598396E-8	5.19845182720926E-4	2.2433354612167416E-5	2.561443379655155E-4	3.551292998330494E-5	2.826415136328668E-4	2.3242238499067255E-5	3.5184019936054944E-5	1.675175973084069E-9	0.0	7.819939653946098E-9	1.8275099461124328E-5	1.852317544926397E-5	0.0	1.852317544926397E-5	2.107456361430951E-11	6.188362179928027E-12	1.3683805422436823E-10	1.2132429180230661E-5
7.897379600861981E-8	7.892998310539048E-9	1.496398136389808E-9	2.9674004823162823E-9	2.3402147187224302E-11	4.5268685760872586E-8	1.1453232862267563E-13	1.3186795955896423E-8	5.588111184944257E-7	2.0955338049459527E-7	1.0029067991225767E-9	2.556849215767111E-8	3.036499528684587E-8	5.922779685104925E-8	8.717816301697818E-12	5.096939990971287E-10	3.2295410301221417E-9	3.8236290585929945E-8	1.604805907901198E-9	1.1722891916426987E-8	1.4451511957582407E-9	3.641438043536152E-14	0.0	2.5238257244018685E-11	1.6383573802920868E-9	1.893966746127487E-10	0.0	1.893966746127487E-10	2.089651325755124E-15	6.883534703597023E-16	3.14836612070123E-14	2.5866221243249144E-8
6.976347788130285E-9	6.834517790978325E-10	1.3059117379140715E-10	2.5942673482532617E-10	2.050135901961795E-12	4.070595003571975E-9	9.99439399782801E-15	1.1766010455675254E-9	2.4516969150086136E-13	5.5509399132827595E-17	1.0782208932710876E-7	2.2117414526228385E-9	2.3443181238598683E-9	1.1115830584455789E-10	7.847163949588859E-13	4.5521109438955996E-11	2.8934105522050697E-10	3.4386338161741662E-9	1.357860227846812E-10	1.0344573155281454E-9	1.2864026233356574E-10	3.1666011244267916E-15	0.0	2.2501517128982825E-12	1.424078321084226E-10	1.637158164224076E-11	0.0	1.637158164224076E-11	4.613637867130865E-12	6.08810097547419E-17	1.5522297340029666E-13	2.323759709109751E-9
6.306373501411915E-5	3.1443316979048254E-6	9.238330261072973E-7	1.8160714220678289E-6	1.6230067005230758E-8	3.464364965894493E-6	1.300879461538599E-11	2.3321934628478364E-6	2.634582311805971E-10	1.0477505508867997E-14	8.60173040218904E-8	4.1646520705160035E-7	2.178567524724862E-6	8.200917973438986E-10	5.859451016090166E-10	7.128089181024217E-8	2.4423430711116573E-7	5.868733322777159E-7	6.309233621872122E-7	1.2173992935033805E-6	2.702228213005675E-7	1.5752415819547243E-11	0.0	4.032219955342346E-10	8.656301026347478E-8	1.2226594717083708E-7	9.822812031138426E-9	1.2226594717083708E-7	3.685216618199807E-9	1.1581256832357065E-10	2.923415934645351E-11	7.975066844887049E-7
0.001174012699418673	1.3103249660668853E-4	2.399383090045501E-5	4.7573980514782696E-5	3.7040598251037925E-7	1.815687712230752E-5	1.003657434105117E-9	2.4989110193591064E-4	5.217343864233471E-8	1.0211929282346803E-13	1.5504151239220976E-6	1.6276555068421834E-5	6.69689806133289E-4	2.3238843687875763E-6	2.34271226320341E-8	8.619582112270274E-6	4.649619780443792E-5	1.6883288041153765E-4	1.935283580774885E-5	1.1046819159090624E-5	5.9338555512006285E-6	9.578343259263303E-10	0.0	6.88301090434496E-9	7.810719140584108E-6	2.768094234199565E-6	0.0	2.768094234199565E-6	3.317904541844468E-11	1.0618443529638619E-11	2.660967389532288E-10	1.2005101307462591E-5
0.003879102827475295	4.772410276841037E-4	6.534186342474443E-5	1.2233587540531941E-4	8.472912477696153E-7	3.3016313877958716E-5	1.127945991892707E-8	0.001201248487950204	7.559837064192938E-8	2.1460465223846547E-11	2.113457998118041E-5	7.010417769015887E-5	8.595238394130198E-4	6.949854979654547E-4	1.8130983417346365E-7	7.374766122931727E-5	0.002922459883983235	1.266553142453214E-4	2.9593781880428657E-5	2.329477585792476E-5	8.136453463990155E-6	2.681809436128308E-9	3.441826233058825E-6	1.872966449720989E-8	1.4462598512128999E-5	3.294551514816815E-6	0.0	3.294551514816815E-6	3.936758074440311E-11	1.266723805154658E-11	4.339086820955406E-9	3.689958840254554E-5
1.5169226272572923E-4	1.2880184850648174E-4	1.5045811492715295E-5	2.855803372955703E-5	1.7655749719530567E-7	1.2267323238422515E-6	9.660114734072795E-11	1.5166086201837831E-5	6.274680384801783E-10	1.7428171433537E-11	1.5009136046457777E-7	1.3040746396121322E-6	7.754530798928674E-6	2.7173376892733172E-6	2.0737418773309934E-9	3.2777752153472916E-4	4.13407224542296E-7	1.8123164624542858E-6	5.104201431281638E-7	1.0967476976895726E-6	5.301811684462898E-7	9.219359257840606E-11	0.0	7.3795208932454E-10	1.923704788298022E-7	2.2282897115908937E-7	0.0	2.2282897115908937E-7	6.13410792007949E-12	1.2647489647720707E-12	3.78713860423355E-9	1.4205369010777122E-6
3.1857795790164544E-4	1.559665509426193E-5	4.54714492527826E-6	9.621874541182248E-6	8.281187399629E-8	7.53185100085518E-4	2.1420592867916686E-10	2.2422316723945531E-4	7.2979174169908675E-9	1.8364488062809698E-14	1.6968236179849373E-6	1.3462523301632388E-5	1.8174245021658215E-5	2.567931269498192E-8	1.9135766051594797E-8	4.5721458667892016E-7	2.020541377280026E-6	2.290692227878397E-5	1.5184336611485577E-6	3.60525523917254E-6	1.3954039176214678E-6	1.8658884320284506E-9	0.0	3.1738175762116978E-9	1.6698675605180254E-6	5.909611442686504E-7	0.0	5.909611442686504E-7	1.423367729919804E-11	3.403166139969551E-12	5.0890954886395474E-11	4.848336156831344E-6
2.077332544726133E-4	1.436052017315464E-4	1.693988313510259E-5	3.213268641886385E-5	2.002060882529732E-7	2.4571801215000317E-6	2.0945303887062806E-10	1.4568942191352427E-5	8.988529319549118E-9	1.723172300701938E-14	1.9898957056855497E-7	2.002500404845538E-6	8.28355077959334E-4	1.0612604659630281E-8	3.949215380157787E-9	3.2934872666232903E-4	1.740967263383931E-5	1.251478371306678E-5	2.1915173340944828E-5	1.6423212601818376E-6	9.023521161854099E-7	8.453701462033431E-11	0.0	9.779973578854068E-10	1.2336401992176673E-6	4.011944094274672E-7	0.0	4.011944094274672E-7	4.692555690763306E-12	1.5485995284657478E-12	4.472813605817018E-11	1.8216106154577782E-6
0.0020060053588376943	4.215108086989673E-4	5.537468756145681E-5	1.0550961766500895E-4	7.079476882466725E-7	1.1010918646748972E-5	4.861213579543688E-9	1.1133151552242429E-4	9.747719647478345E-9	4.667003500149066E-14	1.7339755909353613E-6	6.332796536756541E-5	9.499307928062929E-5	2.9136502250339907E-8	1.346702154654755E-7	7.275825750057055E-5	1.006754394330305E-5	3.1717795803758064E-5	6.5997742722025905E-6	5.391902772821846E-6	3.6618631708563944E-6	1.5003651312788209E-9	0.0	2.90227713037117E-9	2.3222887109160446E-6	1.720272133160538E-6	0.0	1.720272133160538E-6	3.048581141162357E-11	1.010932574096616E-11	1.2797948152856315E-10	5.325586547499497E-6
8.52278781580868E-4	9.588051419936963E-5	1.6784559576322623E-5	3.3068867602267064E-5	2.536590933258351E-7	2.9541501258539604E-4	8.221635592390866E-10	4.700323252482642E-5	5.331691573294372E-8	6.987366559919937E-14	1.930784847653757E-6	6.418371112131249E-4	9.20868294065643E-5	6.192168026844383E-8	1.76372879055617E-8	9.437106071731772E-6	8.558940767426484E-5	2.1220894235085584E-5	7.132924126165643E-4	4.4323633425734284E-5	8.519373431003535E-5	2.9429021181204675E-10	0.0	7.467414039359713E-9	4.037159801936087E-5	4.5590171196030485E-5	0.0	4.5590171196030485E-5	2.0642729320006418E-11	6.8603985942911146E-12	1.9135009450603635E-10	1.0944189125552073E-5
0.0011837777154334397	6.86052896758073E-5	1.777903788636664E-5	3.711293329754908E-5	3.13339329998992E-7	6.220377226924258E-6	3.7245516412165004E-10	7.038917211407707E-6	2.512280329008432E-9	2.8237170830213205E-14	3.475135795767478E-7	3.947352898258571E-6	2.0374702491090833E-5	5.569032165589685E-9	7.841821828071184E-9	3.316299760408099E-4	2.192268138852172E-6	5.769396827582683E-6	2.3242417269609564E-6	9.099365789665751E-5	2.396235679640978E-4	2.574753573211929E-10	0.0	7.132847419640072E-10	4.764038485079933E-7	1.2989616937026426E-4	0.0	1.2989616937026426E-4	3.669230998184478E-11	1.1773323730496922E-11	7.833679055905753E-11	1.2234551217629926E-6
7.005235868371026E-4	6.143126819969642E-5	1.2586458634642662E-5	1.9923191966105744E-5	1.796210079960018E-7	1.5973262443032057E-6	5.499964161693166E-10	4.526199790498249E-6	2.092528536991317E-9	2.4698205766128373E-14	3.3328904964767393E-7	3.407545243695828E-6	1.094882246642724E-5	5.207604612172572E-9	6.706479756397806E-9	9.275198604550991E-6	1.2342405047764314E-6	5.2061416170857855E-6	1.7193036046599746E-6	6.643951225467946E-5	2.0726859458100106E-4	2.989092867832465E-10	0.0	6.364985977117547E-10	4.1705186332336544E-7	1.7549771611989373E-4	0.0	1.7549771611989373E-4	2.8681587623912943E-12	3.209508183991089E-12	6.86562316536956E-11	1.1463831972781382E-6
6.886299844403305E-4	4.665012674887796E-5	1.09235990600882E-5	1.809574475150173E-5	1.6663825656348365E-7	1.0603290753782757E-4	5.017893162204097E-10	1.6337841080611374E-5	3.9235008819835685E-9	1.5771177558739005E-13	2.710386947354771E-5	3.022939514625709E-5	4.808585558615911E-5	4.002951449438478E-8	9.19516892864314E-9	6.947040492168041E-6	5.025372717587057E-6	5.164402939130118E-5	2.9764556089121127E-6	1.9257318057591634E-4	1.9451186216860847E-5	2.691144632103678E-10	3.441826233058825E-6	6.237664290400486E-8	3.0018327582730252E-6	4.858047612938488E-7	0.0	4.858047612938488E-7	6.751078080078057E-12	3.931490019701872E-12	4.400619234056962E-10	1.867950455259844E-5
5.262036650043896E-10	3.117729381616987E-11	8.031577334937081E-12	1.6119661821803887E-11	1.3850922336942354E-13	5.442185060971628E-8	2.1297023951633032E-16	1.675511252842626E-11	1.0741083598763348E-14	6.963308344798172E-19	2.604416873462795E-12	7.800332222534556E-12	7.021172934992435E-11	1.04726516162593E-14	9.191168295704308E-15	1.9273005172007074E-12	1.173452853922289E-11	1.8790179594893014E-11	4.182356266233995E-11	1.0608574010346773E-11	6.931223157557012E-12	1.4370803367210823E-16	0.0	8.75617193463767E-15	3.981845476049397E-12	3.3320320794340858E-12	0.0	3.3320320794340858E-12	1.4623627805698328E-17	4.9126136021143224E-18	1.945169422583975E-15	1.470947554892712E-11
9.032024937176177E-7	2.5005431729216378E-8	1.1222754844979432E-8	2.1363176944959724E-8	2.0818668614384955E-10	8.198064640090075E-9	1.3915813752500136E-13	6.3129013907106526E-9	2.189564721460742E-12	1.3344097336925295E-14	2.32473315809768E-6	5.363949016486407E-9	1.6199762281768564E-8	3.0088154565115095E-10	4.931487613263883E-12	6.783063477992876E-10	1.7948362734502242E-9	8.141388480313147E-9	2.0743281764180833E-9	3.6256395870007837E-9	2.464013829712943E-9	2.314198317498918E-13	0.0	2.962118391940526E-12	5.482015325689952E-10	1.1957547420224613E-9	0.0	1.1957547420224613E-9	2.3040939704805053E-14	7.97853385551608E-15	3.7336607598955985E-11	3.470199031963066E-9
6.584917753734902E-8	1.7468744959966328E-8	2.3907878973486867E-9	4.566999623211473E-9	3.140048164418386E-11	1.1102445993793981E-9	8.237389203400047E-14	9.359161203067248E-9	3.987618367102152E-12	1.6919047091903356E-17	8.812026238371814E-11	2.3838568348409184E-9	3.288787744724497E-8	5.2344960299011995E-12	4.448021183028196E-12	7.144207038227199E-10	4.0350038532611015E-9	5.552524305202957E-9	1.2231919008765734E-9	7.84737047104753E-10	3.3476358525559926E-10	3.053260914363214E-14	0.0	5.785907402561048E-13	5.59559716238914E-10	1.4418134493267898E-10	0.0	1.4418134493267898E-10	1.5041550840795252E-15	5.142553938583705E-16	4.578231621399774E-14	9.638971639911676E-8
6.881987962248271E-5	4.295094451815664E-6	1.0808382342468835E-6	2.1771668280415957E-6	1.856189295383813E-8	7.392125089203101E-7	9.819371911217935E-11	1.1594080055829791E-5	8.925312137889855E-10	5.603899454076761E-14	1.1401825522440138E-7	6.013753693767375E-6	1.020467100539107E-5	1.8928611991095665E-9	1.0588800383419218E-8	1.7388040285547593E-7	1.0900684281646693E-6	2.8427558926165945E-6	5.719761030086028E-7	3.4852898132313907E-7	2.4725375317765283E-7	8.650544596533512E-11	0.0	1.8425444704534395E-10	1.9698551807654612E-7	1.2041105596308326E-7	0.0	1.2041105596308326E-7	1.9904690185552435E-12	6.564312189944479E-13	1.5648308505662284E-10	2.612989532675383E-7
1.5718364476503862E-4	1.8436955337655952E-5	3.320961162893043E-6	5.455150163822072E-6	4.5891359226896525E-8	4.201226460850273E-7	1.2286168598962016E-10	1.4124786567237925E-6	6.910354822588178E-10	5.924830785759021E-15	7.83053807478879E-8	8.466335585918546E-7	4.309443060694105E-6	1.2983884387973222E-9	1.6393708020712314E-9	2.05353020965016E-6	4.872036121027001E-7	1.4674481621987448E-6	4.552379861753108E-7	4.934146668531365E-5	1.319668402411635E-4	6.732032425456333E-11	0.0	1.6428664626174618E-10	1.26427718878446E-7	1.715025074776912E-4	1.7144203635535203E-4	8.578136162250861E-5	7.985360371261282E-13	7.478220707452908E-13	1.6387837271985493E-11	2.9587971596717123E-7
4.7158665000796445E-5	5.531247633612107E-6	9.963378562852002E-7	1.6366492877286096E-6	1.3768316482060836E-8	1.2629920134897818E-7	3.686089560866926E-11	4.2400578300683195E-7	2.0733656635897646E-10	1.777608449510725E-15	2.351273043448865E-8	2.5421688239630943E-7	1.2931173274853321E-6	3.90120140942299E-10	4.920391871539284E-10	6.160636495607211E-7	1.4619332500583548E-7	4.404646329265365E-7	1.365911026841419E-7	1.4802486197781139E-5	3.958999254301103E-5	2.0197166343736342E-11	0.0	4.9504122124160106E-11	3.7964309116826236E-8	1.8147955564232668E-8	9.776968856565615E-10	4.287872088315556E-5	1.0152149791918101E-9	3.1974513457727314E-11	4.916787692259645E-12	8.890619889975066E-8
1.4932385382142345E-4	1.7515036172291373E-5	3.1549002440791155E-6	5.182371530155947E-6	4.359661354784747E-8	3.9911488682455954E-7	1.1671812589911587E-10	1.3418492539588774E-6	6.564810320595395E-10	5.628566302122876E-15	7.438980846707838E-8	8.042986020107929E-7	4.093954219020403E-6	1.2334639887515903E-9	1.5573959133822214E-9	1.9508457467190735E-6	4.6284154476531536E-7	1.3940700712865797E-6	4.324743239235613E-7	4.54047985277077E-4	1.2536798717769444E-4	6.395404733886895E-11	0.0	1.5607167773639363E-10	1.2010584333377258E-7	5.744733204334213E-8	0.0	5.744733204334213E-8	7.586061428795851E-13	7.104280712113979E-13	1.556838194526666E-11	2.810845843525908E-7
5.586023525718494E-9	1.314516544526512E-10	6.991661434450008E-11	9.972247457481378E-11	1.1738735404923668E-12	2.4305506460303197E-10	1.3633570976039932E-15	1.3162532899253873E-10	3.874533867439356E-14	5.718869353154322E-16	1.48759064717644E-10	1.4801105527576354E-10	3.1780026859447517E-10	5.106317529867478E-12	7.696668473987006E-14	8.698786736806466E-12	3.7556699092959764E-11	2.3496991376759555E-10	3.2809867013027935E-11	1.0562543104060734E-10	1.6164945390311063E-11	2.245937517726742E-15	0.0	9.168986696354562E-13	2.592516455652769E-10	3.4091015772811155E-12	0.0	3.4091015772811155E-12	1.0684231990660597E-16	3.0696230232181466E-10	1.6001441606137463E-12	1.3342823098748617E-10
1.4597132114429677E-9	3.802519943571262E-11	1.8510154345421558E-11	2.687244698359014E-11	3.094057854672953E-13	1.7835908402510584E-10	5.386382282814848E-16	5.623921971985064E-11	1.2795084084673497E-14	9.017153699835169E-20	4.412963408558818E-12	9.987845973480962E-11	1.0838269025797438E-10	5.196968911200761E-14	3.715474119989202E-14	2.7318923006336907E-12	1.3351371487234853E-11	1.554669331784598E-10	8.645873852810577E-12	4.728634746942954E-11	6.1792175723509E-12	5.962512689925986E-16	0.0	9.842715363404575E-14	6.6565552259418006E-12	9.275695059088786E-13	0.0	9.275695059088786E-13	1.0020707738806053E-17	8.39484194583779E-18	2.4795904870427897E-16	1.0211126628161865E-10
9.663905070093246E-9	1.46250063665059E-9	2.3157849653832098E-10	4.4995675252803747E-10	3.3219056449985565E-12	3.5112731128509235E-9	1.4979194661705962E-14	1.7623064331497817E-9	7.13400144647853E-13	3.291399601464336E-12	3.818637527549618E-11	2.0768674015912487E-9	3.810538026547921E-8	1.1017185067060888E-12	9.678632261926615E-13	1.2097716274059309E-10	7.098535930599411E-10	3.6823305091405577E-9	3.045614792738287E-10	2.9689688824098045E-10	7.990247730909688E-11	4.826853735696738E-15	0.0	1.3356454783480835E-12	6.883831086814071E-10	2.8914101686169452E-11	0.0	2.8914101686169452E-11	4.1168376531397653E-13	7.713601165048021E-17	9.209433941760823E-9	5.275765826317501E-10
3.188739243923128E-4	2.9181106900278835E-4	3.40734262100586E-5	6.464180570428415E-5	3.995675203562435E-7	1.8140088351345845E-6	1.0613427674096093E-10	5.127373390214382E-6	1.060256165574409E-9	1.4716700633846147E-14	2.1871284226032133E-7	2.625226596283064E-6	6.51327021629848E-6	1.0455024649368122E-8	2.2077699732177406E-9	7.593178979427283E-7	6.83036582388664E-7	2.604624596867957E-6	2.2261758624403744E-6	1.4755621581721534E-6	1.2002397377203289E-6	1.0925665350352737E-10	0.0	4.029307156836985E-10	2.0963872149419413E-7	5.674232829241416E-7	0.0	5.674232829241416E-7	8.602871394536827E-12	2.8259434212595478E-12	4.095511912428222E-11	7.076431482078673E-7
