32
NULL,mremap@mremap,munmap@munmap,madvise@madvise,mmap@__mmap,lstat@__lxstat64,openat@__openat64_nocancel,fstat@_fxstat,time@time,open@__open_nocancel,read@__read_nocancel,mprotect@__mprotect,rt_sigprocmask@sigprocmask,exit_group@_Exit,rt_sigaction@__libc_sigaction,sched_yield@sched_yield,write@__write_nocancel,syslog@__syslog,getpid@getpid,writev@__writev,close@close,open@__open64,read@__read,close@__close_nocancel,stat@__xstat,socket@__socket,fcntl@fcntl,connect@__connect,getdents@__getdents64,lseek@llseek,getrlimit@__getrlimit,write@__libc_write
0.4599605820120708	0.001468097942091425	0.22689723826748523	2.3781474073025138E-7	0.02773412632781115	9.800584008458132E-6	7.292873748865205E-11	5.553799928621694E-4	0.011812678666312214	0.11539628360617661	1.6663922631914366E-5	2.290159371221961E-5	0.05532501817467357	0.01667826887877556	0.03161647820047769	2.880597164723641E-4	0.0017801471911494853	0.011550178208061623	0.011866156425677989	0.008292319802907545	0.004683767109602006	0.0039539982120223496	4.819283081077415E-7	3.95274130239797E-8	0.0013997463123913592	0.0019786830145389124	0.0	0.0019786830145389124	5.06721890357097E-8	1.8908503095890973E-8	2.008802070599972E-7	0.003525418740112838
5.966844119423406E-4	5.583596769727321E-9	2.5701003163257395E-4	3.6274108387866254E-10	5.664531447312542E-5	2.8244247287539367E-8	1.5453876184871536E-13	1.1978389088103148E-6	2.0740242925861245E-5	1.6806744765452214E-4	4.223319813892308E-8	4.037759349404523E-8	1.510460368717237E-4	3.6324898051945694E-5	6.827454302497E-5	5.919679365323135E-7	4.447291419603234E-6	1.9615203047350436E-5	3.109241143980278E-5	1.1530145626234041E-5	1.0107650320188044E-5	7.58391916991432E-6	9.319496262162483E-10	9.731104411480153E-11	3.2221527290428715E-6	3.726566103122895E-6	0.0	3.726566103122895E-6	9.190884355468796E-11	3.477845258273393E-11	4.2255109236158943E-10	1.2724823771893392E-5
0.23227914334229374	2.8021712021968847E-6	0.038184231897592555	8.967081389238019E-8	0.030058701157348336	2.766742794873422E-6	4.797225890367342E-11	3.412023164898639E-4	0.005237400263012095	0.019819486833054945	1.0953564126022918E-5	0.04036318733588804	0.01907180687875288	0.0067822203638681295	0.012735599034468808	1.2027218887571043E-4	7.780047292087686E-4	0.0043519601665233994	0.006966973097835264	0.0025683536526459484	0.0020504339901881736	0.0017109777412619757	2.7293347832933754E-7	1.1189829206926129E-7	3.389608816045237E-4	8.573910447253326E-4	0.0	8.573910447253326E-4	2.17147154729355E-8	8.19552640437461E-9	1.3356269800404859E-7	0.0023085535291806594
5.317879585501428E-7	4.27380517602885E-12	6.264128830361458E-8	2.050635564402214E-13	3.078341263842085E-8	1.703238734395504E-11	2.507402476532218E-16	1.8435940258408507E-9	1.4860525118324412E-8	8.416351948648148E-8	7.469193617270365E-11	2.2404618125088073E-11	9.557689160911165E-8	2.8640704560476758E-8	4.980081186508508E-8	4.738769357099525E-10	3.521365721768636E-9	9.849588262049584E-9	2.0588784697783062E-8	1.1050302498105614E-8	7.961421128672932E-9	5.429688106458635E-9	9.316580865555431E-13	1.1019955275951531E-12	1.7700072610586288E-9	2.653819631786315E-9	0.0	2.653819631786315E-9	5.993646214781645E-14	2.7160016642521254E-14	6.964447846259293E-13	1.1254889356822653E-8
0.012600680696719106	3.459683934658464E-7	0.07330457719072639	2.6650907736680527E-8	0.07100754387580152	1.3260489309744838E-6	1.043838758547862E-11	9.226709295673712E-5	9.662671129445896E-4	0.004755911041891902	2.693550898339633E-6	0.021621739186640492	0.006495997208397024	0.001650114006013344	0.003182702421785038	2.7648413270724103E-5	5.663487802838504E-4	0.005641936200959012	0.0012918055261923792	0.006154572188821983	7.943821518367808E-4	0.0010411624673256448	7.974655683229304E-8	3.7113139904403426E-8	3.238418397101235E-4	5.440449376591252E-4	0.0	5.440449376591252E-4	4.934773083958906E-9	1.7454155167885007E-9	2.8987283653515506E-8	6.714242225127127E-4
1.5614513306930534E-6	9.772941694446163E-10	2.497413628887437E-6	5.953324453476012E-12	6.421221282806023E-7	1.7267070771831225E-5	6.475071362603887E-6	3.8266267708682486E-8	7.918291982715272E-7	2.0709733685063153E-6	1.914790604352619E-6	4.798798476055406E-10	1.0826953407056746E-6	2.602412028147797E-7	5.001870224106067E-7	4.290076446306421E-9	3.8815641386674964E-8	2.1638717933382498E-7	1.1509604951680346E-6	1.593769338836476E-7	3.714038798116098E-7	9.07909294891748E-8	6.94059781472514E-12	2.9547522189821506E-11	4.8148081303139584E-8	3.129409101333275E-8	0.0	3.129409101333275E-8	7.259036662166289E-13	2.6190103900570935E-13	1.268994520701904E-11	1.0272700901526375E-6
1.5980817061275282E-7	8.867445448663182E-11	2.655420201754178E-7	7.121620778770269E-13	6.362185762146839E-8	2.549152731819267E-11	2.2657175132300775E-15	3.332646179495238E-6	7.217719799771116E-8	2.297009719585859E-7	3.722683569254194E-9	4.668016617075485E-11	1.2104379079997782E-7	2.7595455250976894E-8	5.2875678755302475E-8	4.474839057369154E-10	4.2497577569990354E-9	2.454495125927397E-8	1.076079233202657E-7	1.8137805469237625E-8	3.42390667530948E-8	8.931494059029922E-9	7.150825610445302E-13	3.99573258567946E-12	4.632300023021781E-9	3.18780565987718E-9	0.0	3.18780565987718E-9	1.4416800030631619E-10	2.6413764811415185E-14	6.331377451052609E-12	9.943892197774163E-8
6.921071267484986E-4	1.964118199413859E-8	2.91306860979755E-4	1.218174545613541E-9	1.4690689452416988E-4	4.1881479418647206E-8	8.163927606257357E-13	7.0524086254064994E-6	5.454240567758686E-5	3.2143834173317866E-4	1.7333363053877946E-7	9.377917175679814E-8	3.0375647765447947E-4	1.0386371494301597E-4	1.9650484724847772E-4	1.8359258335496093E-6	1.0309406601183752E-5	3.3276186946444413E-5	5.97063939894172E-5	4.945013963169199E-5	4.9041042955645334E-5	2.7957690241195055E-5	3.1004666233957005E-9	1.2360410997307977E-9	5.43636503129571E-6	1.3893734394294732E-5	3.035188871287089E-7	1.3893734394294732E-5	1.141526450498732E-7	3.685409773535451E-9	2.272654062343969E-9	3.81049521670436E-5
0.011812069984087325	3.381702197719038E-7	0.002059216834296582	1.723103803546844E-8	0.010130031425363178	1.7986742581392777E-6	8.941701109956403E-12	7.527309021327937E-5	9.634495183925967E-4	0.02057177452662531	6.625119188066992E-5	1.939722097055523E-6	0.0062271489649529015	0.001807563469632004	0.0035220846814669566	3.140058740571835E-5	2.5451535138375887E-4	0.0010607245796629913	0.003920305175183007	6.984236966955118E-4	6.157276081529753E-4	4.902291813516293E-4	6.404861849280193E-8	5.71292050549158E-9	1.7976254255388334E-4	2.440045747586946E-4	0.0	2.440045747586946E-4	5.98707626394581E-9	2.117791843417078E-9	2.4398414589860487E-8	5.740967397586157E-4
0.04500706560807277	9.87463596996365E-7	0.011877564643322834	1.2555720621189985E-7	0.029073850503505957	2.9755926141406706E-6	6.867464287230226E-10	6.19287380307066E-4	0.002748342754055088	0.02748030640684879	0.015382335475043125	8.015749787829175E-6	0.016878732108438894	0.0038229141061946114	0.007133360437556191	6.101209323606055E-5	0.001734580525945323	0.06144107907187422	0.0036883748345617434	0.001410183631181716	0.0013198017824527348	7.961150557859026E-4	1.4718081397095726E-7	7.231788435844955E-5	3.7377289791580516E-4	3.7812488633028496E-4	0.0	3.7812488633028496E-4	9.079074722581545E-9	3.4193203481298284E-9	1.8145836888420893E-7	0.001990739850263423
0.001498563800041799	4.626236632060574E-8	2.4201265056548245E-4	2.050458172757262E-9	7.499856579356801E-4	6.296971571766089E-8	5.448615778839166E-10	8.96530469456729E-6	1.0898468206834321E-4	4.613118696699903E-4	1.1613951984420496E-4	2.2986383840065404E-7	0.003109414936462759	4.72991642539909E-4	9.045676942403735E-4	6.551530882226838E-6	0.00686549853783965	3.225242369120078E-5	1.1036846125092245E-4	4.70871621209979E-5	7.682021820091319E-5	5.6950965906838456E-5	7.162116426844292E-9	6.897105471693822E-10	1.0137357838649689E-5	2.7574332811829488E-5	0.0	2.7574332811829488E-5	7.992512793907033E-10	2.5675563857195355E-10	1.197197562220996E-7	8.326562981955476E-5
0.006589119625373883	1.657306321780955E-7	0.03221554472429944	7.496212608322327E-9	0.009898123669826757	4.2367094618784303E-7	3.794865059584343E-12	5.56607196670537E-5	6.174930514614497E-4	0.0014947328024927668	1.1770344163002099E-6	1.4858165683224836E-6	0.00232850465084114	8.743938472296181E-4	0.0017588029227789148	1.6170909940049114E-5	6.119181933535682E-5	1.5963159397758E-4	7.707879974661891E-4	1.9977566185770657E-4	3.0523376816496227E-4	2.629227580579931E-4	7.16669232129533E-8	1.6785276803723787E-9	5.9639334521182133E-5	1.319801034055987E-4	0.0	1.319801034055987E-4	3.6600649747561552E-9	1.2194554647751918E-9	1.0558071537093535E-8	2.603652072757749E-4
0.06502109445120452	9.419495458683705E-7	0.011398847681335979	8.853966086786261E-8	0.009094655073581289	2.7582648945379615E-6	4.979809763053598E-11	3.5469189998619215E-4	0.004395063343591004	0.0118048320229085	8.360203708674139E-6	7.64112363554913E-6	0.023940873935179942	0.033698382544565676	0.06230317396026621	4.1424833351505475E-4	0.0014203468191566382	0.0012824361689629535	0.004964084175102733	0.0024591603573752645	0.002372164547284872	0.0017448455588353802	3.230561301148425E-7	3.274143411190585E-8	3.990161859583702E-4	7.983638060959349E-4	0.0	7.983638060959349E-4	1.956914921410141E-8	8.315823123278798E-9	1.3873966099750623E-7	0.0015962385296945925
0.04055563433764779	6.710701561055501E-7	0.010966310567040992	8.972959924110421E-8	0.007405036385782702	2.11064708857415E-6	3.714522262233686E-11	2.626032622638205E-4	0.0028507283088442374	0.00961210961085592	7.150455465815384E-6	5.417925248604782E-6	0.0206689987251988	0.004200891596277229	0.0077054345346380905	6.416895175971989E-5	0.0016397794041323618	0.0010478876300061067	0.003942971112706679	0.001966140702029151	0.0015105052248509825	9.88591477574318E-4	1.9858661138176584E-7	3.684875026500424E-8	3.208008218312002E-4	3.832137717117922E-4	0.0	3.832137717117922E-4	8.16569991521984E-9	3.2089396584611827E-9	1.0341019660718662E-7	0.0012018994422379333
0.04770905432792049	7.269863162943939E-7	0.01032254699668994	8.441935921149182E-8	0.007644092242903892	2.2142597546437277E-6	3.9150883844254694E-11	2.7834878048896186E-4	0.0032701665304850787	0.009996957597330599	7.08607629645879E-6	6.177325528217613E-6	0.021401798291037957	0.036844486353518745	0.026118182785971306	6.36564969771217E-4	0.0014404925699618243	0.0010863225899114997	0.004054366264790259	0.0020170987055085545	0.0018049409180438817	0.0013562935420468438	2.284294173179332E-7	3.271297217066516E-8	3.2767671479028924E-4	5.949600350221836E-4	0.0	5.949600350221836E-4	1.4231574123954897E-8	5.469510889119526E-9	1.0902322391287252E-7	0.0012685634182110642
4.7919970048519966E-4	7.523013628314189E-9	1.113315150381678E-4	9.00202775148452E-10	7.94523864938638E-5	2.3079949479595196E-8	4.093180884820252E-13	2.902292752284498E-6	3.3149198489378095E-5	1.0325573236933911E-4	7.527748722309192E-8	6.133173740665878E-8	2.1861495296041975E-4	4.1062507158951315E-4	2.776386031032663E-4	2.333484033641549E-4	1.5834637391555813E-5	1.1240674298829273E-5	4.25538018368846E-5	2.1175035586423053E-5	1.7782599296888408E-5	1.2363502684654805E-5	2.348390524740004E-9	3.5825592997137487E-10	3.4475693143297987E-6	5.1830412499837705E-6	0.0	5.1830412499837705E-6	1.1879973285918994E-10	4.789286181179561E-11	1.1398032788894098E-9	1.3213162489878029E-5
0.0020587362285150435	5.1117026135032936E-8	3.806820193060121E-4	3.3662906889174223E-9	4.7890342231031284E-4	3.058938997668511E-7	1.4861978332352553E-12	1.1307757749351362E-5	1.4094392362448162E-4	0.017456222343389702	4.265431563807628E-7	3.1097049114134213E-7	0.003578273598258284	5.59320703523683E-4	0.0010664836860834336	7.838907438500644E-6	0.006898760018720899	3.771680581786883E-4	3.262295172881054E-4	5.073168590195737E-4	9.440440583075504E-5	7.46719233768484E-5	8.23053017077895E-9	1.295018686683129E-9	2.8724665872324864E-5	3.658544485062997E-5	0.0	3.658544485062997E-5	8.919008932310671E-10	3.1835609101999376E-10	4.048949297126842E-9	9.159192672381522E-5
0.021276900793189456	2.2226083380509943E-7	0.0046035160631711395	5.342049674724467E-8	0.0034069774457996227	6.82147274646617E-7	9.469257525948763E-12	9.348511741900062E-5	0.0018903865776282586	0.003965237110494418	2.39627105327713E-6	4.685667844104369E-6	0.01235139814174786	0.002528506862867482	0.004807035361809466	3.947871965440266E-5	0.0016303029659809867	4.203256557658802E-4	0.001231364474769718	5.068933058613084E-4	5.105211497002982E-4	4.482212542124111E-4	8.031649070072464E-8	1.9519284050970015E-8	9.470484939256772E-5	2.2456958297709356E-4	0.0	2.2456958297709356E-4	5.858012439931992E-9	2.140764049435275E-9	2.6331491217883864E-8	4.4763751389809424E-4
0.00848382075834943	2.643574338817843E-7	0.007463873746604622	1.4523621559827034E-8	0.0017455956017017875	1.7386268528270963E-6	6.114811641177599E-12	6.1013091673162104E-5	0.013818291967719705	0.003395053374146225	2.288597129373303E-6	1.2987686645924127E-6	0.004226552431923121	0.0011896703663512587	0.002306162281130117	2.0475840701753276E-5	2.5799882847660764E-4	0.0019122355657904585	8.1461146818057E-4	0.014838416025794809	0.0010895637040874654	0.0019721073965694915	3.333529105720549E-8	6.424474789169912E-9	6.170169980849376E-4	0.001054107842142824	0.0	0.001054107842142824	3.784266297950072E-9	1.3553775099576926E-9	1.6920386409777866E-8	4.157379189408414E-4
0.010990326736637046	1.3299002380842747E-7	0.00131896649725364	1.2099951780883315E-8	0.0012793318504109139	3.9121982238312885E-7	6.438691154426182E-12	4.820005998667053E-5	6.921815761262311E-4	0.0019562060865274578	1.0404696869802979E-6	1.4928057098438987E-6	0.004572614994357406	0.0016319965726083944	0.0032675306887620264	2.987055516196659E-5	0.007018781016630816	2.091335718327258E-4	6.458980037968493E-4	3.220228639660545E-4	0.0022520698002603382	0.005381464269381845	4.4602393468193346E-8	3.859479224803483E-9	5.1239143965220904E-5	0.002912093743136074	0.0	0.002912093743136074	6.4030547505751515E-9	2.2090372215441726E-9	1.7928097583521693E-8	2.2408272532682593E-4
0.007932032543788091	1.0429742208294718E-7	0.0014274577925074325	1.0296976497387701E-8	7.799020015946975E-4	3.0741866932184004E-7	5.317182647415513E-12	4.116447114831627E-5	4.8307960789039723E-4	0.0013730166074923881	9.762471111117721E-7	7.819529685342935E-7	0.0026227778918399684	9.685783395538629E-4	0.00149996466753836	1.5852312144725035E-5	2.5379056383982964E-4	1.4721073294776728E-4	5.041521929816987E-4	2.5932184767409175E-4	0.0015620161074572766	0.00442941870477282	3.9940768947343524E-8	5.18617891345671E-9	4.059275186541436E-5	0.0037183881625231408	0.0	0.0037183881625231408	1.2288923256852697E-9	8.194614599227844E-10	1.4816669343652296E-8	1.857541550564021E-4
0.0074335346492860966	1.821044793416014E-6	0.004001380083835952	1.0273596867352753E-8	0.0010412251003113738	3.5260570639156265E-7	9.130291443903046E-12	5.407961571616479E-4	0.0010330666411873012	0.002175517105504824	1.8164393237602516E-6	8.670763364227177E-7	0.002456791288514929	9.25204449445732E-4	0.0015164197168247295	1.557019182844381E-5	2.03684820262861E-4	2.3639311175137917E-4	0.0014502520366617168	2.8082664635085443E-4	0.0035931739671302824	4.7244785458634095E-4	3.6148396727859555E-8	7.226921859176395E-5	9.00935876404605E-5	7.116285221814757E-5	0.0	7.116285221814757E-5	1.696738594503634E-9	8.887099409385985E-10	2.5462911116623327E-8	6.800744970289584E-4
1.2304133894181115E-7	5.847688108819908E-12	1.729263345256861E-6	9.754644176046886E-13	3.401955747989399E-8	2.4434036908719977E-11	6.193972389240758E-16	2.959267467281356E-9	1.3914971859798576E-8	2.860157270492358E-7	1.9626792803425676E-10	2.0277592898029342E-11	1.2606459080759637E-7	2.3703443852753943E-8	4.449396319423946E-8	3.565080869434837E-10	5.099779693721046E-9	2.8569202586593782E-8	2.398592032602406E-8	2.663525925016957E-8	7.277268138998092E-9	5.177773119445859E-9	5.392495902012933E-13	4.616459724714643E-12	2.1504488761565203E-9	2.560503575797583E-9	0.0	2.560503575797583E-9	4.635443383999775E-14	1.7477352595584795E-14	1.725258006749701E-12	2.721123453910959E-8
1.0865422025810259E-5	2.724102603373441E-10	4.934859988641419E-6	2.363726910049017E-11	1.5876196987539626E-6	7.19409822289377E-10	4.237447268924259E-13	4.8360053325663835E-5	8.95798770974295E-7	6.2711418068168475E-6	1.290154703267561E-8	1.3798840229048227E-9	4.609509435904847E-6	1.5920759260727041E-6	2.943587396316275E-6	2.788420087932346E-8	1.8192133256566561E-7	6.39442896493549E-7	1.0487851910687193E-6	7.624926395738989E-7	4.88597839185832E-7	3.910362545934028E-7	4.979639757604977E-11	3.053918779551824E-11	8.319669400537108E-8	1.9563130231011435E-7	0.0	1.9563130231011435E-7	4.771611910193119E-12	1.84456822252116E-12	1.1854456916071517E-9	4.936312246336414E-7
5.854128754315373E-4	1.0933385339175679E-8	7.665292073097848E-5	9.746268539915578E-10	2.734861862595868E-4	3.9837298331208494E-8	2.033986978520988E-12	4.524750280148539E-6	1.4390612375625653E-4	2.599536788834976E-4	8.712741654369942E-8	2.629915143863778E-7	2.4376471361260574E-4	8.712650438997059E-5	1.6901304495386792E-4	1.5706737759716147E-6	7.671872385172717E-6	2.777592783363543E-5	8.077044152553788E-5	2.5309025678365136E-5	2.5957017256090873E-5	2.3436891506715785E-5	4.0167542562518624E-9	1.8289139932282798E-10	5.580335525306611E-6	1.1838115265003614E-5	0.0	1.1838115265003614E-5	3.103497704583154E-10	1.1172669915785518E-10	5.679426539695016E-9	1.6967646474797796E-5
0.001758467305315183	2.380855432332348E-8	3.1507507067850174E-4	2.288607564096154E-9	1.817211356901783E-4	7.422490826386535E-8	1.185342918523554E-12	9.165250770435914E-6	1.088574490883663E-4	3.389917055313461E-4	2.1788354930152051E-7	1.784559166154653E-7	6.899838017086218E-4	2.2699640335219537E-4	3.5898369194511926E-4	3.6677951305025846E-6	5.589423946144703E-5	3.657285708597383E-5	1.1733573732730337E-4	5.869813244399462E-5	0.0010615044661103665	0.0027770398973892586	8.816099184762712E-9	1.1372054342361937E-9	9.549435747307214E-6	0.003597186578626881	0.0035843962445561896	0.0018049857869522638	2.954710029006615E-10	1.8656177243229453E-10	3.3006003182804753E-9	4.23250889805271E-5
5.275915777699477E-4	7.1507699214784445E-9	9.454032563728011E-5	6.866651212695369E-10	5.453022271743151E-5	2.2270423760505805E-8	3.5565308547730376E-13	2.750410183435668E-6	3.2666755192790364E-5	1.0171807027599676E-4	6.539297576822794E-8	5.3550184278869755E-8	2.0701723075891319E-4	6.810672295108076E-5	1.0771063108715893E-4	1.1004806548841838E-6	1.6768882041289186E-5	1.0974063689348493E-5	3.520965599086277E-5	1.76116903523988E-5	3.1845458507134155E-4	8.331127104729552E-4	2.6450518195950967E-9	3.413260483477307E-10	2.8658372729946744E-6	3.8382357720720026E-6	3.0210236105810125E-8	8.999386316093797E-4	3.1450787716234235E-8	1.0370385618601577E-9	9.903197816229466E-10	1.2703897728450466E-5
0.0016705371302539053	2.2618034406758653E-8	2.993200969929148E-4	2.174168323088218E-9	1.7263437517704635E-4	7.051337540919042E-8	1.1260711822687011E-12	8.706952738798356E-6	1.0341415507537436E-4	3.220408074841688E-4	2.0698852806618311E-7	1.6953242970087268E-7	6.554819396095648E-4	2.1564570412411856E-4	3.4103311715679774E-4	3.4843911701678243E-6	5.3099311033772185E-5	3.474407260056404E-5	1.1146849606956231E-4	5.57629985089082E-5	0.009521344190349439	0.0026381771482261	8.375260084524318E-9	1.0803407586117E-9	9.071926979041177E-6	1.2150767835635037E-5	0.0	1.2150767835635037E-5	2.8069630852217796E-10	1.772329613363306E-10	3.1355575205460608E-9	4.0208670624443454E-5
9.094140934359329E-8	2.963817507492662E-11	2.2268731366078345E-8	9.157171122599599E-14	1.2950333477722645E-8	4.8576503841431325E-12	1.7836434750395206E-14	4.875159298244528E-9	9.435045726854516E-9	2.5307535134083004E-8	1.7580736504204911E-10	9.741042931875663E-12	2.2557813978287164E-8	1.163968996483329E-8	1.77441780051585E-8	1.9885899526675995E-10	1.0168066156069575E-9	2.7770362624604434E-9	1.1511313057224989E-8	3.843141519433169E-9	5.04949153471512E-9	1.834892754138887E-9	5.107320775389954E-13	1.3790647885882139E-13	5.883807707526175E-9	7.694287496103668E-10	0.0	7.694287496103668E-10	1.966384535720695E-14	9.484957714386052E-9	4.990574620112736E-11	6.7671452942898576E-9
2.337297653515571E-8	3.961808626057046E-12	8.706331730579352E-9	2.070900218346496E-14	3.971171302067693E-9	1.2576624463114626E-12	1.8674682887225297E-17	2.18883584742704E-10	4.116692702450076E-9	5.950962423468211E-9	3.980323058012253E-12	3.083793978558217E-12	5.5038917975099674E-9	2.9508738365180352E-9	4.51104090883204E-9	5.0700879325403076E-11	2.59742879946091E-10	6.930824052100088E-10	5.4157970710037024E-9	9.077028268235736E-10	1.9124066653994624E-9	5.346232472209281E-10	1.3039076042976504E-13	1.3282540195485868E-14	2.56360096105644E-10	1.9989586501308392E-10	0.0	1.9989586501308392E-10	4.60186528947479E-15	2.8943021204231435E-15	5.195098285846888E-14	3.867040070232406E-9
1.4707088107193096E-7	5.346558747577588E-11	1.3903914992833142E-7	3.221562619641064E-13	6.72385716471863E-8	3.388895785807463E-11	1.0224272124709317E-10	1.549760838936883E-9	6.368791684727192E-8	1.2020828719014827E-6	5.525261341215033E-11	4.6695107332691025E-11	9.256904055510528E-8	2.3004844742201215E-8	4.4232858047746206E-8	3.8268703101376604E-10	4.573923795673152E-9	2.317211759213008E-8	1.0351542130857715E-7	1.344822084170349E-8	1.2551976159325463E-8	6.473251321000978E-9	6.29589851341872E-13	3.324351268290333E-13	1.580200526752535E-8	2.973308319424646E-9	0.0	2.973308319424646E-9	1.2846950216900815E-11	2.3760338376105287E-14	2.8607816999984966E-7	2.4705171151709434E-8
0.004397933700503892	6.019242142268504E-8	5.71065599593816E-4	4.930544825269836E-9	6.316371849484258E-4	1.7149752166285807E-7	2.914059651936565E-12	2.2085067722425008E-5	3.1096241626956176E-4	7.973265822839546E-4	5.91446117002662E-7	5.828344187435618E-7	0.01042888805804786	0.0015656735724028043	0.0029896760439419474	2.151972766506542E-5	6.201895035511287E-5	8.463613125197357E-5	2.914620022786275E-4	1.6594260336247945E-4	1.8557612704652942E-4	1.774974620981992E-4	1.9232570038411723E-8	1.5377710512183151E-9	2.312904442290062E-5	8.891466159492282E-5	0.0	8.891466159492282E-5	2.31608560216699E-9	8.187375703609138E-10	8.1164689647899E-9	1.0083401003663601E-4
