32
NULL,munmap@munmap,madvise@madvise,mmap@__mmap,lstat@__lxstat64,openat@__openat64_nocancel,fstat@_fxstat,time@time,open@__open_nocancel,read@__read_nocancel,mprotect@__mprotect,rt_sigprocmask@sigprocmask,exit_group@_Exit,rt_sigaction@__libc_sigaction,sched_yield@sched_yield,write@__write_nocancel,syslog@__syslog,getpid@getpid,writev@__writev,close@close,open@__open64,read@__read,close@__close_nocancel,mremap@mremap,stat@__xstat,socket@__socket,fcntl@fcntl,connect@__connect,getdents@__getdents64,lseek@llseek,getrlimit@__getrlimit,write@__libc_write
0.5906102294882927	0.03963506173740927	3.561045634609309E-7	0.02976471495625317	2.664383090460848E-5	3.2364095738276504E-10	6.732952297693256E-4	0.01024240589375123	0.058726812077458564	2.288601147528391E-5	1.931654886597838E-5	0.06412639431387362	0.025195128761984983	0.048897084907809085	4.565042357583409E-4	0.0014501176361454953	0.006143173165202787	0.010284180554920358	0.006338253983045426	0.006482000708264459	0.005141106115781828	7.623561141764906E-7	1.3774445829435211E-7	1.3505846092143928E-5	0.0011434889179107166	0.002529995459347489	0.0	0.002529995459347489	2.4425167082778624E-7	8.754632075956155E-8	8.98041905163385E-7	0.020311974760856808
0.04048631353750625	0.024002731769349212	8.023564584533477E-8	0.02433052590576974	6.194520334218174E-6	1.2037621079350914E-10	1.6881387549772293E-4	0.003392144663074189	0.01165167416340082	1.169105954743637E-5	0.03205540593889044	0.012200485115778864	0.004184007949356443	0.007424186952016356	7.098216579145478E-5	4.365894064359239E-4	0.0032049295400884015	0.0047324787790930445	0.0014613799410013962	0.0010576957834368696	6.717145898559384E-4	2.1578785131288316E-7	3.8133888013467296E-7	8.721557811209961E-6	2.3953411705469698E-4	3.188002159686125E-4	0.0	3.188002159686125E-4	2.813552291943124E-8	1.1654748518069264E-8	3.3530126497267713E-7	0.006609421018865497
5.060157564830312E-7	8.078339843179296E-8	7.909571521012505E-13	8.116350347647081E-8	1.0868360490321573E-10	1.3352688526030248E-15	1.8416283081967362E-9	2.4322506131240645E-8	1.7864371464293275E-7	1.245513464218159E-10	3.8577911846661866E-11	1.9074069501390323E-7	6.322802267067569E-8	1.0643883422861231E-7	1.0397049278053015E-9	4.870319010068535E-9	2.03316383764969E-8	3.447695704465308E-8	1.867924074757652E-8	1.2898512022034575E-8	8.010201689179736E-9	2.232834503302185E-12	4.169904785932135E-12	2.936822702577012E-11	3.864937409909892E-9	3.787917431186231E-9	0.0	3.787917431186231E-9	3.184965902154058E-13	1.5510347145244412E-13	3.702674117449148E-12	5.9459042621961E-8
0.0033314650982972406	0.07728308341065013	5.684982747024541E-8	0.05783112691412092	4.8046006275369015E-6	3.77793103333821E-11	7.413934688137939E-5	9.185917130787208E-4	0.009232116337391485	4.641683655018775E-6	0.01717256162365764	0.007763202141086255	0.0019179674051166989	0.0035966634412375863	3.108151981587014E-5	5.094032941280362E-4	0.005166748549519597	0.0014388804891184717	0.0048602911354657	6.344744481341211E-4	7.824184967945803E-4	9.559349276143293E-8	1.3259527952652421E-7	1.2204557305472368E-6	2.4414226092854736E-4	4.0457730780591003E-4	0.0	4.0457730780591003E-4	1.3206302799802185E-8	4.863308068213166E-9	1.0437801666638016E-7	0.0022659135318364603
9.537050332280132E-7	9.269712538722756E-6	3.057841861887962E-11	2.6279665257731726E-6	5.318446159831199E-5	1.994329649205237E-5	5.975725334713262E-8	1.6275852196957348E-6	7.183555124378017E-6	5.548107359604391E-6	1.556601200498376E-9	3.731270309762513E-6	9.346848930932762E-7	1.7683006637174698E-6	1.527337507093356E-8	1.0157736622806653E-7	7.497718193463786E-7	2.013555274884643E-6	5.359309080779366E-7	5.77111027799061E-7	1.995668215282315E-7	2.691957041038918E-11	1.0698145137604418E-10	5.258180679414305E-9	1.3367813784305415E-7	7.938671028202571E-8	0.0	7.938671028202571E-8	6.617244736610812E-12	2.4393223045132576E-12	6.803060295701826E-11	4.322553679845482E-6
9.890520446263722E-8	9.794976502756623E-7	3.4672881580178423E-12	2.589580134870829E-7	2.599665624479918E-10	8.377460597158292E-15	1.0258756964164804E-5	1.479359469063955E-7	7.876788922553501E-7	1.0755644524044415E-8	1.4943795990339488E-10	4.127570331605811E-7	9.813405113669458E-8	1.853175602242267E-7	1.5794408343210644E-9	1.0947988186980393E-8	8.491068543617964E-8	1.922742410599543E-7	6.024333521977325E-8	5.3570150365792407E-8	1.9794464727098006E-8	2.7297345245445366E-12	1.3940253166445195E-11	4.751665391488195E-10	1.3357208249728668E-8	8.031248819074367E-9	0.0	8.031248819074367E-9	4.696600870669801E-10	2.446719476863252E-13	2.3350608667054877E-11	4.169704833479214E-7
5.611082848534608E-5	1.9702072848087792E-4	1.309857729348137E-9	2.1262541931974871E-4	1.1899129078283025E-7	1.4749188158702816E-12	5.545853749618432E-6	3.972801704326943E-5	2.4405033836082007E-4	1.164511374012843E-7	7.027094194973204E-8	2.5357925165360386E-4	9.679591991159351E-5	1.7936701243109057E-4	1.7075394470845546E-6	6.081548477615317E-6	2.5363608711975544E-5	4.395292856078569E-5	2.872670984057607E-5	3.5113993507276936E-5	1.7765518117398242E-5	3.12807866576067E-9	1.348501786572649E-9	5.227859898507132E-8	4.899531473392211E-6	8.661853562829477E-6	9.34841766949615E-7	8.661853562829477E-6	3.5136112892636315E-7	1.1273046218386582E-8	4.092440516375927E-9	8.016927620722819E-5
0.001459180719122995	0.0023725702761440357	3.063643642101538E-8	0.008985564118970977	5.3824566922652845E-6	2.5842732986660988E-11	5.634500198611634E-5	8.289403997834443E-4	0.016881314777888585	7.681229258913614E-5	1.5699141879249467E-6	0.005894248977407061	0.0017789930343782572	0.0033817703331488163	3.044210535770355E-5	1.9180618860060108E-4	9.264373549959786E-4	0.0031690667691228218	7.44031357646636E-4	4.645531260836219E-4	3.514537308541093E-4	7.01166773968995E-8	1.5379679334687268E-8	1.0567259102996057E-6	1.9060139514801236E-4	1.7210911547674973E-4	0.0	1.7210911547674973E-4	1.4501925271526019E-8	5.292673097669968E-9	7.043958729872881E-8	0.001543423965344807
0.020388486537653027	0.0054283214564532205	2.0399892190299615E-7	0.025785933556255962	9.08910143559207E-6	2.235113394876976E-9	7.042791004838808E-4	0.0022824266758739438	0.023636155405696864	0.012812281787612732	6.461463264136503E-6	0.01599860394395675	0.003979638841519223	0.007174190437728094	6.329938852673795E-5	0.0013956233465150195	0.051052194246144864	0.0029266391197745743	0.0013810411646930996	8.881755022213304E-4	5.735702472569361E-4	1.701448409785457E-7	6.134660179031457E-5	2.312269516121287E-6	3.631744224736567E-4	2.724761672844003E-4	0.0	2.724761672844003E-4	2.2995381183511373E-8	9.252328345493638E-9	5.905410891761247E-7	0.0043254368806793135
2.2566609061271608E-4	2.3828516207801824E-4	3.4127721984007586E-9	7.107757594696173E-4	2.156189945505271E-7	1.7731627017171768E-9	5.864927102556067E-6	8.214154947646713E-5	5.211638421851942E-4	9.882214010691672E-5	1.668319522139538E-7	0.0026256598226749345	4.1949572105625906E-4	7.905318576452796E-4	5.8176662217075795E-6	0.005694213219051605	4.079740309688018E-5	8.812203334471788E-5	4.5819145000475686E-5	4.805999606271512E-5	3.6479899315505367E-5	7.643501186183584E-9	2.035159124612639E-9	1.0136947296502655E-7	8.949674296633676E-6	1.7573833417466457E-5	0.0	1.7573833417466457E-5	1.9098844960113655E-9	6.145902659369033E-10	3.8897394057536885E-7	1.559885423399816E-4
4.6145941002486936E-4	0.02580422254688217	1.2731535159228829E-8	0.008198545972927395	1.4329279131340123E-6	1.0650185350531556E-11	4.524875282030907E-5	4.963685403875526E-4	0.0018825489151326842	1.5969140182799316E-6	1.1287900081751747E-6	0.00211288916824219	7.976229153739481E-4	0.0015582573488351129	1.4409546043382367E-5	4.821318920313029E-5	2.014351510979115E-4	6.485591663562469E-4	2.0217574005204926E-4	2.4107718471273786E-4	1.6791054923850676E-4	7.904275982675837E-8	4.964807939875637E-9	6.252118308591375E-7	5.488135243232646E-5	8.087810879794175E-5	0.0	8.087810879794175E-5	8.163976329527716E-9	2.773616231907312E-9	2.9546461288093392E-8	9.2030588954729E-4
0.014507759482555338	0.014008597918511213	2.0006594180717318E-7	0.01997428158117618	1.3745826526888072E-5	1.9579463572743147E-10	3.614241498569367E-4	0.004812605916062722	0.0230918763673727	1.4378109344543616E-5	8.221757488164778E-6	0.031409740301018736	0.04172962426806978	0.07658939747248245	5.182201343861936E-4	0.0013698863396119296	0.0024613914811327325	0.00562120121207857	0.003192937224903717	0.0026830800519778357	0.0018097601264219615	4.838482728276235E-7	1.2787810633286083E-7	5.105040427896787E-6	5.39342585174917E-4	8.17465378012407E-4	0.0	8.17465378012407E-4	7.338364746243546E-8	3.128270725008109E-8	5.444234197849287E-7	0.007991049469662292
0.015864272364181774	0.008080056452564335	1.7090580528737664E-7	0.018131255851177586	9.810702062437568E-6	1.3895199055924952E-10	2.4243335996652096E-4	0.0029240731682367476	0.01476259094309614	1.127680652419315E-5	5.307984967686587E-6	0.02396167727832797	0.005694396486415503	0.010104521669785793	8.86931182541028E-5	0.0014471933774520861	0.0015995846950407821	0.0040490329186539135	0.0022201063079246787	0.0015961967905996194	9.57240086534027E-4	3.1405334359540565E-7	1.3627831586848745E-7	3.1519865473875316E-6	3.820022516819049E-4	3.7027764795352766E-4	0.0	3.7027764795352766E-4	2.9327245997855744E-8	1.2238853101376173E-8	3.863025986283057E-7	0.005278774385240899
0.014293339641775333	0.01001358923286789	1.7344241643624333E-7	0.01776639457695726	1.0725339873737769E-5	1.506961055501681E-10	2.719087564345355E-4	0.0034909007486369228	0.017344834153364835	1.1692400692953233E-5	6.304875702224775E-6	0.026177329145907098	0.044479227667198876	0.03266846109304857	7.639332618881668E-4	0.001320996111710377	0.0018614169559487794	0.004393961281560469	0.0024580565164534604	0.0019690188022906197	0.001327859189077984	3.5340578470602556E-7	1.2409265888478412E-7	3.7553972859850594E-6	4.2099828454560486E-4	5.744294732755114E-4	0.0	5.744294732755114E-4	5.0304347477968754E-8	2.0103706723453393E-8	4.18930065273459E-7	0.006065066552798243
1.5625360133454994E-4	9.91887053990192E-5	1.8154074227933696E-9	1.8868389504679247E-4	1.1061821495252242E-7	1.56705828496512E-12	2.7941867971871207E-6	3.508700614875422E-5	1.7395691684570183E-4	1.2285177023463719E-7	6.248717315755877E-8	2.653094137974965E-4	4.945003212856856E-4	3.465749145209922E-4	2.726766364533556E-4	1.438787684652624E-5	1.872632468788219E-5	4.54805247615495E-5	2.5270782748249376E-5	1.9390206719614075E-5	1.2336002728444126E-5	3.6566765317802696E-9	1.3518234727666025E-9	3.762377661179432E-8	4.32233802989111E-6	5.141257398140523E-6	0.0	5.141257398140523E-6	4.349769596391598E-10	1.8142494977256866E-10	4.356768200289424E-9	6.136711345778812E-5
4.226852631248081E-4	3.7278549587160326E-4	5.651719610922463E-9	5.641665506153424E-4	9.245890887618832E-7	4.40733953277818E-12	8.253920175454197E-6	1.2155594820299393E-4	0.014608567651744026	5.151567191318572E-7	2.523070446107763E-7	0.0030972306132982133	5.157420196588634E-4	9.684701779762565E-4	7.277608651620678E-6	0.005719785766144364	3.2594294070427854E-4	2.5499557727033813E-4	4.601012656651968E-4	7.107329797811668E-5	5.4300543062623034E-5	9.00150041241587E-9	3.964904412837525E-9	1.583645503634888E-7	3.1922989458692325E-5	2.6267577965890192E-5	0.0	2.6267577965890192E-5	2.1836116445321643E-9	8.095910397495333E-10	1.1999273696770607E-8	2.449260363811338E-4
0.00827519951506042	0.002362452469423094	8.926248242200698E-8	0.003734262294836127	2.4466405033307944E-6	3.118625305683841E-11	6.757325700176955E-5	0.0015881857901671077	0.004706826065787897	2.9859847054138457E-6	3.811372147128433E-6	0.01115260287103061	0.002492651440076363	0.004598444630341006	3.890594657390144E-5	0.0013450253799893988	4.970894000424081E-4	0.0010701713488215439	5.037155000634725E-4	4.230829951485732E-4	3.1352056093586906E-4	8.70126539379214E-8	6.890410640779127E-8	9.019061348262969E-7	9.781972431374716E-5	1.5202193579930357E-4	0.0	1.5202193579930357E-4	1.4309213431640713E-8	5.553011378350993E-9	8.662001300697194E-8	0.001690117612709803
0.001787588754225239	0.005836118992090988	2.4125677773808203E-8	0.002239587827567596	4.1121680566958905E-6	1.7772809816929276E-11	3.843809152740814E-5	0.011489230950611967	0.004818174947127145	2.832531251126146E-6	1.091362423078471E-6	0.00429901101668275	0.001206226512333799	0.0022730222357683696	2.0225155227371027E-5	2.2174736625060187E-4	0.001660084132152539	8.900642273210886E-4	0.010905975044252263	7.705503652961752E-4	0.0014244037678145505	3.622156984213393E-8	1.854681587623677E-8	7.344986443815455E-7	3.291105398164266E-4	7.601909385121603E-4	0.0	7.601909385121603E-4	9.055720330083016E-9	3.3756858441320426E-9	4.867854947477845E-8	0.0010831648311719088
0.001142811287842741	0.0017539942193331391	2.1538237277122085E-8	0.001643894324098858	1.4397702752814706E-6	1.8596419140781216E-11	3.692068171231636E-5	5.57940725408898E-4	0.002837011269745069	1.317907316435932E-6	1.1168542263330619E-6	0.004231667245302045	0.001556283783016996	0.003024409138947455	2.7925267620141245E-5	0.005819770563311828	2.986743765153529E-4	5.645370989575775E-4	3.3072500663583487E-4	0.001864243881367398	0.004392460502781069	4.6246129685292893E-8	1.0761832366376362E-8	6.093745371323886E-7	5.795528765118089E-5	0.002370538711737048	0.0	0.002370538711737048	1.4804319872749037E-8	5.286314684824122E-9	5.164878641828818E-8	9.313963452344607E-4
0.0014018808570099332	0.0011281464822485846	1.788542820487785E-8	0.0010282504966255478	1.036814587327456E-6	1.515991325614973E-11	2.8001892658109633E-5	3.8027555686539566E-4	0.0017728396284153825	1.0907550408915189E-6	6.697335156944572E-7	0.002635004344615681	0.0010055669117062598	0.0016145631759116816	1.6608952495559172E-5	2.0623608675706743E-4	1.8784176579172995E-4	4.1590325973537125E-4	2.3393482194638082E-4	0.001313891292507934	0.0036921430775421612	4.07062707902915E-8	1.3270628376193162E-8	3.9175960071653724E-7	3.944838210205791E-5	0.0030902491773867335	0.0	0.0030902491773867335	4.357501650065563E-9	2.4245628317858806E-9	4.2171667960357265E-8	6.300558214922403E-4
0.001241959753412933	0.00426256549770499	1.7369723588229588E-8	0.0012579477825403556	1.1416884632284124E-6	2.1846023109951955E-11	2.982866871219372E-4	6.615292627879236E-4	0.0023042278426278068	1.8506079603710008E-6	7.291516692300173E-7	0.0023526559841264253	8.789323860314769E-4	0.0014584677929244888	1.4678457567064815E-5	1.6221765180996414E-4	2.722219740234241E-4	8.778396152712989E-4	2.4898593009460633E-4	0.001185823576593535	2.1492697419707652E-4	3.446768662194116E-8	6.11780454122352E-5	2.9536409508749606E-6	8.199989435309934E-5	5.1502799043990177E-5	0.0	5.1502799043990177E-5	4.491597895474221E-9	2.239521241852295E-9	6.08132853177358E-8	0.0013241852392095934
2.110210527354096E-8	1.889842513068915E-6	1.037174467005031E-12	5.230440511076993E-8	6.777724385404818E-11	1.1944606676920696E-15	9.234250430044727E-10	9.190957862993748E-9	2.455329778231846E-7	2.898174094733994E-10	1.684685824648986E-11	1.3336813308905065E-7	2.5894679561859068E-8	4.8110080936487585E-8	3.8688045513987037E-10	2.894691083923088E-9	2.4415916553956892E-8	1.770216648278759E-8	1.9158327166034972E-8	4.939270096556743E-9	3.6166384769872555E-9	6.353079326417879E-13	8.056804030359594E-12	1.472502704459965E-11	2.23029005080766E-9	1.7541909917544244E-9	0.0	1.7541909917544244E-9	1.3063298117567905E-13	5.00384691110733E-14	3.3194249637208007E-12	5.254672443059226E-8
8.356236338577294E-7	2.9200008750082885E-6	2.1042301883447983E-11	1.730148927158246E-6	1.7356176776807196E-9	1.366410780372873E-12	4.028321454160439E-5	6.352854334941343E-7	3.8248262894898385E-6	2.9090885358338802E-8	1.0085689559592865E-9	3.5398683121360704E-6	1.4081516511454455E-6	2.573745438989062E-6	2.4839425973939375E-8	8.936832960517987E-8	4.021265418068581E-7	7.367599208685831E-7	3.965131886955402E-7	3.434727246535603E-7	2.462163820964744E-7	4.7203939854820686E-11	3.5578263791541465E-11	9.909889395205046E-10	7.044018005197078E-8	1.195436699886417E-7	0.0	1.195436699886417E-7	1.137332043700435E-11	4.427385681950123E-12	3.822764153638046E-9	1.2560943514319835E-6
9.01790525852101E-7	1.0465153205205955E-6	1.4399745294278269E-11	1.940275341009378E-6	3.0500296680226107E-9	1.291677276544831E-14	2.2807040059057595E-8	4.9786898244301E-7	4.694795251712093E-6	1.6761166669469E-9	9.691633066018443E-10	4.023998177786315E-6	8.989337794768683E-7	1.6749811229917561E-6	1.4104155279655986E-8	1.101909045406986E-7	5.743202747070225E-7	8.110563006682822E-7	3.613352626361364E-7	1.9793128685253705E-7	1.4234779994937402E-7	2.3394891063240765E-11	9.143485794950729E-12	4.873685125411267E-10	1.0466307271334417E-7	6.869425895200294E-8	0.0	6.869425895200294E-8	5.385725537864455E-12	2.0515233775124263E-12	3.501580175393539E-11	1.0422136951489311E-5
5.4941435940600955E-5	1.0599397496188464E-4	1.7549123221510099E-9	2.652716243958842E-4	1.3333769227173986E-7	6.511413396791773E-12	3.337801598004364E-6	1.189590663974304E-4	2.790251852918868E-4	1.0315871023837782E-7	2.1656623651837817E-7	2.3642335644426206E-4	8.653671087063261E-5	1.6377495430886568E-4	1.5316179926050578E-6	6.153780028961358E-6	2.961734198072469E-5	6.589972214795047E-5	2.6701221356612308E-5	2.0300483758184873E-5	1.637511309295782E-5	3.7705216306598705E-9	5.408504310300319E-10	4.011283248484016E-8	5.553694200261113E-6	8.0829859102766E-6	0.0	8.0829859102766E-6	7.547970627228476E-10	2.799675126853096E-10	1.8177758138906218E-8	5.848750721025603E-5
3.0934832616872E-4	2.5388840968431823E-4	3.985714337278765E-9	2.387902535899271E-4	2.4807255151190506E-7	3.392619355743403E-12	6.27797204364695E-6	8.62830412407632E-5	4.210091165000054E-4	2.4515725628467417E-7	1.5267735172302477E-7	6.758892790190077E-4	2.3381715000539684E-4	3.806107120893956E-4	3.81752660111067E-6	4.543412379186441E-5	4.485106047544572E-5	9.662514677582235E-5	5.370549381679947E-5	8.909121594532813E-4	0.002310735650838082	9.027795358195462E-9	2.9303364807654585E-9	8.892483793903923E-8	9.385857194626128E-6	0.002985548205043678	0.002973997175120495	0.001498547402667556	1.012954980070213E-9	5.483833828296389E-10	9.43075386072699E-9	1.4248596630621072E-4
9.282223506255094E-5	7.624268515558294E-5	1.196227160572868E-9	7.169247993658343E-5	7.445846149130309E-8	1.0182013073543867E-12	1.8856178287462918E-6	2.590987265281593E-5	1.2638967657987497E-4	7.363689219948586E-8	4.584345119297488E-8	2.0284512026293636E-4	7.017333951314254E-5	1.1423769812718407E-4	1.1457606963095194E-6	1.363206867472741E-5	1.3464635453949836E-5	2.9007588348849046E-5	1.6120096683851505E-5	2.67281592457649E-4	6.932250789717598E-4	2.7092075080719845E-9	8.797790445648074E-10	2.6722321723524396E-8	2.818307596909702E-6	3.46806458023453E-6	9.30478849876136E-8	7.469684657682966E-4	9.689983808127011E-8	3.186284284682127E-9	2.8303777599923302E-9	4.2783053767866583E-5
2.938797118858665E-4	2.4119300599833942E-4	3.7864131854394045E-9	2.268498161774009E-4	2.3566796325689042E-7	3.2229752497852725E-12	5.964049129550609E-6	8.196855504122592E-5	3.9995703028586636E-4	2.328984440807188E-7	1.4504289288246546E-7	6.420921976365186E-4	2.221253870308109E-4	3.61578702541615E-4	3.6266354873992407E-6	4.316224165524518E-5	4.260833376260356E-5	9.179351524895862E-5	5.1020011147437475E-5	0.007909588120037163	0.0021951899198003836	8.576370629476238E-9	2.783808308781065E-9	8.447825167403375E-8	8.916527987464265E-6	1.0973433694802405E-5	0.0	1.0973433694802405E-5	9.623033083231487E-10	5.209620900326913E-10	8.959179646394399E-9	1.3536111620339068E-4
2.856390171682052E-8	9.277556165037448E-8	6.095231496069756E-13	6.093099701047214E-8	6.128959601958295E-11	5.863817351113412E-14	1.4399772717831586E-8	2.4736094941574514E-8	1.1610571147456963E-7	5.273473634578311E-10	3.213187557820588E-11	9.357068643371953E-8	4.558755558843128E-8	7.29128351945607E-8	7.795378817383605E-10	3.07984829049372E-9	1.262907202724707E-8	2.8942522686647328E-8	1.4223423696548158E-8	1.1780129044751606E-8	5.9267174393715414E-9	1.8957447070498944E-12	6.834528251735996E-13	1.160371676497786E-10	1.1162090863908112E-8	2.6789904276528665E-9	0.0	2.6789904276528665E-9	2.333330291284045E-13	2.921386944134773E-8	1.6405472168089248E-10	4.670066893744361E-8
7.740861996556542E-9	3.514900301910233E-8	1.6015566371907878E-13	1.779185261147532E-8	1.5266915918540894E-11	1.8997150093848305E-16	4.702012046645817E-10	9.446936083987411E-9	2.8129428092228935E-8	1.741578753411181E-11	1.0367461947617588E-11	2.3402888674151698E-8	1.1634378135538334E-8	1.867249771783639E-8	1.9974982106875357E-10	7.82292257287658E-10	3.2002182288573427E-9	1.0880213852843738E-8	3.346794858943799E-9	3.863564255764382E-9	1.605643952146981E-9	4.876636225905415E-13	1.1403924475485113E-13	2.3355058576810015E-11	7.661472347810618E-10	6.857170085524259E-10	0.0	6.857170085524259E-10	5.935177417939981E-14	3.15304290574361E-14	5.274446695184938E-13	2.002489598803153E-8
1.0674268172965371E-7	5.201106773151186E-7	2.0377299509663796E-12	2.7995265312940636E-7	3.963471716601006E-10	3.33191916421323E-10	3.6368316705125E-9	1.3987654198664002E-7	3.923877990009011E-6	2.2289214051348326E-10	1.5897951477760834E-10	3.523240538448533E-7	9.144665387347108E-8	1.7239755189105872E-7	1.5052539497854818E-9	1.3721775847109746E-8	7.782605734765347E-8	2.0452610967183984E-7	5.52373771780096E-8	2.980497437357109E-8	1.8779635736929553E-8	2.7069391315538248E-12	2.2472527731999735E-12	3.306623868444399E-10	3.621636180041594E-8	8.864582334930574E-9	0.0	8.864582334930574E-9	4.230574601446323E-11	2.4309869368357064E-13	9.322807693117919E-7	1.715808524336965E-7
0.0018445116599120055	0.002881973268066925	3.382240667865427E-8	0.0032531302500433995	2.4052145155429393E-6	3.191191644185183E-11	6.298769659230154E-5	9.171149141308481E-4	0.004608224864200666	2.4517164633000486E-6	1.6901814194513707E-6	0.03434026384598241	0.005437862607710272	0.010239743812460171	7.505086914538485E-5	1.786451756042939E-4	4.85154824205024E-4	9.592383787813579E-4	5.791164750451823E-4	5.539843891120023E-4	4.563206058249834E-4	7.885531532824039E-8	1.676182451681622E-8	9.821322179554082E-7	9.630995361265153E-5	2.2248934637926309E-4	0.0	2.2248934637926309E-4	2.1241958892122168E-8	7.788387710011514E-9	8.866130975463347E-8	0.0014965492786117758
