32
NULL,rt_sigprocmask@sigprocmask,exit_group@_Exit,rt_sigaction@__libc_sigaction,sched_yield@sched_yield,time@time,open@__open_nocancel,read@__read_nocancel,mmap@__mmap,munmap@munmap,mprotect@__mprotect,write@__write_nocancel,syslog@__syslog,getpid@getpid,writev@__writev,close@close,open@__open64,fstat@_fxstat,read@__read,close@__close_nocancel,mremap@mremap,stat@__xstat,socket@__socket,fcntl@fcntl,connect@__connect,madvise@madvise,lstat@__lxstat64,openat@__openat64_nocancel,getdents@__getdents64,lseek@llseek,getrlimit@__getrlimit,write@__libc_write
0.17261879341363195	0.47900929104504403	0.09642169123183675	0.18635699837168496	0.0015065452195890498	0.008627679141329446	0.02103367019388132	6.403664666676268E-6	0.020198171807391113	0.002248666669972252	2.2591578694590834E-5	5.311204786835897E-4	0.0022478336261713226	0.00293618959263894	0.001757659848606737	0.0014158675425841876	0.0011868998783976625	1.1254939181506185E-4	1.8127187712910017E-7	3.3314030951900926E-8	1.477816468674267E-6	3.272936739581908E-4	5.896491959950821E-4	0.0	5.896491959950821E-4	1.7704000513671187E-8	6.510015701099638E-6	4.5474399332130515E-11	3.331715799628933E-8	1.1773665019096651E-8	1.2505160994811546E-7	0.002306056751933573
0.2873218625837918	0.24932510197204355	0.23908311052677977	0.4343014347630579	0.003255236229002351	0.008674876794118538	0.015532391325555724	9.907135891226555E-6	0.02125706678678513	0.0027130235010719445	2.3445595810345536E-5	7.799199997200356E-4	0.001611718403921286	0.002701456263611392	0.0021836719427250923	0.0019016866259016824	0.0013701639634524285	1.6793826319606948E-4	3.637786083083703E-7	5.466988088490552E-8	1.7075575098785981E-6	3.1760243119008814E-4	6.514470517805273E-4	0.0	6.514470517805273E-4	2.4933452973053627E-8	5.131886041595589E-6	8.210840833175847E-11	3.62575741536653E-8	1.5879936358342877E-8	2.2852595909260505E-7	0.0027082185601667017
0.2916716815350305	0.17292710087646718	0.03651963517975853	0.06949366375533052	5.74825365794494E-4	0.0035165710896713927	0.01019911301959497	5.5897144364850825E-6	0.010972684606435301	0.0014688106966386236	1.1823736135821594E-5	6.756916306944234E-4	0.0010789866075594297	0.0017515900010921957	0.0011701894735639332	8.233238617974688E-4	5.735196610030532E-4	8.577610159974016E-5	1.0149532151682815E-7	4.561070473849291E-8	8.766364271857416E-7	2.750084146333339E-4	2.4702540123064E-4	0.0	2.4702540123064E-4	1.7189945366370264E-8	3.3809026386116172E-6	3.7679671818893526E-11	1.2438692464617873E-8	4.5105537791138226E-9	1.0435829681442569E-7	0.0014730399982082452
0.2695622793713332	0.20057044106976504	0.22736396398259295	0.19717413200154285	0.0039364030232982485	0.005238869009766398	0.011731005837512791	6.709176358095875E-6	0.014181280811605067	0.0018052413445950395	1.6111789606387625E-5	6.643640058177503E-4	0.0012244467627780793	0.001965638480329019	0.00146262777018274	0.0012104326796414874	9.481837843568664E-4	1.0932599010915284E-4	1.825969474238903E-7	4.5713647572847494E-8	1.1032447414177275E-6	2.706260409878284E-4	4.4467536154117504E-4	0.0	4.4467536154117504E-4	1.9309786860458886E-8	3.7435855844340928E-6	5.0407331958700366E-11	2.4588691003092795E-8	9.308372052009386E-9	1.3999259729986832E-7	0.0017970589568135867
0.0029200176685168964	0.001977765753930632	0.002468307971855438	0.0019886350877135286	0.0012514740293566487	5.029209175889635E-5	1.1834426536678362E-4	6.847148949890234E-8	1.4018947437668603E-4	1.8310457175042383E-5	1.5367831199564151E-7	7.0892090053873145E-6	1.2421011754442817E-5	2.0318167415453605E-5	1.467910231650638E-5	1.145628455918042E-5	8.259720908160858E-6	1.0972844589879104E-6	1.7598242357194597E-9	4.845487661452502E-10	1.1170852516756658E-8	2.8861014060689138E-6	3.756782076900307E-6	0.0	3.756782076900307E-6	1.9587776024889668E-10	3.8947216554202375E-8	5.04802501535516E-13	2.0065254329013544E-10	7.957440647570827E-11	1.4012719461296212E-9	1.831237917757037E-5
0.003565823703391955	0.006191517421223993	0.001854060591044244	0.0036105953326652034	3.233353532779691E-5	1.790080432675458E-4	0.015615985959269949	3.9476998465427714E-5	0.010425508649158595	1.4040236786508583E-4	7.184565537050325E-7	1.3542736625717512E-5	7.115620239572278E-5	7.551178856725897E-4	8.321541504588631E-5	5.161193238960626E-5	3.545805581787669E-5	4.568181204948225E-6	1.300517306103909E-8	1.2676429977318787E-9	7.028166063727318E-8	9.916449131733123E-6	1.7422167975125265E-5	0.0	1.7422167975125265E-5	7.999838272198085E-10	2.2041167514350066E-7	1.54683921737321E-12	9.018697227798813E-10	3.1172063367280667E-10	4.268240797329199E-9	1.0216816674331538E-4
0.00818706395106599	0.015107810838258854	0.004495816713872686	0.00799072308337738	7.486103686692333E-5	8.159941085240882E-4	0.016591323917885367	0.006776292972492049	0.01322460655615419	0.0010611697764732575	6.332217700244917E-6	4.713521771887802E-4	0.020303022763899444	3.66495262469107E-4	2.7928266800961307E-4	3.489613849495592E-4	9.285983659378447E-5	2.60297772458054E-4	3.91461271304804E-8	2.4785600444377576E-5	8.11426336999386E-7	5.097258465210853E-5	3.369286748734724E-5	0.0	3.369286748734724E-5	1.577821884954126E-8	5.537056016228501E-7	5.195023370168809E-10	1.619300057761016E-9	6.287753845673525E-10	1.203437311188026E-7	0.001525402366544835
3.6731533490289426E-4	0.001414362406345986	2.97331780073479E-4	5.729852685782975E-4	4.705501321844296E-6	3.3341799095066875E-5	2.6481721238186094E-4	1.5052993065647362E-4	7.805292253944363E-4	3.81138971179521E-5	1.1295411834192905E-7	0.0023089198203168734	5.986370245652806E-6	1.3637626448701234E-5	5.784391124347746E-6	2.059980235754337E-5	5.262569220634714E-6	1.961825412005176E-6	1.2487346278022295E-9	4.0008181917533295E-10	4.8186626835992965E-8	1.6299686124281367E-6	1.830402000072607E-6	0.0	1.830402000072607E-6	1.3073840259324068E-10	1.3841598784366343E-8	4.170553507591143E-10	1.6012843717537714E-10	3.776538009144027E-11	9.008132574735928E-8	7.693386800703144E-5
0.005025548811679422	0.009609762032145596	0.0031936690343494045	0.006140853526402232	5.647531963936349E-5	3.4769708813740986E-4	0.00167332522555648	1.8974149544008984E-6	0.09118727558615426	0.08733583672774431	0.028202370641391944	1.627078218921032E-4	0.0018790558653024032	1.6629677540930642E-4	0.0019325825616997815	1.734940291796324E-4	2.624356275146618E-4	1.465299788753669E-5	3.012136005710068E-8	4.6653391357145404E-8	1.717128987368917E-7	4.1605613296746096E-5	1.3859192809905852E-4	0.0	1.3859192809905852E-4	5.944856844652887E-9	5.818856841640003E-7	7.365942216227883E-12	1.5861902458809515E-9	5.528248541700756E-10	2.0558608030227138E-8	4.253577028008309E-4
0.00749791964410267	0.014719616263425817	0.0050754471582853036	0.009954183807318029	9.122289350090185E-5	0.0011704199733100012	0.001888541757717126	4.984871215484789E-6	0.03198746671546836	0.027319237368970194	0.05264365355848238	1.1698305341405907E-4	9.755840339145421E-4	0.001222190228165481	3.884286381178202E-4	1.8978120700337652E-4	1.2077843659170876E-4	5.593681049554232E-5	4.986528848344496E-8	1.0783529531737402E-7	1.7342173599170985E-6	1.9818774805879587E-5	5.852019362474747E-5	0.0	5.852019362474747E-5	5.065210816639911E-9	4.975841913928535E-7	2.0763080196006083E-11	2.7328971397341694E-9	9.253825757733469E-10	5.802866115296818E-8	0.0011606481358089143
0.004139001715381918	0.007897413147137709	0.0029644655572363936	0.005925418235866052	5.4534602574556567E-5	3.0378894213872753E-4	7.999959950519686E-4	5.708217184780022E-7	0.012517362453694262	0.04057126955596716	1.6371157953603869E-6	1.4210679837762404E-5	7.898258899438927E-5	1.3622544741114014E-4	7.60540530812757E-5	7.767747501369225E-5	5.6964561725965356E-5	8.01743995439192E-6	3.3900360875592855E-8	1.2777172643957164E-9	1.0818398440645611E-7	8.877562500000632E-6	2.7920827546715867E-5	0.0	2.7920827546715867E-5	1.0545631328333465E-9	2.5885926081186366E-7	1.9856641006907812E-12	1.7542851730988193E-9	5.778006592561912E-10	5.52507584216023E-9	1.6382660729571334E-4
6.126650682826243E-4	0.0017881959883845075	3.585500627807826E-4	6.855889927344557E-4	5.561420720235656E-6	2.1242465317166906E-5	0.005460116300252182	1.0016835128213696E-7	7.606277977605637E-5	1.1547445025514835E-5	9.786877669408841E-8	0.002311373647919939	7.812852474073246E-5	1.3560465829469818E-5	1.496219081644765E-4	5.773561756291692E-6	4.423992532833578E-6	6.204556981515917E-7	8.490267727785656E-10	4.880757799468936E-10	6.971210845342193E-9	1.3683290708567784E-6	2.1739695286386606E-6	0.0	2.1739695286386606E-6	1.7157879338979052E-10	3.059784359392984E-8	2.1952809359319188E-13	1.1774431862895195E-10	4.2403250017229745E-11	6.040317945475942E-10	1.2764847870559891E-5
0.002475912316732112	0.0063217944720830406	0.0017780788421116246	0.003149124184709757	2.9184604959720828E-5	2.702861642252431E-4	5.659494618357281E-4	8.753508732947684E-7	5.609067779100212E-4	9.874856918349642E-5	2.4145912193299233E-6	5.087515604606649E-4	5.7191364843896876E-5	8.499132053383933E-5	7.463737911161882E-5	3.9031644459849404E-5	2.348335123465751E-5	1.151176933806028E-5	1.42810330698012E-8	1.6893046659027734E-8	5.884781615766112E-8	5.774900075116634E-6	1.1246210402076069E-5	0.0	1.1246210402076069E-5	5.700626723968498E-9	1.3960774445857584E-7	2.9980114448485107E-12	5.760130867028727E-10	2.3748930532967064E-10	8.365778787915857E-9	1.7976296961885835E-4
0.002185347188169768	0.0033031208890286785	0.001049698742146542	0.0019961482979895585	1.8307060927725775E-5	0.004560276381439851	3.263455723424475E-4	8.164099518649948E-7	3.9319454079225254E-4	0.0019619866208374645	5.077782278444379E-7	5.354254616052614E-5	5.186442147715421E-4	5.25143877709392E-5	0.004595818866310751	2.410445144075618E-4	5.4345187372564E-4	6.164327445227592E-6	4.041166569692618E-9	3.675259157855074E-9	7.118940319621465E-8	7.918617965087259E-5	2.9369242224511444E-4	0.0	2.9369242224511444E-4	1.1636177698251112E-9	7.463806103350913E-7	1.4906478523935078E-12	4.71566559641383E-10	1.7359117493161763E-10	4.1467900487339876E-9	1.0877541802250225E-4
0.0016960748882153113	0.0033320481195862756	0.00134254363963849	0.0026623819365980436	2.4865087101498394E-5	1.052381492955631E-4	2.1448590751220112E-4	1.361866874840179E-7	2.3856264936093817E-4	6.649958072248667E-5	3.984320098404154E-7	0.002336683790065134	2.130449190470468E-5	2.602501727737651E-5	2.657158579820935E-5	6.350688244836359E-4	0.0016826919987098774	2.1778422801242248E-6	4.1177344939891215E-9	1.401217741603021E-9	1.7936054713013138E-8	2.4008612563209825E-6	9.140421528078312E-4	0.0	9.140421528078312E-4	6.511514561237643E-10	4.781697621088618E-8	9.05997621025533E-13	7.529766003781695E-10	2.6344617828634657E-10	2.525229573955407E-9	3.2820069402259934E-5
0.0012828650253336657	0.0018350130279064436	9.66867695241842E-4	0.0014526956950970448	1.6421443250657716E-5	9.082528994777376E-5	2.3968171795755061E-4	2.0581461448181817E-7	1.9854674488476904E-4	1.310900378154435E-4	4.1539375237661035E-7	6.640365487958709E-5	2.369273267361242E-5	2.7247351846767855E-5	3.0790662875983936E-5	4.6985199596106777E-4	0.0014629527952855768	2.859145576210562E-6	5.2128252273339705E-9	2.9408081625761415E-9	2.0637062537986294E-8	2.2317981799930053E-6	0.001239274603298708	0.0	0.001239274603298708	1.2034744232549417E-9	5.282579164460646E-8	1.092278683012054E-12	1.9242264039584492E-10	1.2867194831497225E-10	3.047033990163748E-9	4.51246632758506E-5
0.0012502185121941	0.001862771326707745	8.887544281601559E-4	0.0014125383907767862	1.525335110463314E-5	2.670300014811886E-4	4.245349882292839E-4	6.510865952834897E-7	2.9243773087587533E-4	0.0014304012377119168	4.1474639702806626E-7	4.882388748111895E-5	5.0369397441260504E-5	3.1192529959910676E-4	4.0875864906125084E-5	7.310587081990818E-4	8.003626739237627E-5	1.51551142669121E-4	4.495789335539053E-9	2.473859401703733E-5	9.825083971641442E-7	1.8444219806493365E-5	4.773855235985701E-6	0.0	4.773855235985701E-6	1.4034022602738601E-9	5.5611194143225856E-8	3.686034392993403E-12	2.300373552929896E-10	1.262550582490176E-10	1.030270116058184E-8	3.2508594112880593E-4
1.3887122272119673E-4	2.4489574249455284E-4	9.502296550490191E-5	1.7675190626527087E-4	1.6975649296232985E-6	9.331506375577445E-6	7.615746947295573E-5	3.356944426811973E-8	5.2524317685916054E-5	9.185241166940756E-5	2.4176137227239188E-8	7.69177674601048E-7	7.181480800726673E-6	3.5902497785204648E-6	1.0512240376587858E-5	8.04835325757168E-6	2.19952068777614E-6	1.222190467008012E-6	3.0334555022277217E-10	4.5900250963128805E-10	6.171789749437589E-9	3.8144044539812267E-7	1.0497668131626956E-6	2.2915038203193155E-7	1.0497668131626956E-6	2.717516720733276E-10	5.7137927573460785E-9	2.996663886255538E-13	8.597418025145739E-8	2.7045688823120673E-9	8.370734701864269E-10	1.0830626054318641E-5
9.165153702875009E-8	2.0702135998384612E-7	4.671402264481784E-8	8.788529607110143E-8	7.459798468522148E-10	4.479753185728321E-9	1.6596406270090365E-7	1.959656787302767E-10	1.4803092790104296E-8	1.113445400697955E-6	1.3075760061778802E-11	9.68116971484241E-10	1.5291989218214837E-8	2.6410495437607714E-9	1.299046485748288E-8	1.3534591516369136E-9	8.994959767896416E-10	5.845423227325924E-10	1.5239106730054372E-13	6.516806620732189E-12	4.465483560564288E-12	2.6382148469027207E-10	4.417603865630164E-10	0.0	4.417603865630164E-10	6.747622287432484E-13	9.021435074090446E-12	7.736432654169443E-16	1.6113772930614735E-14	5.979724273970466E-15	2.162969956530677E-12	3.1915936127949533E-8
2.2697204563133973E-6	3.913534900611251E-6	1.4984106644679544E-6	2.731320267850514E-6	2.6461650337592267E-8	1.635735363619151E-7	1.721120521786088E-6	7.90002337990565E-9	3.449240895393957E-7	1.7913702135247508E-6	3.761716685580003E-10	1.4653774242105633E-8	1.6113024730732357E-7	9.202429156863586E-8	1.4188910088096599E-7	4.475672153456789E-8	2.56304498391161E-8	1.799868614360566E-5	5.009914163237649E-12	1.4375260406319098E-11	1.254358007762775E-10	5.443972555679911E-9	1.2168362266493357E-8	0.0	1.2168362266493357E-8	6.628106987624123E-12	9.971809198499455E-11	3.186576374819887E-13	6.636584675964536E-13	2.4953247095598105E-13	8.915880487988421E-10	1.7004178820974344E-7
4.1778825648676433E-7	7.862933205831873E-7	2.0972944439856683E-7	4.009258783087821E-7	3.5315033078023723E-9	5.264044964239527E-8	8.92085110070775E-8	8.346282760032648E-11	1.3106435247176577E-7	1.134776131901283E-8	1.2528486324903335E-10	1.913240664395701E-9	1.2953049443977199E-8	1.0941585878670456E-8	6.910504553880971E-9	5.219182880886647E-9	3.3155445419961075E-9	4.770271562628692E-10	6.307383736964512E-13	2.110995955115642E-13	8.326675009042273E-12	1.0764097876568537E-9	1.5848092810128507E-9	0.0	1.5848092810128507E-9	9.15547152277393E-14	2.2643987835651184E-11	3.9100470610602804E-16	8.673586401585924E-14	3.166397465471245E-14	1.0863664366897587E-12	2.2949578820752165E-6
4.715352859810659E-5	7.364922023891498E-5	2.88010972236124E-5	5.1496552549204006E-5	5.057972124472422E-7	9.736333218754884E-6	1.08733245121871E-5	4.457175316499201E-9	1.9472466025853957E-5	1.427471717567805E-6	1.9795166187501274E-8	1.8712271823050737E-7	1.1127052436210223E-6	5.574285863771283E-6	1.1186232965811548E-6	6.150326108179326E-7	4.3360414447579383E-7	1.5258796091222283E-7	1.7880240338806924E-10	1.50922920055188E-11	6.977441705946951E-10	1.4979952012114862E-7	2.1239403121371297E-7	0.0	2.1239403121371297E-7	1.0534301036072045E-11	2.1409722761501514E-9	1.2863083825157397E-12	1.142720389836422E-11	4.67414905296791E-12	3.5985024537093296E-9	9.85922156951507E-7
2.9277091723246606E-4	4.507352240122543E-4	2.1788510759765558E-4	3.323055113275577E-4	3.6828698785196663E-6	2.0056206264598438E-5	5.342666423992084E-5	4.46545974972435E-8	4.406009061003674E-5	2.823628684526367E-5	9.060852352930642E-8	1.4232380961367646E-5	5.303601694451005E-6	6.171988675395551E-6	6.7641510223168724E-6	3.4505034501701627E-4	9.290335028028278E-4	6.244896979915082E-7	1.1338817587225029E-9	6.314390532273026E-10	4.579932487292234E-9	5.187498370811333E-7	0.0012091952039745802	0.0012082905376268212	6.050490353146296E-4	2.5868991049389054E-10	1.2055611877105251E-8	2.3844621160430647E-13	4.490599057632346E-11	2.881805283894097E-11	6.64952179913164E-10	9.902769307731428E-6
8.785333590182709E-5	1.35260111080273E-4	6.53805928319684E-5	9.97212940572678E-5	1.1051365570284573E-6	6.022017006357518E-6	1.6036260068566546E-5	1.3417825114901449E-8	1.3226158650370896E-5	8.482347735435315E-6	2.719110250014194E-8	4.269802168413787E-6	1.591922439336715E-6	1.8545832170281698E-6	2.0299788088293463E-6	1.0351598548039178E-4	2.7870985596400294E-4	1.8777640477118714E-7	3.402107716643672E-10	1.8964617471309389E-10	1.3815444953889228E-9	1.5587691986571837E-7	2.7154231499233614E-7	2.2808093461365494E-8	3.0234462664496743E-4	7.762873971198316E-11	3.617517262798978E-9	7.156840845276134E-14	2.3691218846255368E-8	7.493276789269187E-10	1.9958213105578022E-10	2.975985658156104E-6
2.7813123759367535E-4	4.281967173059391E-4	2.0699000844147682E-4	3.1568894888335427E-4	3.4987121224059666E-6	1.905331828221702E-5	5.0755124129191054E-5	4.242169469412897E-8	4.1856915453554705E-5	2.682436315587812E-5	8.607774646458986E-8	1.3520706797344703E-5	5.038401071136152E-6	5.863365340140259E-6	6.425917276522755E-6	0.0031974790946627707	8.825782299113008E-4	5.932627947090974E-7	1.0771832797448738E-9	5.998646552712074E-10	4.35091812679819E-9	4.928103363297228E-7	8.594295269824736E-7	0.0	8.594295269824736E-7	2.4575441317326387E-10	1.1452784596995717E-8	2.2652297762338994E-13	4.266051714571654E-11	2.7377038596939412E-11	6.317019958406978E-10	9.407592493133669E-6
2.4377275886946763E-8	4.5814807875233266E-8	1.3432335689762434E-8	2.3319608643839365E-8	2.20442260034951E-10	1.96783398753181E-9	4.2519451525633406E-9	3.9561003651233274E-11	3.1479680468478046E-9	2.054760435298338E-9	4.236713509592591E-12	4.0570084445860584E-10	5.000591492172799E-10	7.333341859895848E-10	1.922315614063512E-9	5.042189713974003E-10	3.3652908481467327E-10	4.720919678164257E-10	5.0352770963718956E-14	1.0609109028874687E-12	8.514023243553654E-13	6.911675586138258E-11	1.7056428812646826E-10	0.0	1.7056428812646826E-10	7.664112994198354E-15	1.7445478558295833E-12	1.2892160352311344E-16	3.909935648314779E-15	1.7626442538099353E-15	3.6038802381786764E-13	5.4491002444144615E-9
1.0678674940896404E-6	2.0464325822660724E-6	5.569164660048924E-7	1.064238108628492E-6	9.420433562119975E-9	4.34400398127533E-7	1.0490798047760504E-6	1.4604567495911438E-6	3.939576495861591E-7	2.120897755122944E-6	3.6535762059983417E-10	8.05755636769801E-9	1.0623947032263838E-7	5.157291126034787E-7	8.232280813124259E-8	1.5975991999139406E-7	2.4626973720347742E-8	1.6722834119446006E-8	1.9063726295320188E-12	4.0281071453112214E-11	1.0530762628779652E-9	1.1696594345863729E-8	5.169054050495111E-9	0.0	5.169054050495111E-9	3.540557506327446E-12	1.3036175490886615E-5	4.888542821752224E-6	2.344473103878291E-13	8.515059277179367E-14	1.4364811494594685E-11	9.269641239543962E-7
1.1606529691804074E-7	2.3094285303654947E-7	6.054892294043366E-8	1.1539187471483486E-7	1.0137172375612445E-9	4.0221309231346505E-8	1.280694738495681E-7	2.89929914905821E-9	3.8738933252049856E-8	2.290202184452631E-7	3.579998961753812E-11	9.314687823701268E-10	1.2900842831967307E-8	4.700103793016484E-8	1.0081630129021786E-8	1.4609118223044653E-8	2.3938304858633294E-9	2.5148418134656115E-6	2.0651646541376836E-13	5.411221352499256E-12	9.571077628122096E-11	1.1028206678901878E-9	5.512523582816894E-10	0.0	5.512523582816894E-10	4.666855929312897E-13	9.009740670754392E-12	1.963491707991755E-15	1.1048028928061528E-10	8.982712768789948E-15	5.492031978268032E-12	9.201451692826902E-8
4.538070995984965E-8	4.282665020489194E-8	2.6378365220146398E-8	3.9555722799640796E-8	4.554402515668433E-10	4.103050364953393E-9	7.580178039210741E-9	1.3051277184196256E-10	6.631366827419231E-9	1.0030874341936833E-8	6.123087179974763E-12	1.5380178169676865E-10	8.035707337926579E-10	2.942241077256493E-9	9.846425663234447E-10	1.2751459057850208E-9	3.334341075563161E-10	3.2590817313060255E-9	1.196451553262763E-13	1.6742322067448116E-13	2.2852308477811273E-11	1.730702618906157E-9	1.1939010903085946E-10	0.0	1.1939010903085946E-10	1.8517086202275372E-14	1.4386644179131224E-12	1.3615663936308148E-14	7.296535597502372E-15	7.160939000403673E-9	3.809676308164719E-11	4.800836929350944E-9
9.529484454561532E-9	1.1015431827610301E-8	6.81019258802157E-9	1.028363355031798E-8	1.1794793023818924E-10	2.088258224264479E-9	1.6846881582761932E-9	2.2543397699401997E-12	2.3246566206862253E-9	5.410870526094346E-9	2.169351131675814E-12	4.118247038808993E-11	2.1266285683098095E-10	2.094670275791577E-9	2.178542006410732E-10	6.911959824394373E-10	1.2162872170815462E-10	6.48897135267539E-11	3.117667537593388E-14	1.8303139535214152E-14	4.1102448190528445E-12	5.171076935169375E-11	3.090473641815938E-11	0.0	3.090473641815938E-11	3.010973626048112E-15	3.67565197463809E-13	8.584013810932341E-18	1.5086497203647869E-15	9.64637777271428E-16	2.3943327292074934E-14	3.08637681376398E-9
1.407042273813076E-7	1.9551692556019277E-7	5.038950147243624E-8	9.685662576036053E-8	8.437794978264211E-10	3.403665137140386E-8	8.041835434554773E-7	3.709431127574653E-11	3.294088722356503E-8	9.690238975313425E-8	3.152593515051122E-11	5.775493883074392E-10	4.506435354813001E-9	3.908922802544283E-8	4.029150211790152E-9	3.348873753577495E-9	1.1914257874630203E-9	4.0027844596760764E-10	1.4428767538881851E-13	4.570146927337545E-13	5.816772775756807E-11	4.485747358556271E-9	4.899422611774639E-10	0.0	4.899422611774639E-10	5.771701202216684E-14	7.348774616931698E-12	7.816427556174476E-11	9.792028884322408E-12	7.520156729178079E-15	2.187059710875242E-7	2.083078561289307E-8
0.0019959807242940233	0.009514249975443902	0.0018614058986424552	0.0035828112934684847	2.873029102611503E-5	9.677154172181956E-5	1.7200578162017367E-4	1.8257335107531566E-7	2.810685265332058E-4	2.7612818013486144E-5	2.7076478023458387E-7	5.8717740362101325E-6	1.5803686258784223E-5	2.430639429231969E-5	2.833531356159713E-5	2.3226710103038546E-5	2.134724327834548E-5	2.0103784170399577E-6	3.3267632508328414E-9	5.126870227259699E-10	1.657960488996945E-8	2.459927459585054E-6	1.0783180037595937E-5	0.0	1.0783180037595937E-5	2.493142758706459E-10	4.507470732731346E-8	7.762194151636348E-13	6.11761446988714E-10	2.1778022178275095E-10	2.162365246022587E-9	2.6236211368677092E-5
