32
NULL,rt_sigprocmask@sigprocmask,exit_group@_Exit,rt_sigaction@__libc_sigaction,sched_yield@sched_yield,time@time,open@__open_nocancel,read@__read_nocancel,mmap@__mmap,munmap@munmap,mprotect@__mprotect,write@__write_nocancel,syslog@__syslog,getpid@getpid,writev@__writev,close@close,open@__open64,fstat@_fxstat,read@__read,close@__close_nocancel,mremap@mremap,stat@__xstat,socket@__socket,fcntl@fcntl,connect@__connect,madvise@madvise,lstat@__lxstat64,openat@__openat64_nocancel,getdents@__getdents64,lseek@llseek,getrlimit@__getrlimit,write@__libc_write
0.7051377449680317	0.15625268006647663	0.03497345957137578	0.06788331235856873	5.623057302449803E-4	0.012965579420949032	0.03371122070100694	8.616627177539822E-6	0.030179452028716802	0.003316341498529113	3.256228530261886E-5	7.731240123194534E-4	0.0036297093422588164	0.004644750983407166	0.0025111213512653495	0.0018923555510238195	0.001471419356866604	1.5528352081100263E-4	2.1569553868404758E-7	4.609556284682954E-8	2.2328546141633166E-6	6.056162162731627E-4	7.260229487135916E-4	0.0	7.260229487135916E-4	2.3740411421828597E-8	1.0600463355042779E-5	5.738292438425004E-11	3.9883176434396364E-8	1.3994139171340532E-8	1.5681980601606126E-7	0.0034504671302238604
0.15369636461659594	0.062949349666863	0.07654826010542541	0.1397138803498767	0.0010016746597849048	0.006113583319033121	0.009199578396091793	7.669802257720643E-6	0.015496804233109276	0.0019282105172202945	1.7544329441069653E-5	6.375673528439972E-4	9.246658282485397E-4	0.0017406149191234372	0.001604796870323983	0.00147222247171292	0.0010957861400944196	1.2808172010334915E-4	2.845274601014844E-7	4.537661842013916E-8	1.1819312692057256E-6	1.6345050936554786E-4	5.193755092715872E-4	0.0	5.193755092715872E-4	2.015815584272326E-8	2.967815083692361E-6	6.545318756525047E-11	2.920284238591428E-8	1.2579424088437829E-8	1.8261538894563865E-7	0.0019047284449256001
0.147144335227442	0.036185914472579225	0.008264276090727949	0.015187120898144547	1.297966943468131E-4	0.0019738549821973097	0.004560930163530077	4.4743846714644475E-6	0.007370897415217271	9.402897610637116E-4	7.976265082182536E-6	5.828739728663887E-4	4.580603210820024E-4	9.67589079873044E-4	8.201498342512923E-4	5.815290431083744E-4	3.9088664935350837E-4	6.419186072081005E-5	8.327944701819502E-8	4.000701230052492E-8	5.174360574306197E-7	1.0193829992770948E-4	1.5644212726562462E-4	0.0	1.5644212726562462E-4	1.4397421395084622E-8	1.4993527450962325E-6	3.1896101667052514E-11	7.595900604076363E-9	2.955232903727266E-9	8.888629006538671E-8	9.339701061222051E-4
0.13963710887943165	0.047095147763477584	0.07562377179436913	0.05924297857840984	0.0013076698000074284	0.003476654116561519	0.006258731818978383	5.335292127849445E-6	0.010133495537184567	0.0012403723485719205	1.1760712854304713E-5	5.63472738248078E-4	6.26223069611336E-4	0.0011893732291498892	0.001066042307945191	9.204375297204237E-4	7.300374440511857E-4	8.377834058316486E-5	1.4787408934889485E-7	3.938231211373532E-8	7.227763255513229E-7	1.1785989157924424E-4	3.368245858369401E-4	0.0	3.368245858369401E-4	1.601406479441599E-8	1.9280870831604078E-6	4.179624892546312E-11	1.8693648517988787E-8	7.162500216410538E-9	1.1654703051081928E-7	0.0012212617526003908
0.0015034833940700573	4.48315567945272E-4	8.263946347883151E-4	6.00467383054065E-4	4.473386769341458E-4	3.203677738935113E-5	5.990121103865657E-5	5.43250850671333E-8	9.824688334141241E-5	1.233241694661951E-5	1.0944018974447975E-7	6.0380240306897726E-6	6.013501523668419E-6	1.1993654508003637E-5	1.0556805336385238E-5	8.521135762112705E-6	6.1600827844005804E-6	8.323995571876546E-7	1.4132145376872891E-9	4.192771056427312E-10	7.127211777132352E-9	1.2059672650304389E-6	2.7243013827396068E-6	0.0	2.7243013827396068E-6	1.6267367313511436E-10	1.933914274114538E-8	4.1795130865974656E-13	1.4528347727343277E-10	5.905381959682297E-11	1.1653275275670225E-9	1.2207307719390452E-5
0.007986126004663507	0.004484748132458465	0.0014012674125867294	0.002737682952577661	2.452014542792389E-5	3.2499819105860883E-4	0.016938283812536148	4.2041954374058304E-5	0.011384329629818751	2.01990215958756E-4	1.1896782929802092E-6	2.5588826310717217E-5	1.1617578715412162E-4	8.599758601807924E-4	1.263604107231398E-4	9.555194450274219E-5	7.418499967576148E-5	7.730453609877666E-6	1.9163719709245064E-8	2.1211624502282734E-9	1.0932131998535251E-7	2.1508070143058382E-5	3.695712722593909E-5	0.0	3.695712722593909E-5	1.2439477435792654E-9	3.6106540754841286E-7	2.9003787356455474E-12	2.0351358364371347E-9	7.092685883975944E-10	8.013108897858122E-9	1.6093228074348046E-4
0.017739252662706474	0.011439558098369962	0.0033448372874918773	0.005967742131105519	5.516991205796871E-5	0.0011541426847981862	0.01826051252981656	0.007175557568554991	0.014576870591158971	0.0012360332087993974	7.450215045909058E-6	5.206786662656191E-4	0.021566042233585436	5.094882528532131E-4	3.726804292061103E-4	4.57344103620356E-4	1.583860298844446E-4	2.8324879819580676E-4	5.50191093425967E-8	2.627405831743451E-5	9.36369477428833E-7	8.950722697061308E-5	6.50627546976557E-5	0.0	6.50627546976557E-5	1.7234320033564104E-8	8.35651208437269E-7	5.52615097462455E-10	3.3827959572661517E-9	1.3613064522672057E-9	1.3537167448896434E-7	0.0017213480324310233
6.572417446469793E-4	0.0013465247927398876	2.652080143989406E-4	5.101220718311095E-4	4.069148996604811E-6	5.335739420324913E-5	3.084706018759867E-4	1.5904937941516324E-4	8.688770649297992E-4	4.609424262284706E-5	1.7715918747549478E-7	0.002448928030651322	9.136634288652582E-6	1.9030647003246954E-5	1.0430973603664317E-5	2.7222043863135236E-5	1.0419696364212155E-5	2.4772232919634793E-6	2.0650867181517065E-9	5.263681817129899E-10	5.4412524005190624E-8	3.266684203874415E-6	4.380371499974266E-6	0.0	4.380371499974266E-6	1.918055532614363E-10	2.2264708022554996E-8	4.4142856423125046E-10	3.151000841852002E-10	9.127980896450947E-11	9.56377256417568E-8	8.625256697733201E-5
0.009876092641530354	0.0076699458604941985	0.002560764485303393	0.004945827498918663	4.5116028191091564E-5	6.282354942517504E-4	0.0022095188601670493	2.2546107582798426E-6	0.09727846277538686	0.09260604242721152	0.029901364896356208	1.8825280258179112E-4	0.002034060450495087	2.489683066400394E-4	0.0020859533327733646	2.564868384511081E-4	3.4271955247433024E-4	2.128057523335796E-5	4.25619577071331E-8	5.056561693011922E-8	2.3711650966070164E-7	8.467434573302947E-5	1.795868335686279E-4	0.0	1.795868335686279E-4	6.973754226402151E-9	7.41641275447347E-7	1.0140217785020906E-11	3.7078345843281445E-9	1.3103274546010856E-9	2.8290400769061188E-8	5.273701801744411E-4
0.015207389886905539	0.01150974452076312	0.004064250123112737	0.008000762875643335	7.300285770338597E-5	0.0016592354731453103	0.002614406705908494	5.6385178386754885E-6	0.034867752822406645	0.029075210817749816	0.05581489771229545	1.4724362098970947E-4	0.0010939988873370841	0.0013896599874942944	5.015830221038719E-4	3.1534360765067234E-4	2.418152385103621E-4	6.71187861930579E-5	6.965672505534165E-8	1.1589426092703588E-7	1.9053962519905812E-6	3.598812547878814E-5	1.2026623980249246E-4	0.0	1.2026623980249246E-4	6.454383147288612E-9	6.869525200057313E-7	2.552405805984044E-11	6.4069072071240385E-9	2.20508479785542E-9	7.13196764355264E-8	0.0013336627983550182
0.008028867889866426	0.006226563666740376	0.0024190690622107095	0.004847609554297101	4.4510408842168845E-5	5.85856150657197E-4	0.0012161591915809205	8.38033465805312E-7	0.013870680815069866	0.043080460297407086	2.579762292748122E-6	2.8923171856826263E-5	1.1956276051260612E-4	1.9857006418614348E-4	1.3620953828808913E-4	1.534274867290236E-4	1.345565056621595E-4	1.303545950386002E-5	4.621394768054135E-8	2.4403360481681137E-9	1.5548037417043983E-7	1.628246717853684E-5	6.772088921317786E-5	0.0	6.772088921317786E-5	1.8072711104081622E-9	3.6219921591201293E-7	4.292536855760428E-12	4.1690875615235215E-9	1.4032781870718523E-9	1.1965749339754923E-8	2.3552931571801158E-4
0.0012859895888305871	0.0015488589169677287	2.924908941919849E-4	5.580004731813853E-4	4.398286958982373E-6	4.040915537526693E-5	0.005793779361256297	1.225983352063086E-7	1.2477594129411954E-4	1.982273008920354E-5	1.6000587173873835E-7	0.0024520120917057206	8.415953672346711E-5	2.3423043363900055E-5	1.5481905938449374E-4	1.1675129690811803E-5	9.424599310616218E-6	1.0823772529027794E-6	1.6393179494229268E-9	6.296045377305959E-10	1.2398005037816613E-8	2.902745091941282E-6	4.6619835923245485E-6	0.0	4.6619835923245485E-6	2.372147321047742E-10	5.153697227354451E-8	4.1369353909760646E-13	2.600916793270156E-10	9.338028455996909E-11	1.1407608859593287E-9	2.116158603888635E-5
0.004891555660062392	0.005574571940142882	0.0014531082540402362	0.002598959579809281	2.3346042264246485E-5	4.0806146378857946E-4	7.757504255993426E-4	1.0509325853800596E-6	8.74195090866216E-4	1.4120207352495524E-4	2.8941388373847606E-6	5.473095264662875E-4	7.834198389376209E-5	1.2170829781971966E-4	1.0753888277024205E-4	7.230747366199892E-5	4.953579459426965E-5	1.4652354820842729E-5	2.094709764528386E-8	1.8466123704753452E-8	8.569316055665049E-8	1.045995344940381E-5	2.4161021352009727E-5	0.0	2.4161021352009727E-5	6.322090081250251E-9	2.0529650498647772E-7	4.370846320227616E-12	1.3228995346969586E-9	5.46842094036296E-10	1.2195669340187884E-8	2.2596113705865677E-4
0.0037490496228844185	0.0026270854737307555	8.380721047754474E-4	0.0015996162042809102	1.4553480746851419E-5	0.004923602004993329	5.554864146781109E-4	9.598663482765641E-7	6.265390516102459E-4	0.0021256415921756863	7.937615287357038E-7	6.24675849679499E-5	5.656994158786777E-4	9.520880715900012E-5	0.0048424875012791765	2.8518321447936824E-4	5.914745173191309E-4	1.0409901858523872E-5	7.785515708774564E-9	4.7768528566780936E-9	1.1427928252140557E-7	1.6405058101180275E-4	3.1866935995402134E-4	0.0	3.1866935995402134E-4	1.507397802753377E-9	8.4619171205689E-7	2.5671491051809746E-12	1.1201468328528964E-9	4.0979783444997023E-10	7.1397334280586306E-9	1.5894045414912208E-4
0.002952843312095132	0.002831513563671502	0.0011351774757276322	0.0022573121496025114	2.0904988585250375E-5	2.3904135294412502E-4	4.0491928785012444E-4	2.5583446490189546E-7	5.430571471533073E-4	1.0170541840684106E-4	8.256135216910778E-7	0.0024836390482832365	3.98994060181023E-5	5.365074963221028E-5	5.499259317670765E-5	7.037280824173724E-4	0.0018172177475380016	4.3619625273573344E-6	9.43660596473021E-9	1.999662025014067E-9	3.852965880727763E-8	4.830714570895978E-6	9.86924382280607E-4	0.0	9.86924382280607E-4	1.0206624414456526E-9	9.358251829433139E-8	2.0247443577522113E-12	1.886726573721485E-9	6.557375820100886E-10	5.6490576753124696E-9	6.475942599638902E-5
0.0023353753535808224	0.0015635078298077195	7.54860676294099E-4	0.001158305223888899	1.2691428122717444E-5	1.790608255835998E-4	3.48034030762382E-4	3.0027667091799464E-7	3.9344660344546784E-4	1.633243527812688E-4	6.244593092247111E-7	7.486961517203277E-5	3.4650443822669475E-5	4.9218119907158925E-5	5.070579630390928E-5	5.141017165195111E-4	0.0015598744212741314	4.362236999597375E-6	1.0197569763863336E-8	3.4623788074636497E-9	3.826305409899483E-8	4.4459896617466205E-6	0.0013185247863720878	0.0	0.0013185247863720878	1.4439672576939217E-9	9.310320763162846E-8	2.0338596998810716E-12	4.69290350326922E-10	2.950503006550835E-10	5.6764469000280026E-9	7.274080758253124E-5
0.002344414412581073	0.001544288901762195	6.973112475744041E-4	0.0011282043999949777	1.1880120923512384E-5	3.605749280063486E-4	5.538916775545445E-4	7.638605296409961E-7	4.799916769629877E-4	0.0015519685131424185	6.220643722672922E-7	5.610454314060776E-5	6.367816022239774E-5	3.531253491531779E-4	6.031483060206969E-5	8.131966972181966E-4	9.734627837353039E-5	1.6428420394115506E-4	8.818985129522337E-9	2.6223747242634244E-5	1.0662831162644287E-6	2.3350640496932667E-5	1.0611428903864785E-5	0.0	1.0611428903864785E-5	1.6557502374874218E-9	9.69127391769767E-8	4.6997782383674885E-12	5.583112250790306E-10	2.9293289036738383E-10	1.3132272581983375E-8	3.7082577786791795E-4
2.5663587360214165E-4	1.9343076017975454E-4	7.559440926839615E-5	1.4186083221711112E-4	1.3485430997110541E-6	1.758704332536387E-5	9.308058204963884E-5	3.88435682160646E-8	7.406326474208463E-5	9.935931861037042E-5	4.878590599954124E-8	1.1573277428292408E-6	8.863439235760413E-6	5.854606130648602E-6	1.2161471376180284E-5	1.0661990757775585E-5	4.185119214391323E-6	1.2512500199673532E-6	6.74051530142082E-10	5.217544606080521E-10	8.062785145255616E-9	7.726506796671419E-7	2.0478289059754773E-6	2.4247912683195644E-7	2.0478289059754773E-6	3.0785407588417143E-10	9.974721490696523E-9	3.893552460762039E-13	9.103322548815311E-8	2.883617613195947E-9	1.0871559630683415E-9	1.3755245013073615E-5
2.00779871144975E-7	1.631856256353752E-7	3.5163074659528174E-8	6.615803232695036E-8	5.493265992555095E-10	6.928216016594771E-9	1.826995297428154E-7	2.0666286498951836E-10	2.1828568390807093E-8	1.1790606930051878E-6	2.088156687081491E-11	1.2042596174365167E-9	1.6963678806872427E-8	4.207872533135964E-9	1.3806480328960029E-8	2.1568219326322592E-9	1.5100443047062054E-9	5.628892421898702E-10	2.6464777727142985E-13	6.906653537929688E-12	5.512376777959043E-12	5.494519966052266E-10	7.406279739859272E-10	0.0	7.406279739859272E-10	7.209287045621406E-13	1.276974709074402E-11	8.420948084514266E-16	3.3880490529323815E-14	1.2583736788129208E-14	2.353346126969557E-12	3.494059885382368E-8
4.243044306153997E-6	3.002766727870233E-6	1.1641038406479217E-6	2.1417643190220146E-6	2.0546857548077955E-8	2.855335992095084E-7	2.0100172304357017E-6	8.386519617248297E-9	6.426054786176487E-7	1.9250508568234355E-6	7.324332660385642E-10	1.9703227883746152E-8	1.8981663024248263E-7	1.2940279828620578E-7	1.5952254497247022E-7	7.733218942482833E-8	5.29659165187184E-8	1.9260410972106473E-5	1.0789020713702503E-11	1.5751564720952384E-11	1.5610469480980642E-10	1.0801379747803569E-8	2.581658053493942E-8	0.0	2.581658053493942E-8	7.310865184562926E-12	1.7037916074931938E-10	3.3779033389608985E-13	1.5250136461859026E-12	5.808114440356052E-13	9.451066611496159E-10	2.1578370104762035E-7
9.45867881589868E-7	5.959974624404602E-7	1.5930501112186556E-7	3.0493121670043794E-7	2.666390155276366E-9	6.971794109224847E-8	1.4111720152098418E-7	1.0386011305437404E-10	1.7370522087075793E-7	1.8252521614846398E-8	1.759536428074108E-10	3.380658922339775E-9	1.867161332313834E-8	1.9154881735989443E-8	1.1678985775298948E-8	9.885936157347535E-9	7.122363128252981E-9	8.419582316994538E-10	1.2420065146116983E-12	3.1130094542085843E-13	1.2961042330440623E-11	2.4422055278636945E-9	3.4826697833685534E-9	0.0	3.4826697833685534E-9	1.3912310064165778E-13	4.040736605045658E-11	5.518065705599786E-16	1.9484372751214978E-13	7.073510709496286E-14	1.5305776143550252E-12	2.4347436921185197E-6
9.565731109531486E-5	5.57048224371472E-5	2.211719051712947E-5	3.99629757110321E-5	3.88518556692173E-7	1.2664786973602315E-5	1.6281312883970234E-5	7.192707390674941E-9	2.609606362738194E-5	2.3092272139361452E-6	2.757220032508127E-8	3.6092085325660694E-7	1.6773749421334125E-6	6.603415595146605E-6	1.7744669272549615E-6	1.278181736057075E-6	9.672497292081616E-7	2.1047084340729144E-7	2.969894973782095E-10	2.7564091813723217E-11	1.2624029974669366E-9	2.8822199711329686E-7	4.788054806900288E-7	0.0	4.788054806900288E-7	1.711488536731961E-11	3.889035745990363E-9	1.381566807959464E-12	2.6818865195140923E-11	1.0787456709681716E-11	3.864592147815223E-9	1.8371299973902861E-6
5.377157365600314E-4	3.8569314878682666E-4	1.7049109938531022E-4	2.6537927140224974E-4	2.848510321113662E-6	3.9439523117337465E-5	7.812703432818875E-5	6.543503404620678E-8	8.717659326558995E-5	3.529645987674155E-5	1.3700249234319158E-7	1.607135848941074E-5	7.81003585604309E-6	1.1119656071217144E-5	1.118739973882084E-5	3.681180064464443E-4	9.863051046422823E-4	9.579175036579303E-7	2.2187148534638788E-9	7.455943636935033E-10	8.483672881018784E-9	1.034400685986368E-6	0.0012829405628631235	0.0012808807434874167	6.424992372129943E-4	3.114964402638172E-10	2.1178223974693254E-8	4.453064875942466E-13	1.0866779339243853E-10	6.591411245568565E-11	1.2424903615077501E-9	1.6010052225959686E-5
1.613537106293575E-4	1.1574067894416424E-4	5.115986569343651E-5	7.963852986686437E-5	8.547815641721772E-7	1.1838707487752069E-5	2.344911528900473E-5	1.9654532559964554E-8	2.616479488529298E-5	1.0601533374381871E-5	4.1114151502758906E-8	4.821581300449305E-6	2.3441287315526008E-6	3.3394150870548513E-6	3.357318190102517E-6	1.104367556334061E-4	2.9589170461553904E-4	2.8786258336341264E-7	6.657187764243678E-10	2.2391250052256766E-10	2.5533801512982796E-9	3.1084633029045097E-7	6.182892807603527E-7	2.4134747401131963E-8	3.2083895210582625E-4	9.347575281277166E-11	6.3549720849853805E-9	1.3364088991203961E-13	2.508759704720727E-8	8.035429809699173E-10	3.7288373854193294E-10	4.808872416412273E-6
5.108278673878188E-4	3.6640699772206014E-4	1.6196588417657283E-4	2.52109280131157E-4	2.7060737739897515E-6	3.746739422898188E-5	7.422038005902406E-5	6.216302894185692E-8	8.28174260044647E-5	3.3531500194736557E-5	1.3015183717368353E-7	1.5267728327408303E-5	7.4195038182958E-6	1.0563630205960537E-5	1.0627986427841657E-5	0.0033917945766143635	9.369860298702412E-4	9.100179188682053E-7	2.1077705186522795E-9	7.083117581391622E-10	8.059456383313189E-9	9.826766458934053E-7	1.956820430118724E-6	0.0	1.956820430118724E-6	2.9592041195747723E-10	2.011923076171001E-8	4.2303943873201753E-13	1.0323398289869879E-10	6.261815157559502E-11	1.1803610317959606E-9	1.5209487614542856E-5
5.649724795294762E-8	3.375161590509708E-8	9.745553561133438E-9	1.6912522487409976E-8	1.5813775727735216E-10	2.9027300792506996E-9	6.114943930756581E-9	4.265485935206222E-11	5.2417312504982095E-9	2.4702121455713347E-9	6.608351135766717E-12	4.91002129284375E-10	6.975519988185548E-10	1.0678105604004446E-9	2.251488132691464E-9	7.482469949923096E-10	5.034029245526352E-10	5.215780701061686E-10	9.494943132956124E-14	1.12678724714094E-12	1.0956694190751549E-12	1.183085566996169E-10	2.523250190839196E-10	0.0	2.523250190839196E-10	1.0155746638678387E-14	2.4364119490836338E-12	1.4475334120888506E-16	8.165002312397054E-15	3.695795682869694E-15	4.045225137685645E-13	6.0606248397778434E-9
2.2216583760313593E-6	1.6162313102949813E-6	4.35584065039823E-7	8.339970396423186E-7	7.3061313194524225E-9	4.979519838929121E-7	1.2129165610392866E-6	1.5498568304095907E-6	5.117763669824448E-7	2.2593491186042443E-6	5.060309295630511E-10	1.1874059615209645E-8	1.2313461170903144E-7	5.625561341802216E-7	9.73585000741122E-8	1.8565478633901583E-7	3.640244757729568E-8	1.9153651438633744E-8	3.6149031957361046E-12	4.287826037064799E-11	1.1237773083811435E-9	2.467109066895423E-8	1.0519847762944789E-8	0.0	1.0519847762944789E-8	3.861497832666239E-12	1.379447447534844E-5	5.172889455724197E-6	5.37676666640111E-13	1.9460476132476552E-13	1.6276179979711666E-11	9.970876904877366E-7
2.4463413180491994E-7	1.8369219413388154E-7	4.7327195274961384E-8	9.033307080621188E-8	7.838524665204195E-10	4.658133836817395E-8	1.4645937714454227E-7	3.0797910994930753E-9	5.099591805699514E-8	2.4396765446714655E-7	5.038429724599822E-11	1.349264113202653E-9	1.4801390869795517E-8	5.158922850051964E-8	1.1712744056686191E-8	1.713539103284209E-8	3.605835475238638E-9	2.6612668930051524E-6	3.8683754432565585E-13	5.752392588263634E-12	1.0231047618244272E-10	2.328776334761382E-9	1.1078890865993888E-9	0.0	1.1078890865993888E-9	5.059506013868925E-13	1.3673990653741607E-11	2.116035341170936E-15	1.1693678865979161E-10	2.0374639361109094E-14	5.917474126918935E-12	9.910172578840285E-8
6.816741921876647E-8	3.6305453798047115E-8	2.080976666832797E-8	3.196443270283282E-8	3.5733411679732784E-10	6.944777105262128E-9	1.1667302625739396E-8	1.415625211723358E-10	1.279030889261826E-8	1.2268008684742345E-8	1.2202714854711597E-11	3.128207528315952E-10	1.239559744862699E-9	3.968560958695964E-9	1.7825662855360743E-9	2.1316592961618193E-9	7.115278305137212E-10	3.5480693640903103E-9	2.6272842630056706E-13	1.9870839989312584E-13	2.5070815632485282E-11	3.609492402105677E-9	2.884899583338779E-10	0.0	2.884899583338779E-10	2.6131372276175543E-14	2.833589911548038E-12	1.441487988249587E-14	1.6112708414839346E-14	7.577466446163258E-9	4.033276049792758E-11	6.185498250309251E-9
1.72423990596317E-8	8.934294390471756E-9	5.277208513916927E-9	8.130518091885327E-9	9.102096795519993E-11	2.8297369839831435E-9	2.5758464076235398E-9	3.0387305076530086E-12	3.829621675992399E-9	5.915428212396113E-9	3.705627085128819E-12	7.92629819460239E-11	3.052321086911364E-10	2.375455885790361E-9	3.7868251561652326E-10	8.913019520298428E-10	2.1216804574500312E-10	8.312733661916268E-11	6.716362565686463E-14	2.2143099993092732E-14	4.471615020861776E-12	1.0849091996787005E-10	7.198100185339139E-11	0.0	7.198100185339139E-11	4.5075428914577425E-15	6.921406804704353E-13	1.5631407948770005E-17	3.7477341911296566E-15	2.2341708424456262E-15	4.3611561496785376E-14	3.4593226503057264E-9
2.7315470257599055E-7	1.3412717710478684E-7	3.585825072940917E-8	6.891630022905884E-8	6.014838851823961E-10	3.8245380244054853E-8	8.645280171459019E-7	4.285187949548084E-11	4.32977180515604E-8	1.0145574303786468E-7	4.3098125053311863E-11	9.71417527198587E-10	6.233024179837348E-9	4.2043397340335944E-8	5.6544063832721475E-9	5.0377551642075805E-9	2.1477532710622654E-9	6.268522794774131E-10	2.775896673949165E-13	5.18740841436333E-13	6.065593239729992E-11	9.39024800912875E-9	9.400573223949286E-10	0.0	9.400573223949286E-10	7.277116569972458E-14	1.268854558213968E-11	8.257650432339514E-11	1.0367330636801707E-11	1.6060566326544215E-14	2.310515169132513E-7	2.3604651656750308E-8
0.0032909394165278874	0.009378463842638326	0.0017190411985406506	0.0032999313997033853	2.564615783816843E-5	2.098016421261233E-4	3.279822812572224E-4	3.0026808375625093E-7	5.534187513200694E-4	5.737260316904241E-5	6.321093847298288E-7	1.3924885749895975E-5	3.082323863660896E-5	4.881979543348136E-5	5.4641178413951765E-5	5.330625694514595E-5	5.129486813164426E-5	4.106611016423476E-6	7.98199360888595E-9	1.1184049921686944E-9	3.464320714687306E-8	4.413659662811032E-6	2.5948020895293362E-5	0.0	2.5948020895293362E-5	5.850838949343607E-10	8.36496629845551E-8	1.8087078591458742E-12	1.5189523216222404E-9	5.370259689424602E-10	5.0465194985638295E-9	5.46673022754081E-5
