32
NULL,open@__open_nocancel,fstat@_fxstat,mmap@__mmap,read@__read,munmap@munmap,open@__open64,close@__close_nocancel,rt_sigprocmask@sigprocmask,exit_group@_Exit,rt_sigaction@__libc_sigaction,sched_yield@sched_yield,mremap@mremap,time@time,read@__read_nocancel,mprotect@__mprotect,madvise@madvise,lstat@__lxstat64,openat@__openat64_nocancel,write@__write_nocancel,syslog@__syslog,getpid@getpid,writev@__writev,close@close,stat@__xstat,socket@__socket,fcntl@fcntl,connect@__connect,getdents@__getdents64,lseek@llseek,getrlimit@__getrlimit,write@__libc_write
1.0094739812923956	0.0010138909587065138	1.1035570274715932E-5	7.923368064436306E-4	7.513625400151374E-8	6.278999922367956E-4	7.449621353506672E-5	6.041811028041302E-9	0.019311721497395556	0.0045882823997507385	0.008615560895183122	7.25467274161689E-5	2.8184804179563683E-7	1.9020897189121397E-4	7.0949626122372964E-6	4.0879654903083675E-7	6.1995853652281455E-9	6.741282532081457E-7	6.986026207800459E-12	2.9396656484263324E-5	1.4564399763139686E-4	1.7332928118912104E-4	1.0961396530371475E-4	1.0262184976015098E-4	1.9999010369967732E-5	3.590739859504664E-5	0.0	3.590739859504664E-5	4.988792897220714E-9	1.8508439213064243E-9	1.936216860781936E-8	4.072722594123615E-4
2.1382688033927074E-4	3.666223710130272E-4	1.810689406868596E-5	2.2617368168094043E-4	5.474327002559472E-9	1.1295380098218444E-4	2.9506120161799616E-6	9.650873875230521E-7	4.2160951963552345E-4	1.1387359196762201E-4	2.1252472594679987E-4	1.8567455609198996E-6	2.14901804016943E-8	1.8271917604234416E-5	1.7961367856989766E-4	6.409742887985886E-8	1.8128309833952018E-9	1.0462657483886117E-7	4.371681614897116E-11	1.5359598673408156E-5	7.146098288551505E-4	2.232116683186504E-5	1.4821407455475309E-5	5.180617673773349E-6	3.3112948882201655E-6	1.3616063902682175E-6	0.0	1.3616063902682175E-6	1.440525228546582E-10	5.0219598691081416E-11	9.458539449193003E-9	4.034415082219104E-5
6.5930021874347395E-6	2.373310294905457E-6	7.791303435012953E-8	4.453513277417858E-6	7.57849554386661E-11	2.0645626418395016E-6	1.1892633063472235E-7	2.713164270874773E-11	8.41330093735019E-6	3.4190566578125915E-6	6.3613532335403035E-6	6.02380465121003E-8	5.551767738187332E-10	2.6247983975853574E-7	2.9033294487869834E-9	4.965605353523712E-10	7.209349922756826E-12	1.674424526474205E-9	2.7089112143434713E-14	4.467116770260525E-8	2.5243723838242816E-7	3.4516907005951473E-7	5.01493564294994E-7	3.215754837344443E-7	4.899617928089088E-8	5.808323592224009E-8	2.0362954609845485E-8	5.808323592224009E-8	7.640967243755235E-9	2.4071426757933683E-10	7.528015581294374E-11	7.90606352651211E-7
1.109430727680197E-4	1.3757450627226427E-4	7.387449724816848E-7	0.0010810493079519787	5.06217462866526E-9	0.0014713477596852362	8.09111478217257E-6	3.0632143133608594E-9	2.0670884453449087E-4	5.96692146329668E-5	1.1395278309817277E-4	1.0001699408755803E-6	1.6145083739327517E-8	8.373018451723078E-6	1.7799262095704765E-7	3.2880160604033243E-4	6.636965371665631E-10	1.0951613332730132E-7	5.172033434483599E-13	6.6773505094147325E-6	7.465405533376984E-5	1.6099017378220952E-5	6.435028383691093E-5	5.836350767549607E-6	2.9869633148913265E-6	4.223728281427681E-6	0.0	4.223728281427681E-6	8.639239000060871E-11	2.894071190876502E-11	1.4228956670488591E-9	3.241671175843339E-5
1.0164307947868328E-8	3.214542902025046E-8	3.5944534544340175E-11	3.164845160351799E-9	1.2350805228455744E-13	1.6510922529286807E-7	1.7514428884403576E-10	1.8012695156546578E-13	2.2291321219792557E-8	5.485053678495094E-9	1.0103311446630561E-8	8.668317311165323E-11	1.036817380846031E-12	5.135383531199915E-10	1.3878786838992022E-11	1.0718318390720246E-12	1.174804597514043E-13	9.22624519240737E-12	3.963672309644627E-17	2.346372178300186E-10	3.021148599017426E-9	1.5934686910870595E-9	2.257525889004082E-9	2.575501957102961E-10	2.3128755769514944E-10	8.370901069786255E-11	0.0	8.370901069786255E-11	5.672131415113118E-15	2.1791471539572506E-15	1.0750026441271507E-13	2.019562247164941E-9
2.6076909204801374E-4	1.463847370326165E-4	1.5096580594573185E-6	4.002800970297656E-4	9.428596769855709E-9	4.1362067617725927E-4	3.670111023445748E-6	8.579308138691816E-9	4.795535173689689E-4	1.3628229460924384E-4	2.5376455736326564E-4	2.2464422982410564E-6	1.5153187852291276E-7	3.564029113333799E-5	9.880071183666294E-7	6.137543834024687E-4	8.083137337199623E-10	8.239948888861665E-8	1.674630539438338E-12	4.280646009626272E-6	4.2114923282559744E-5	5.464487852670428E-5	1.57202498609952E-5	7.132583600854334E-6	2.2084121149170817E-6	1.6564949707865314E-6	0.0	1.6564949707865314E-6	1.7486383410311272E-10	6.20260899659603E-11	4.664982359966167E-9	9.725262378065159E-5
5.009122959233056E-5	1.990225481085358E-5	4.1199218587152274E-6	8.173542897018762E-6	8.532710117409144E-10	6.1013231924632724E-5	1.860030595491501E-6	9.630588651722047E-7	5.878385234271493E-5	2.618605026067433E-5	4.1655092654299814E-5	4.349866241444645E-7	4.777488910015648E-8	6.123982796839389E-6	5.7867926525912945E-8	6.388248412230374E-9	1.3083250353509976E-10	1.0851977716619539E-8	2.5050249734024817E-13	1.8301196710753802E-6	1.991854855024809E-6	8.491892996590069E-6	1.7415827353065138E-6	1.4238417709461738E-5	8.918140329000267E-7	1.8977285895440811E-7	0.0	1.8977285895440811E-7	2.0081841230827328E-11	1.0967476733896725E-11	6.976231350403805E-10	1.684319398725163E-5
9.346797758305548E-8	4.899310776912236E-8	6.156735943205173E-7	1.3776806510477714E-8	1.1296224086463584E-12	4.041476814420873E-8	1.191003530666626E-9	8.095512799361408E-13	1.185783287786847E-7	4.853260492227952E-8	8.854144397243774E-8	8.47911266648535E-10	1.3862428032792558E-11	4.894701613922936E-9	2.5213978202307354E-10	7.445522878085599E-12	1.6686659428389185E-13	2.5292580716407206E-11	2.7080999097446198E-14	6.957112281469912E-10	4.866363228323473E-9	6.983159594359199E-9	4.031094707636485E-9	2.177978519430874E-9	7.354275038105217E-10	5.486620918859861E-10	0.0	5.486620918859861E-10	6.791533063632006E-14	2.5344279183629765E-14	7.57649313054737E-11	1.4824596096636903E-8
0.012173601363652977	3.5879410996933334E-4	7.5604701191067876E-6	4.878211632084782E-4	6.541158684039432E-8	1.8165490413460156E-4	3.995035207489051E-5	3.6568023169049565E-9	0.004797009179329895	0.006258799168885525	0.01130862206640913	8.116351479819695E-5	1.2819740684079334E-7	1.1367965815327909E-4	1.7600836822466875E-6	2.144318985402448E-7	2.9787975117157765E-9	3.802378799641848E-7	5.667444796881251E-12	2.4470780461543674E-5	3.93234648579438E-5	1.0836515637109592E-4	6.228512977441314E-5	5.816941898225413E-5	1.020281528214174E-5	1.8445497518974474E-5	0.0	1.8445497518974474E-5	2.477036207935539E-9	1.087145649784048E-9	1.5776982775809044E-8	1.8756361663788105E-4
0.012372275139224627	1.7085867224100594E-4	2.8003240080901154E-6	3.1248402356397924E-4	2.2942012434793415E-8	8.30590382666924E-5	1.035866824964388E-5	2.959896894031106E-9	0.0013708704985307036	3.3869290810431557E-4	6.225702883390203E-4	5.3525718718714355E-6	5.174666444411784E-8	3.451263269436791E-5	9.030060601263494E-7	7.963854646099302E-8	1.9289263211523E-9	1.738266275018259E-7	2.2020065712677448E-12	1.9549422269653877E-5	1.8984256580256573E-5	4.7357304635477814E-5	2.694266317891957E-5	1.8773749754819333E-5	4.813504740506024E-6	3.601464993930989E-6	0.0	3.601464993930989E-6	3.7301252136050965E-10	1.3512343892344497E-10	6.118523703244248E-9	8.492117454329342E-5
0.01153675309398914	2.414452591652562E-4	4.336577825082252E-6	3.64610308180158E-4	3.602775402481944E-8	1.1819295709499433E-4	2.4983912789862468E-5	3.0534618332427664E-9	0.0029137435482095454	0.0059332570879763605	0.004531115111104961	1.0204043571877883E-4	7.65005146692799E-8	6.268659472794134E-5	1.19077744160604E-6	1.3542283757882978E-7	2.294548758192027E-9	2.404226551800139E-7	3.2942215894349857E-12	2.0197649811844538E-5	2.6722444447083153E-5	6.689188505727578E-5	3.865661334433515E-5	3.413749579857938E-5	6.558888342782583E-6	1.1200330209354729E-5	0.0	1.1200330209354729E-5	1.492457103208602E-9	5.610710761873082E-10	9.16161054861991E-9	1.1724411545751248E-4
1.251917257879057E-4	2.3040789036356105E-6	4.2181531356881907E-8	3.6976341569620975E-6	3.541717753606186E-10	1.1375509840191122E-6	1.993297843770477E-7	3.2144680713576725E-11	2.455784850881148E-5	6.438977050339187E-5	4.482329369246893E-5	3.554074579702083E-5	7.472382522999845E-10	5.824918384583581E-7	1.1716357546462016E-8	1.2211784157435913E-9	2.2836267961794543E-11	2.3677884093964455E-9	3.233772915957296E-14	2.1306797317783927E-7	2.5461590337170003E-7	6.58225743785336E-7	3.7700241276823756E-7	3.0884574348478944E-7	6.466147761191419E-8	8.408869070412396E-8	0.0	8.408869070412396E-8	1.0585622596706755E-11	4.2914753729693435E-12	8.993424921615284E-11	1.1603304416400256E-6
5.683359690043307E-8	7.23994415831257E-8	1.9431495576394263E-10	2.5000542240996126E-8	7.031655801888836E-13	1.2135113013340094E-8	1.1257896820859836E-9	1.4411270376503425E-13	1.1351941784821798E-7	3.1021587407880664E-8	5.843907535545873E-8	5.097548856679534E-10	7.0957052493514855E-12	6.4090947983723345E-9	6.836341193918842E-11	1.3188087219979476E-11	1.1485033199883446E-13	6.553113823718864E-11	1.5806737304188542E-16	1.4063262328467028E-9	8.131822359567332E-9	1.1303390616143552E-8	5.286701750874036E-9	1.7666640358865309E-9	1.6639374974492893E-9	5.305974644729762E-10	0.0	5.305974644729762E-10	3.817720909987422E-14	1.403002274350786E-14	4.1749360326415873E-13	2.0261337842492282E-7
1.1018503520047662E-4	1.7675040521578845E-4	4.485946440708273E-7	1.4435786009693423E-4	3.3786810041236807E-9	1.85361189179976E-5	2.047424543215347E-6	1.9958289014959918E-10	1.7211165466650568E-4	5.780224511922149E-5	1.1065328673950384E-4	1.000431194244986E-6	1.2043654387705414E-8	8.216479147225864E-6	3.134257328736917E-6	1.6341899524731533E-8	4.249901506888789E-10	8.47498831964528E-8	2.409088151079291E-13	1.7483182910468854E-6	9.671891831125467E-6	4.046358022683304E-5	8.091249297198261E-6	3.200551329179677E-6	2.1844881797747946E-6	9.744500814598896E-7	0.0	9.744500814598896E-7	8.769388700068894E-11	3.0415822962682815E-11	6.445125703136457E-10	1.60075771155411E-5
1.462817453059214E-5	4.334844197697513E-6	2.8818890224775746E-8	9.841594201308231E-6	2.326242140224621E-10	9.379324905196567E-7	1.3054364537908726E-7	2.2475965081794E-11	4.461118379059776E-5	8.607685268547235E-6	1.6515629984119905E-5	1.286777464506387E-7	7.34514034839643E-10	4.068201364132443E-7	7.651410039863491E-7	1.1562440330455606E-9	1.7528926620575236E-11	1.4282427774931268E-9	3.530003490973682E-11	8.362711371556716E-5	1.6341693477809284E-7	4.113837695240355E-7	1.735818026939695E-7	2.0848937152901102E-7	4.374001623265765E-8	6.100128507540727E-8	0.0	6.100128507540727E-8	1.3097072155750668E-11	2.9659102680034757E-12	7.631475403501575E-9	1.0933596338983267E-6
5.760320230602666E-5	1.3529058052751722E-5	4.6279178246716936E-7	1.4481684186019265E-4	5.321111276918726E-9	4.7981914114180157E-4	8.810304478818964E-7	4.991312779336155E-11	7.766359572272589E-5	2.971508294867075E-5	5.966011467388519E-5	5.387176729351882E-7	8.113952996324927E-9	4.380793772055716E-6	8.271742323302623E-8	1.3940890170166663E-8	6.932614895846247E-11	1.9939719819711766E-8	7.834637269706708E-14	2.7076390065562207E-7	1.3869155288472369E-6	6.379077409116687E-6	1.3578920897782108E-6	1.8377086171156952E-6	5.034762591544641E-7	3.881829760368471E-7	0.0	3.881829760368471E-7	6.089165935235372E-11	1.814733599306453E-11	2.1676275601085566E-10	1.1155165606272501E-5
3.3465041460214338E-9	1.734405881265107E-9	1.0382928424302017E-11	5.141457213913779E-10	4.381895936338978E-14	7.140604968526472E-10	3.3540008257784175E-11	9.122217089300844E-14	5.8215355868766745E-9	1.7598730877813367E-9	2.9899704170516144E-9	2.8091086912921215E-11	2.1556813737686456E-13	1.206479477618136E-10	1.0712333694362695E-11	2.1729730072797773E-13	5.381581160406682E-15	1.2695114533922476E-12	1.409437140475175E-17	3.281487823391091E-11	1.776655312206416E-10	2.339537935032797E-10	1.4751663444926434E-10	5.588502328421485E-11	3.1383814250860005E-11	1.5728550942040874E-11	0.0	1.5728550942040874E-11	1.438156848624008E-15	6.798129072269114E-16	3.9007064752077344E-14	6.28172497116198E-10
8.333958173925332E-8	1.6900210700002317E-7	9.274728224539818E-10	4.199108898433958E-8	1.2211381124769218E-12	1.9543150015998987E-7	2.217079054321932E-9	2.758703583931854E-12	1.5891971815060874E-7	4.456806966447306E-8	8.513727657686215E-8	7.422716783056119E-10	1.0933413599348281E-10	2.5932853487042926E-8	3.769238131905461E-8	2.6716483602497418E-11	5.3337450099065E-13	1.158493743475231E-6	4.344098172930148E-7	1.667585801811577E-9	1.490924266116295E-8	3.328700465823392E-8	1.1256045388813068E-8	8.749487356693119E-9	2.545285191965197E-9	7.315674899710489E-10	0.0	7.315674899710489E-10	5.926204087785548E-14	2.111966712712455E-14	1.2956808758279362E-12	8.652420983526809E-8
7.38330977270585E-9	1.6842218198306165E-8	2.2342059560726668E-7	3.990854964194787E-9	1.0008435009744604E-13	2.0417138887710988E-8	2.098639307650778E-10	3.6444439433308486E-13	1.4473836039118812E-8	4.0036403445026025E-9	7.696339950856218E-9	6.6688406969412E-11	9.89983241698762E-12	2.34041915090364E-9	8.260929439139755E-11	2.4396586287409826E-12	5.4907553350597354E-14	7.1161344235118E-12	1.654860976723493E-16	1.7450962448579365E-10	1.6478715395375037E-9	3.118267232330809E-9	1.2365781120341611E-9	7.970870806708688E-10	2.500632982613109E-10	7.087737518729841E-11	0.0	7.087737518729841E-11	9.353768766447523E-12	1.905230697898494E-15	4.6045250172188E-13	8.353293074250368E-9
1.8921188242100338E-5	2.0873131302269121E-4	4.4310277090988785E-8	4.279418134077306E-6	1.8987960745626614E-10	2.605382295021928E-6	2.8405099723712885E-7	5.105955417983496E-11	5.4353567508606345E-5	1.0992151261035992E-5	2.099277068555463E-5	1.666961063983608E-7	1.4197178977969267E-9	7.369002693382601E-7	1.6915909022131675E-8	1.9156508249433406E-9	3.446348660040876E-11	1.3625194933706631E-8	3.307896118334058E-14	8.392034373954943E-5	3.946205519383821E-6	2.3587747260669175E-6	6.230222973952974E-6	3.93392902227969E-7	3.4351828780160083E-7	1.3673990858794847E-7	0.0	1.3673990858794847E-7	1.120202609148565E-11	3.947631558457903E-12	8.747031961099305E-11	2.056377971073895E-6
1.1341789249277694E-4	3.814465318842033E-5	4.6951353157518796E-7	3.216468784567337E-5	2.7451862436114316E-9	1.4845577775072499E-5	1.1841545514508615E-6	1.420830015102489E-9	2.4326533701614743E-4	6.192229409192755E-5	1.1577269699892837E-4	9.955007280217365E-7	6.348128940164345E-9	1.5065845098688233E-5	2.131903248531879E-7	4.737162416639388E-8	9.35517701865742E-10	2.381571905117186E-8	2.6375816977111784E-13	1.8563630230349368E-5	3.682124188357793E-6	7.4656858471982866E-6	3.3554754851655287E-6	1.78802599406362E-6	6.655567507540959E-7	5.632234659886657E-7	0.0	5.632234659886657E-7	7.246614236393216E-11	2.624117311903073E-11	7.316977714834446E-10	1.6026027724326343E-5
6.258200816494957E-5	5.6199204387722826E-5	2.61073932376698E-7	1.7973430532058936E-5	8.270631489928521E-10	7.038084799109966E-5	1.7072959263640013E-5	2.6236651404116747E-10	1.0537520552175849E-4	3.320202808094913E-5	6.363039196577705E-5	5.679635481488855E-7	7.89644448019418E-9	1.6512775150952816E-4	9.550601664673655E-8	9.209678053012564E-9	1.650029032891731E-10	1.2981230842772877E-7	1.7203065913640919E-13	2.4038438025727447E-6	1.9931954927247478E-5	8.998811979856415E-6	1.427531765970284E-4	8.103559253719933E-6	3.864732877417692E-6	9.175966024285963E-6	0.0	9.175966024285963E-6	4.7276345209082954E-11	1.6911040775072088E-11	4.632680213526056E-10	1.0468873831585021E-5
8.520149793259721E-5	8.023095699746151E-6	1.1219005193760238E-7	6.551931121954542E-6	8.783951445238934E-10	3.6947114260364827E-6	6.122296585659038E-5	1.1372061685381412E-10	1.16432750809981E-4	4.4043689796673426E-5	8.783326232066633E-5	7.943282710693064E-7	1.9635619482849018E-9	1.9267747253392316E-6	3.318469276481978E-8	5.2909731394446755E-9	8.395479084334115E-11	6.634854035597288E-9	8.324638095846613E-14	8.469332434307234E-5	8.653624910105355E-7	1.735296160871248E-6	1.0225036129785028E-6	2.34224098738456E-5	1.7597106950315453E-7	3.3177685974892725E-5	0.0	3.3177685974892725E-5	7.63630382794268E-11	2.61131264695452E-11	2.312534028891098E-10	3.149726841066703E-6
5.61976436680551E-5	7.505128771735582E-6	1.1762194425328567E-7	4.77726683301616E-6	1.0161305048556592E-9	4.042067727376371E-6	5.309493926896837E-5	2.255582179836706E-10	6.11477683777256E-5	2.9394504342667754E-5	4.41358998521664E-5	4.814509122224829E-7	1.993110877726548E-9	1.6607286464786924E-6	3.856435540925592E-8	4.961312322007329E-9	1.2820824906541477E-10	6.6404373174728585E-9	9.252099790325124E-14	2.424626370174409E-6	7.550568118219424E-7	1.7403599172135856E-6	9.832547151503167E-7	1.7256973292963628E-5	1.696546900569709E-7	4.488762501086902E-5	0.0	4.488762501086902E-5	1.6660169958259482E-11	1.1364080439463402E-11	2.573601299318322E-10	3.7889765836535456E-6
4.411102962408274E-6	2.097865032642227E-6	2.303060724172723E-8	2.6903538608675752E-6	7.1842616886921E-11	3.617125124140955E-7	5.9602655694357714E-8	3.983812978676911E-12	5.863295448827106E-6	2.2870664490602662E-6	4.383422832427889E-6	4.062892976423525E-8	2.1504994246688873E-10	1.289111713113354E-6	2.5990063689474903E-9	2.384995063418782E-9	8.464771121279886E-12	1.2885953396705358E-9	1.1293626404778348E-13	3.348776509853653E-8	2.129116800243201E-7	5.38271542966498E-7	1.7576933732602234E-7	7.575952266017562E-8	4.0518051133269245E-8	2.9262109854213003E-8	0.0	2.9262109854213003E-8	3.5702867027288687E-12	1.2804919304369067E-12	3.1555895688729683E-10	2.7831414653570997E-7
1.270046506409121E-5	1.990683644799354E-6	2.6585253417740153E-8	1.1680376008756335E-6	2.234414100761875E-10	9.263360884695328E-7	3.3726434744638444E-5	4.914478644981506E-11	1.501649707384591E-5	6.682588057189668E-6	1.0195331560580247E-5	1.0899254185238556E-7	4.6508533609928033E-10	3.8823822002931416E-7	8.545561780976906E-9	1.13036671428825E-9	2.8103636754545173E-11	1.779504972800617E-9	2.0803685671870753E-14	5.293974889328858E-7	2.0390889342916757E-7	4.3665317314610964E-7	2.404367737345458E-7	1.2655313859400736E-5	4.564899985628974E-8	4.379880109644559E-5	4.376388772012984E-5	2.1916824644233638E-5	3.9685476202008325E-12	2.574055093234597E-12	5.775135001206389E-11	8.63661891198177E-7
3.81244299944431E-6	5.983063370997221E-7	8.012117908204663E-9	3.511295598658999E-7	6.705839066145272E-11	2.789941508062604E-7	1.0117946079375257E-5	1.475889961999057E-11	4.508147231096434E-6	2.0059709479720886E-6	3.0609605897112736E-6	3.271916590293183E-8	1.4032420274824243E-10	1.1682189509136503E-7	2.5653708014029753E-9	3.396847687848273E-10	8.435347275253916E-12	5.344046382466907E-10	6.2454096475492844E-15	1.588345245665871E-7	6.128303936169623E-8	1.3122034290607835E-7	7.22233631499629E-8	3.796658538184775E-6	1.3729351336744942E-8	1.0489912751319791E-8	2.026792047094125E-9	1.0951478138857314E-5	2.1052637920904206E-9	6.659178873731551E-11	1.733726258324173E-11	2.596256368917891E-7
1.2065392627390405E-5	1.8911417534888082E-6	2.52558877934806E-8	1.1096311975193076E-6	2.122684742788872E-10	8.800156967406081E-7	3.2039982399277774E-5	4.668735681048103E-11	1.426561406765104E-5	6.3484327755105585E-6	9.685525500370943E-6	1.0354249267803588E-7	4.41829268216737E-10	3.6882480554644536E-7	8.118250598604038E-9	1.073844001144605E-9	2.6698346083392883E-11	1.6905228328951334E-9	1.976342082445607E-14	5.029255643550638E-7	1.9371265910534288E-7	4.1481882351689193E-7	2.284140039385171E-7	1.1596146360788065E-4	4.336637308432571E-8	3.316757229536492E-8	0.0	3.316757229536492E-8	3.770104870694762E-12	2.445342370352935E-12	5.486355886505944E-11	8.204754520433132E-7
4.000710328282744E-9	1.1826392326151663E-9	2.925273609404584E-10	5.647943633509185E-10	6.268637171377441E-14	1.0885033437155453E-9	3.5090082037487975E-11	1.4088030342390128E-14	3.5755493939348714E-9	2.066825596044453E-9	3.105180396665059E-9	3.464242747278438E-11	2.300409252023854E-12	2.328895698415239E-10	5.0171814429034784E-12	2.9206711311065613E-13	3.754773617101342E-15	8.364324874974336E-13	1.1592784571095707E-15	2.3879266296302576E-11	1.2318492030732107E-10	2.8454788083422853E-10	1.367541233734865E-10	9.576315846922863E-11	1.8208141399369606E-10	1.4221347167254756E-11	0.0	1.4221347167254756E-11	1.4587524140288328E-15	6.363419357910477E-10	3.243440741992874E-12	5.943472932090303E-10
1.0238092345412845E-9	2.932150307757922E-10	4.3117580418390864E-12	1.83006179211823E-10	1.618555191314756E-14	5.031592858262368E-10	1.0376452764714952E-11	1.851930605632652E-15	9.18965357880823E-10	5.285546717845432E-10	7.992448836395784E-10	8.877765681017942E-12	4.3262413736698214E-13	1.1266061830381883E-10	5.78104440336095E-13	1.172254576867513E-13	9.150537658705384E-16	2.270462911079676E-13	1.7069069119008686E-18	6.323299821371936E-12	3.1293750210387976E-11	1.3005964156286795E-10	2.965194839941546E-11	3.9952331931172004E-11	9.014374084081959E-12	3.493713679480382E-12	0.0	3.493713679480382E-12	3.4907335802427844E-16	2.2204671871158373E-16	4.704341330559516E-15	3.1490171007756823E-10
6.3572184834155395E-9	7.584372346691749E-8	4.114662837092417E-11	4.107550484225284E-9	8.753771637076647E-14	9.447159901378587E-9	1.7015748477471687E-10	4.8058488643198944E-14	1.126000272536478E-8	3.3999424271136538E-9	6.524587837952524E-9	5.7694948178626903E-11	6.608672637668653E-12	2.140413900062938E-9	8.816204168219464E-12	2.4927070168800793E-12	1.982074768767234E-14	8.783596425926522E-12	6.632013250887578E-12	1.8611543289598606E-10	1.176528733901843E-9	3.0607795002961543E-9	8.942440197684644E-10	3.3271719071329646E-10	5.904549070957667E-10	7.632673455329912E-11	0.0	7.632673455329912E-11	8.338262903271971E-13	1.6976252744277244E-15	1.855656751495689E-8	2.9852866712164435E-9
2.498562969867434E-4	1.3218747932197099E-5	2.338767662511532E-7	1.7602222078364912E-5	1.7533800618366312E-9	6.430817442695466E-6	2.011892672846239E-6	9.2543654981208E-11	7.796907941056847E-4	1.4770918008379414E-4	2.834112101780257E-4	2.1928602720854344E-6	4.075885488063745E-9	3.991468164085942E-6	5.8231318531512184E-8	8.411575366012657E-9	9.52918845584319E-11	1.202728727096258E-8	1.6065190087097356E-13	5.968677412256034E-7	1.4469525442230537E-6	3.2613441851962475E-6	2.1616540759723828E-6	2.199886340099842E-6	3.204706291871206E-7	1.0017604991373985E-6	0.0	1.0017604991373985E-6	1.4220305105848552E-10	4.9607384144701935E-11	4.4677105238922013E-10	5.826999078468981E-6
