32
NULL,open@__open_nocancel,fstat@_fxstat,mmap@__mmap,read@__read,munmap@munmap,open@__open64,close@__close_nocancel,rt_sigprocmask@sigprocmask,exit_group@_Exit,rt_sigaction@__libc_sigaction,sched_yield@sched_yield,mremap@mremap,time@time,read@__read_nocancel,mprotect@__mprotect,madvise@madvise,lstat@__lxstat64,openat@__openat64_nocancel,write@__write_nocancel,syslog@__syslog,getpid@getpid,writev@__writev,close@close,stat@__xstat,socket@__socket,fcntl@fcntl,connect@__connect,getdents@__getdents64,lseek@llseek,getrlimit@__getrlimit,write@__libc_write
0.969037184959228	0.0020161385885513715	2.06248114950139E-5	0.0014945272103286077	1.3986282716587533E-7	0.0011707623477795043	1.392253734994708E-4	1.1364489042367176E-8	0.03608926981254344	0.008542995420355763	0.016032596173118814	1.3475551336086683E-4	5.34959324210746E-7	3.5782865518815685E-4	1.3002656226828247E-5	7.670301248131303E-7	1.1706974333246826E-8	1.3925287560982128E-6	1.3142473092472621E-11	5.7169932014394157E-5	2.836949125219824E-4	3.4533898375257527E-4	2.125502238202355E-4	1.9151148159889407E-4	4.064853861014534E-5	6.707164951219516E-5	0.0	6.707164951219516E-5	9.233358375720263E-9	3.426230189381E-9	3.6375172744994424E-8	7.739312161034419E-4
4.557459149360281E-4	7.283395933935659E-4	3.743511011315979E-5	4.603417907542714E-4	1.1110526553710964E-8	2.2582213513469584E-4	5.784116929285433E-6	2.0005788537093607E-6	8.661918333528159E-4	2.3234648509243096E-4	4.333991537885983E-4	3.7772861270802737E-6	4.2054165418992157E-8	3.677452137232E-5	3.7226555724353407E-4	1.303299997062481E-7	3.664961865654124E-9	1.9088747720208757E-7	9.057924978507539E-11	3.126406068878384E-5	0.0014774061079337068	4.176606361774135E-5	2.846043376498539E-5	1.0112271970426E-5	6.186184793802097E-6	2.669017616051776E-6	0.0	2.669017616051776E-6	2.920083440661146E-10	1.0173380201693637E-10	1.9485481403558382E-8	8.031668361487538E-5
1.3050660295182513E-5	4.573011267245478E-6	1.6060919261759791E-7	9.164197420110647E-6	1.558275119126656E-10	4.239178436955541E-6	2.4287388062187814E-7	5.571146810790412E-11	1.7697816351191443E-5	7.104254941784205E-6	1.3211453759563687E-5	1.247903967712848E-7	1.1216368649538866E-9	5.335081960114025E-7	5.979915368462671E-9	1.007677991815315E-9	1.455676560384513E-11	3.1365623083699988E-9	5.559699319990477E-14	8.614153502164119E-8	4.860588129540599E-7	6.595635512608403E-7	1.0157944108045264E-6	6.57460273230423E-7	9.269047790517187E-8	1.1874357732210762E-7	4.221313415302984E-8	1.1874357732210762E-7	1.5839953301408545E-8	4.989933082193263E-10	1.5462157226677723E-10	1.604905957045903E-6
2.517448502109153E-4	2.680133298126591E-4	1.4882085328092426E-6	0.0022374814950314207	1.0419384577811582E-8	0.003048457478814103	1.6620116694899807E-5	6.322838314753364E-9	4.2819024025831916E-4	1.2283299859287925E-4	2.3443486810991636E-4	2.0534402301740413E-6	3.199587829573311E-8	1.6792734805000217E-5	3.6225526082560383E-7	6.816163523837468E-4	1.3514612872038272E-9	2.1093370328522692E-7	1.0471210611014996E-12	1.352472614149792E-5	1.5290803806509347E-4	3.063632392749363E-5	1.3242005028582876E-4	1.1743426620141726E-5	5.7547671010690894E-6	8.688371615545145E-6	0.0	8.688371615545145E-6	1.7683762071347745E-10	5.921961685200675E-11	2.8858433606743955E-9	6.5376184941366E-5
2.5407206015541708E-8	6.412508420305208E-8	6.930010184917932E-11	6.0418089651788634E-9	2.4674068777610345E-13	3.419571117108364E-7	3.377390270156874E-10	3.6928274085780705E-13	4.5831123084730914E-8	1.1207893129151186E-8	2.0627049211468743E-8	1.7655817605353907E-10	1.9486908378052562E-12	9.86690542501677E-10	2.7698182060285342E-11	2.0557880989069573E-12	2.4057694238636734E-13	1.6809466690240303E-11	7.858261200428227E-17	4.4037953889879115E-10	5.987744213022794E-9	2.9169211830451783E-9	4.4942140738768934E-9	4.876037755162402E-10	4.1886097161109256E-10	1.6184190781071088E-10	0.0	1.6184190781071088E-10	1.1468741278540336E-14	4.4143153711479594E-15	2.1371118073786744E-13	3.925887901382685E-9
5.184259521847396E-4	2.887523306011089E-4	3.081966806633872E-6	8.268451638316318E-4	1.9470415802608784E-8	8.553272188857366E-4	7.459612882468235E-6	1.776084769425453E-8	0.0010047647738160345	2.834824501678957E-4	5.276492672232461E-4	4.659560072274851E-6	3.1280530147226794E-7	7.339906163049512E-5	2.0411763113567294E-6	0.0012723339003070226	1.6464151579345672E-9	1.5705905315270504E-7	3.4508411447225297E-12	8.60632803517795E-6	8.569506578723183E-5	1.1091563880101225E-4	3.152792315978115E-5	1.4406222581855955E-5	4.212656549884119E-6	3.3682784300337804E-6	0.0	3.3682784300337804E-6	3.6127655051454455E-10	1.2816292742897407E-10	9.617956503879153E-9	2.0012847587941616E-4
9.789129664919284E-5	3.871694465327417E-5	8.478634901009166E-6	1.6398933605829802E-5	1.7529294586028214E-9	1.2520463232927408E-4	3.806533750474151E-6	1.9964489415147432E-6	1.2401450385011035E-4	5.441640146887532E-5	8.668452350366515E-5	9.015802214492784E-7	9.807935287305442E-8	1.2548289016138185E-5	1.1793291400908784E-7	1.3059771876251353E-8	2.6636169281160296E-10	2.0231199644233128E-8	5.145088624104387E-13	3.7489936685661406E-6	3.85142421393336E-6	1.7129248793271796E-5	3.428274644166066E-6	2.903467229720408E-5	1.7890779835149526E-6	3.835263243784487E-7	0.0	3.835263243784487E-7	4.160416291075752E-11	2.2670444002520402E-11	1.433655084714985E-9	3.445869351443534E-5
1.8747952025628688E-7	9.572313768733096E-8	1.2710162632136166E-6	2.7402648727213567E-8	2.319415373041811E-12	8.310296761291E-8	2.4077675700493996E-9	1.6691502726496056E-12	2.4917975630918754E-7	1.0076936193421283E-7	1.8378427149885858E-7	1.7554722904997157E-9	2.8273426719393586E-11	9.972224431180042E-9	5.206244807648744E-10	1.506893817141221E-11	3.3912569797041774E-13	4.685711268777931E-11	5.61369020707519E-14	1.333849561789277E-9	9.456127381755026E-9	1.3551417045152655E-8	7.937634997076743E-9	4.3802754176065975E-9	1.3775297095598949E-9	1.1095609863956962E-9	0.0	1.1095609863956962E-9	1.4013569858779642E-13	5.2295640629870424E-14	1.5705722836009235E-10	3.016099673286254E-8
0.022571260678246385	7.524734942264875E-4	1.600453681653927E-5	0.0010422085289277343	1.3862375986457197E-7	4.0291033113072064E-4	8.582005520481383E-5	7.82033985303456E-9	0.011021126969871313	0.013212818311724404	0.023886225431584838	1.716993053055085E-4	2.758326436022178E-7	2.4314116568494005E-4	3.997817901023896E-6	4.6160918215531526E-7	6.4064672734759066E-9	7.799481908719666E-7	1.199776796223067E-11	5.139807297658521E-5	8.441686765071512E-5	2.2579461847793691E-4	1.3133651951098134E-4	1.2400606104164674E-4	2.1024597007249366E-5	3.969320041624383E-5	0.0	3.969320041624383E-5	5.359682262347919E-9	2.3343628890489185E-9	3.340919934208741E-8	4.0525671689714527E-4
0.02293057543558907	3.995953880312333E-4	6.415863592523196E-6	6.933188981600087E-4	5.2115834572734326E-8	2.0803276036038742E-4	2.5893538580386595E-5	6.478596223250115E-9	0.004068654514047684	9.893683750787864E-4	0.001829249023443608	1.559931349860172E-5	1.2313914878569975E-7	8.276695710206332E-5	2.292886452555562E-6	1.8932256134304184E-7	4.349822623079476E-9	3.860825367435789E-7	4.97205735172353E-12	4.203245808429033E-5	4.641224806107514E-5	1.0613582039248241E-4	6.140444898485827E-5	4.471239526617224E-5	1.077371160771518E-5	9.602920032861504E-6	0.0	9.602920032861504E-6	1.0791829189008866E-9	3.936211845233025E-10	1.3818011156209712E-8	1.9972342729515996E-4
0.021389058998266385	5.278143192770418E-4	9.454493997889759E-6	7.925635687823591E-4	7.83751044871415E-8	2.746928444485326E-4	5.528609386049584E-5	6.609503173997739E-9	0.007124835064071343	0.012551410945057963	0.00985945370063088	2.1531610268034877E-4	1.7117580234526328E-7	1.389615006703204E-4	2.832774914400786E-6	3.003856686758409E-7	5.034875931342748E-9	5.086402223095173E-7	7.148865194722247E-12	4.2945816477334984E-5	6.0274488742073775E-5	1.433775861589591E-4	8.398047129829186E-5	7.522847359109432E-5	1.3967554972246952E-5	2.4903653422254294E-5	0.0	2.4903653422254294E-5	3.3412327016386577E-9	1.2548661866078622E-9	1.988705809655936E-8	2.6236835095617517E-4
2.3215469748732396E-4	5.130339368545692E-6	9.286760157554874E-8	8.087981217096216E-6	7.763282109049383E-10	2.6952747723619463E-6	4.5403518661917845E-7	6.984217949961732E-11	6.295433969134036E-5	1.363148596981882E-4	9.818881147182538E-5	7.37201772796042E-5	1.6939002790274196E-9	1.3110132532528016E-6	2.836267134178235E-8	2.7575409039877383E-9	5.0570383405609236E-11	5.0708720913764975E-9	7.073766204444946E-14	4.547065648670406E-7	5.873634559232897E-7	1.4258015213393096E-6	8.283801854678137E-7	6.923725629358153E-7	1.3944565112434096E-7	1.94048489656333E-7	0.0	1.94048489656333E-7	2.481573997169086E-11	9.955210383907842E-12	1.9677104406153329E-10	2.6256959239203884E-6
1.5347365128544771E-7	1.3258009312672574E-7	3.655584532688438E-10	4.806525194410949E-8	1.391898802374073E-12	2.283598499084348E-8	2.14723634775907E-9	2.689464799046697E-13	2.3128638756249354E-7	6.28751413348225E-8	1.183512040913809E-7	1.0304499828185309E-9	1.325405089641496E-11	1.2723243100392364E-8	1.3406736061625399E-10	2.6128222598076995E-11	2.1800844653368935E-13	1.1914319529841505E-10	3.0163177766056895E-16	2.5835977083620963E-9	1.4924361377178432E-8	2.065004381777959E-8	9.734440492395846E-9	3.3240441796101324E-9	3.0120166762590734E-9	1.0137740253575231E-9	0.0	1.0137740253575231E-9	7.67851723038005E-14	2.825460235675013E-14	7.990317267689653E-13	4.1813305680306476E-7
2.620908045438887E-4	3.4546635609571363E-4	8.788880339222787E-7	2.948307831139012E-4	6.8727951744898515E-9	3.564784454968697E-5	4.017834268750062E-6	3.788510130972844E-10	3.5434117926366927E-4	1.1829929976892365E-4	2.2638193931325996E-4	2.0430113483215183E-6	2.3141261487108467E-8	1.6273583595065626E-5	6.4678142450543906E-6	3.241131506073009E-8	8.374765230783123E-10	1.557150692091607E-7	4.677514948163202E-13	3.2317250600379506E-6	1.7775839998118133E-5	8.047627792070841E-5	1.5311911919185658E-5	6.203563792210622E-6	4.004148367647415E-6	1.9160796371972285E-6	0.0	1.9160796371972285E-6	1.786841543457683E-10	6.197222352740055E-11	1.2551504042483947E-9	3.085824140165557E-5
2.7437425444882125E-5	8.820779520118673E-6	5.9275022262911106E-8	2.040566474628825E-5	4.8313163925239E-10	1.939182033632436E-6	2.699819585140706E-7	4.648851982693801E-11	9.345743449345178E-5	1.8020917580977424E-5	3.454651173816064E-5	2.689040564764663E-7	1.513298108867921E-9	8.420721229498594E-7	1.587530827266125E-6	2.397094206017329E-9	3.602911906935939E-11	2.7856421476957546E-9	7.317875504757227E-11	1.7335922172650537E-4	3.22171777387484E-7	8.237111951511043E-7	3.4872756418943567E-7	4.282803331446432E-7	8.603202116302231E-8	1.2620390374667146E-7	0.0	1.2620390374667146E-7	2.7221007086223217E-11	6.179320697761223E-12	1.5821841739709178E-8	2.2627708351130183E-6
1.0992961309877326E-4	2.639867391032245E-5	9.500453971387E-7	2.998979745984091E-4	1.1019402626502123E-8	9.944297871555137E-4	1.8035636407874406E-6	1.0089554848241164E-10	1.634874065352111E-4	6.180295922777877E-5	1.2392914911170115E-4	1.1166880653632986E-6	1.6634726555080895E-8	9.016878237772499E-6	1.708709578348229E-7	2.8791745992890527E-8	1.3953696665359328E-10	3.975375244507804E-8	1.599070284988264E-13	5.313434339061894E-7	2.7010587223877224E-6	1.2938186739582257E-5	2.696755765676765E-6	3.74027449750449E-6	9.997183212950608E-7	7.9476791192149E-7	0.0	7.9476791192149E-7	1.2571120900621478E-10	3.746951038854713E-11	4.429443180341289E-10	2.295983273640424E-5
6.986186174125987E-9	3.299404691581946E-9	2.0846110343336165E-11	1.0059196458937165E-9	8.96850651431264E-14	1.4439250182754307E-9	6.674169786367706E-11	1.8863193237151542E-13	1.218138064322909E-8	3.6544325467215165E-9	6.2117746813279095E-9	5.818536248079173E-11	4.2298964563387986E-13	2.409983953930189E-10	2.2131351222501862E-11	4.3200722415242437E-13	1.0769211019057096E-14	2.347557568220288E-12	2.879293731928559E-17	6.249136134475394E-11	3.3595704494144866E-10	4.374856227348483E-10	2.849727749980163E-10	1.1021368079446856E-10	5.763196297655831E-11	3.133604454807195E-11	0.0	3.133604454807195E-11	2.970796097690563E-15	1.4035304237364999E-15	7.978276469344758E-14	1.272077651808502E-9
2.0248814432260245E-7	3.320059825549062E-7	1.866332771161537E-9	8.316076871342092E-8	2.441502416378794E-12	4.025797415780937E-7	4.3908303380814465E-9	5.687519858835451E-12	3.264186693641345E-7	9.09919771207555E-8	1.737426185110921E-7	1.511545931885933E-9	2.2507128861532472E-10	5.316887471662613E-8	7.792307488232421E-8	5.4122476623917357E-11	1.0763222349445447E-12	2.4015820271667026E-6	9.005471084908445E-7	3.118927584662414E-9	2.8900929283062535E-8	6.617652511355395E-8	2.2021731050242574E-8	1.7580990794531516E-8	4.8202643400346055E-9	1.427712805347637E-9	0.0	1.427712805347637E-9	1.2024143885930972E-13	4.2868276777767526E-14	2.616037462266587E-12	1.773954705469013E-7
1.8664048960177004E-8	3.3026854051513985E-8	4.631533783372275E-7	7.871382007291767E-9	1.9949404298100615E-13	4.206715138465427E-8	4.140109121295738E-10	7.522737140472383E-13	2.962783677674535E-8	8.14933503065933E-9	1.5658385888017405E-8	1.3540111951801775E-10	2.036196389029286E-11	4.792728685668842E-9	1.6987690464215968E-10	4.92782359638475E-12	1.1128980349444187E-13	1.2993557976410424E-11	3.4028097619414165E-16	3.26716941269252E-10	3.208014763140321E-9	6.173345282933893E-9	2.4270720084801297E-9	1.597988220915487E-9	4.713550602802738E-10	1.3773281846317566E-10	0.0	1.3773281846317566E-10	1.9390429211516237E-11	3.8561679582433985E-15	9.474388041598493E-13	1.7114441005987853E-8
4.486029613956468E-5	4.292419070679164E-4	8.46084487299011E-8	8.136725439005612E-6	3.824061751766315E-10	4.955802113249102E-6	5.527763163972398E-7	1.0004505193562051E-10	1.12487957309213E-4	2.263442925826361E-5	4.319590651730066E-5	3.421337102291914E-7	2.658348830413325E-9	1.4192978997109078E-6	3.379898516881087E-8	3.737795690267139E-9	6.762576984779252E-11	2.48909454282383E-8	6.34996858579121E-14	1.7390380443860695E-4	7.798551006250852E-6	4.3328938889862965E-6	1.2678839644166374E-5	7.499062277316233E-7	6.243088259012793E-7	2.6679583474981417E-7	0.0	2.6679583474981417E-7	2.2838337467988368E-11	8.053789021426776E-12	1.6842563941059038E-10	3.894278595494725E-6
2.2106937716424903E-4	7.475292081548633E-5	9.582049699783175E-7	6.587669199524332E-5	5.644878994095264E-9	3.0237900684492614E-5	2.413672656276685E-6	2.9390313069906278E-9	5.09987798933341E-4	1.2904231663801147E-4	2.4119880448773107E-4	2.0689264498957347E-6	1.2774492284104589E-8	3.105686524816666E-5	4.4020501968892676E-7	9.794434478168933E-8	1.921069147985808E-9	4.521137791936189E-8	5.406385742787115E-13	3.840560460009223E-5	7.1766096284023735E-6	1.4720870211303524E-5	6.645811862910623E-6	3.6083007016059442E-6	1.270322288446751E-6	1.149183638587095E-6	0.0	1.149183638587095E-6	1.500152877643022E-10	5.433078400153194E-11	1.501224553482663E-9	3.277665731832948E-5
1.5071423500343575E-4	1.0379043576140341E-4	5.124997228265446E-7	3.451293648709011E-5	1.6665909091913092E-9	1.4438299702104404E-4	3.533181528722856E-5	5.221419853835187E-10	2.1684865869785481E-4	6.798286914170902E-5	1.3020724324671376E-4	1.160331962592109E-6	1.529876541378035E-8	3.4190882508360293E-4	1.9122394487361787E-7	1.8224616228408234E-8	3.2669695390088743E-10	2.5742711106028355E-7	3.3771160304015527E-13	4.7495021693527026E-6	3.997186572912767E-5	1.664160410766771E-5	2.9567876585539414E-4	1.6570470090615908E-5	7.671190835928375E-6	1.8999561443489856E-5	0.0	1.8999561443489856E-5	9.628189693145236E-11	3.44600283039135E-11	9.120923744355643E-10	2.0341635386890096E-5
1.5850265351893806E-4	1.5716040926587348E-5	2.3001908042740985E-7	1.3464801903388177E-5	1.8181343392974365E-9	7.633336594829233E-6	1.2690842703881925E-4	2.3499953079040927E-10	2.4586176621966383E-4	9.18387398640777E-5	1.8289689882466E-4	1.6504373852923734E-6	4.021990054374928E-9	3.973431102988514E-6	6.974520226637607E-8	1.0928036423728753E-8	1.7255369574136828E-10	1.2808689892859148E-8	1.7138985607631094E-13	1.7555618558561512E-4	1.704150017863824E-6	3.438428111271836E-6	2.0553440108166793E-6	4.854216705455219E-5	3.4029526077929864E-7	6.877172334756645E-5	0.0	6.877172334756645E-5	1.5785076058341403E-10	5.4021318614428275E-11	4.764524433785926E-10	6.490711868780639E-6
1.0585315375093264E-4	1.469396163896249E-5	2.408913723831726E-7	9.794449045589425E-6	2.0996866900001408E-9	8.333965010327584E-6	1.1007009430256976E-4	4.667814345197384E-10	1.3059738959697364E-4	6.14756828276708E-5	9.265688467987032E-5	1.0045465271442563E-6	4.068370234054256E-9	3.419763527345382E-6	8.059774365798848E-8	1.0267869149838444E-8	2.639618039849396E-10	1.2865934420236413E-8	1.9055352467772124E-13	5.01104099670952E-6	1.4791419678687359E-6	3.4524096739955454E-6	1.9766144845344446E-6	3.5763208347694155E-5	3.2815645953819437E-7	9.305374689840115E-5	0.0	9.305374689840115E-5	3.513145470875595E-11	2.3688488944678527E-11	5.303747352618265E-10	7.794319471457283E-6
8.960315653825132E-6	4.0464129824907775E-6	4.687605090202847E-8	5.516411242285627E-6	1.4700672846170489E-10	7.126916296912985E-7	1.2028400734909483E-7	7.782629012585765E-12	1.2292926804187857E-5	4.744570717738041E-6	9.085795570614355E-6	8.403686082089824E-8	4.205462131298061E-10	2.6616901437400317E-6	5.279993770044158E-9	4.924174300177078E-9	1.6853857022517535E-11	2.381609011649078E-9	2.337017978540596E-13	6.38199447277598E-8	4.087521029911186E-7	1.0678516642699138E-6	3.429279278954263E-7	1.5083242141261786E-7	7.638772518953854E-8	5.914336468136638E-8	0.0	5.914336468136638E-8	7.353204611630512E-12	2.639278871319235E-12	6.531031210741244E-10	5.455441322480177E-7
2.415614324825158E-5	3.8503769317750265E-6	5.429757014082483E-8	2.379466623170026E-6	4.615180352943571E-10	1.8997431964063852E-6	6.991749915446584E-5	1.0156615610678608E-10	3.1960695004513236E-5	1.3968148496831425E-5	2.1381099070712863E-5	2.2728863034478288E-7	9.432672720961326E-10	7.971929697277765E-7	1.783431662932716E-8	2.333842610012215E-9	5.7780296538260625E-11	3.40826015216456E-9	4.2732361370429065E-14	1.0925477207690898E-6	3.942976502635162E-7	8.573548587509009E-7	4.788885887590876E-7	2.6234472160377866E-5	8.728589304658095E-8	9.079607597099806E-5	9.072410653485194E-5	4.543395513888403E-5	8.34573843317607E-12	5.3614485616897325E-12	1.187246483704592E-10	1.7681286480191444E-6
7.251414355723286E-6	1.1572664430112813E-6	1.6364594919383032E-8	7.153028316695623E-7	1.3850857134025012E-10	5.721731091799805E-7	2.0975280655823907E-5	3.050169343014139E-11	9.594913158501507E-6	4.192922710430229E-6	6.419223245041381E-6	6.823085665485303E-8	2.846240464160665E-10	2.3988016761890185E-7	5.353777159651974E-9	7.013356504152366E-10	1.7342684483207836E-11	1.0235020218131563E-9	1.2828436743015916E-14	3.277935983915632E-7	1.1850407932506564E-7	2.57650994283844E-7	1.4384861792034422E-7	7.870471330501152E-6	2.6254032074130194E-8	2.162309940872786E-8	4.201612497967822E-9	2.2702683515465765E-5	4.364322847933559E-9	1.380547564770711E-10	3.56414802286284E-11	5.315182023363756E-7
2.2948242539376374E-5	3.6578431743150315E-6	5.158248136240194E-8	2.2604840773499253E-6	4.384403462666976E-10	1.8047486796891434E-6	6.642135343602328E-5	9.648745497894788E-11	3.036253648411738E-5	1.326968697929517E-5	2.031196131727971E-5	2.1592331863540598E-7	8.961002556186083E-10	7.573302340522786E-7	1.6942531733142275E-8	2.2171414415323937E-9	5.489105795284877E-11	3.23783394581522E-9	4.059557781765772E-14	1.0379161037582706E-6	3.7458124080334294E-7	8.144837956428538E-7	4.5494230478943043E-7	2.4039184256900907E-4	8.292126037313458E-8	6.837068563187784E-8	0.0	6.837068563187784E-8	7.928419192024025E-12	5.0933553709966455E-12	1.1278795618189896E-10	1.6797153684083989E-6
7.823924865705104E-9	2.27787784613362E-9	6.055331970696069E-10	1.1373354479108866E-9	1.2915322345183617E-13	2.2337933068727602E-9	7.126906835759169E-11	2.890805337541637E-14	7.625787359516603E-9	4.306570437456999E-9	6.4882413783891066E-9	7.200388391509609E-11	4.744938073475736E-12	4.772947464545486E-10	1.0371903251664866E-11	5.956684828167343E-13	7.591785148657716E-15	1.5657265649015199E-12	2.403204043160199E-15	4.629080131274667E-11	2.3676885629686526E-10	5.615099008985673E-10	2.707236433359252E-10	1.9365792094552066E-10	3.7008196726887566E-10	2.8875960709134535E-11	0.0	2.8875960709134535E-11	3.0445305744092395E-15	1.3191596233648547E-9	6.723772645869359E-12	1.2141119331970264E-9
2.013617907311899E-9	5.597893614064879E-10	8.760742432920352E-12	3.70082214246668E-10	3.331537521615968E-14	1.0373712559329059E-9	2.1077536110058587E-11	3.764460122082616E-15	1.95771314192521E-9	1.1008110978252113E-9	1.668878672666487E-9	1.8443465554804254E-11	8.927744772769966E-13	2.3218252672784384E-10	1.1881810652447657E-12	2.4031997547484834E-13	1.835364275292423E-15	4.240943711423499E-13	3.4644390804076438E-18	1.2213700658529287E-11	5.968191425743638E-11	2.6195775339645633E-10	5.806347172289851E-11	8.108675806403451E-11	1.742352301174607E-11	7.0733902630348124E-12	0.0	7.0733902630348124E-12	7.280142771198221E-16	4.60432117628064E-16	9.562992776176382E-15	6.481093610145325E-10
1.8261470689700506E-8	1.549009079022186E-7	7.997298920680767E-11	8.015087489444564E-9	1.7226441735551835E-13	1.931166815408444E-8	3.275505272035071E-10	9.571245695283838E-14	2.2719817330010854E-8	6.841104790277388E-9	1.3123081859579173E-8	1.1588988306810377E-10	1.3532216271495387E-11	4.3667923016524425E-9	1.7273741766947902E-11	5.006618061880093E-12	3.8298463298159184E-14	1.5989402318798748E-11	1.3749882699484193E-11	3.417351640705309E-10	2.1824392007127632E-9	5.983289315594101E-9	1.6901100342391031E-9	6.415535694912526E-10	1.1608562810929745E-9	1.466728361588563E-10	0.0	1.466728361588563E-10	1.7284095848673845E-12	3.404287609222436E-15	3.8472575770565794E-8	5.9425852143585815E-9
4.630161700670143E-4	2.6550258282924546E-5	4.85697416963678E-7	3.672770137901311E-5	3.6673124384979363E-9	1.362517004846204E-5	4.1851027370993934E-6	1.939475406550292E-10	0.001634103536125439	3.095609670646255E-4	5.934100378675402E-4	4.588110400954862E-6	8.520236715430223E-9	8.339138328221071E-6	1.2601234868047225E-7	1.75826829366878E-8	1.9889583022954282E-10	2.3844516004664995E-8	3.3461689944692265E-13	1.2280864093790115E-6	2.941416442647302E-6	6.608342099891425E-6	4.439275993372576E-6	4.57113951917165E-6	6.371632505602685E-7	2.0830304911426496E-6	0.0	2.0830304911426496E-6	2.9639764081795627E-10	1.0351704121424549E-10	9.310505385960883E-10	1.2242608560414019E-5
