32
NULL,open@__open_nocancel,fstat@_fxstat,mmap@__mmap,read@__read,munmap@munmap,open@__open64,close@__close_nocancel,rt_sigprocmask@sigprocmask,exit_group@_Exit,rt_sigaction@__libc_sigaction,sched_yield@sched_yield,mremap@mremap,time@time,read@__read_nocancel,mprotect@__mprotect,madvise@madvise,lstat@__lxstat64,openat@__openat64_nocancel,write@__write_nocancel,syslog@__syslog,getpid@getpid,writev@__writev,close@close,stat@__xstat,socket@__socket,fcntl@fcntl,connect@__connect,getdents@__getdents64,lseek@llseek,getrlimit@__getrlimit,write@__libc_write
0.8248739241960791	0.007294421310536524	8.236784893029105E-5	0.0056153654291345775	5.957117361768648E-7	0.004509040133946966	5.249211734708629E-4	4.274291880591203E-8	0.1372647220737177	0.032512716125720924	0.060922129356214695	5.128589613412461E-4	2.0971946406674946E-6	0.001452801211851243	5.1954648868294914E-5	2.928721199684692E-6	6.89522110406083E-8	4.9626913809592085E-6	5.006271753983765E-11	2.0791131807439828E-4	0.0010231296385992432	0.0013684820484730503	7.87067366394749E-4	7.314051499226016E-4	1.4597946682498925E-4	2.5221015886509637E-4	0.0	2.5221015886509637E-4	3.502521747817776E-8	1.3012432075694229E-8	1.387571339887728E-7	0.003022632479445702
0.0017880908827359245	0.003371913290504799	1.7036130021644435E-4	0.0021050757658934325	4.2467075106615163E-8	0.001007909321247851	2.6755030214086818E-5	9.141996548333587E-6	0.004020939671305874	0.0010509522304050062	0.0019730145266077495	1.7043963991926387E-5	1.8412378946351193E-7	1.5627500407213563E-4	0.0017006873675724549	5.924228190076112E-7	1.358442615108884E-8	9.278916562047337E-7	4.138982845797584E-10	1.4405457750805615E-4	0.006756027011428206	1.8566944662608322E-4	1.3208304524198715E-4	4.4931321232280705E-5	2.9579012477309292E-5	1.2441060624466823E-5	0.0	1.2441060624466823E-5	1.320244558939793E-9	4.581242354713907E-10	8.895131295871835E-8	3.581690950249716E-4
4.977478143965015E-5	2.236930063326317E-5	7.3370779365632E-7	4.2242387411370304E-5	6.868032000511529E-10	1.9521772435301463E-5	1.1295736048531978E-6	2.5729871308958966E-10	8.438075407318602E-5	3.3038151860121196E-5	6.151686229194135E-5	5.788021021903316E-7	5.201928425007289E-9	2.441364144818805E-6	2.6893674079183414E-8	4.718429844538367E-9	5.485914123206642E-11	1.5729846100563768E-8	2.5586717104083726E-13	4.240036019574489E-7	2.3948915264671663E-6	3.186333792236644E-6	4.742801942405758E-6	3.016448311937559E-6	4.5806551542287395E-7	5.524635398841021E-7	1.9290149964726626E-7	5.524635398841021E-7	7.238440931205853E-8	2.2804362871170777E-9	7.110586834804421E-10	7.467699038735925E-6
8.984924844233011E-4	0.0012857212032756022	6.677614244286018E-6	0.010237320186385072	4.517344621120795E-8	0.013935630860093053	7.667986087047598E-5	2.8990364936528907E-8	0.002023593683897276	5.684252857450862E-4	0.00108885108579742	9.481501219094947E-6	1.4710831998848296E-7	7.448268234593905E-5	1.5530813931019842E-6	0.003114787400283639	5.224956145995467E-9	1.0241637129441145E-6	4.85128727414792E-12	6.309117786391847E-5	7.060581621606412E-4	1.452180686577045E-4	6.097923807681454E-4	5.400016225110484E-5	2.7759768162197174E-5	4.0085876856474664E-5	0.0	4.0085876856474664E-5	8.14985076412488E-10	2.7264808054913736E-10	1.3347136995692137E-8	3.011676649373648E-4
8.05330607159413E-8	3.020332225865052E-7	3.1909193742121744E-10	2.959069080645506E-8	9.80714054670666E-13	1.5634028305508643E-6	1.6458302857475684E-9	1.702164142294983E-12	2.1736929557397682E-7	5.249809369657682E-8	9.698811562035869E-8	8.263748257093215E-10	9.397884399839213E-12	4.5283407065935505E-9	1.209065643678349E-10	9.964110167515299E-12	1.038989212015017E-12	8.586741590844679E-11	3.7150100131813317E-16	2.1973365174511298E-9	2.83936692714532E-8	1.451342672495951E-8	2.110834355932391E-8	2.344409362320124E-9	2.1362619822524152E-9	7.898828739399256E-10	0.0	7.898828739399256E-10	5.385355608148331E-14	2.0653959166607514E-14	1.0076286423333498E-12	1.868260572887786E-8
0.0020729824870070516	0.0013595656748455465	1.3726330060177523E-5	0.0037867435087950495	8.43954425161994E-8	0.0039034067950793074	3.456150812075454E-5	8.121034669303449E-8	0.004713224553915873	0.0013064324186022355	0.0024396460358801623	2.143514236959209E-5	1.4254828102350303E-6	3.2925942078577746E-4	9.148349821871384E-6	0.005814189126130177	5.740350738517271E-9	7.574750300255771E-7	1.578997844030078E-11	4.0314086979325984E-5	3.969345844861906E-4	5.050141545688057E-4	1.4629915318514726E-4	6.518125300122019E-5	2.0202227078273144E-5	1.5681125065524822E-5	0.0	1.5681125065524822E-5	1.6599183863124752E-9	5.880750466251593E-10	4.398897308657916E-8	9.115045920198525E-4
3.874592710587953E-4	1.831518154171522E-4	3.848201957559036E-5	7.626415919025068E-5	7.43838819367496E-9	5.680210683176719E-4	1.7384109396402E-5	9.123178962277972E-6	5.903055857370748E-4	2.5127581427986876E-4	4.0244432994988E-4	4.1569491013601865E-6	4.4484294464431635E-7	5.6378365148912424E-5	5.124379502972564E-7	5.983156784498217E-8	9.923584343713378E-10	9.904813226896936E-8	2.3522474516951083E-12	1.7288064719805217E-5	1.841700780601199E-5	7.796019884814295E-5	1.603857637627269E-5	1.310742363747923E-4	8.333410037878544E-6	1.8073550696456903E-6	0.0	1.8073550696456903E-6	1.9310312725786605E-10	1.0439715241845205E-10	6.551301509508635E-9	1.5647689212712923E-4
7.088260260435011E-7	4.611037770491219E-7	5.787024292410865E-6	1.3096947496491178E-7	1.0144035128628467E-11	3.8208083706106214E-7	1.1313649531591659E-8	7.670195487395066E-12	1.189568270419415E-6	4.6868430582329113E-7	8.564415219834019E-7	8.144413839359154E-9	1.3045934213499523E-10	4.556396407176319E-8	2.3658837586344537E-9	7.06164895808893E-11	1.347997208397788E-12	2.368645004735395E-10	2.5663346225687596E-13	6.585577592357876E-9	4.599470676726335E-8	6.470594845661024E-8	3.786010764029134E-8	2.0266441288003758E-8	6.856161964469979E-9	5.226216830622959E-9	0.0	5.226216830622959E-9	6.481879817582153E-13	2.416769462089571E-13	7.17987961966879E-10	1.3990025603851316E-7
0.09202301568951403	0.003880650098133275	7.524971828388235E-5	0.005034382369957078	6.420998486357442E-7	0.0020253686627997617	4.1610972534412527E-4	3.777552031568851E-8	0.057212463487566055	0.06180388478014686	0.11189201263251375	8.072006319620562E-4	1.3375780019172976E-6	0.001151198972182345	1.9935340553264586E-5	2.2384704821167636E-6	2.6028428549937412E-8	3.89087170856152E-6	5.695622337047613E-11	2.4682420507958264E-4	4.484067329294493E-4	0.0010791002010134383	6.407523646979301E-4	5.948902992551755E-4	1.0506799424185635E-4	1.9308464047308212E-4	0.0	1.9308464047308212E-4	2.602325328540994E-8	1.1225313563513863E-8	1.5851212226222068E-7	0.001974375152260403
0.09389282164264298	0.0022419209093973436	3.296820281226586E-5	0.0034698166597374514	2.618568080794516E-7	0.0011738719719795137	1.4632421878843458E-4	3.186965094531942E-8	0.026044932408300213	0.006247283313625314	0.011607393426275966	9.844807123583553E-5	6.63772927760875E-7	4.43405571484699E-4	1.285057012973756E-5	1.0179232976887777E-6	2.0557148052340393E-8	2.058068245275818E-6	2.5333948902736924E-11	2.0397704199118745E-4	2.7082963923238463E-4	5.483958170028814E-4	3.234420573189611E-4	2.4097521823750705E-4	5.759833074328026E-5	5.743322487046714E-5	0.0	5.743322487046714E-5	6.78082164465855E-9	2.484239858501949E-9	7.03660250182614E-8	0.0010635033318151885
0.08739877404732403	0.0028107361982314216	4.599441501548399E-5	0.0038910424853333273	3.740826249363877E-7	0.0014478361319396498	2.769288750946218E-4	3.222448297207906E-8	0.039277872153016306	0.058837978808167546	0.04786431795758209	0.0010073878033218975	8.669952452962318E-7	6.855166262177525E-4	1.4866930988549625E-5	1.5052255048604995E-6	2.196399281165875E-8	2.612315478148846E-6	3.491703613654504E-11	2.0737861613404093E-4	3.3190791877356433E-4	7.076388577776925E-4	4.228640261605924E-4	3.745577222423873E-4	7.190178298595755E-5	1.2558951669643215E-4	0.0	1.2558951669643215E-4	1.684753878431539E-8	6.319330731022555E-9	9.707489989574109E-8	0.001328369540735033
9.491112891647305E-4	2.773914923844605E-5	4.567860580805349E-7	3.992359551641494E-5	3.742533026828994E-9	1.4464558869450955E-5	2.3459782342112688E-6	3.413980238645038E-10	3.6150584661236374E-4	6.393732304510735E-4	4.799033361679724E-4	3.3714054358871705E-4	8.694206212625788E-9	6.576593115534757E-6	1.515636337748509E-7	1.407769759566165E-8	2.2610375408788973E-10	2.624870746609792E-8	3.482833055444995E-13	2.1983346169870026E-6	3.291622737713409E-6	7.109385997316988E-6	4.212905877146872E-6	3.5102178595343532E-6	7.239034992653656E-7	1.018317019116197E-6	0.0	1.018317019116197E-6	1.3115630354837125E-10	5.205411834183146E-11	9.682349166364016E-10	1.3443451986199656E-5
4.4553159844738175E-7	6.770031107578812E-7	1.7284923215645812E-9	2.3480940641232845E-7	5.730459069666944E-12	1.1108780355724112E-7	1.0581914454806527E-8	1.3428246635942521E-12	1.1087838827218786E-6	2.9664625060011093E-7	5.599213323476343E-7	4.853006558258221E-9	6.49772309974885E-11	5.904820661845116E-8	5.918468553721075E-10	1.2397400126079016E-10	7.241133636240029E-13	6.132307474306248E-10	1.4767835607751973E-15	1.3195696082127678E-8	7.618269631168251E-8	1.0419793752766721E-7	4.938145790663402E-8	1.616342459169303E-8	1.545503492413679E-8	5.005024774978273E-9	0.0	5.005024774978273E-9	3.613246608379002E-13	1.3270412099004416E-13	3.899319579704995E-12	1.9171686064640583E-6
0.0010207440793260191	0.0016345456952405833	3.524329305891925E-6	0.0013558371232683985	2.4296984867884755E-8	1.5401341993372467E-4	1.8740229617194033E-5	1.780105495019832E-9	0.0016650263780565375	5.316868320110984E-4	0.0010286570178419513	9.161108150061464E-6	9.942077266314254E-8	6.44642095237487E-5	2.916681568457377E-5	1.4703366788521913E-7	1.1680176773748065E-9	7.668481246873305E-7	2.1311216183477833E-12	1.6084108064516256E-5	8.865692139369157E-5	3.645314807041137E-4	7.310242664505092E-5	2.746269763309162E-5	1.9599982993442815E-5	9.013823801452232E-6	0.0	9.013823801452232E-6	8.06452306164727E-10	2.7813982710919954E-10	5.6892510360470325E-9	1.3439426358869465E-4
1.1218971264738738E-4	4.101020266623887E-5	2.644427148891961E-7	9.358894260323445E-5	2.1190179165898977E-9	8.845629117403454E-6	1.2528279523129334E-6	2.14180566031361E-10	4.3420738263746846E-4	8.34768884380934E-5	1.601467404670739E-4	1.245690300824594E-6	6.857716702105675E-9	3.736008812209069E-6	7.261982742853189E-6	1.102545324803449E-8	1.2544806724151714E-10	1.3309789553853095E-8	3.344133726621487E-10	7.922197392761553E-4	1.5775946505282707E-6	3.6836232357060743E-6	1.63820233011334E-6	1.9544076798001415E-6	4.076417655186001E-7	5.871789493916386E-7	0.0	5.871789493916386E-7	1.253898946408826E-10	2.8601696844047223E-11	7.232367504621498E-8	1.032465620705405E-5
4.5064398609326496E-4	1.242710252263175E-4	4.259674672962326E-6	0.001371240827766538	4.950854828008889E-8	0.00454280195881732	8.275680879456048E-6	4.6447241465244777E-10	7.706642297799567E-4	2.8430050300496323E-4	5.710169054646585E-4	5.124027480030518E-6	7.488172436577752E-8	3.9914359337236254E-5	7.436518537731917E-7	1.3143172176076455E-7	3.0823029446582015E-10	1.8514807332667838E-7	7.284746209034038E-13	2.5370529464694913E-6	1.2934121632048104E-5	5.808156043723003E-5	1.2492769949881431E-5	1.6854055282871313E-5	4.6482503377939974E-6	3.660865706906383E-6	0.0	3.660865706906383E-6	5.74885026493777E-10	1.7133642687461111E-10	2.0156198370865444E-9	1.0395853046111516E-4
2.6052111890733613E-8	1.6221202781415715E-8	9.412297747201915E-11	4.854400621943778E-9	3.7504030916577486E-13	6.672674963949964E-9	3.195175376413988E-10	8.638659004642634E-13	5.763810867094752E-8	1.6993479383316256E-8	2.902432487731428E-8	2.7032552659351884E-10	1.9724413582994674E-12	1.0790214565787603E-9	1.0020025673527893E-10	2.0451270184318253E-12	3.499455769224402E-14	1.1823673363771032E-11	1.330523599270252E-16	3.0928340093380444E-10	1.6699572069610109E-9	2.1115609293677944E-9	1.3785630711059035E-9	5.155410949541011E-10	2.902724678681908E-10	1.5055922317040036E-10	0.0	1.5055922317040036E-10	1.3907808630365578E-14	6.51987725506E-15	3.6825570175893074E-13	5.883609616315461E-9
7.077901835327317E-7	1.5748476179022461E-6	8.308218908662751E-9	3.9125239219978093E-7	8.082513649119135E-12	1.8392318331727374E-6	2.0577511263619163E-8	2.6066446605947426E-11	1.5405366236198774E-6	4.179172936747903E-7	8.029607343606861E-7	6.925159706530262E-9	1.0281176885976102E-9	2.3972003310574184E-7	3.553558181366107E-7	2.4933705868241484E-10	3.744961346594447E-12	1.0974575451078028E-5	4.115233119228512E-6	1.5497462007828793E-8	1.390162387604683E-7	3.0655071936940024E-7	1.0420432497772408E-7	7.978393042894936E-8	2.3427020450200806E-8	6.8250736820887085E-9	0.0	6.8250736820887085E-9	5.51542790038727E-13	1.960152920124987E-13	1.206747926454519E-11	8.114791048884195E-7
6.013466341853004E-8	1.5757930433934144E-7	2.116463953680695E-6	3.735291112309525E-8	7.363285957811873E-13	1.9258675392866647E-7	1.9573882460874794E-9	3.4475927186069515E-12	1.407019814960844E-7	3.788811781581914E-8	7.308445810658549E-8	6.280379661093775E-10	9.32726028871284E-11	2.1811663086398776E-8	7.673423822900009E-10	2.287454005058755E-11	4.3969396731512334E-13	6.600148861891918E-11	1.5632274243863424E-15	1.6297742249596559E-9	1.5427606054346757E-8	2.897635960149483E-8	1.1519145027405278E-8	7.300259987935319E-9	2.315324138517129E-9	6.645464508205621E-10	0.0	6.645464508205621E-10	8.860919560054704E-11	1.7833602395275064E-14	4.349829457525679E-12	7.861652719380659E-8
1.4572092187343486E-4	0.001977123643761947	4.0210979947918857E-7	4.0546501691640353E-5	1.6444688102263994E-9	2.4239631088124612E-5	2.70133184380295E-6	4.826012276877719E-10	5.289186856913967E-4	1.0626574361525566E-4	2.0301394602304749E-4	1.6075550922859202E-6	1.3157475868891351E-8	6.737821380362686E-6	1.525809141961631E-7	1.8133267257972444E-8	2.5891496106278875E-10	1.283591565854547E-7	3.1238134086549983E-13	7.949871751405938E-4	3.738349725163787E-5	2.1929938262311957E-5	5.907383496081096E-5	3.655116662606106E-6	3.2130550424044065E-6	1.3036564720596207E-6	0.0	1.3036564720596207E-6	1.074012567596471E-10	3.7884921426872035E-11	8.260022220514523E-10	1.9259354850181977E-5
9.755521362201618E-4	3.39586929694247E-4	3.992717377914278E-6	2.9897541094761864E-4	2.1144610316267243E-8	1.2840164636398276E-4	1.093188590934383E-5	1.3403587244821302E-8	0.002366615459636603	5.842544624143971E-4	0.0010991347039708253	9.344070570863586E-6	5.1496587310244013E-8	1.3448097331177845E-4	1.799033389476434E-6	4.445785185854936E-7	7.033724921688531E-9	2.0515679193281142E-7	2.4162656746174165E-12	1.7563837982006701E-4	3.341672305777645E-5	5.90676020750204E-5	2.9731533988243645E-5	1.5367632644269905E-5	5.735212700763491E-6	5.25761042617204E-6	0.0	5.25761042617204E-6	6.78481456613096E-10	2.448439777639849E-10	6.7041589012566745E-9	1.4170598371093454E-4
4.8669714808136056E-4	5.257330105643782E-4	2.3657191414280286E-6	1.6868995403816945E-4	6.983008971465429E-9	6.649114684241885E-4	1.6225072311488482E-4	2.4686159812145753E-9	0.0010372227172019209	3.184499423406284E-4	6.110276460734925E-4	5.420626398620058E-6	7.283761088843537E-8	0.0015628130051950845	8.482380221214383E-7	8.657228347790791E-8	1.2236347673718365E-9	1.2274560785421297E-6	1.6118911377691925E-12	2.2738991784036416E-5	1.8864897971892483E-4	8.2862513186845E-5	0.001356617067021216	7.645009626641955E-5	3.629686961624005E-5	8.721911551117873E-5	0.0	8.721911551117873E-5	4.48105684964712E-10	1.6028010337966437E-10	4.340027240988108E-9	9.737952281259435E-5
6.415811925081048E-4	7.601818019173738E-5	1.0318137063383746E-6	6.306962975014585E-5	7.977773847516556E-9	3.528674103180151E-5	5.800546762583279E-4	1.0852080814921897E-9	0.0011618545087888194	4.254683675406211E-4	8.470691669110249E-4	7.624736295366681E-6	1.8383937709771653E-8	1.7806749848532244E-5	3.112744086921602E-7	5.037839907373881E-8	6.393198984478175E-10	6.212179491771257E-8	7.907887834831515E-13	8.023484578659826E-4	8.39092899750513E-6	1.5637977045917407E-5	9.67875376259414E-6	2.219269996303961E-4	1.6459202731377794E-6	3.143127132515059E-4	0.0	3.143127132515059E-4	7.251589855232673E-10	2.4837032709121836E-10	2.1967544662836385E-9	2.9887442400427602E-5
4.3381163967047825E-4	6.994281304093358E-5	1.0627239843435303E-6	4.567486887888191E-5	9.080346538379429E-9	3.773227774238905E-5	5.030910640112741E-4	2.1389197913318737E-9	6.241553962948632E-4	2.844476751949592E-4	4.3158096397150764E-4	4.643009281617259E-6	1.813956532696493E-8	1.4934578992894292E-5	3.5036883713663716E-7	4.7083350789326675E-8	1.0019352165701117E-9	6.116372562675313E-8	8.719293408420562E-13	2.298085223057396E-5	7.209846580411778E-6	1.5231424746221661E-5	9.187638244797735E-6	1.6343457332983327E-4	1.557136105743077E-6	4.2527416990360053E-4	0.0	4.2527416990360053E-4	1.6496390232361199E-10	1.0950651424733048E-10	2.425456860845288E-9	3.523761746423374E-5
3.649002983954005E-5	1.9236121736859725E-5	2.0441717179417662E-7	2.533242184751411E-5	5.415976937678793E-10	3.082308929288392E-6	5.558263559326666E-7	3.621136806435923E-11	5.800931032159977E-5	2.168796091941045E-5	4.172666708075346E-5	3.833046845816412E-7	1.7919643713531665E-9	1.1976402266078932E-5	1.8233020251409416E-8	2.247668686775908E-8	2.7555868036221123E-11	1.1615911884374351E-8	1.0679360232991138E-12	3.110379064042741E-7	1.975167214639436E-6	4.777964521131356E-6	1.6050349733646513E-6	6.714081398497713E-7	3.662238404910704E-7	2.7461534354783307E-7	0.0	2.7461534354783307E-7	3.3529170814409576E-11	1.2014856353785727E-11	2.9840393434254152E-9	2.3555406677983514E-6
9.800163006051479E-5	1.858955113853623E-5	2.4041180716284887E-7	1.1160771284828226E-5	1.996519434296055E-9	8.65097183003014E-6	3.1954142520395783E-4	4.661146124213042E-10	1.523970747355737E-4	6.46810679301143E-5	9.96407415622499E-5	1.0513949909336358E-6	4.240972100000153E-9	3.501893155944187E-6	7.765608304046905E-8	1.0729289005659852E-8	2.190118648200817E-10	1.6460418556677E-8	1.9613624330534522E-13	5.018507511175444E-6	1.943139614999844E-6	3.8564108414267605E-6	2.249294482917747E-6	1.199161456055748E-4	4.2052678610113066E-7	4.149233212122235E-4	4.145822516112599E-4	2.076318866560138E-4	3.918176212793042E-11	2.480560083243691E-11	5.444920608248728E-10	8.038321749136704E-6
2.9418489545968523E-5	5.58711185176141E-6	7.246547799155647E-8	3.3550052679746806E-6	5.99166607228124E-10	2.605562202593033E-6	9.586257316466639E-5	1.399805105991682E-10	4.5750823480465486E-5	1.9415753234305406E-5	2.9914836332749906E-5	3.156221861905274E-7	1.2797896625118554E-9	1.0538300361987396E-6	2.3311378041329402E-8	3.2242061964774807E-9	6.573020960905042E-11	4.9432007414127555E-9	5.888108206396762E-14	1.5056954156070387E-6	5.839754882875451E-7	1.1589621127615146E-6	6.756447351672834E-7	3.597543205440298E-5	1.264794533086007E-7	1.024708865974881E-7	1.9200122617204817E-8	1.037481881647025E-4	1.994397397276511E-8	6.309609121170516E-10	1.6345840102309532E-10	2.416424556704845E-6
9.310116903888256E-5	1.7660001592189034E-5	2.283902857920898E-7	1.0602689499669338E-5	1.896685730911146E-9	8.218389736996343E-6	3.0356311649580803E-4	4.428070767367103E-10	1.4477663082978042E-4	6.144676405135886E-5	9.465831861794954E-5	9.988211697815985E-7	4.0289070715200385E-9	3.3267849368050917E-6	7.377297815948419E-8	1.0192783005406614E-8	2.080604234393305E-10	1.5637333884647176E-8	1.8632867158787764E-13	4.767562701072813E-6	1.8459751092970676E-6	3.6635753651174126E-6	2.1368210482115627E-6	0.0010985501743255518	3.994988182747959E-7	3.2401480009837117E-7	0.0	3.2401480009837117E-7	3.722252228724384E-11	2.3565224729279604E-11	5.172653491975982E-10	7.63637453268062E-6
3.0291029679632366E-8	1.112872182691482E-8	2.766572204443402E-9	5.38405578241883E-9	5.739698851780242E-13	1.0280853485442208E-8	3.3719333576926217E-10	1.3347385704750138E-13	3.7042835441868356E-8	2.0034636774174072E-8	3.0399234193065895E-8	3.344995961544718E-10	2.172082813613918E-11	2.1786322826030094E-9	4.705116315405235E-11	2.783043844097236E-12	2.7535363899668133E-14	7.82920800760718E-12	1.0985987545880335E-14	2.266254933625818E-10	1.1681165457446204E-9	2.642904694741301E-9	1.2857926746516891E-9	8.907900476421171E-10	1.7069040209783707E-9	1.3788665206102363E-10	0.0	1.3788665206102363E-10	1.4341587781876088E-14	6.028168255976648E-9	3.073672230186568E-11	5.610949727219205E-9
7.813539542628968E-9	2.7500302472196623E-9	3.956718203440298E-11	1.7386653994880694E-9	1.4582966409719507E-13	4.753975765374061E-9	9.912371063798669E-11	1.754282096339784E-14	9.499906619782735E-9	5.113863117903615E-9	7.807464168373562E-9	8.555251578105189E-11	4.0850955165197475E-12	1.0571797412787176E-9	5.227359876567008E-12	1.1124678929210477E-12	5.723060697146097E-15	2.1192262570140383E-12	1.6083291897689704E-17	5.98910633136143E-11	2.9588506755268675E-10	1.21475358640379E-9	2.7820809420520925E-10	3.698133212014468E-10	8.406393675057153E-11	3.385477907601706E-11	0.0	3.385477907601706E-11	3.4281500755585702E-15	2.134991729415691E-15	4.43277978514279E-14	2.9743295127179063E-9
5.1604096882601344E-8	7.173297876968277E-7	3.6871789393596907E-10	3.862332352906477E-8	6.586478750918372E-13	8.932440970439403E-8	1.5958643548170539E-9	4.528295029205647E-13	1.1005385127475048E-7	3.227275044826146E-8	6.213279064552804E-8	5.449857258951366E-10	6.25619447171651E-11	2.004359439355989E-8	7.411152125788865E-11	2.346129989065022E-11	1.2283120620349293E-13	8.222244273509773E-11	6.285010034841463E-11	1.7475690030917245E-9	1.104309173379006E-8	2.863727957166955E-8	8.368954434083205E-9	3.040857213010054E-9	5.527588175901665E-9	7.188700741435013E-10	0.0	7.188700741435013E-10	7.901621623391339E-12	1.5940848339222853E-14	1.758564236549873E-7	2.798569937700289E-8
0.0018789361064423043	1.3150583606030602E-4	2.2312086485441597E-6	1.7291304614351635E-4	1.660012430054408E-8	6.522110188669925E-5	1.950204113732742E-5	9.245505452059554E-10	0.007594237354377024	0.0014383140705279743	0.0027570176266628233	2.133096473156716E-5	4.0043788697990694E-8	3.837095300400225E-5	5.932315799221604E-7	8.244921440071981E-8	7.423025067475154E-10	1.1702256313885143E-7	1.5645039290177322E-12	5.8747427139586694E-6	1.4874955235424016E-5	3.0881549204703773E-5	2.1115437986850527E-5	2.128936669572926E-5	3.1254838677704815E-6	9.703787801972524E-6	0.0	9.703787801972524E-6	1.3760960150478443E-9	4.812364199274531E-10	4.350404918690303E-9	5.790686050139461E-5
