32
NULL,open@__open_nocancel,fstat@_fxstat,mmap@__mmap,read@__read,munmap@munmap,open@__open64,close@__close_nocancel,rt_sigprocmask@sigprocmask,exit_group@_Exit,rt_sigaction@__libc_sigaction,sched_yield@sched_yield,mremap@mremap,time@time,read@__read_nocancel,mprotect@__mprotect,madvise@madvise,lstat@__lxstat64,openat@__openat64_nocancel,write@__write_nocancel,syslog@__syslog,getpid@getpid,writev@__writev,close@close,stat@__xstat,socket@__socket,fcntl@fcntl,connect@__connect,getdents@__getdents64,lseek@llseek,getrlimit@__getrlimit,write@__libc_write
1.0116451020052375	0.0012462409700767564	1.356455512933835E-5	9.739139912536287E-4	9.235497887686063E-8	7.717937404577271E-4	9.156826247018625E-5	7.4263927219674364E-9	0.023737324340548732	0.005639763783026949	0.010589960266995928	8.917201911570757E-5	3.464382180404698E-7	2.3379852794961717E-4	8.72089154420833E-6	5.024790915170699E-7	7.620323678092926E-9	8.286159779016777E-7	8.586990547088058E-12	3.6133390261906966E-5	1.7902074708859179E-4	2.13050574794961E-4	1.3473383235248262E-4	1.261393569968522E-4	2.4582116913085325E-5	4.4136177439744815E-5	0.0	4.4136177439744815E-5	6.132057936167131E-9	2.274995653272482E-9	2.379933224711127E-8	5.006054855276943E-4
2.6282887375035305E-4	4.5063999770351217E-4	2.2256390626093163E-5	2.7800515039948904E-4	6.728860273979357E-9	1.388390470406016E-4	3.626793936554533E-6	1.186253247163751E-6	5.182283678853308E-4	1.3996962346020188E-4	2.61228308976275E-4	2.282249751964043E-6	2.6415013410415898E-8	2.24592320552048E-5	2.2077514657549885E-4	7.878642299815985E-8	2.228271417089934E-9	1.2860349823943333E-7	5.373525318311031E-11	1.887950670273087E-5	8.783745813011223E-4	2.74364342308341E-5	1.8217979997355054E-5	6.367842557346407E-6	4.070133300103949E-6	1.6736411880380177E-6	0.0	1.6736411880380177E-6	1.7706455934218408E-10	6.172825672445425E-11	1.1626121406299731E-8	4.958968538560983E-5
8.103898522055188E-6	2.9171939041546205E-6	9.576810472203421E-8	5.474110070159447E-6	9.315234106002707E-11	2.5376915805943865E-6	1.4618028140517955E-7	3.334931082950244E-11	1.034134906882628E-5	4.20259047522797E-6	7.819163349559959E-6	7.404259883779E-8	6.824047844855257E-10	3.226314697031998E-7	3.5686757808006632E-9	6.1035565803729E-10	8.861492613388598E-12	2.058146813791208E-9	3.329703367630516E-14	5.4908310301118926E-8	3.102874388450677E-7	4.242703152814864E-7	6.16419172779263E-7	3.9526986542358784E-7	6.0224470366095E-8	7.13939774877534E-8	2.5029465041268396E-8	7.13939774877534E-8	9.392022237115802E-9	2.9587795389960164E-10	9.253185818674325E-11	9.717869751337791E-7
1.3636752694402404E-4	1.6910199729299147E-4	9.080406953420707E-7	0.0013287897743576404	6.222256314401046E-9	0.0018085316212797689	9.945328586420445E-6	3.765200926839387E-9	2.540796214069783E-4	7.334340965302162E-5	1.4006696255817073E-4	1.2293755523262335E-6	1.984499876292342E-8	1.0291835180242952E-5	2.187825965930374E-7	4.0415197409124164E-4	8.157936602672337E-10	1.3461358054814107E-7	6.357291096552753E-13	8.20757666782228E-6	9.176227634775868E-5	1.9788375527396554E-5	7.909722388286959E-5	7.173847818446388E-6	3.671475741220589E-6	5.191666012588192E-6	0.0	5.191666012588192E-6	1.0619064604241487E-10	3.557295838785701E-11	1.748975924080888E-9	3.984554153640765E-5
1.2493628519254788E-8	3.951208983739118E-8	4.418182371075138E-11	3.890122176265751E-9	1.5181198093310177E-13	2.029467560891505E-7	2.1528152170412734E-10	2.2140604463255148E-13	2.739974899932834E-8	6.74204514648355E-9	1.2418653653150066E-8	1.0654806694974038E-10	1.2744213639565785E-12	6.312242257099894E-10	1.7059342156260995E-11	1.3174599688593624E-12	1.4440306511110104E-13	1.1340593049000698E-11	4.872013880604851E-17	2.884082469160641E-10	3.7134951529589154E-9	1.9586385994611747E-9	2.7748755719008467E-9	3.1657211556057207E-10	2.842909563336208E-10	1.0289232564945589E-10	0.0	1.0289232564945589E-10	6.971994864409876E-15	2.6785350434057863E-15	1.321357416739623E-13	2.4823785954735687E-9
3.205286756423496E-4	1.7993123926925738E-4	1.8556213647496204E-6	4.920109525990866E-4	1.1589316862947643E-8	5.084087478012143E-4	4.511178132985398E-6	1.0545399587142008E-8	5.894511984326908E-4	1.6751365379052882E-4	3.119189350923474E-4	2.761251991587965E-6	1.8625793401774674E-7	4.3807857851394564E-5	1.214425416325646E-6	7.544064295988674E-4	9.935522976974535E-10	1.0128270509225789E-7	2.058400038059623E-12	5.261627386832292E-6	5.176625986814636E-5	6.716766318907399E-5	1.93228071208066E-5	8.767134009383456E-6	2.714506557918912E-6	2.0361084015917785E-6	0.0	2.0361084015917785E-6	2.1493679608507612E-10	7.624040224982613E-11	5.734040817458413E-9	1.1953968339705093E-4
6.157046970723949E-5	2.446318820500752E-5	5.064070618004135E-6	1.0046646477585555E-5	1.0488122852648744E-9	7.49954309073611E-5	2.286287606958302E-6	1.1837598551075028E-6	7.225515183792044E-5	3.218702011207883E-5	5.1201051387576865E-5	5.346710588442375E-7	5.872330118560897E-8	7.52739552111508E-6	7.112932635476788E-8	7.852222006699833E-9	1.6081495226189334E-10	1.3338889276678161E-8	3.0790931964738843E-13	2.2495220956968206E-6	2.4483215926346597E-6	1.0437951808308608E-5	2.1406954454809237E-6	1.7501388434546725E-5	1.0961880821062816E-6	2.3326247246479324E-7	0.0	2.3326247246479324E-7	2.4683929846225253E-11	1.348085681874806E-11	8.574951034871339E-10	2.0703092609330125E-5
1.1488772244583886E-7	6.022069496621286E-8	7.567654596856345E-7	1.6933991335795517E-8	1.3884942106278157E-12	4.9676485843923185E-8	1.4639418397777268E-9	9.950734482548386E-13	1.4575252912379996E-7	5.96546602169685E-8	1.088321915494547E-7	1.0422242652554909E-9	1.7039234456974185E-11	6.016404067113615E-9	3.099218154033608E-10	9.151788537646884E-12	2.0510685547395035E-13	3.108879713058383E-11	3.328706139061096E-14	8.5514505126401E-10	5.9815714681475975E-9	8.583467001399849E-9	4.954887244803174E-9	2.6770985968004515E-9	9.039629734337669E-10	6.743971546098579E-10	0.0	6.743971546098579E-10	8.347926057381002E-14	3.11523431632116E-14	9.312772806297796E-11	1.8221899368782853E-8
0.014963385009490085	4.4101776017063833E-4	9.293077854735416E-6	5.996135131104202E-4	8.040174215798461E-8	2.2328415299878096E-4	4.910564109205291E-5	4.494819514529003E-9	0.005896323782926324	0.007693107311755114	0.013900181289961218	9.976348693945034E-5	1.575759792418084E-7	1.3973124648007215E-4	2.1634361927615503E-6	2.6357254195571736E-7	3.661438608150637E-9	4.6737572745597653E-7	6.96623422949987E-12	3.0078667650647383E-5	4.833509222122254E-5	1.3319883803947186E-4	7.655880534771607E-5	7.149991083235397E-5	1.254096045096588E-5	2.26725907004061E-5	0.0	2.26725907004061E-5	3.044690338920765E-9	1.3362831945262246E-9	1.9392541328598606E-8	2.3054694545072854E-4
0.015207588191963592	2.100137846295699E-4	3.442064926610763E-6	3.84094945630724E-4	2.8199556951100224E-8	1.0209340120280938E-4	1.2732529723520602E-5	3.6382065989132316E-9	0.0016850283211106568	4.163100328782208E-4	7.652426460833793E-4	6.579202925841974E-6	6.360527504589481E-8	4.242177768682721E-5	1.109944948905303E-6	9.788904669163723E-8	2.370971936416368E-9	2.1366189630432757E-7	2.706633077183268E-12	2.402949820644955E-5	2.333481537989869E-5	5.8210020281108146E-5	3.311702349075526E-5	2.3076067406965423E-5	5.916599576871984E-6	4.426800721706835E-6	0.0	4.426800721706835E-6	4.584945575056265E-10	1.660892270100678E-10	7.520685385237719E-9	1.0438227704279802E-4
0.014180592344694957	2.9677646439062714E-4	5.330376909996931E-6	4.481668371381107E-4	4.42841143221739E-8	1.4527884309593049E-4	3.070939280420594E-5	3.753213503360899E-9	0.0035814764446742303	0.00729296183730427	0.005569495657399843	1.254247022376656E-4	9.403188261432317E-8	7.705227268642781E-5	1.463663938640755E-6	1.664572378573115E-7	2.820382848611032E-9	2.955195136587668E-7	4.0491473703471685E-12	2.482627789372557E-5	3.284633796620635E-5	8.222127538290136E-5	4.7515420569078534E-5	4.196067191908713E-5	8.061966921336916E-6	1.3767072548998509E-5	0.0	1.3767072548998509E-5	1.8344785226939069E-9	6.896498644802326E-10	1.12611462993453E-8	1.4411255858319243E-4
1.538814962809672E-4	2.8320969857187684E-6	5.1848132292833985E-8	4.545008651265906E-6	4.3533614054742713E-10	1.3982397511901575E-6	2.4500952663012107E-7	3.95111700437714E-11	3.0185688792080745E-5	7.914575957708575E-5	5.509529849699305E-5	4.368550004217145E-5	9.184803517853969E-10	7.15979551438398E-7	1.4401356150859525E-8	1.5010318026848303E-9	2.8069579369705766E-11	2.910406586549796E-9	3.9748458758641734E-14	2.618960503644271E-7	3.129653812277145E-7	8.090691434028079E-7	4.633987990276251E-7	3.796228930333868E-7	7.947973289797782E-8	1.0335901565715239E-7	0.0	1.0335901565715239E-7	1.3011494441785385E-11	5.2749384792748186E-12	1.1054418132818779E-10	1.4262395011825301E-6
6.985796285678217E-8	8.899098027925858E-8	2.388454664598459E-10	3.0729833171224376E-8	8.643076923155021E-13	1.491607641223052E-8	1.3837831508973542E-9	1.7713853171118783E-13	1.3953428443843448E-7	3.8130701188853275E-8	7.183136345775134E-8	6.265737136335258E-10	8.721804368994529E-12	7.877845689665994E-9	8.403002717525224E-11	1.6210357207891417E-11	1.4117019974856727E-13	8.054869074987748E-11	1.942911460306506E-16	1.7286093278740706E-9	9.99536498363483E-9	1.3893750965676434E-8	6.4982375687826646E-9	2.171524544110525E-9	2.0452565072814163E-9	6.521927167480331E-10	0.0	6.521927167480331E-10	4.692615285192872E-14	1.7245236288895084E-14	5.131692206788611E-13	2.490456109806341E-7
1.3543577243391907E-4	2.1725570641107302E-4	5.513975833370585E-7	1.7743986970248182E-4	4.1529620675686945E-9	2.2783979503372067E-5	2.516626001035532E-6	2.4532063580888237E-10	2.1155390886091308E-4	7.104859295904309E-5	1.3601133161730692E-4	1.2296966762594617E-6	1.4803658518221236E-8	1.0099422285131789E-5	3.852524633239126E-6	2.0086918165815825E-8	5.223837268884138E-10	1.0417173142897313E-7	2.961170852368295E-13	2.148974566078462E-6	1.1888367042425049E-5	4.973648402881554E-5	9.94549392780619E-6	3.934011008783353E-6	2.6851000543065174E-6	1.197761558461114E-6	0.0	1.197761558461114E-6	1.0779040277168015E-10	3.738611572496432E-11	7.922133676771889E-10	1.9675980204519254E-5
1.798046452718614E-5	5.328245993003184E-6	3.542321923462015E-8	1.2096959539108023E-5	2.8593392973594275E-10	1.1528753529304108E-6	1.6045989744512796E-7	2.7626707079705103E-11	5.483458007594308E-5	1.0580279809255973E-5	2.0300461855480722E-5	1.5816639667891022E-7	9.028401678237265E-10	5.000497510079457E-7	9.404858173998853E-7	1.4212166239518347E-9	2.1545972304457047E-11	1.7555484140019645E-9	4.33896262432181E-11	1.0279166060871772E-4	2.0086664899807212E-7	5.056592167066266E-7	2.1336096581133732E-7	2.562681858377425E-7	5.376376995264165E-8	7.498074623852141E-8	0.0	7.498074623852141E-8	1.6098484524776856E-11	3.645598037754274E-12	9.380355183470677E-9	1.3439212166666923E-6
7.080393616782434E-5	1.6629467189840653E-5	5.688482326158953E-7	1.780040347864868E-4	6.540532611212601E-9	5.897776943201311E-4	1.082933258854831E-6	6.135155291267356E-11	9.546150307585068E-5	3.6524789457741134E-5	7.333222428665061E-5	6.621738063161688E-7	9.973400557982724E-9	5.384725678151811E-6	1.0167349939059452E-7	1.7135677500829838E-8	8.521339142811005E-11	2.450923894506234E-8	9.630074977347837E-14	3.328139612225354E-7	1.7047503375413948E-6	7.840949315372584E-6	1.6690756936857164E-6	2.2588501752047087E-6	6.188562352106953E-7	4.771415747119579E-7	0.0	4.771415747119579E-7	7.484599795393476E-11	2.2306100491475154E-11	2.664375542633431E-10	1.3711557724376612E-5
4.113411346151337E-9	2.1318738957216924E-9	1.276234952153788E-11	6.319707825435678E-10	5.3860804217499936E-14	8.776993607147114E-10	4.122626015019304E-11	1.1212725172265621E-13	7.1556374922025794E-9	2.1631773370645582E-9	3.6751719709592732E-9	3.452862766379898E-11	2.649691688590625E-13	1.4829643579056237E-10	1.3167243499320797E-11	2.6709459881147263E-13	6.61486017633321E-15	1.5604411614613023E-12	1.7324331518340688E-17	4.03349544958488E-11	2.1838054879203837E-10	2.875682045144478E-10	1.8132252984388713E-10	6.86920077868474E-11	3.8575938350015394E-11	1.933301053292523E-11	0.0	1.933301053292523E-11	1.7677344597670094E-15	8.356033651330781E-16	4.794618375776172E-14	7.721286943719929E-10
1.0243823588783205E-7	2.077317565208617E-7	1.1400186775996849E-9	5.161404687658402E-8	1.5009822632528824E-12	2.4021788561332096E-7	2.7251596709373736E-9	3.390906488582904E-12	1.953388202267899E-7	5.478158562924813E-8	1.0464790245905975E-7	9.123756045839811E-10	1.3438987549198922E-10	3.187579907782358E-8	4.6330218704671255E-8	3.2839011094736386E-11	6.556061574676734E-13	1.423981893021638E-6	5.339620670893299E-7	2.0497408813933942E-9	1.832594410434612E-8	4.0915276559079155E-8	1.3835555790416044E-8	1.0754578209268617E-8	3.1285797151238852E-9	8.992183730894135E-10	0.0	8.992183730894135E-10	7.284292524569741E-14	2.5959590843757248E-14	1.5926077432051702E-12	1.0635267458918365E-7
9.075318262284266E-9	2.0701893202084655E-8	2.7462114876726525E-7	4.905425893489421E-9	1.2302034699477732E-13	2.509606654947809E-8	2.5795774823207475E-10	4.4796290136774986E-13	1.7790756798083524E-8	4.921141256784441E-9	9.460084522927439E-9	8.197116689990226E-11	1.2168544012547281E-11	2.876765206319057E-9	1.0154059102275935E-10	2.9987470644941235E-12	6.749053432677593E-14	8.74691522889991E-12	2.0340999505559607E-16	2.1450141343045462E-10	2.0255087673481802E-9	3.83287013973995E-9	1.5199605960419883E-9	9.797528699912766E-10	3.0736947077952794E-10	8.712010700105432E-11	0.0	8.712010700105432E-11	1.1497340775425088E-11	2.3418460661668983E-15	5.659728666998097E-13	1.0267589403766068E-8
2.3257293880914962E-5	2.5656557225705787E-4	5.446471559100702E-8	5.2601181231366845E-6	2.3339368416499383E-10	3.2024490709644507E-6	3.4914601743730403E-7	6.276070201271376E-11	6.680959339599528E-5	1.3511185925023398E-5	2.5803613967660912E-5	2.048972974479851E-7	1.7450699160420557E-9	9.057732477282776E-7	2.079247150637014E-8	2.354654138992856E-9	4.2361368946335725E-11	1.67476354393477E-8	4.065955645452277E-14	1.0315208917986277E-4	4.850544284242605E-6	2.899327267457251E-6	7.657982405483867E-6	4.835454423218783E-7	4.2224122875613446E-7	1.680761376393533E-7	0.0	1.680761376393533E-7	1.3769157070784434E-11	4.8522971239378365E-12	1.0751560118851223E-10	2.5276312561116606E-6
1.3940949285570466E-4	4.688613621076663E-5	5.771103825611678E-7	3.953576214364014E-5	3.3742914244390516E-9	1.8247689348526588E-5	1.4555233028250168E-6	1.7464368935634757E-9	2.9901364341568113E-4	7.61128198213276E-5	1.4230394006118272E-4	1.223636311526717E-6	7.802908488952001E-9	1.8518434600470935E-5	2.6204644096537615E-7	5.8227621371192375E-8	1.1499071752099737E-9	2.927348800039869E-8	3.242027503436654E-13	2.281779549147108E-5	4.525944314856448E-6	9.176572187181213E-6	4.124438617182629E-6	2.1977819510365323E-6	8.180801728019089E-7	6.922955102777349E-7	0.0	6.922955102777349E-7	8.907296665566659E-11	3.2254775292141945E-11	8.993785107817342E-10	1.9698659077817777E-5
7.692371836941706E-5	6.907818872657594E-5	3.2090337521302453E-7	2.2092341695655763E-5	1.0165984539703798E-9	8.650979232239324E-5	2.09855124282242E-5	3.2249217350893504E-10	1.2952369012049484E-4	4.081082618283328E-5	7.821235679126765E-5	6.98121861266339E-7	9.706046340238682E-9	2.0296952789712803E-4	1.1739281212828007E-7	1.1320229273494607E-8	2.0281606862627515E-10	1.5956096244241646E-7	2.1145435185516935E-13	2.9547246739956634E-6	2.4499694598074994E-5	1.1061039725240175E-5	1.7546744623384713E-4	9.960624916030745E-6	4.750400828492576E-6	1.1278791571518149E-5	0.0	1.1278791571518149E-5	5.811050765283117E-11	2.0786487619359427E-11	5.694336095792442E-10	1.2867990751323244E-5
1.0472684120881726E-4	9.861721797604646E-6	1.379002721733029E-7	8.053415337402451E-6	1.0796940318106185E-9	4.5414161278365086E-6	7.525322886539231E-5	1.397815915494798E-10	1.4311525620393502E-4	5.413703537507771E-5	1.0796171826915237E-4	9.76361833189355E-7	2.4135448947668574E-9	2.368327266562803E-6	4.078951819009093E-8	6.503487817234079E-9	1.031944304116068E-10	8.155341418754989E-9	1.0232367659478121E-13	1.0410221117169305E-4	1.063674728533783E-6	2.1329681977375746E-6	1.2568273576194094E-6	2.8790045469935194E-5	2.162977729309607E-7	4.078090567747231E-5	0.0	4.078090567747231E-5	9.386290121846204E-11	3.209738461881595E-11	2.8424897438453064E-10	3.871539242144483E-6
6.907627034198416E-5	9.225054115258313E-6	1.4457697314466353E-7	5.872057148915691E-6	1.2489937455517467E-9	4.968374914900118E-6	6.52625295181069E-5	2.7724864293826174E-10	7.516079863095433E-5	3.6130744921195706E-5	5.425037690162116E-5	5.917834129401345E-7	2.449865453872212E-9	2.0413122946300584E-6	4.7402020190543644E-8	6.098279729134003E-9	1.575893061429056E-10	8.162204202727047E-9	1.1372372658941283E-13	2.980269913339375E-6	9.28090664531136E-7	2.1391923982416966E-6	1.208583920705596E-6	2.1211696339267776E-5	2.085338898616931E-7	5.5174372409193135E-5	0.0	5.5174372409193135E-5	2.0478125573693944E-11	1.3968348873507093E-11	3.1633849304121E-10	4.657283717407479E-6
5.421980724626827E-6	2.5786257692894027E-6	2.8308454734623026E-8	3.306893287316395E-6	8.830654992350708E-11	4.446049631756587E-7	7.326159762431468E-8	4.896770119623702E-12	7.2069673225166465E-6	2.811185843636576E-6	5.387957231525944E-6	4.9939726168539156E-8	2.643322209488841E-10	1.5845331473684978E-6	3.194611995164617E-9	2.931556432118919E-9	1.0404614503239854E-11	1.5838984383450324E-9	1.3881749122540034E-13	4.1162044600284477E-8	2.617039400298932E-7	6.616254382296535E-7	2.1604981046323565E-7	9.312107993646582E-8	4.9803437851310116E-8	3.596801002913681E-8	0.0	3.596801002913681E-8	4.388477405437567E-12	1.5739379978286979E-12	3.878745511739689E-10	3.4209447178347645E-7
1.561098830794541E-5	2.4468819800658705E-6	3.267770732597226E-8	1.4357128844096323E-6	2.74646733218647E-10	1.1386214420771343E-6	4.145540937361802E-5	6.04071333445643E-11	1.8457777653268918E-5	8.214014486962294E-6	1.2531761709879883E-5	1.3396999936022381E-7	5.716673922886982E-10	4.772094787860318E-7	1.0503919689117435E-8	1.3894090863126405E-9	3.454405351079509E-11	2.187308195734089E-9	2.5571196971674464E-14	6.50717746813338E-7	2.5063801484001837E-7	5.367195253254261E-7	2.955368677153791E-7	1.5555489952180067E-5	5.6110228990022773E-8	5.383602634771434E-5	5.379311198932624E-5	2.693943029187049E-5	4.878006449830185E-12	3.16394271876752E-12	7.098603438982845E-11	1.0615844079310917E-6
4.686127853483619E-6	7.354182060184073E-7	9.848228262168226E-9	4.3159675066850147E-7	8.242593852136896E-11	3.4293031036602816E-7	1.2436642055898752E-5	1.8141147449571743E-11	5.541264304889367E-6	2.4656726235490246E-6	3.7624307248534385E-6	4.0217308089020384E-8	1.7248183254471452E-10	1.4359357938313602E-7	3.1532682767244876E-9	4.175291949646835E-10	1.0368447692499597E-11	6.568723678448898E-10	7.676649358445997E-15	1.9523410311309646E-7	7.532706921541814E-8	1.6129167148872108E-7	8.8774550538496E-8	4.6667261198521144E-6	1.6875661018082317E-8	1.2893851090163903E-8	2.4912652245531938E-9	1.3461191879012115E-5	2.5877200777778068E-9	8.185240698961689E-11	2.1310385258567953E-11	3.1912317867949036E-7
1.4830378437834022E-5	2.324528405329993E-6	3.1043695412819885E-8	1.3639216802841485E-6	2.6091333296779896E-10	1.0816859605769974E-6	3.9382478365778904E-5	5.7386542746216235E-11	1.753481729148774E-5	7.803281953231724E-6	1.1905125094205955E-5	1.2727098058341902E-7	5.430818088497386E-10	4.5334715681750583E-7	9.978683027450782E-9	1.3199332514069106E-9	3.281671706083706E-11	2.0779343154335998E-9	2.4292538096727247E-14	6.181793395197651E-7	2.3810514348365056E-7	5.098814705728457E-7	2.807588798410937E-7	1.4253596568468652E-4	5.330450024948371E-8	4.0768474279719386E-8	0.0	4.0768474279719386E-8	4.634087236895639E-12	3.0057333302254803E-12	6.743645777163556E-11	1.0085010764699056E-6
4.917539778514197E-9	1.4536607234228076E-9	3.5956488115597966E-10	6.942264049521705E-10	7.705199856484769E-14	1.3379520266503576E-9	4.3131559171078934E-11	1.731653729585453E-14	4.394946130044946E-9	2.5404731284713046E-9	3.816784237567471E-9	4.2581317101964145E-11	2.8275863722793194E-12	2.8626009626353965E-10	6.166952190235514E-12	3.5899915986518146E-13	4.615242571020396E-15	1.0281149325489274E-12	1.4249464368638459E-15	2.9351598155871885E-11	1.5141479787774882E-10	3.4975677019207214E-10	1.6809360997991049E-10	1.1770888228509342E-10	2.2380840470058443E-10	1.7480405893083968E-11	0.0	1.7480405893083968E-11	1.7930498422437735E-15	7.821702960764957E-10	3.986729245366236E-12	7.305518812360987E-10
1.2584321841236601E-9	3.6041014199524417E-10	5.299869259760542E-12	2.24945095281199E-10	1.9894740893243873E-14	6.184666221614164E-10	1.2754389856628795E-11	2.276331369423468E-15	1.1295615857285107E-9	6.496817840685014E-10	9.824051694736485E-10	1.0912253649584542E-11	5.317671688469155E-13	1.3847867666511055E-10	7.105867079131158E-13	1.440896250732985E-13	1.1247535872158688E-15	2.7907773282020975E-13	2.0980730792114842E-18	7.772389363769664E-12	3.8465234633601847E-11	1.5986497608769193E-10	3.644718657428148E-11	4.9108074665398953E-11	1.1080168145017396E-11	4.2943563976946345E-12	0.0	4.2943563976946345E-12	4.2906933590484215E-16	2.72932425082988E-16	5.782419552146069E-15	3.8706668530367755E-10
7.814081052531593E-9	9.322457676141937E-8	5.057606403926095E-11	5.048864136860244E-9	1.0759844303906714E-13	1.1612134045444532E-8	2.09151908368923E-10	5.907189229059872E-14	1.3840420016594214E-8	4.179095899993867E-9	8.019805884149983E-9	7.091670713622895E-11	8.123160117134396E-12	2.630925418827362E-9	1.0836584290103085E-11	3.0639523749150967E-12	2.436300236609727E-14	1.0796503940201342E-11	8.15184962088264E-12	2.2876688626798302E-10	1.4461499020876825E-9	3.762208135780693E-9	1.0991749409654047E-9	4.089648802517604E-10	7.257674899718796E-10	9.381827788843014E-11	0.0	9.381827788843014E-11	1.0249114818605128E-12	2.0866643998174133E-15	2.2809114237134503E-8	3.6694148667035476E-9
3.071150317128716E-4	1.6248044333325582E-5	2.8747352518370895E-7	2.1636064637990182E-5	2.1551963260075252E-9	7.904546439979844E-6	2.4729514103735013E-6	1.1375157591440139E-10	9.583699344215709E-4	1.8155920051966354E-4	3.483596125104895E-4	2.6953907511050084E-6	5.009942579078351E-9	4.906179618355634E-6	7.157599569498356E-8	1.0339228054057217E-8	1.171296081030724E-10	1.4783540603891487E-8	1.9746796148723823E-13	7.336499319231372E-7	1.7785458356075021E-6	4.008735560970383E-6	2.657033135049384E-6	2.704026959706055E-6	3.9391181504250203E-7	1.2313306135230527E-6	0.0	1.2313306135230527E-6	1.7479125025938852E-10	6.097574301119616E-11	5.491560852284158E-10	7.162353033951451E-6
