32
NULL,open@__open_nocancel,fstat@_fxstat,mmap@__mmap,read@__read,munmap@munmap,open@__open64,close@__close_nocancel,rt_sigprocmask@sigprocmask,exit_group@_Exit,rt_sigaction@__libc_sigaction,sched_yield@sched_yield,mremap@mremap,time@time,read@__read_nocancel,mprotect@__mprotect,madvise@madvise,lstat@__lxstat64,openat@__openat64_nocancel,write@__write_nocancel,syslog@__syslog,getpid@getpid,writev@__writev,close@close,stat@__xstat,socket@__socket,fcntl@fcntl,connect@__connect,getdents@__getdents64,lseek@llseek,getrlimit@__getrlimit,write@__libc_write
0.9751503862510085	0.004380610117559966	4.839334248025461E-5	0.0033485684380591724	3.269227123070267E-7	0.0027026996952964413	3.126606931464945E-4	2.5938795405436525E-8	0.08000279827245475	0.01912134944677613	0.035859919043223096	3.0208271578744387E-4	1.2265808844549847E-6	8.224858074983962E-4	3.0241593772151196E-5	1.7237357765247217E-6	3.11904539020405E-8	2.948590772278475E-6	2.973171401727288E-11	1.2471235923736392E-4	6.21653202527682E-4	7.731568193677198E-4	4.755412213534642E-4	4.3622207222065095E-4	1.3253184858281908E-4	1.5039710223619136E-4	0.0	1.5039710223619136E-4	2.0780092842977477E-8	7.712457377525283E-9	8.23806073646522E-8	0.0017470952241028753
0.001081105415582268	0.0015983776971801114	7.939799994883425E-5	9.908054522332838E-4	2.1293218672516027E-8	4.8713536188193786E-4	1.2676719713085909E-5	4.2504912494189045E-6	0.001854955579110585	4.956544019953589E-4	9.286678172058123E-4	8.062575892169659E-6	8.675736499520126E-8	7.49673090371503E-5	7.90994881011771E-4	2.78887796381146E-7	6.941816474925153E-9	4.450699435669379E-7	1.9246688975681186E-10	6.744698164594973E-5	0.003146316370311128	9.049399634619953E-5	6.338586161756299E-5	2.1558700940832187E-5	9.612233671781437E-6	5.8915503030150826E-6	0.0	5.8915503030150826E-6	6.279690599895988E-10	2.182153015111542E-10	4.1447474407228374E-8	1.692410349323047E-4
2.918760556181743E-5	1.0252219133520414E-5	3.4015470203794824E-7	1.9558041485858505E-5	3.2340482116026257E-10	8.975265195494418E-6	5.229017119749538E-7	1.1838867800913054E-10	3.7524181541516536E-5	1.5191468707313205E-5	2.8268376645312765E-5	2.670745907699594E-7	2.3668973998149748E-9	1.1241316707493204E-6	1.229363259809572E-8	2.164380966003356E-9	2.704379857152671E-11	7.203675393319343E-9	1.1869903938049876E-13	1.941516117221237E-7	1.0932704257813893E-6	1.4615880710147487E-6	2.19147232257813E-6	1.407270599558407E-6	1.2920956218956682E-7	2.5589409768293623E-7	8.968526223261676E-8	2.5589409768293623E-7	3.3653508605292715E-8	1.0602332114506767E-9	3.2990624318399463E-10	3.4103058993255653E-6
5.57433651789566E-4	5.93249872341792E-4	3.0376882182942224E-6	0.004756557894805308	2.135191709459645E-8	0.0064727188580675455	3.553645683325876E-5	1.3414956030986616E-8	9.065055410913939E-4	2.6001349024784787E-4	4.97835697084843E-4	4.350485377813144E-6	6.603241309681646E-8	3.4436874188714805E-5	7.352092223872758E-7	0.001448150129537078	2.5733403281307887E-9	4.7240717107821596E-7	2.2195266825163075E-12	2.922905507634067E-5	3.276880026277785E-4	6.703209517106106E-5	2.8317673192296186E-4	2.495467380466905E-5	7.790999788862295E-6	1.8592089549127466E-5	0.0	1.8592089549127466E-5	3.7721776021713007E-10	1.260151393360278E-10	6.106572832770478E-9	1.3788576646229337E-4
4.955479595746605E-8	1.4078361308146874E-7	1.422108292489963E-10	1.3613527217970127E-8	4.798632512962285E-13	7.265883335790306E-7	7.546191070827155E-10	7.875904241168097E-13	9.812848498442553E-8	2.403119973861551E-8	4.433058468345544E-8	3.788681051206502E-10	4.191011003429023E-12	2.089483718697078E-9	5.793018870383328E-11	4.574474403912648E-12	4.93351785585413E-13	3.995210362186178E-11	1.7033388489504377E-16	1.0212168762833773E-9	1.3229786340467568E-8	6.753860577815436E-9	9.843362668184192E-9	1.0761412784167716E-9	5.941289491992435E-10	3.6270962067513804E-10	0.0	3.6270962067513804E-10	2.4802327615452027E-14	9.516698542831782E-15	4.617970452892325E-13	8.544500973411978E-9
0.0012110153899345152	6.326623535674255E-4	6.42852829507426E-6	0.0017590883194175287	3.99268359467914E-8	0.0018141387320061001	1.5997087550449227E-5	3.772655386951325E-8	0.002121852212503205	6.004440994157517E-4	0.0011198186662550618	9.878455904375032E-6	6.624726592986404E-7	1.5373703317134586E-4	4.2692909750021946E-6	0.0027031775052536932	2.944862306115857E-9	3.5225946223522593E-7	7.327387558376494E-12	1.870467068741882E-5	1.844842381837423E-4	2.3585072270252056E-4	6.789082355672903E-5	3.06918456369267E-5	6.015862805647729E-6	7.244796502116218E-6	0.0	7.244796502116218E-6	7.699539001810259E-10	2.7279711124820906E-10	2.041360855677044E-8	4.231212776487088E-4
2.270852467178917E-4	8.613752642613164E-5	1.813789436384708E-5	3.5552778395319346E-5	3.565634769209864E-9	2.682434040710136E-4	8.188244535772057E-6	4.241626297783618E-6	2.618867392252304E-4	1.1599623429008387E-4	1.8479048330098628E-4	1.9229454970575343E-6	2.1018322902807118E-7	2.6607329330658282E-5	2.4612175340043736E-7	2.7911671721886003E-8	4.982981564897175E-10	4.637589792647E-8	1.097828585822829E-12	8.04263742476112E-6	8.64825267958573E-6	3.682986169905752E-5	7.48783150147966E-6	6.279657944465185E-5	3.3154695024131547E-6	8.312930736499784E-7	0.0	8.312930736499784E-7	8.889517477234915E-11	4.847381483069141E-11	3.0576110193215735E-9	7.362266104681113E-5
4.1573596657954346E-7	2.1237767455310294E-7	2.7132689952509227E-6	5.967223618309742E-8	4.7886523435193836E-12	1.759963068625176E-7	5.210982565164231E-9	3.5475727083174763E-12	5.280885061629102E-7	2.15314170342422E-7	3.929582428152042E-7	3.753985195135608E-9	5.972103329488044E-11	2.0998283800132767E-8	1.1023433668096207E-9	3.236183505505644E-11	6.546911730745028E-13	1.0841861319317077E-10	1.193168068691684E-13	3.016826535276732E-9	2.1107354643709248E-8	2.975451543307478E-8	1.7376362130830094E-8	9.422991063641724E-9	1.9322526762490843E-9	2.407371745839404E-9	0.0	2.407371745839404E-9	3.0060589865353936E-13	1.1213543964240977E-13	3.338154361907462E-10	6.404111763545003E-8
0.05169928209132765	0.0016010525820766923	3.3300179468922054E-5	0.0021859545756009544	2.8812670423996214E-7	8.114826172528813E-4	1.8019700576850218E-4	1.6285258167039976E-8	0.022268012338537337	0.02790913087945259	0.05042021811013409	3.622287273684441E-4	5.655067594870014E-7	5.024071162819785E-4	7.914587705457355E-6	9.63438744424613E-7	1.1534418163961809E-8	1.6823334205335372E-6	2.5272089579551024E-11	1.0924761363948194E-4	1.7828124414967665E-4	4.727903607978037E-4	2.767458260759367E-4	2.6041643847501207E-4	3.3364034424807014E-5	8.338223118005597E-5	0.0	8.338223118005597E-5	1.123041465078282E-8	4.908001202007921E-9	7.035355238091609E-8	8.33680402074377E-4
0.052104395286311396	7.967500932631504E-4	1.2705976991765158E-5	0.0014163927771425624	1.034834453710205E-7	3.9243602940031765E-4	4.962803395887484E-5	1.3308191771479314E-8	0.007122150125253919	0.0017509940136889491	0.003229400715404401	2.7632343675212572E-5	2.3807850596878692E-7	1.5904609215539373E-4	4.288153474063435E-6	3.7137734147884765E-7	8.153675112675175E-9	7.924760693676947E-7	1.0037516428323444E-11	8.760512376348152E-5	9.0753401075364E-5	2.1304788664823463E-4	1.2338344251612527E-4	8.765270971426679E-5	1.795708196787684E-5	1.782898216433885E-5	0.0	1.782898216433885E-5	1.9231302975596388E-9	6.988173761551688E-10	2.788896750742362E-8	3.908572645628842E-4
0.04878895320217721	0.0010961975365390735	1.930336938622765E-5	0.0016433748876941545	1.5996805770377396E-7	5.397048850779367E-4	1.140083420948704E-4	1.3674955961782541E-8	0.013885189579075355	0.026423580680516076	0.02048690809511787	4.536065347057211E-4	3.4282068317867216E-7	2.8057713647233816E-4	5.476538288044922E-6	6.155624705015606E-7	9.261161860383187E-9	1.0768441696802725E-6	1.482095090190065E-11	9.040460098390217E-5	1.2367082281830027E-4	2.95200384283358E-4	1.7385787384327874E-4	1.5479509104639208E-4	2.2631619991474657E-5	5.130533703198317E-5	0.0	5.130533703198317E-5	6.860947078408308E-9	2.577157617594576E-9	4.1218328143322505E-8	5.285976262411423E-4
5.289551965307722E-4	1.0537913224220262E-5	1.8860809194407317E-7	1.669984405324298E-5	1.5785649282009519E-9	5.240267807482414E-6	9.204950934989282E-7	1.4418873229031076E-10	1.1948246254327291E-4	2.8671722225039455E-4	2.0308472984798188E-4	1.5657809348774775E-4	3.3695230398098317E-9	2.623304951805882E-6	5.436549084258851E-8	5.5888720179187365E-9	9.344732432543465E-11	1.0653494970724029E-8	1.459024189127807E-13	9.544016867220821E-7	1.1890640143345019E-6	2.9200581081700697E-6	1.7030513674077645E-6	1.409837608740106E-6	2.2757085387125924E-7	3.914118971573424E-7	0.0	3.914118971573424E-7	4.966640692349391E-11	2.0026858190734036E-11	4.0575815230437653E-10	5.258289766353714E-6
2.8118236479985123E-7	3.1343288246522527E-7	7.51435234834525E-10	1.079253296549411E-7	2.7750098635048126E-12	4.941193454414392E-8	4.842444030618444E-9	5.946873154897893E-13	4.991071214176059E-7	1.3581818802377174E-7	2.5622177996573355E-7	2.2272591883888953E-9	2.880354349241823E-11	2.7226190186553428E-8	2.849119277895842E-10	5.715499980105494E-11	3.854129571788004E-13	2.84233102471132E-10	6.675545558895837E-16	6.110698184341968E-9	3.5276290257256305E-8	4.820994423974299E-8	2.254634827126885E-8	7.401169542248154E-9	4.265231163115374E-9	2.294419990028584E-9	0.0	2.294419990028584E-9	1.6703975041949164E-13	6.129729428554987E-14	1.7599934095441482E-12	8.901639108944505E-7
6.124902406832308E-4	7.596283885048759E-4	1.6619047106909668E-6	6.295663150990071E-4	1.2393659864624093E-8	7.078613411925907E-5	8.683919142508315E-6	7.977953331142208E-10	7.443528218566605E-4	2.459019924049974E-4	4.7444853333820783E-4	4.252933754647283E-6	4.6143085141927936E-8	3.128896583005575E-5	1.3621982330437944E-5	6.8506114005684E-8	9.604582015955622E-10	3.587140518161144E-7	9.83823046455453E-13	7.472188113317098E-6	4.114376744557376E-5	1.7131630268767562E-4	3.378488667488208E-5	1.2939161224925169E-5	5.563923390895572E-6	4.171703531100996E-6	0.0	4.171703531100996E-6	3.767700648054265E-10	1.299690729416096E-10	2.6256674067027658E-9	6.294915975030726E-5
6.415193464527258E-5	1.8878689923242723E-5	1.2290388754665634E-7	4.330513447005978E-5	9.925547648888158E-10	4.0032014219351574E-6	5.761215239485654E-7	9.811927774763254E-11	1.9765225116435828E-4	3.8219556681962396E-5	7.333536850498152E-5	5.7070626762214E-7	3.146590810709302E-9	1.7308535599468213E-6	3.3701536632525358E-6	5.071070580708101E-9	6.353357138626788E-11	6.095209819286124E-9	1.5547805723085727E-10	3.6832032364210736E-4	7.051036810455153E-7	1.7150964222766243E-6	7.418649867399635E-7	9.091206347267095E-7	1.242238712173488E-7	2.6988119621827195E-7	0.0	2.6988119621827195E-7	5.799430224341153E-11	1.3168183466165663E-11	3.3625316657960006E-8	4.724411818885604E-6
2.639078346102903E-4	5.723339557973291E-5	1.998292667026776E-6	6.37106569652111E-4	2.3147504065161405E-8	0.002111879939338842	3.855060581324285E-6	2.085389404366277E-10	3.4508435832880527E-4	1.3130650902543785E-4	2.6392834865956994E-4	2.376189536178035E-6	3.4833527343208186E-8	1.8711087645589284E-5	3.505573038226383E-7	6.103926824164468E-8	1.9245261545188878E-10	8.571830735427075E-8	3.3579567788509614E-13	1.1636034830759808E-6	5.904851423334882E-6	2.7195912116738106E-5	5.714256021950907E-6	7.969511871050665E-6	1.497704392926719E-6	1.7030110960161814E-6	0.0	1.7030110960161814E-6	2.6873580779633707E-10	8.00511422300034E-11	9.29275391929459E-10	4.816954758888447E-5
1.5283268421644952E-8	7.510586224897611E-9	4.326960037229922E-11	2.221932793810289E-9	1.7977263272671697E-13	3.056262825584136E-9	1.4589254882955883E-10	4.010063170680526E-13	2.5801756014490828E-8	7.780577135451867E-9	1.323240313698283E-8	1.2395087340035387E-10	8.932439110683166E-13	5.010526418314261E-10	4.6470470928813543E-11	9.365693811336613E-13	1.8440308656000642E-14	5.483346869420588E-12	6.152441180417598E-17	1.429440390378126E-10	7.713654841445352E-10	9.839435328306133E-10	6.34216410662288E-10	2.3801400966600956E-10	8.235333292893302E-11	6.87283966447704E-11	0.0	6.87283966447704E-11	6.349858286607127E-15	2.9988632539381504E-15	1.7028338562923244E-13	2.712267658622355E-9
4.4387495176096903E-7	7.31724380640371E-7	3.873051035959126E-9	1.8027459890116493E-7	4.2299715462916735E-12	8.529689416123298E-7	9.512845783917845E-9	1.2078506845199024E-11	6.924987598399245E-7	1.91992202256198E-7	3.6841003905310847E-7	3.191119353106896E-9	4.767690758603769E-10	1.115445006659521E-7	1.6611668423041194E-7	1.1544582641400822E-10	1.929056661052034E-12	5.102383325801457E-6	1.9132861181320272E-6	7.158935861461281E-9	6.449538316620665E-8	1.425405140821551E-7	4.807565608962183E-8	3.7797168767735845E-8	6.471293255834614E-9	3.1251791865527096E-9	0.0	3.1251791865527096E-9	2.560958047761257E-13	9.094541832762482E-14	5.547691424586114E-12	3.7615423328224905E-7
3.83255071907213E-8	7.317573821715655E-8	9.840017680942486E-7	1.7187268974944378E-8	3.694641654033373E-13	8.926845260570158E-8	9.033276791284047E-10	1.598673514506818E-12	6.326204324702486E-8	1.7362510896798043E-8	3.347973473920195E-8	2.8864750751326916E-10	4.3206441515972466E-11	1.0117402213605241E-8	3.605415694885096E-10	1.057228047224964E-11	2.1568765418173562E-13	3.0489553736939134E-11	7.242344655286754E-16	7.528909649857608E-10	7.158762503904495E-9	1.3432892622357002E-8	5.318207797512327E-9	3.4509253058563043E-9	6.380914015028822E-10	3.040214276333374E-10	0.0	3.040214276333374E-10	4.1196806247430066E-11	8.255187423455864E-15	2.0153036792957406E-12	3.640080073964285E-8
8.818562761539364E-5	9.183072886451602E-4	1.7455525041107517E-7	1.8441189353026167E-5	7.771969769268337E-10	1.0682135404133408E-5	1.2314880849936073E-6	2.1699503578006677E-10	2.4000210036700237E-4	4.8503534490809217E-5	9.26776245218924E-5	7.341657669549523E-7	5.768717203928363E-9	3.0546542697874545E-6	7.160023478879804E-8	8.268994640539292E-9	1.2861037803588597E-10	5.915850885369028E-8	1.4021995048486378E-13	3.6959789663219643E-4	1.728075919014779E-5	1.0082300181932777E-5	2.7304840314278408E-5	1.6605882730519491E-6	8.860810502433578E-7	5.955554218129594E-7	0.0	5.955554218129594E-7	4.937217047769003E-11	1.738027914823739E-11	3.7019849143964155E-10	8.628083773555548E-6
5.615072516278967E-4	1.5963194728879553E-4	1.9098642515245562E-6	1.388948822315457E-4	1.0531933629775704E-8	6.025890112227441E-5	5.080501264221661E-6	6.225936787764862E-9	0.0010697663809373808	2.694216506170008E-4	5.056908214125325E-4	4.320340094563097E-6	2.457239944443377E-8	6.354034109654687E-5	8.609969599704136E-7	2.0692921410962745E-7	3.5394385012529944E-9	9.731957725602665E-8	1.1269036281878917E-12	8.166008893053342E-5	1.555848642608499E-5	2.89302780864019E-5	1.3941367040049979E-5	7.318855522726194E-6	1.8269814919118616E-6	2.4370117167361236E-6	0.0	2.4370117167361236E-6	3.1548915915849096E-10	1.139243855412428E-10	3.126704379750073E-9	6.663451967579031E-5
3.398911194519042E-4	2.3384034113591E-4	9.348652096450593E-7	7.389154379876076E-5	3.2934053031006318E-9	3.0244235461578367E-4	7.527697722623299E-5	1.0638253220469503E-9	4.569766585649249E-4	1.4360499789441985E-4	2.757606711434043E-4	2.453624119278543E-6	2.9533182693744186E-8	7.255534190483815E-4	4.0056941372373775E-7	3.857250035423813E-8	6.026020974712728E-10	5.625192008308237E-7	6.931835042150008E-13	1.039259031840863E-5	8.665487729444553E-5	3.650989270603358E-5	6.302113486960413E-4	3.498099816559379E-5	9.865935934564928E-6	4.05043720994472E-5	0.0	4.05043720994472E-5	2.0506919648818217E-10	7.317671182878602E-11	1.8637424210259914E-9	4.1531743401675334E-5
3.696762805819656E-4	3.476102599865247E-5	4.80875142837049E-7	2.889573160948808E-5	3.762067314782519E-9	1.5887090680687672E-5	2.6966303320310423E-4	4.98732039084233E-10	5.211411850720725E-4	1.9637683875071697E-4	3.9139981317936874E-4	3.533003201665867E-6	8.354703098550441E-9	8.292090503853785E-6	1.417765711218211E-7	2.3322542527183383E-8	3.169782759511784E-10	2.8640261955051837E-8	3.6608420368387036E-13	3.730191578655815E-4	3.786049439396795E-6	7.305574914742104E-6	4.443927450297051E-6	1.0312930816117119E-4	5.123198904252473E-7	1.4614121296574502E-4	0.0	1.4614121296574502E-4	3.390498141996958E-10	1.1596729006715437E-10	1.0170629861801365E-9	1.3598503395805427E-5
2.488773310156323E-4	3.206402303322588E-5	4.988885542026558E-7	2.083502713058996E-5	4.309376201160749E-9	1.718160390313356E-5	2.3383913694859657E-4	9.894878722323726E-10	2.734074872464907E-4	1.3054322139946257E-4	1.9639494704265644E-4	2.1338676256475306E-6	8.357388559365313E-9	7.0037514092340725E-6	1.6181913052307786E-7	2.1720593940435756E-8	4.943236265540864E-10	2.8340786360187265E-8	4.0464876153222094E-13	1.067140172734289E-5	3.2554091722450793E-6	7.189612116944679E-6	4.22961914990555E-6	7.594104653258395E-5	4.853368696758902E-7	1.9770220342357354E-4	0.0	1.9770220342357354E-4	7.415873325474036E-11	5.037297963184711E-11	1.1257216035035373E-9	1.6241644330221172E-5
2.1317512823214675E-5	8.960529687831942E-6	9.61192325795753E-8	1.1755119641339111E-5	2.718203316101103E-10	1.4129497713971903E-6	2.5817573563504473E-7	1.6267615095772625E-11	2.587312465632411E-5	1.0009599328889133E-5	1.9243470105908413E-5	1.775751891360268E-7	8.302791392606297E-10	5.592609650737984E-6	9.24370759343488E-9	1.0450879342808289E-8	2.046920238500749E-11	5.427120860827708E-9	4.964205623172687E-13	1.4404620428479748E-7	9.146548537788932E-7	2.2490625168181277E-6	7.441153665561725E-7	3.1516858702305385E-7	1.1377328673726003E-7	1.2752487905016744E-7	0.0	1.2752487905016744E-7	1.565658211401584E-11	5.605679213155744E-12	1.3871118559883465E-9	1.097418225249974E-6
5.632591007840603E-5	8.526920853722864E-6	1.12439396610174E-7	5.08971335690189E-6	9.470085873423536E-10	3.925680863273697E-6	1.4853629160783052E-4	2.1538109107529277E-10	6.70430055635831E-5	2.9669461652174266E-5	4.534574557620366E-5	4.829531844904358E-7	1.9453748701321304E-9	1.6383859210529187E-6	3.584149445659555E-8	4.946050083910327E-9	1.0809516688397109E-10	7.620456575867874E-9	9.087103579651151E-14	2.32947949233516E-6	8.802800345390051E-7	1.8131429625742492E-6	1.0334434320399295E-6	5.5714835758562456E-5	1.2814159670708926E-7	1.929048603962614E-4	1.9275079779438865E-4	9.652931795235148E-5	1.7651726937891118E-11	1.1407034405839798E-11	2.522885250015207E-10	3.6968700774233936E-6
1.6908615794610655E-5	2.562772088923746E-6	3.389098755316181E-8	1.5300246245016819E-6	2.8420522437185794E-10	1.1824263748016187E-6	4.456095389674789E-5	6.468157311694627E-11	2.0127045857246764E-5	8.906098453676046E-6	1.3614134694268567E-5	1.4498005296503948E-7	5.870920197463666E-10	4.93030204429819E-7	1.0759368602015752E-8	1.4863233026745207E-9	3.244278479524867E-11	2.28843853975561E-9	2.7279603672757247E-14	6.989088755361226E-7	2.6455515327032334E-7	5.448834671261877E-7	3.1042047622040716E-7	1.671472553751379E-5	3.85325890048296E-8	4.6287903590757534E-8	8.926670010192493E-9	4.8234059125545794E-5	9.272337692192072E-9	2.93313515002202E-10	7.573696589923987E-11	1.111326010022694E-6
5.350939644820672E-5	8.100541789901065E-6	1.0681699134973321E-7	4.8352079787630046E-6	8.996544906139969E-10	3.729381617618686E-6	1.4110890180959456E-4	2.0461120244222253E-10	6.369059565637505E-5	2.8185873672367052E-5	4.307828269261873E-5	4.5880365499376147E-7	1.8480985930165474E-9	1.5564602802288511E-6	3.4049280934910874E-8	4.698728425767732E-9	1.0268998993319359E-10	7.239404236289214E-9	8.632713210183645E-14	2.2129964966356904E-6	8.362626238621029E-7	1.7224787929144656E-6	9.817672583513246E-7	5.107108387120529E-4	1.2173402063386413E-7	1.4635887516047726E-7	0.0	1.4635887516047726E-7	1.676907223337021E-11	1.0836638510958064E-11	2.3967312174535404E-10	3.5120122571476974E-6
2.017833420267976E-8	4.540269799946023E-9	1.2863778206342352E-9	2.2435256499859667E-9	2.66176910426468E-13	4.417627862719718E-9	1.4020569131344037E-10	5.798984798608556E-14	1.547433964364507E-8	9.02098646610379E-9	1.3518242653747917E-8	1.5090316660587795E-10	1.0102814820738612E-11	9.589309756436483E-10	2.1518583058146645E-11	1.1981269462303773E-12	1.2889842113468324E-14	3.1149375802520963E-12	5.1053187884770844E-15	9.370879307469696E-11	4.68993607930158E-10	1.1150594905130862E-9	5.117156800857957E-10	3.8485926653403223E-10	4.744071198953292E-10	5.67657414312172E-11	0.0	5.67657414312172E-11	6.2871379812222676E-15	2.8026626511006324E-9	1.4283913069477034E-11	2.4255148722929027E-9
4.590771119073461E-9	1.2577965829699378E-9	1.843820456525605E-11	7.958003127110113E-10	6.897630067750256E-14	2.195476623941409E-9	4.5302732454926933E-11	7.957156692646112E-15	4.109928417518667E-9	2.345460134701601E-9	3.551785148483449E-9	3.931148636209289E-11	1.8927341822397866E-12	4.900805710398848E-10	2.435226813982047E-12	5.11951160896007E-13	3.0272116473691215E-15	9.710556232610377E-13	7.386367342495243E-18	2.7421529012640148E-11	1.3469467587104416E-10	5.623849904849394E-10	1.263702130611199E-10	1.7442252973284034E-10	2.379828192603528E-11	1.5260966553257284E-11	0.0	1.5260966553257284E-11	1.5489906114629947E-15	9.828518358008789E-16	2.0360307090575134E-14	1.3746417964817288E-9
3.871512100237887E-8	3.317742897488008E-7	1.4663611884816444E-10	1.721506145724814E-8	3.173209523199436E-13	4.0204604232060294E-8	6.979063736595787E-10	1.9672394274854916E-13	4.779444003391724E-8	1.4328540448200686E-8	2.76111569708915E-8	2.428899456445364E-10	2.8284508254626322E-11	9.136886347337215E-9	3.486379656881443E-11	1.063409644419543E-11	6.38058431247968E-14	3.681048036844777E-11	2.922322758498147E-11	7.813832424097858E-10	4.938147645593663E-9	1.2960740573386821E-8	3.6360562290352505E-9	1.3267311951127287E-9	1.4965722360837564E-9	3.154297620459297E-10	0.0	3.154297620459297E-10	3.673378695365639E-12	7.168891234870192E-15	8.176744819392454E-8	1.240037270234591E-8
0.0010687672911909255	5.806394698735472E-5	1.0194286197348084E-6	7.815418420874805E-5	7.645574790791522E-9	2.8171892385537158E-5	8.955044300718523E-6	4.0846406704566524E-10	0.003458809890835801	6.58157109787905E-4	0.0012620934598557391	9.764731486087902E-6	1.7719956299777472E-8	1.7461495686208826E-5	2.558122551278971E-7	3.7380164602535643E-8	3.547601431578566E-10	5.261179326691268E-8	7.120935700168252E-13	2.6535779157786316E-6	6.428498976810208E-6	1.402895041530052E-5	9.507640741677983E-6	9.749880430354279E-6	9.824972508473399E-7	4.4616304864416816E-6	0.0	4.4616304864416816E-6	6.341136182281617E-10	2.213053001657098E-10	1.9804568865655143E-9	2.5559149331019285E-5
