32
NULL,open@__open_nocancel,fstat@_fxstat,mmap@__mmap,read@__read,munmap@munmap,open@__open64,close@__close_nocancel,rt_sigprocmask@sigprocmask,exit_group@_Exit,rt_sigaction@__libc_sigaction,sched_yield@sched_yield,mremap@mremap,time@time,read@__read_nocancel,mprotect@__mprotect,madvise@madvise,lstat@__lxstat64,openat@__openat64_nocancel,write@__write_nocancel,syslog@__syslog,getpid@getpid,writev@__writev,close@close,stat@__xstat,socket@__socket,fcntl@fcntl,connect@__connect,getdents@__getdents64,lseek@llseek,getrlimit@__getrlimit,write@__libc_write
1.0057319160661065	0.0028351938590438497	3.144172061458129E-5	0.002156564084488768	2.07304530853107E-7	0.0017509488036876538	2.0092529547604328E-4	1.6870757157253762E-8	0.05136571416679542	0.012241886582884009	0.022968511666890734	1.934718131718501E-4	7.987114066168078E-7	5.274331202795205E-4	1.924250911515563E-5	1.10779409270097E-6	1.9234348535220218E-8	1.9123704389422367E-6	1.9178060799257855E-11	8.041585054540941E-5	4.0144038233226343E-4	4.98241808086481E-4	3.092746319673107E-4	2.810670487597822E-4	1.0912673638872323E-4	9.65906083332751E-5	0.0	9.65906083332751E-5	1.3301930142994499E-8	4.93661520956553E-9	5.3131558402775436E-8	0.0011292059360720292
6.747775689704577E-4	9.729989372129337E-4	4.864175072543504E-5	6.043611183922145E-4	1.366939416664113E-8	2.9516821947056044E-4	7.597828162718181E-6	2.6053816010376194E-6	0.0011205772974101128	3.003782228408873E-4	5.619203874857489E-4	4.890393260993715E-6	5.224050223992521E-8	4.647026142872589E-5	4.8484011174439385E-4	1.7029130781259825E-7	4.501218558844703E-9	2.68258109826157E-7	1.1794765978097497E-10	4.119736484916445E-5	0.0019275221220104164	5.5597221781812136E-5	3.7969388173817087E-5	1.2976413144660585E-5	3.1542874775503938E-6	3.528003576267171E-6	0.0	3.528003576267171E-6	3.8058691407718504E-10	1.3227087752298896E-10	2.5327430655884836E-8	1.0320614005425533E-4
1.890030932304492E-5	6.178281550096237E-6	2.071662468146765E-7	1.1939795480586206E-5	1.988820201184492E-10	5.442600938984067E-6	3.161379419415085E-7	7.183925705529625E-11	2.2578129787369108E-5	9.184471510140504E-6	1.7090589403428286E-5	1.6171983231030485E-7	1.4229053436826103E-9	6.824140173508894E-7	7.493683976707343E-9	1.3085849038684387E-9	1.7472842985635616E-11	4.328364682975179E-9	7.211088512765334E-14	1.1676376592872756E-7	6.566940423278544E-7	8.81837254914923E-7	1.3239358862451808E-6	8.552092265043834E-7	2.923038661341144E-8	1.5479959763125194E-7	5.4974450312740325E-8	1.5479959763125194E-7	2.0628471246772692E-8	6.498369671169681E-10	2.004414069805015E-10	2.066295256908188E-6
3.812695191986451E-4	3.568070665098537E-4	1.7911135989870745E-6	0.0029130781817043668	1.3245517215328161E-8	0.003963668746191792	2.151495411369158E-5	8.180229185179911E-9	5.44362458560939E-4	1.5640907970802505E-4	2.993491932765118E-4	2.6197432994500215E-6	3.867431776910025E-8	2.0840711965688692E-5	4.551573296405285E-7	8.876729418088524E-4	1.6504452144862147E-9	2.8345517259630895E-7	1.3313138080219286E-12	1.777898725364755E-5	1.999623040643729E-4	4.0206600863894414E-5	1.7183854302952643E-4	1.4907911418711854E-5	1.7085960956135828E-6	1.1267910690105613E-5	0.0	1.1267910690105613E-5	2.2754160289494984E-10	7.591300294108866E-11	3.663719625880572E-9	8.305325159300174E-5
3.374387246629675E-8	8.563509676905887E-8	8.120581199939751E-11	8.116422061003889E-9	3.0355946123936555E-13	4.450877371969783E-7	4.4703664936856496E-10	4.792427264708768E-13	5.9144716293189814E-8	1.4459237064251079E-8	2.665425026805306E-8	2.2797907649372093E-10	2.4151427469086505E-12	1.2524300311186457E-9	3.562876678874256E-11	2.727076788566052E-12	3.071960874603877E-13	2.3950414459283894E-11	1.0192390312671195E-16	6.139776436815521E-10	8.031228849396276E-9	4.051108680159187E-9	5.944789481891089E-9	6.29101739778368E-10	1.1968967953348094E-10	2.1537778237233243E-10	0.0	2.1537778237233243E-10	1.488285156506656E-14	5.715590653060563E-15	2.763230235339995E-13	5.105815311749074E-9
7.668099985074485E-4	3.8360168122028164E-4	3.905463916288432E-6	0.0010764032560062772	2.480198460285798E-8	0.001109929010652749	9.656883076314293E-6	2.3096100351334188E-8	0.001284829047022684	3.640102617200246E-4	6.784702410891036E-4	5.993839898011054E-6	4.0509470366269983E-7	9.438875546278587E-5	2.6321580399656513E-6	0.0016569684189234953	1.9503644001849886E-9	2.1261000011349537E-7	4.468909478229999E-12	1.136931398667704E-5	1.1249702861372705E-4	1.4444506914424457E-4	4.0993471876630224E-5	1.8564809083980295E-5	1.6050960488366523E-6	4.371091709883515E-6	0.0	4.371091709883515E-6	4.671961920496628E-10	1.6550050821089642E-10	1.2451353037442661E-8	2.5870386129248866E-4
1.4457449163617013E-4	5.192218260088811E-5	1.1101707234213761E-5	2.1406940511048905E-5	2.218850698192641E-9	1.6368908667942033E-4	4.982625472011887E-6	2.599987043459439E-6	1.5740013424394024E-4	7.019482627120909E-5	1.1159657918273913E-4	1.1648708388172643E-6	1.2837401353927777E-7	1.6273311403259154E-5	1.515819843177973E-7	1.697285288260272E-8	3.2306074448004355E-10	2.7764797761523322E-8	6.684212811234212E-13	4.911378525466927E-6	5.187699361925482E-6	2.247365887724863E-5	4.4720463047824805E-6	3.83307093186754E-5	1.6891892673708064E-6	4.966425492389041E-7	0.0	4.966425492389041E-7	5.354908174898767E-11	2.9343357721986857E-11	1.8618700896097892E-9	4.48916711925634E-5
2.694175697631155E-7	1.2878586010990953E-7	1.6618553351366976E-6	3.592205424346272E-8	2.9546887867529E-12	1.071167098469928E-7	3.1400654175533943E-9	2.164281059115733E-12	3.179257977580671E-7	1.3026531465904077E-7	2.3767473676946555E-7	2.274480942036837E-9	3.627104967646069E-11	1.2805284190090681E-8	6.750197427411093E-10	1.960886613784448E-11	4.174169222629571E-13	6.53610669773106E-11	7.307113220845835E-14	1.820048375824079E-9	1.2761484684121075E-8	1.808158432590097E-8	1.042807130059154E-8	5.6813592684682854E-9	4.3945523876665814E-10	1.4505427089736381E-9	0.0	1.4505427089736381E-9	1.8228660274203232E-13	6.800258714831742E-14	2.0443322419550464E-10	3.897811923911656E-8
0.032631076562738046	9.361939497626674E-4	1.990811553268681E-5	0.0013099194220097695	1.7517551580379135E-7	4.7185635005505443E-4	1.0769837784885744E-4	9.694158325106809E-9	0.013099146220670333	0.016944935172769647	0.030612963571199435	2.1964618639981175E-4	3.343253252510526E-7	3.0236699570179417E-4	4.69855362175899E-6	5.764734310383656E-7	7.323081254790081E-9	9.974621243409206E-7	1.5184501736845662E-11	6.570766417231212E-5	1.0313962650705647E-4	2.833325733693392E-4	1.639531262649159E-4	1.555665129531596E-4	1.1434672560685849E-5	4.979285018205046E-5	0.0	4.979285018205046E-5	6.720656773102692E-9	2.9467428507988073E-9	4.227827627386684E-8	4.965208543267233E-4
0.032957821637979716	4.540943140093099E-4	7.421308796697783E-6	8.451579091883355E-4	6.179978586529794E-8	2.2046295765843106E-4	2.8315175117873614E-5	7.951985126319275E-9	0.0038719792185849754	9.53388000890602E-4	0.001754691292945388	1.5049203661827865E-5	1.3662175392957381E-7	9.245784381585551E-5	2.4585672549138923E-6	2.1631421655929173E-7	4.962708620902393E-9	4.6144116545405336E-7	5.937005746321078E-12	5.2785804329977E-5	5.088094778427223E-5	1.2516432257692699E-4	7.167613683264738E-5	5.067088472994629E-5	6.655625955240177E-6	9.920294067593052E-6	0.0	9.920294067593052E-6	1.0480698801742222E-9	3.7983099412518806E-10	1.649923490619094E-8	2.2766103146941644E-4
0.03082076910301813	6.352691639991856E-4	1.143497517781422E-5	9.826434730989403E-4	9.661338049413472E-8	3.097755029133307E-4	6.759729731532728E-5	8.154635745540012E-9	0.008019916304729502	0.01606244681736229	0.012311507965301735	2.7603803059750916E-4	2.002397892070166E-7	1.6704212775989804E-4	3.203937136716491E-6	3.6543179709802873E-7	5.765315081686389E-9	6.334569664712117E-7	8.845512804531943E-12	5.440618236734715E-5	7.077038503115884E-5	1.7546951016713614E-4	1.0215738163234396E-4	9.159186632060965E-5	7.983502962686624E-6	3.0352225898595274E-5	0.0	3.0352225898595274E-5	4.065793999960629E-9	1.5278931017919918E-9	2.4604741321256735E-8	3.117996272281208E-4
3.342256446811968E-4	6.0755589569781965E-6	1.1143487943658862E-7	9.977035374266333E-6	9.512773764753108E-10	2.9903708125449202E-6	5.405079809208827E-7	8.601171690808776E-11	6.800639159056575E-5	1.7432839508050007E-4	1.2188791981034527E-4	9.59566542211108E-5	1.961147266596822E-9	1.5545624448476204E-6	3.163322432540417E-8	3.3006631926828867E-9	5.776369205547518E-11	6.2525247953149744E-9	8.693837108271047E-14	5.744641348674616E-7	6.761094746782908E-7	1.7310171975598727E-6	9.981766886491218E-7	8.297240529219161E-7	8.149757253141035E-8	2.2856850425213988E-7	0.0	2.2856850425213988E-7	2.8992022551732208E-11	1.1735305869728635E-11	2.418245820543016E-10	3.09312035400733E-6
1.9765889508647992E-7	1.8741340463026795E-7	4.145437472729958E-10	6.448004973604714E-8	1.7344910876262927E-12	2.8108006321806588E-8	2.856961262783445E-9	3.3876576780199983E-13	2.9920359451650083E-7	8.13776592445913E-8	1.5349436890650837E-7	1.3354126609346075E-9	1.6470750714178647E-11	1.6423191369554472E-8	1.7383628430531238E-10	3.4453139969607095E-11	2.571241146161407E-13	1.702087541072157E-10	3.910672970325242E-16	3.6586534466365495E-9	2.1069527929986445E-8	2.8824354806785605E-8	1.3214621666325725E-8	4.30692827118076E-9	8.432967954701218E-10	1.3571792479519236E-9	0.0	1.3571792479519236E-9	1.0013972692702904E-13	3.674335497693896E-14	1.029647623173768E-12	5.446110212309544E-7
3.808986352196245E-4	4.6353170454053235E-4	1.0064205064171907E-6	3.8465599780470824E-4	8.17404706769449E-9	4.2086885260285185E-5	5.222881293763728E-6	4.639926444955893E-10	4.491795316904721E-4	1.4985935707742632E-4	2.883621870360313E-4	2.595235995365968E-6	2.7749706080182223E-8	1.9782902256330878E-5	8.410970189523996E-6	4.183775021737013E-8	8.128362135948075E-10	2.1715314379202613E-7	5.90046683101508E-13	4.500593190983177E-6	2.4719761489696256E-5	1.053649122411746E-4	2.0179334990038856E-5	7.805464912326916E-6	1.2109064554349643E-6	2.5082612272301743E-6	0.0	2.5082612272301743E-6	2.2960195409954756E-10	7.927479392908618E-11	1.5746206261875796E-9	3.848379604694549E-5
4.037486166750846E-5	1.1480796357595832E-5	7.447979161270913E-8	2.649113462325626E-5	6.139459256690476E-10	2.4037499442877306E-6	3.481194278512652E-7	5.946277348724452E-11	1.2039065793261241E-4	2.3209676342960425E-5	4.4541469140246215E-5	3.4656249270529955E-7	1.9054691279585717E-9	1.0611921941058352E-6	2.0644743665298643E-6	3.0879724362091944E-9	4.212570296977727E-11	3.665606115371536E-9	9.529707580577024E-11	2.2576711993639784E-4	4.188435538539006E-7	1.0483215066157244E-6	4.4127805899504993E-7	5.498983608761934E-7	3.613143591983001E-8	1.6301465870504702E-7	0.0	1.6301465870504702E-7	3.529920276658579E-11	7.982023978551307E-12	2.0593353126138358E-8	2.8768899281934045E-6
1.6717439329057244E-4	3.431308834890312E-5	1.2169450697947376E-6	3.901589109781816E-4	1.424556119712006E-8	0.0012940951650987841	2.330837835452398E-6	1.221363600568311E-10	2.0793601844480903E-4	7.95249286833198E-5	1.5988575875913364E-4	1.4415738522714439E-6	2.1142007216862888E-8	1.1482969421988255E-5	2.168166275027936E-7	3.729227627595525E-8	1.4443881402374887E-10	5.195313273577154E-8	2.0179553849248106E-13	6.951945589833681E-7	3.514739347815781E-6	1.663835650333058E-5	3.388504688671255E-6	4.829793869674227E-6	5.136353226410913E-7	1.0288425958547596E-6	0.0	1.0288425958547596E-6	1.6350616301845644E-10	4.863829711589492E-11	5.585945388398834E-10	2.938509840842036E-5
9.863844324880641E-9	4.5237062513654E-9	2.5782963990734002E-11	1.3297136213154835E-9	1.1237560483331666E-13	1.8358283626317036E-9	8.70782425646941E-11	2.453280852897858E-13	1.5593790952786526E-8	4.706791269787801E-9	7.994386639582789E-9	7.502324985719399E-11	5.280801523914906E-13	3.0473510725379935E-10	2.858507496275118E-11	5.631044120762718E-13	1.2457348083820282E-14	3.293676619272672E-12	3.7344260274511815E-17	8.596162405613785E-11	4.6271622930240606E-10	5.939678705757009E-10	3.7789230902207655E-10	1.4163529949627962E-10	1.829801345510778E-11	4.1053231799955844E-11	0.0	4.1053231799955844E-11	3.824860782608231E-15	1.812483331942897E-15	1.0337521505376002E-13	1.6461610626877427E-9
3.0150044811608447E-7	4.429332323806548E-7	2.315775274378754E-9	1.0837821006708067E-7	2.8161299507774658E-12	5.199527829192009E-7	5.683856610771907E-9	7.367800878884887E-12	4.1578255911067984E-7	1.1563570314838005E-7	2.216550836820381E-7	1.9240000177105825E-9	2.907144804691976E-10	6.828114451661599E-8	1.017285087749593E-7	7.011674319493787E-11	1.2761498562618145E-12	3.127607470359773E-6	1.1727885944109045E-6	4.277500424797612E-9	3.88195037205945E-8	8.676681356620454E-8	2.867138706067531E-8	2.2837640710372552E-8	1.293640379112423E-9	1.8513773349540136E-9	0.0	1.8513773349540136E-9	1.5439864456222848E-13	5.4829944392026026E-14	3.335745643855745E-12	2.2943567338350756E-7
2.69222016644523E-8	4.422567045040097E-8	6.03157741256531E-7	1.0308116711163704E-8	2.3773908946935117E-13	5.4406972101725087E-8	5.38335609548141E-10	9.762458657191432E-13	3.789490453375134E-8	1.0411048936772187E-8	2.007036991693027E-8	1.7325133726301137E-10	2.6314549145646275E-11	6.17376191340307E-9	2.210134686151458E-10	6.404857422950664E-12	1.374775253479981E-13	1.8172827412891617E-11	4.4111805429086435E-16	4.499039885330322E-10	4.3132126943706325E-9	8.14791224769093E-9	3.1757662318789474E-9	2.079730572622242E-9	1.2682037011391986E-10	1.7971242438966806E-10	0.0	1.7971242438966806E-10	2.5252154817363872E-11	4.9563256554171755E-15	1.2276449033723354E-12	2.217627175196389E-8
5.979504868898658E-5	5.617568185200514E-4	9.71506749649239E-8	1.0932527997804862E-5	4.805015101553707E-10	6.080525052536253E-6	7.29590025926748E-7	1.2750338771013003E-10	1.4534846152308595E-4	2.922907726884131E-5	5.5863580423927214E-5	4.4214720400481755E-7	3.2826833332462404E-9	1.8108610820071324E-6	4.354132254584467E-8	4.936240546488338E-9	8.259591900111232E-11	3.538053222292437E-8	8.199625049299376E-14	2.2653325016256114E-4	1.0462079649359534E-5	6.018738939212514E-6	1.658556741095833E-5	9.67493154277566E-7	1.7852469144556213E-7	3.537723771651039E-7	0.0	3.537723771651039E-7	2.9671708797851835E-11	1.043619115020633E-11	2.161902677678901E-10	5.062169520970155E-6
3.37507294425763E-4	9.792749472351277E-5	1.1855236553318195E-6	8.500445249707798E-5	6.829228872653415E-9	3.711953420059394E-5	3.0892520181361123E-6	3.811919418890393E-9	6.509701728579365E-4	1.6448182255227026E-4	3.082391864325632E-4	2.640071643474097E-6	1.5302552877016995E-8	3.9473144188760974E-5	5.45758083038014E-7	1.2694847861840985E-7	2.3159775259588584E-9	5.988510618696796E-8	6.898440878350209E-13	5.004169327885651E-5	9.465362556425737E-6	1.8364877925858753E-5	8.487471714019637E-6	4.503708918685753E-6	5.705868895854748E-7	1.4787594486830124E-6	0.0	1.4787594486830124E-6	1.9251496411012843E-10	6.957573644528553E-11	1.9142813536915302E-9	4.1286265426057006E-5
2.693277778283087E-4	1.3363232699287232E-4	4.603952613435118E-7	4.169443145830634E-5	2.0035061710239614E-9	1.7952944067203128E-4	4.568019238243639E-5	5.926104842634582E-10	2.6780837453619564E-4	8.442150967125665E-5	1.62248669835435E-4	1.445164429691363E-6	1.530319136076254E-8	4.440055914747328E-4	2.403987379485484E-7	2.23253113986587E-8	3.785451463333229E-10	3.354650798457533E-7	3.8394500420957625E-13	6.174376210118333E-6	5.180092132206774E-5	2.0703301388245874E-5	3.830089127465372E-4	2.084370385704475E-5	1.8942911710181636E-6	2.460186843435326E-5	0.0	2.460186843435326E-5	1.2123904407434966E-10	4.319978933612668E-11	1.030839710784071E-9	2.301192094271398E-5
2.323529832788465E-4	2.08107653723449E-5	2.9005729404973933E-7	1.7405887477297062E-5	2.3175295270492463E-9	9.482386558322397E-6	1.652705610442553E-4	3.023681357211504E-10	3.145992084956768E-4	1.1892501481586226E-4	2.371799735381358E-4	2.143032065999787E-6	5.002193687426912E-9	5.059702720552461E-6	8.685007731114924E-8	1.4162071680531409E-8	2.06158308551257E-10	1.7178777470390866E-8	2.2114298051169603E-13	2.2863640518137312E-4	2.2515447821302482E-6	4.4428933540368075E-6	2.655421577802787E-6	6.318617707873079E-5	1.5261996211613681E-7	8.956506358049845E-5	0.0	8.956506358049845E-5	2.0605155065394418E-10	7.044539543706119E-11	6.144717802242135E-10	8.218156198305897E-6
1.5573032257219625E-4	1.934193868770785E-5	3.034169541298055E-7	1.2577508158088687E-5	2.6719761687453604E-9	1.0377266442029072E-5	1.4332405031156507E-4	6.040832110256791E-10	1.647512096772455E-4	7.9168515561775E-5	1.1885509627595837E-4	1.2953438503511034E-6	5.055075924082099E-9	4.3118956122014345E-6	1.0044512940114652E-7	1.32476937389682E-8	3.1986646207264614E-10	1.713301575206786E-8	2.457930163277159E-13	6.53197596196504E-6	1.94760649991974E-6	4.420632292330868E-6	2.5434868863782654E-6	4.65346307437084E-5	1.4699010083004855E-7	1.2117742323367582E-4	0.0	1.2117742323367582E-4	4.466861739936367E-11	3.055118335803553E-11	6.838712766054807E-10	9.90541396696646E-6
1.3225111562229549E-5	5.437445735606148E-6	5.872981923203433E-8	7.180414139354419E-6	1.7665263133780493E-10	8.444195555292654E-7	1.5600494147946173E-7	9.542074204123528E-12	1.5605457659126088E-5	6.080021413325715E-6	1.1677740300349275E-5	1.0801831676298883E-7	5.008996558451221E-10	3.4383008168253304E-6	6.1041077239369435E-9	6.400832996823602E-9	1.6665742486001574E-11	3.2850381850006946E-9	3.0380478084996014E-13	8.685228516205922E-8	5.520930469826672E-7	1.3865407140982387E-6	4.4721883596095847E-7	1.9066959117948244E-7	3.4534233521909715E-8	7.704925409667512E-8	0.0	7.704925409667512E-8	9.525867374110926E-12	3.41179618940906E-12	8.489227061497796E-10	6.714229146542643E-7
3.537515614483452E-5	5.1333997988245E-6	6.814709164597873E-8	3.0686143809844054E-6	5.871251427493599E-10	2.360879810046846E-6	9.104752660394364E-5	1.3136186904775537E-10	4.0435629319473725E-5	1.798993257135556E-5	2.744063116561839E-5	2.9310250392227046E-7	1.1711817132983358E-9	1.0066635297376183E-6	2.2230387572205185E-8	3.014143420864121E-9	6.997301912410057E-11	4.597407812581233E-9	5.5116583989308264E-14	1.4255112053183118E-6	5.262236910268129E-7	1.110150143702963E-6	6.195505123549442E-7	3.4151958449615496E-5	3.651177118366049E-8	1.182429775614483E-4	1.1815061797561412E-4	5.916758058369074E-5	1.063344220800792E-11	6.916115632346717E-12	1.5304327215443622E-10	2.249348545382435E-6
1.0619698548350711E-5	1.5428181418595406E-6	2.0540048877922607E-8	9.224585194983121E-7	1.762023203273322E-10	7.111140303716943E-7	2.7314296343538328E-5	3.944923689631376E-11	1.213917203476202E-5	5.4001523010071465E-6	8.238471144143213E-6	8.79876137062408E-8	3.534438053849892E-10	3.0292355547997714E-7	6.673392585274693E-9	9.057689670800043E-10	2.100157990464151E-11	1.380569540546755E-9	1.654582246379529E-14	4.2769166054734785E-7	1.5814619746048744E-7	3.3361135913137845E-7	1.8609171491817553E-7	1.0245751178333907E-5	1.0971752442953358E-8	2.7749202849012537E-8	5.4717883932894895E-9	2.9565447691727842E-5	5.683616572047853E-9	1.7976978862154793E-10	4.5942882511522166E-11	6.761735981919645E-7
3.3606261344667725E-5	4.876709929410483E-6	6.473947315899534E-8	2.915171778497607E-6	5.577666119260781E-10	2.2428266768617245E-6	8.649479768542329E-5	1.247932668867528E-10	3.8413691263515965E-5	1.7090366275434947E-5	2.6068493341450925E-5	2.784462436648956E-7	1.1126180921450652E-9	9.56326454871295E-7	2.1118782104764468E-8	2.8634245773261785E-9	6.647409719217101E-11	4.367519618148241E-9	5.2360541346769125E-14	1.3542301246541556E-6	4.999104686350632E-7	1.0546383373787583E-6	5.885705874817254E-7	3.130512200461241E-4	3.468604122992605E-8	8.774124887320643E-8	0.0	8.774124887320643E-8	1.0101728918811144E-11	6.5702830675568405E-12	1.4539051587525229E-10	2.136872407343657E-6
1.5301392863179366E-8	2.3421544944047183E-9	7.755568346007594E-10	1.2048066343286858E-9	1.606637975123435E-13	2.4408774438619807E-9	7.526239394859046E-11	3.249981963291297E-14	8.8947707270126E-9	5.347494235691008E-9	7.954303115997359E-9	8.956524183341451E-11	5.8517611221348725E-12	5.464893829620898E-10	1.2804024185356585E-11	6.697461475098081E-13	7.767544791576677E-15	1.556937666206661E-12	3.1249098409524677E-15	4.9646737696565344E-11	2.377291197847076E-10	6.024292803445454E-10	2.553867262373879E-10	2.1005565300746715E-10	8.924961083442945E-11	3.03082598598757E-11	0.0	3.03082598598757E-11	3.647941686974785E-15	1.7179503927928392E-9	8.743154849663614E-12	1.357598209764587E-9
2.979451169263261E-9	7.487547728562657E-10	1.1041562238562123E-11	4.783300819577863E-10	4.250108613587543E-14	1.3338318764597537E-9	2.707719000464577E-11	4.737769559427581E-15	2.4516828258014677E-9	1.4169640025214E-9	2.139808611932646E-9	2.3778018825687933E-11	1.153718350855446E-12	2.99066095963163E-10	1.4895659606310098E-12	3.1034879686974207E-13	2.0557694540891895E-15	5.770071653321407E-13	4.419281204158782E-18	1.635280920534901E-11	7.985218003562868E-11	3.416065296269088E-10	7.445556454182934E-11	1.0539277802089176E-10	5.382317168629845E-12	9.050178593954106E-12	0.0	9.050178593954106E-12	9.286364182463037E-16	5.940557372588843E-16	1.2184122447530577E-14	8.371722872574663E-10
3.277619044553248E-8	2.0191720233622116E-7	7.316235478833684E-11	1.0021959765076061E-8	1.9681922226851108E-13	2.3845315045808767E-8	3.944035702306353E-10	1.1178744082943934E-13	2.7715081389890897E-8	8.333431649997157E-9	1.6074158885017018E-8	1.4154351059134902E-10	1.6883251675376297E-11	5.48954134991581E-9	2.0887872190310443E-11	6.329360281917691E-12	4.178582059430762E-14	2.135449534961202E-11	1.7898495764593553E-11	4.5295939569337986E-10	2.861025079531949E-9	7.689848758455877E-9	2.0381382605905034E-9	7.36817468945408E-10	2.859415366554094E-10	1.7905277656938137E-10	0.0	1.7905277656938137E-10	2.24931095683263E-12	4.188587745506609E-15	5.008051673809909E-8	7.232609868409608E-9
6.7365066481119E-4	3.441085967499441E-5	6.121781775973534E-7	4.7150110860645595E-5	4.669474721354147E-9	1.6625759258905724E-5	5.414847493088167E-6	2.427468335887714E-10	0.0021073126814273105	3.9953322041463526E-4	7.66440589878416E-4	5.926724310223112E-6	1.055258160850214E-8	1.0585556499730906E-5	1.5417215851100508E-7	2.2561060332277627E-8	2.3018553519465165E-10	3.1357586857447015E-8	4.286204180994046E-13	1.5941596523336923E-6	3.780761718256407E-6	8.453496413140475E-6	5.674058138019166E-6	5.872199193814932E-6	3.108046903718364E-7	2.6989202404405734E-6	0.0	2.6989202404405734E-6	3.843061373873125E-10	1.340526237510666E-10	1.1922546091748207E-9	1.532555939298585E-5
