32
NULL,open@__open_nocancel,fstat@_fxstat,mmap@__mmap,read@__read,munmap@munmap,open@__open64,close@__close_nocancel,rt_sigprocmask@sigprocmask,exit_group@_Exit,rt_sigaction@__libc_sigaction,sched_yield@sched_yield,mremap@mremap,time@time,read@__read_nocancel,mprotect@__mprotect,madvise@madvise,lstat@__lxstat64,openat@__openat64_nocancel,write@__write_nocancel,syslog@__syslog,getpid@getpid,writev@__writev,close@close,stat@__xstat,socket@__socket,fcntl@fcntl,connect@__connect,getdents@__getdents64,lseek@llseek,getrlimit@__getrlimit,write@__libc_write
0.976218163870123	0.0011785901703511255	1.2980300215034894E-5	9.000026418807318E-4	8.383472250816129E-8	7.276036733720343E-4	8.395651319100741E-5	7.061519006717863E-9	0.021465390897293806	0.005122424399054405	0.00960827633286664	8.08084513915383E-5	3.3069632731649305E-7	2.1610157638094792E-4	7.89744979502651E-6	4.611162492859341E-7	6.9767699690949546E-9	7.932904627863662E-7	7.999781830792275E-12	3.360928413731693E-5	1.675106138088018E-4	2.0276502307816364E-4	1.2904340038159582E-4	1.1692734624158946E-4	4.915711514382258E-5	4.038437023786189E-5	0.0	4.038437023786189E-5	5.55551281216538E-9	2.0612015611748064E-9	2.2162075639941085E-8	4.6729665712072873E-4
2.5773366627350697E-4	4.1348881683937473E-4	2.0581404242237196E-5	2.561749205818037E-4	6.2161529108875985E-9	1.2608650174549452E-4	3.271527231003314E-6	1.1000988401736605E-6	4.786208340630234E-4	1.2952333565475547E-4	2.4152396135377485E-4	2.105945674006172E-6	2.3037829661547945E-8	2.0436333612066922E-5	2.0474443444262505E-4	7.248651164808807E-8	2.0581680499917517E-9	1.1573877301298233E-7	4.981425598293008E-11	1.7434166985619162E-5	8.140931305183625E-4	2.462199277732445E-5	1.6310013251136636E-5	5.659408975027242E-6	1.6083743687708497E-6	1.5147398888324489E-6	0.0	1.5147398888324489E-6	1.63316671702759E-10	5.6897397497626074E-11	1.0728273449816032E-8	4.4751938240371326E-5
7.628008740872711E-6	2.6230689626226313E-6	8.774630664304243E-8	5.048320624217707E-6	8.611354747789566E-11	2.307575877228272E-6	1.3407416869244008E-7	3.042055562952783E-11	9.587891380046694E-6	3.905946761290356E-6	7.260850737490519E-6	6.863332017245366E-8	6.057035766690464E-10	2.921462810682847E-7	3.2741656494223073E-9	5.559759424075842E-10	8.091164086969218E-12	1.8406505784520034E-9	3.053651183888529E-14	4.956251470409198E-8	2.7873851728196693E-7	3.7777203507636457E-7	5.61755248374739E-7	3.6208668728113636E-7	1.6823261553768126E-8	6.562733953162331E-8	2.321225869482955E-8	6.562733953162331E-8	8.710130373608607E-9	2.7439388606055686E-10	8.487915693102193E-11	8.782055523021887E-7
1.481752022831686E-4	1.5205229003083871E-4	7.763471108536238E-7	0.0012305277189676705	5.739123446193707E-9	0.0016745384364020895	9.137179481080865E-6	3.460689210904829E-9	2.322950649211465E-4	6.716254823789244E-5	1.2821569133391356E-4	1.122872196031465E-6	1.678271806190948E-8	9.102387878854075E-6	1.9977488322587203E-7	3.748088097049625E-4	7.481678622420445E-10	1.2103475254272757E-7	5.681997609917925E-13	7.5311549048570244E-6	8.458493837669215E-5	1.743825940363872E-5	7.288700083960629E-5	6.384809135756765E-6	1.0236485416013197E-6	4.782068018845783E-6	0.0	4.782068018845783E-6	9.71762856822651E-11	3.248455636130174E-11	1.5636132149562623E-9	3.557219475570619E-5
1.32435333452069E-8	3.626464929711005E-8	3.577992035187804E-11	3.4670570563957966E-9	1.3835838513227494E-13	1.879885840564728E-7	1.913767632763741E-10	2.0284468168474354E-13	2.5160084847258012E-8	6.191315742889932E-9	1.1393903631146019E-8	9.750758972542425E-11	1.0536163399695964E-12	5.505226663599312E-10	1.557131586778533E-11	1.1708270440933243E-12	1.332498232138527E-13	1.021297530349117E-11	4.349328337576815E-17	2.6105889810655565E-10	3.401788763255377E-9	1.744946958709657E-9	2.522394882154098E-9	2.719075451040166E-10	7.436701796188664E-11	9.204077900523275E-11	0.0	9.204077900523275E-11	6.3652044819542216E-15	2.4451394040492446E-15	1.1792532367178375E-13	2.193191519851165E-9
3.0303242296046115E-4	1.6368751701362872E-4	1.6762097440110334E-6	4.551634373938134E-4	1.073730247281461E-8	4.6961110034982013E-4	4.12032326678866E-6	9.75889765057405E-9	5.465788340275153E-4	1.557004600101527E-4	2.896620939967405E-4	2.559512512786959E-6	1.7165197764834967E-7	4.034734275983839E-5	1.125031201594808E-6	6.996341045194768E-4	9.164055732066041E-10	9.1329084703006E-8	1.8949084796169526E-12	4.827492108350038E-6	4.7655102335092464E-5	6.168612515718062E-5	1.7488929125489856E-5	7.949841461487067E-6	8.763935236994211E-7	1.8630358840952437E-6	0.0	1.8630358840952437E-6	1.9909886613055502E-10	7.060435236149279E-11	5.2793866348070815E-9	1.0996136145566797E-4
5.775939017642986E-5	2.2155751982607213E-5	4.687908035800463E-6	9.131919157342558E-6	9.713854762208178E-10	6.922480156333936E-5	2.109165128368955E-6	1.0978122166261434E-6	6.707243439583595E-5	2.9948572330987113E-5	4.7610238878418057E-5	4.960609783407586E-7	5.4268310253990287E-8	6.9351994682419595E-6	6.574104746892685E-8	7.217649880509143E-9	1.4831366332953912E-10	1.1936534776090381E-8	2.8331643058175323E-13	2.077618981382461E-6	2.2117746702770767E-6	9.58014850810902E-6	1.9136516514560472E-6	1.6182563618929663E-5	7.451190483418034E-7	2.1223177634507738E-7	0.0	2.1223177634507738E-7	2.287187049039753E-11	1.249393401905699E-11	7.891367913173436E-10	1.9047853126365446E-5
1.0844841192891225E-7	5.4552135768441986E-8	7.013433374083058E-7	1.5259434345495892E-8	1.2826741851961491E-12	4.535636431123902E-8	1.3327678529703004E-9	9.150542489265278E-13	1.3500082310613545E-7	5.54032088680687E-8	1.0098861989180238E-7	9.65379021362064E-10	1.5377576194219842E-11	5.467863159560048E-9	2.8682104318376816E-10	8.326078566068088E-12	1.88199396288737E-13	2.7754416499063565E-11	3.085927591963154E-14	7.714302189021711E-10	5.404179825222874E-9	7.713783097227923E-9	4.430532689481982E-9	2.412602179216337E-9	2.5283105519598136E-10	6.15487202097466E-10	0.0	6.15487202097466E-10	7.728409088782922E-14	2.883490806894385E-14	8.633586908753247E-11	1.653358503740089E-8
0.013349919578319224	4.0271052653485036E-4	8.513936157519876E-6	5.57838110026622E-4	7.514442283286179E-8	2.033586545427937E-4	4.5856566985190395E-5	4.1301807527237926E-9	0.005600107650003865	0.007192158642480659	0.012984942201391353	9.313444400061283E-5	1.4356059946217334E-7	1.298413551109389E-4	2.0486958672964907E-6	2.459156145328474E-7	3.4228477040616046E-9	4.2748689090934627E-7	6.458784126411539E-12	2.794498374862908E-5	4.432727150269287E-5	1.222929170250496E-4	7.001188115070647E-5	6.632045090493686E-5	4.752885371116202E-6	2.1198279452611763E-5	0.0	2.1198279452611763E-5	2.8614288444711212E-9	1.253083735039496E-9	1.7982600338259737E-8	2.1297466600224922E-4
0.01346936778501677	1.94774672108989E-4	3.171433381818738E-6	3.5903675502784696E-4	2.6616660642815984E-8	9.48332473328868E-5	1.2159374411116538E-5	3.370049736645948E-9	0.0016871114036591083	4.167663260531399E-4	7.665557407752E-4	6.568770704928395E-6	5.856875993474872E-8	3.999139023714554E-5	1.0720988223706341E-6	9.261155990998539E-8	2.2285081550716884E-9	1.9713619008977856E-7	2.5267813805152205E-12	2.2367726893198385E-5	2.1854137118318156E-5	5.385300930160319E-5	3.0538199748605194E-5	2.169270404343425E-5	2.225669559341406E-6	4.285448002433165E-6	0.0	4.285448002433165E-6	4.5697801974344324E-10	1.6578709238109142E-10	7.022046743784268E-9	9.75750484819536E-5
0.012608526977613624	2.730422140105256E-4	4.895446809057671E-6	4.1823248302319993E-4	4.157990322164761E-8	1.3349154000034117E-4	2.8824575550545385E-5	3.4667515498157095E-9	0.003444311043117439	0.0068088084510807365	0.005241553054604427	1.1685031113168631E-4	8.604680522029161E-8	7.197185328796799E-5	1.3984935486191624E-6	1.560930270481209E-7	2.6449030031756745E-9	2.7142599012524123E-7	3.76661660897832E-12	2.3109167419378076E-5	3.04132181428924E-5	7.57635188126355E-5	4.362284974173474E-5	3.9113459570136236E-5	3.021288618026029E-6	1.2946572581325453E-5	0.0	1.2946572581325453E-5	1.7352658004833986E-9	6.519977025771753E-10	1.0477013595024372E-8	1.338605278693744E-4
1.3675884676228348E-4	2.611885446962865E-6	4.768878554329098E-8	4.246452569750367E-6	4.092900887639259E-10	1.288736104565435E-6	2.311231716856212E-7	3.655017791957204E-11	2.9330213863659033E-5	7.388867047073123E-5	5.1920686394768915E-5	4.051957589679442E-5	8.423127154880738E-10	6.703521284441886E-7	1.380797044689661E-8	1.4118075765604636E-9	2.63639587249809E-11	2.6778624927989036E-9	3.702516971033339E-14	2.4395229309567684E-7	2.9074916158212875E-7	7.467391805503401E-7	4.2616339556664533E-7	3.5473234015972407E-7	2.998924321677096E-8	9.785968087465716E-8	0.0	9.785968087465716E-8	1.2434750607024482E-11	5.026549118754859E-12	1.0298594322493044E-10	1.3275570118474124E-6
7.760727921269051E-8	7.98677664979757E-8	1.8397389950878057E-10	2.7482441283417154E-8	7.832004072930279E-13	1.2217417101485532E-8	1.2228593243674224E-9	1.4631303610108104E-13	1.2742509480211158E-7	3.4841934798897316E-8	6.560083826713102E-8	5.708359856415854E-10	7.164287892525252E-12	7.053636718259908E-9	7.607212457276892E-11	1.4664106489034564E-11	1.260529328383318E-13	7.252731414380046E-11	1.6797996668796806E-16	1.5571156910939027E-9	8.972109957534076E-9	1.2372760163776089E-8	5.666069125238293E-9	1.8568715647120775E-9	5.290301567463716E-10	5.800602276185644E-10	0.0	5.800602276185644E-10	4.274322493863941E-14	1.5693662993758688E-14	4.425499575694661E-13	2.3017909266044467E-7
1.4015601768792752E-4	1.9811170302028164E-4	4.635960255428788E-7	1.6328398554596167E-4	3.831198435787932E-9	1.9081500717975843E-5	2.2588673449175372E-6	2.0473880899517284E-10	1.9416031470877136E-4	6.54281943007712E-5	1.251768153135081E-4	1.1298040166033893E-6	1.2554597514756587E-8	9.049885310199739E-6	3.5708560748431884E-6	1.816935555141238E-8	4.786201509808689E-10	9.384565479837504E-8	2.5925675552386416E-13	1.935129655223053E-6	1.0648418827726854E-5	4.5480105048401996E-5	8.765491624443119E-6	3.4502084648931113E-6	7.4119503347756E-7	1.0802001852988307E-6	0.0	1.0802001852988307E-6	9.912882901083877E-11	3.434901547217604E-11	6.927199195148614E-10	1.7255507281801512E-5
1.6316005115491785E-5	4.886668601302327E-6	3.2069817461228445E-8	1.120388011521334E-5	2.65557839214323E-10	1.0367698036859961E-6	1.4813100261439937E-7	2.5264880829142932E-11	5.097098543461152E-5	9.872195256811062E-6	1.892144614467252E-5	1.47235247649195E-7	8.183061689685048E-10	4.5969023632044137E-7	8.7242001770772E-7	1.313398803195103E-9	1.9930625892922134E-11	1.5820080624107904E-9	4.02386385870672E-11	9.53279475425505E-5	1.8034829824082255E-7	4.5842131516398384E-7	1.903078050440071E-7	2.348656328135352E-7	1.83277136292724E-8	6.930873763773357E-8	0.0	6.930873763773357E-8	1.4961818479303688E-11	3.3922936099145185E-12	8.697139078497681E-9	1.231803275466826E-6
6.64303577550446E-5	1.4802095110261489E-5	5.187517102387258E-7	1.6486420183767423E-4	6.063970122955007E-9	5.465930198680943E-4	9.922510312641023E-7	5.285908822558489E-11	8.860072469957816E-5	3.396986935125586E-5	6.813598957937135E-5	6.142434117238864E-7	9.03875142382357E-9	4.9395643954607095E-6	9.404391513130602E-8	1.5816736602935873E-8	7.807986011599488E-11	2.221746548465258E-8	8.665401355697213E-14	2.9850125781389833E-7	1.5123871618840206E-6	7.152462594130855E-6	1.4639477017169473E-6	2.059499110953863E-6	2.547553539971531E-7	4.377257552666691E-7	0.0	4.377257552666691E-7	6.939689803744123E-11	2.0677470524181485E-11	2.3985298846841713E-10	1.25419431726301E-5
3.935432510951157E-9	1.9295099230298405E-9	1.116276311446058E-11	5.688364950620922E-10	4.9759771653724284E-14	7.852547713994148E-10	3.724990217089557E-11	1.0366786985139035E-13	6.628058337847997E-9	2.0087723295677705E-9	3.4097010004608573E-9	3.197105482704414E-11	2.292244018206861E-13	1.3322589114693003E-10	1.219081301086183E-11	2.4160987689702236E-13	6.0563525837638165E-15	1.408218424962108E-12	1.5853416855124824E-17	3.66180765240003E-11	1.9724430769563637E-10	2.5756655091445035E-10	1.6169638739621683E-10	6.098480665575128E-11	1.0750817695195608E-11	1.753474918708055E-11	0.0	1.753474918708055E-11	1.633576723235492E-15	7.726196349687124E-16	4.3883091072653373E-14	7.023173734410015E-10
1.1467537187192066E-7	1.8846871069851853E-7	9.990682674662454E-10	4.6293355223746414E-8	1.363475104727473E-12	2.2035232376634014E-7	2.432869872707333E-9	3.117245131271912E-12	1.7802685845390243E-7	4.997066787216071E-8	9.543337899191351E-8	8.300099830658444E-10	1.2325468608997475E-10	2.9181330758657425E-8	4.296221994736541E-8	2.988465524738465E-11	6.00529864456326E-13	1.3205935665716986E-6	4.951949877313089E-7	1.8287207867443832E-9	1.6527956971004425E-8	3.715956811322592E-8	1.2265360761062089E-8	9.724146805979509E-9	8.133740100797377E-10	7.951961538892917E-10	0.0	7.951961538892917E-10	6.633857059820552E-14	2.360607118873494E-14	1.4255317947440226E-12	9.743314243213193E-8
1.0392803914274738E-8	1.8787173726711904E-8	2.546771914517594E-7	4.394158394277303E-9	1.1122743278646857E-13	2.3034817555423828E-8	2.299122849102392E-10	4.127336152619102E-13	1.6181804394010732E-8	4.47792572572078E-9	8.607717896478597E-9	7.438852750470159E-11	1.114907864262431E-11	2.630340570235943E-9	9.388088995316616E-11	2.7247348856530687E-12	6.184849271947528E-14	7.775951027150228E-12	1.8676054919087535E-16	1.918193086453929E-10	1.8324366409278949E-9	3.4772720270808805E-9	1.3539047888444596E-9	8.840931492105633E-10	7.966164716473697E-11	7.697035489813972E-11	0.0	7.697035489813972E-11	1.0662480524453051E-11	2.1246461641175907E-15	5.197396105279084E-13	9.404031863124496E-9
2.384443323198731E-5	2.3735211861228856E-4	4.282600513225824E-8	4.6705612873960934E-6	2.1303094336723063E-10	2.638854225332661E-6	3.11651015423557E-7	5.451771461891085E-11	6.163134943236902E-5	1.2461186561069373E-5	2.3782716946624214E-5	1.883049016465454E-7	1.4286633846160145E-9	7.886627060700874E-7	1.8926459961216566E-8	2.1088216838754535E-9	3.829982278156248E-11	1.50764953554869E-8	3.52176341162646E-14	9.565341992362361E-5	4.433817201420851E-6	2.5824149517109768E-6	7.021962949967652E-6	4.164740725430045E-7	1.1032051506227787E-7	1.5091624284247086E-7	0.0	1.5091624284247086E-7	1.263425186353155E-11	4.447224448077338E-12	9.29085749930552E-11	2.183227183217921E-6
1.2892610250172254E-4	4.2627668184264E-5	5.230579573929477E-7	3.637790113445503E-5	3.1291024841355633E-9	1.641399161998335E-5	1.3345752121432407E-6	1.6140134395034537E-9	2.777940642765307E-4	7.090806687620284E-5	1.3244884692433762E-4	1.1369244379527311E-6	6.942115200594675E-9	1.7101684677791145E-5	2.4287383854017605E-7	5.3903207188604055E-8	1.0653090085992437E-9	2.644600342994017E-8	2.970201210539776E-13	2.1147745000971846E-5	4.103419392367673E-6	8.347183389248094E-6	3.708442872539418E-6	1.9914033101069655E-6	2.9967346645477766E-7	6.361247897238438E-7	0.0	6.361247897238438E-7	8.269840293713259E-11	2.994264610609756E-11	8.241433847264636E-10	1.8029460423443732E-5
1.0487582682625765E-4	5.765815564068342E-5	2.094910129618004E-7	1.804844048817374E-5	8.961807114671719E-10	7.659354808027504E-5	1.9365737702822394E-5	2.569441019601231E-10	1.1467369786232888E-4	3.628161090089264E-5	6.959396902989773E-5	6.197768478496068E-7	6.821877389328793E-9	1.876329616853227E-4	1.0430621138363691E-7	9.615501347817164E-9	1.7649481581523847E-10	1.429764248257785E-7	1.6718006443931531E-13	2.6326737458313554E-6	2.2047241387595243E-5	9.029172618968484E-6	1.6230184928581786E-4	8.884627810683518E-6	1.2086059757344838E-6	1.0426711141059683E-5	0.0	1.0426711141059683E-5	5.1862713189412616E-11	1.849648345764073E-11	4.490748535955334E-10	1.0070202375985812E-5
9.432679248755334E-5	8.945310398633896E-6	1.2499025280731552E-7	7.421759572398804E-6	1.0044243623325802E-9	4.092199652171306E-6	6.978890088278E-5	1.283254419408955E-10	1.335305469946612E-4	5.056440613731755E-5	1.0070735514435782E-4	9.092403543990168E-7	2.1672194487638937E-9	2.183854130118141E-6	3.8005870418131006E-8	6.020772696827748E-9	9.561318852097244E-11	7.394521405242496E-9	9.418233779160201E-14	9.654174137514537E-5	9.653664788737925E-7	1.939772657278413E-6	1.137702594515489E-6	2.6691490154158275E-5	7.456615773168634E-8	3.781997110366651E-5	0.0	3.781997110366651E-5	8.728350914782576E-11	2.9851942007836084E-11	2.616837924401016E-10	3.539351426404591E-6
6.26642262818516E-5	8.350712371798711E-6	1.3115508645933613E-7	5.387971103153416E-6	1.1600794035751451E-9	4.48584997948255E-6	6.052203949738431E-5	2.5578368273696407E-10	7.016262742101882E-5	3.373961763096331E-5	5.067538427728075E-5	5.510429073304528E-7	2.2005884496057732E-9	1.8782167629667057E-6	4.403738033754818E-8	5.638456555446926E-9	1.4596632489255284E-10	7.399633587923702E-9	1.046776636951757E-13	2.761118650504776E-6	8.387157072987016E-7	1.9448816879584254E-6	1.092739038300832E-6	1.9661932296710376E-5	7.395411829349942E-8	5.1167717600836934E-5	0.0	5.1167717600836934E-5	1.9111135346482347E-11	1.2999889476274201E-11	2.912272129232089E-10	4.264706585119359E-6
5.133354309684303E-6	2.3391096602805734E-6	2.549998721854348E-8	3.048168593994089E-6	8.176683148397011E-11	3.8051278819773816E-7	6.690410657902724E-8	4.1888321508844056E-12	6.685885529100126E-6	2.614410704203592E-6	5.005718083866949E-6	4.6320321523161264E-8	2.2684758464710026E-10	1.464830656683078E-6	2.94061613422041E-9	2.7122342477590308E-9	9.568517141672446E-12	1.4262747383997224E-9	1.2848687480589653E-13	3.7323870592691534E-8	2.3691575606602025E-7	6.040695768681043E-7	1.932214019597137E-7	8.33981837961281E-8	1.8099117706363717E-8	3.294482934393662E-8	0.0	3.294482934393662E-8	4.0673093091471195E-12	1.458708615528986E-12	3.5902411225862165E-10	3.0217554340318234E-7
1.4232312311295215E-5	2.2109113755488136E-6	2.947393760686536E-8	1.3137125037587155E-6	2.550067147079794E-10	1.0210833815810036E-6	3.8444980319516244E-5	5.563817536329271E-11	1.7209424179001485E-5	7.66647537304157E-6	1.1697465874105323E-5	1.2468518238718975E-7	5.098221256105042E-10	4.3802842141969334E-7	9.749380951186164E-9	1.2829508787240354E-9	3.1972249601925496E-11	1.9802173639528317E-9	2.34801490529371E-14	6.026376863051213E-7	2.261167035884582E-7	4.866065909542038E-7	2.660948203240495E-7	1.4423477071454914E-5	1.8890538946801393E-8	4.992707732678041E-5	4.988758766667194E-5	2.4983246340812967E-5	4.5465737437718165E-12	2.9428676772499065E-12	6.519424699390917E-11	9.686089317611373E-7
4.272524670173571E-6	6.64471743509727E-7	8.882992434632097E-9	3.9491163704093333E-7	7.653129299403274E-11	3.0753810880490696E-7	1.1533510710586856E-5	1.6708707779600763E-11	5.166444128141965E-6	2.3012986427181034E-6	3.511918780178844E-6	3.74297998289193E-8	1.5383620255888704E-10	1.3180285512225137E-7	2.9267201179827767E-9	3.855329350241779E-10	9.596428864580607E-12	5.946488552921425E-10	7.048700622798969E-15	1.8080775084768244E-7	6.795447298543106E-8	1.4622695323933386E-7	7.992599532813825E-8	4.327113252946648E-6	5.678358133296131E-9	1.1864519437916051E-8	2.3103926821614112E-9	1.2483780012421668E-5	2.3998514590089516E-9	7.591228844884204E-11	1.9571107685072298E-11	2.9116726785740764E-7
1.3520641580041743E-5	2.100357244852517E-6	2.800012658650501E-8	1.2480217911213308E-6	2.4225539144009786E-10	9.700252582805612E-7	3.65225824224928E-5	5.2856051132152954E-11	1.6348886325275404E-5	7.283121915393007E-6	1.1112547281092831E-5	1.1845044041518138E-7	4.843290450058524E-10	4.161253040510449E-7	9.261874148423486E-9	1.2187983664650684E-9	3.037351330691301E-11	1.8811988272160645E-9	2.2306050671665447E-14	5.725034682305711E-7	2.148099927552711E-7	4.622743769862529E-7	2.5278904883585006E-7	1.321849615610292E-4	1.7945938844443264E-8	3.7515024176461973E-8	0.0	3.7515024176461973E-8	4.319227449638006E-12	2.7957128969132973E-12	6.19342821746399E-11	9.201747341628992E-7
6.054159532502694E-9	1.0342522188371294E-9	3.2861707955668425E-10	5.263150721432465E-10	6.922075190210963E-14	1.0579052445350698E-9	3.286414842350383E-11	1.4017739247482533E-14	3.81586144480405E-9	2.283596118267158E-9	3.401590580758227E-9	3.817308609242271E-11	2.5004597064770014E-12	2.3647471744050145E-10	5.495001878357739E-12	2.899070528946309E-13	3.712019282248491E-15	6.946090686354742E-13	1.319863906631209E-15	2.1752139224842017E-11	1.0529630367485329E-10	2.644780330497618E-10	1.136687944462489E-10	9.132319234967399E-11	5.6675784383568743E-11	1.324926183457181E-11	0.0	1.324926183457181E-11	1.5639138842199985E-15	7.253825953605002E-10	3.692821912100084E-12	5.875130068583403E-10
1.1982308724474188E-9	3.203820541088068E-10	4.720934927893973E-12	2.0367241525404036E-10	1.8401303578115536E-14	5.655602680177283E-10	1.1544071330414703E-11	2.0203567494225985E-15	1.0459415705819164E-9	6.036648791256682E-10	9.12064196616037E-10	1.0109996484294377E-11	4.885915334464161E-13	1.2722941357262697E-10	6.525320750785892E-13	1.3189469081441304E-13	1.0207180278767626E-15	2.473831429463936E-13	1.885492466429843E-18	6.978634376366274E-12	3.413395511151152E-11	1.4565622938102124E-10	3.1921941727096076E-11	4.473372686023081E-11	3.1213491825537953E-12	3.868598536689539E-12	0.0	3.868598536689539E-12	3.96442324767765E-16	2.5255110728922256E-16	5.198198252956682E-15	3.550690638119239E-10
1.2493898578932472E-8	8.54397580577735E-8	3.3283864947320455E-11	4.297937024510595E-9	9.209683294363243E-14	1.0169512645509775E-8	1.7064667392647613E-10	4.818567224389788E-14	1.1914415473292188E-8	3.6049419386513074E-9	6.932260443131112E-9	6.109975602359908E-11	7.188687816997845E-12	2.3444541652505443E-9	9.313484396543307E-12	2.7005827722099147E-12	2.073129291032402E-14	9.174531954641877E-12	7.558589252654987E-12	1.9432209347491946E-10	1.2273269407787247E-9	3.293331795140623E-9	8.833660555682147E-10	3.211026160969124E-10	1.8313444329831915E-10	7.732057551902001E-11	0.0	7.732057551902001E-11	9.499808063198855E-13	1.8039330320153846E-15	2.1149154636794915E-8	3.1102001162415874E-9
2.75114447710054E-4	1.4774471933702825E-5	2.6218548351366573E-7	2.004306085913258E-5	2.0100893910437646E-9	7.155980673161615E-6	2.2968779975362E-6	1.036360691941063E-10	8.914282442275536E-4	1.6959819749068838E-4	3.250449843172777E-4	2.512317419579351E-6	4.537483957902672E-9	4.540803643905766E-6	6.713604705216725E-8	9.598841365445573E-9	1.0891733387609342E-10	1.3454235462896216E-8	1.8239140254471E-13	6.787602795263052E-7	1.6206070941821982E-6	3.661396234925881E-6	2.4218629290279556E-6	2.498638772786329E-6	1.4090797769811402E-7	1.1442817875203538E-6	0.0	1.1442817875203538E-6	1.6288175635868184E-10	5.683122672762832E-11	5.073206557890079E-10	6.578287899025144E-6
