32
NULL,open@__open_nocancel,fstat@_fxstat,mmap@__mmap,read@__read,munmap@munmap,open@__open64,close@__close_nocancel,rt_sigprocmask@sigprocmask,exit_group@_Exit,rt_sigaction@__libc_sigaction,sched_yield@sched_yield,mremap@mremap,time@time,read@__read_nocancel,mprotect@__mprotect,madvise@madvise,lstat@__lxstat64,openat@__openat64_nocancel,write@__write_nocancel,syslog@__syslog,getpid@getpid,writev@__writev,close@close,stat@__xstat,socket@__socket,fcntl@fcntl,connect@__connect,getdents@__getdents64,lseek@llseek,getrlimit@__getrlimit,write@__libc_write
0.9478630107797781	0.0026309546829592304	2.900987765202969E-5	0.001990409361262442	1.8416879730093547E-7	0.001618666933208744	1.8513032079030693E-4	1.578451372443698E-8	0.046990428128345925	0.011276353755233363	0.021123558633489223	1.773677382796322E-4	7.384608445544074E-7	4.7755171419014224E-4	1.731813229403176E-5	1.0165664370651703E-6	1.5375485491189532E-8	1.7810984788726794E-6	1.776501389138576E-11	7.459890706623487E-5	3.7230062441871085E-4	4.5364504583996764E-4	2.8948241680605894E-4	2.584944108189197E-4	1.3087315728830046E-4	8.898923248696472E-5	0.0	8.898923248696472E-5	1.2191712160823014E-8	4.523171528770722E-9	4.920610835725953E-8	0.0010357420944040038
5.551976666381218E-4	9.824147519028278E-4	4.8868366526624454E-5	6.092114561261904E-4	1.486706462437218E-8	2.988126717460629E-4	7.824233289869153E-6	2.6146354529659426E-6	0.001159104953494868	3.1449947254261104E-4	5.857879394458764E-4	5.094913934212195E-6	5.4100335674874936E-8	4.856955555346676E-5	4.866732506006894E-4	1.724990187643425E-7	4.8977873554783794E-9	2.7477764813501326E-7	1.183998703108226E-10	4.1446282881867097E-5	0.0019348985728262745	5.836577032121248E-5	3.8627379335183654E-5	1.3408675076393128E-5	2.1806023132502586E-6	3.6291727535386364E-6	0.0	3.6291727535386364E-6	3.942053849638946E-10	1.374496726598999E-10	2.5510973621746248E-8	1.0610568441035567E-4
1.6317393794967673E-5	6.21903649079589E-6	2.0809591917783757E-7	1.2007738500602468E-5	2.0738949638642535E-10	5.469435257587876E-6	3.208436076733712E-7	7.214944178703116E-11	2.343472481119003E-5	9.485596346064127E-6	1.7614019039319123E-5	1.658663499475806E-7	1.4258176777263743E-9	6.955016702252955E-7	7.995923995120473E-9	1.3287839461172418E-9	1.9370054931532318E-11	4.362617528567424E-9	7.265276816852841E-14	1.1809815413289773E-7	6.622861893943176E-7	8.935538369510629E-7	1.3361037329045577E-6	8.602603066352683E-7	1.159788935635201E-8	1.5718040250962082E-7	5.5169441107281065E-8	1.5718040250962082E-7	2.070187719581049E-8	6.522306282933861E-10	2.0195438849519083E-10	2.0824502249481566E-6
3.2356329890163144E-4	3.595211390995885E-4	1.801845972147329E-6	0.002924057442339914	1.3677586899716845E-8	0.003978970246361647	2.1802273655689403E-5	8.208072053082954E-9	5.628085971120739E-4	1.6284901294543686E-4	3.1044104424285233E-4	2.711434216573461E-6	3.8892626986805007E-8	2.146239060181338E-5	4.77747460342689E-7	8.908219603673337E-4	1.7778532216685216E-9	2.867499810916355E-7	1.3419235943272023E-12	1.7884366178569346E-5	2.009339988242129E-4	4.1042437560830184E-5	1.7376686121914995E-4	1.5081172778309292E-5	6.018765882118755E-7	1.1419075731935327E-5	0.0	1.1419075731935327E-5	2.3385438742056313E-10	7.82520929684508E-11	3.6929557839454086E-9	8.387482024590895E-5
2.8824278062787763E-8	8.609144499004588E-8	8.181556809392058E-11	8.20906251865328E-9	3.3240426981076616E-13	4.466794534104628E-7	4.5521742028760733E-10	4.80768814471193E-13	6.078589839710612E-8	1.5013838855071898E-8	2.76062070270634E-8	2.356809667719349E-10	2.430664916952121E-12	1.297366307157685E-9	3.730556571305581E-11	2.778186948588551E-12	3.167239902467497E-13	2.4214726076806325E-11	1.0278127881534425E-16	6.195281435584661E-10	8.076482297569387E-9	4.124239136244736E-9	5.976681088540929E-9	6.37687800333098E-10	3.1722636778000044E-11	2.1943420497426083E-10	0.0	2.1943420497426083E-10	1.5388965129947512E-14	5.90663591065397E-15	2.7864805800746473E-13	5.166688353554646E-9
6.488391007595146E-4	3.8889000863835763E-4	3.963287972146979E-6	0.0010822829694621936	2.5629848173481757E-8	0.0011156698035162192	9.867222655888661E-6	2.3188707628562043E-8	0.0013249368471776974	3.78126494843688E-4	7.026777979967034E-4	6.192352689577594E-6	4.075955530091522E-7	9.598546800820391E-5	2.6838191320225776E-6	0.0016628468272731605	2.184610611588877E-9	2.1691801879432084E-7	4.508917746821478E-12	1.1492537629491198E-5	1.1329182057753594E-4	1.465441765501515E-4	4.1485898758948626E-5	1.890047459387333E-5	8.785644603179307E-7	4.468111183390005E-6	0.0	4.468111183390005E-6	4.805547243000975E-10	1.7051950883508342E-10	1.2562457445421651E-8	2.613246038287689E-4
1.2354657533523647E-4	5.263287872388116E-5	1.1117073775063084E-5	2.1805780086773727E-5	2.3306646927779086E-9	1.6440473948575832E-4	5.02512833646731E-6	2.6092103034233387E-6	1.6433613544240293E-4	7.275344986893032E-5	1.1589654559750774E-4	1.2000962900518592E-6	1.2887639292572224E-7	1.6501354722668753E-5	1.579541697602092E-7	1.7223287205587162E-8	3.5371240673224185E-10	2.8349192094518252E-8	6.740319233250835E-13	4.941894541506314E-6	5.262598331500302E-6	2.2757213775170603E-5	4.536731445368996E-6	3.839397869003183E-5	1.5600941612487348E-6	5.120270225233409E-7	0.0	5.120270225233409E-7	5.5721661654999425E-11	3.0210656184776376E-11	1.877452242576415E-9	4.526552736126542E-5
2.3199733365026034E-7	1.2930286788223116E-7	1.6651741855916767E-6	3.635306243391107E-8	3.0859158247878648E-12	1.0750582589130767E-7	3.190191034220049E-9	2.172123992512462E-12	3.298699632329825E-7	1.3449715290562961E-7	2.449870681840327E-7	2.332442394424518E-9	3.630498762858244E-11	1.2998099081142059E-8	6.848928130493611E-10	1.9870757855520207E-11	4.490503899107642E-13	6.565273955686194E-11	7.340862013234518E-14	1.8346846419993052E-9	1.2821970306741784E-8	1.824613545173794E-8	1.0482436932403235E-8	5.724961506707195E-9	1.7447592068603684E-10	1.4757069274147535E-9	0.0	1.4757069274147535E-9	1.8624237738820581E-13	6.947551386727168E-14	2.0537754246026096E-10	3.918017605001774E-8
0.028306863285791555	0.0010185734600473494	2.0863445117595086E-5	0.0013773478298331695	1.8372611157686657E-7	5.189771690431932E-4	1.1385612001541216E-4	1.0189931165402663E-8	0.014493867097882068	0.017465654307086357	0.03151371349372646	2.263191213725247E-4	3.5726840165776433E-7	3.2060202699194564E-4	5.304018985223637E-6	6.107004278753801E-7	8.536548201904941E-9	1.058847433322917E-6	1.5818042749929208E-11	6.845848784129195E-5	1.1409130682208056E-4	3.0154044664048907E-4	1.7314287093111007E-4	1.6392338330455258E-4	9.638796395990248E-6	5.2731997327996854E-5	0.0	5.2731997327996854E-5	7.129911248560335E-9	3.1002115150543088E-9	4.4035753609005766E-8	5.308152408383067E-4
0.028380955236455247	5.24072587098955E-4	8.176287235565752E-6	9.00084096895768E-4	6.769884304235378E-8	2.6212461067928E-4	3.3305443107337186E-5	8.367478376450855E-9	0.005134262682574692	0.0012655068051747656	0.0023345341375130154	1.9889070324518783E-5	1.557207476299509E-7	1.062494912624783E-4	2.9628670518688047E-6	2.442070525147285E-7	5.663048837020633E-9	5.100680435670593E-7	6.423876454826783E-12	5.4930673541193804E-5	6.0648094541840224E-5	1.3847156959572539E-4	7.920835122634795E-5	5.754851981714185E-5	6.487732674801148E-6	1.2310042249444675E-5	0.0	1.2310042249444675E-5	1.37964428820271E-9	5.029116957203359E-10	1.784863124229454E-8	2.5586007609809685E-4
0.026667453663037362	7.074124387122315E-4	1.2244165936955381E-5	0.0010410246247679004	1.0336019768858035E-7	3.5178593374127985E-4	7.293429903938881E-5	8.591982979972145E-9	0.009278089219824901	0.016498123325530484	0.01302168377724567	2.821303327876776E-4	2.2008961544779412E-7	1.8208921606325097E-4	3.725699379551213E-6	3.9495570171158265E-7	6.6523832522673975E-9	6.85416940286144E-7	9.37356837794646E-12	5.675769415516491E-5	8.058022442160216E-5	1.9028139158627498E-4	1.1007618927803604E-4	9.882863347836362E-5	7.21091373558732E-6	3.290464450860569E-5	0.0	3.290464450860569E-5	4.4209324938406745E-9	1.659213467914367E-9	2.606892816055365E-8	3.412868993823309E-4
2.891819015340316E-4	6.843992392685632E-6	1.2001417837754076E-7	1.0601448926837665E-5	1.0216008882675218E-9	3.4399833639072663E-6	5.969701085041411E-7	9.071654985913967E-11	8.150592764517659E-5	1.7900628454209686E-4	1.2946797130910753E-4	9.635181885900499E-5	2.1724469066708933E-9	1.7126459543863916E-6	3.7165440098263905E-8	3.614270721188621E-9	6.661736611495505E-11	6.802920815531402E-9	9.255380349402593E-14	5.996487554066601E-7	7.812377213374756E-7	1.8858716898706441E-6	1.0825680706562617E-6	9.067304291602021E-7	7.521179076928802E-8	2.5554089415126567E-7	0.0	2.5554089415126567E-7	3.2738197455971093E-11	1.3123931489502765E-11	2.573944671993382E-10	3.406845658925348E-6
1.6998365357749542E-7	1.8911890016962888E-7	4.132277665931397E-10	6.50330727705729E-8	1.8801173329881784E-12	2.8125201113574383E-8	2.901728490485799E-9	3.375786364991679E-13	3.084134415345723E-7	8.446449822857617E-8	1.5883822653101047E-7	1.3784414547747912E-9	1.648339428529092E-11	1.6670646728390413E-8	1.823436081376503E-10	3.478885735289759E-11	2.9921316700169865E-13	1.7193696024379267E-10	3.9408730191968813E-16	3.692239368399215E-9	2.1258622118579468E-8	2.923441102333595E-8	1.3326302116940642E-8	4.3431450113409244E-9	2.0373177577204422E-10	1.3799244176929415E-9	0.0	1.3799244176929415E-9	1.030366555792114E-13	3.782410299160222E-14	1.0375634105389971E-12	5.467194436101118E-7
3.0413637633183374E-4	4.701449075351539E-4	1.0731976905748724E-6	3.8788491463847115E-4	9.150021343121522E-9	4.43118528403578E-5	5.379595258451101E-6	4.749073418589061E-10	4.724406040986547E-4	1.588382884840106E-4	3.034100991517659E-4	2.730106808544804E-6	2.9204131382919577E-8	2.1435199405046624E-5	8.493731660117236E-6	4.3192945697681075E-8	1.13932097610819E-9	2.2256489640944673E-7	6.113109406898095E-13	4.594104809427399E-6	2.5245422897882765E-5	1.0791275679738541E-4	2.0673607276607446E-5	8.130952116842709E-6	4.257606430057884E-7	2.577110163977825E-6	0.0	2.577110163977825E-6	2.3863001979060824E-10	8.274590901396184E-11	1.6329780448175955E-9	4.064307992844726E-5
3.472950028605027E-5	1.1669560039238212E-5	7.649498069785458E-8	2.669288942980516E-5	6.376813292919085E-10	2.4891483568490765E-6	3.577692367773466E-7	6.029716004535243E-11	1.2261079707823674E-4	2.393416941058227E-5	4.5797732491797654E-5	3.562087337402845E-7	1.954311952087332E-9	1.1051930171664384E-6	2.0767623640900583E-6	3.151717438799147E-9	4.7842155836413935E-11	3.794509744658042E-9	9.56435849783273E-11	2.265716158792886E-4	4.366690337848669E-7	1.0982126469855856E-6	4.569750934572374E-7	5.640608581009291E-7	2.3383628699513656E-8	1.6754723158493539E-7	0.0	1.6754723158493539E-7	3.598643420464426E-11	8.218591411495605E-12	2.0690146675130015E-8	2.950608971446613E-6
1.4206089527973845E-4	3.512400683694698E-5	1.2287174154894482E-6	3.9195142320166965E-4	1.4436893442433442E-8	0.0012990294195710313	2.3757438410160806E-6	1.2468104254280956E-10	2.16349503187807E-4	8.252329712234955E-5	1.6511764871404117E-4	1.4844111771842387E-6	2.1415269686486842E-8	1.1763607085430152E-5	2.2550681549957458E-7	3.767503649353674E-8	1.8702123531639533E-10	5.2736135791299486E-8	2.0660379428600849E-13	7.133639942114745E-7	3.597733703075526E-6	1.6982163095425258E-5	3.462264048759639E-6	4.897407902610102E-6	3.7339387503232226E-7	1.0496657298723018E-6	0.0	1.0496657298723018E-6	1.666356972764249E-10	4.976488918446043E-11	5.719321829603891E-10	2.9813193692584243E-5
8.444294065455103E-9	4.585290569239471E-9	2.6227331775356125E-11	1.3573893611835828E-9	1.1968962981419453E-13	1.8576263690400522E-9	8.943278898925431E-11	2.4628990282342274E-13	1.608496796542518E-8	4.878732122835087E-9	8.286667545126767E-9	7.73852147633692E-11	5.385850146815489E-13	3.1749508053520575E-10	2.9098652678294063E-11	5.784401592982531E-13	1.447154593070057E-14	3.347384936593619E-12	3.7712667622017203E-17	8.728836936409498E-11	4.693138052144658E-10	6.113280720289809E-10	3.8319040678581443E-10	1.4497706995111407E-10	6.982632072722715E-12	4.2170683036130805E-11	0.0	4.2170683036130805E-11	3.9742436612317375E-15	1.870603233584462E-15	1.043925304923337E-13	1.6680017032668344E-9
2.511122402086351E-7	4.462486300037748E-7	2.3341908946830274E-9	1.0945111798593969E-7	3.265647890149615E-12	5.222981598831861E-7	5.764077456855845E-9	7.3924327796783E-12	4.3087480485858584E-7	1.2106813130256486E-7	2.3088264660655725E-7	2.0027250769220694E-9	2.9209849136502203E-10	6.920032634655718E-8	1.0213510524708298E-7	7.088124859770518E-11	1.4263433869356888E-12	3.1387027035391414E-6	1.176948399173087E-6	4.322783639425791E-9	3.9109938236265174E-8	8.797050293580575E-8	2.8872558796540593E-8	2.2959441872020964E-8	3.2493862592598583E-10	1.8869633054362923E-9	0.0	1.8869633054362923E-9	1.5966639920571782E-13	5.6826815740519555E-14	3.3654530594065454E-12	2.309690058952189E-7
2.2822181519761273E-8	4.448358473166903E-8	6.052967720548808E-7	1.0384264424274866E-8	2.6640491740664E-13	5.460484176570514E-8	5.44374308961149E-10	9.79318132441612E-13	3.914247746949694E-8	1.0844123972659956E-8	2.0813771298138452E-8	1.794090984670755E-10	2.641389983896599E-11	6.235311664266598E-9	2.23343126400328E-10	6.459876361544973E-12	1.468553174599747E-13	1.835685927334119E-11	4.4332293670780644E-16	4.5351621916529366E-10	4.338134267216595E-9	8.230120052221077E-9	3.190309650261183E-9	2.0861634814274846E-9	3.0877543937357294E-11	1.8250783251372924E-10	0.0	1.8250783251372924E-10	2.534208865683822E-11	5.112073432493672E-15	1.2337704489925067E-12	2.2289965278672723E-8
5.172807072524519E-5	5.642782635395631E-4	9.746139068509866E-8	1.1096918871852164E-5	5.137749586499019E-10	6.121736953161246E-6	7.441172137660658E-7	1.2792842047769552E-10	1.4841707043962188E-4	3.0210887899939815E-5	5.757233552901702E-5	4.5539122080251203E-7	3.30186865427628E-9	1.8659720920783063E-6	4.56382120317674E-8	5.023228410691489E-9	9.132581311300744E-11	3.58535143052265E-8	8.307881896517752E-14	2.273445276130613E-4	1.0554796176222677E-5	6.12319971988358E-6	1.670509880711319E-5	9.813419177958293E-7	4.806565245547383E-8	3.610524347893643E-7	0.0	3.610524347893643E-7	3.055624145170305E-11	1.0761750350006741E-11	2.1906787687272716E-10	5.141927629031207E-6
2.752111714885582E-4	1.015391637776191E-4	1.2402068139437665E-6	8.679296392429775E-5	7.487708126968457E-9	3.902814895688078E-5	3.2114613196127437E-6	3.836077046506248E-9	6.716079705010986E-4	1.721246192849465E-4	3.2112262417805036E-4	2.7506314282596254E-6	1.646751200365032E-8	4.071994594351486E-5	5.814965065886691E-7	1.2831264960505595E-7	2.5357154023322512E-9	6.301191153986202E-8	7.087306553718291E-13	5.027606797560605E-5	9.79625495896595E-6	1.9870318817089802E-5	8.82161767066514E-6	4.762207152746728E-6	3.8766308961182185E-7	1.5320986960666853E-6	0.0	1.5320986960666853E-6	1.9982213005538986E-10	7.237266795268902E-11	1.9665674837640842E-9	4.29450474233686E-5
2.3519209306527115E-4	1.3379224274694723E-4	4.3659344874449477E-7	4.167919036699528E-5	2.1415445597993856E-9	1.803858874166165E-4	4.621346888203818E-5	5.841334644066927E-10	2.7835621212986327E-4	8.785242377844757E-5	1.6831181341449736E-4	1.4938888307647074E-6	1.4756371432500615E-8	4.4563273509354734E-4	2.4859771558050483E-7	2.2501748563537155E-8	4.157941448912222E-10	3.385377184423309E-7	3.8076832025631856E-13	6.227561370016945E-6	5.22626813435632E-5	2.079206398722728E-5	3.873518669636818E-4	2.0990125622010648E-5	3.8474884340573083E-7	2.489403644219663E-5	0.0	2.489403644219663E-5	1.2469868088497635E-10	4.445888101771232E-11	1.0218930938941595E-9	2.283711394718565E-5
2.005319778362617E-4	2.1640160169356845E-5	3.0006181166354317E-7	1.798890989184563E-5	2.4259705795657572E-9	9.9213403654268E-6	1.6590637034834648E-4	3.0701626480400793E-10	3.260846513943761E-4	1.229038409917811E-4	2.4420051562533044E-4	2.198672489086499E-6	5.232003982839605E-9	5.272218136063301E-6	9.346348863466025E-8	1.4497572637771419E-8	2.3011407766344739E-10	1.7841700017221658E-8	2.2703506142676576E-13	2.2946818538136814E-4	2.35023031298316E-6	4.676555489619529E-6	2.7430427711824264E-6	6.347973835332803E-5	1.0472585861306827E-7	8.990605912448058E-5	0.0	8.990605912448058E-5	2.1006045658639904E-10	7.19073586627203E-11	6.308090701927846E-10	8.564422245647858E-6
1.3340510783540135E-4	2.0056598259188106E-5	3.1289564543919874E-7	1.30195720775442E-5	2.7837052487196107E-9	1.0759083432107035E-5	1.4386647570431037E-4	6.089326827376673E-10	1.723770165931852E-4	8.201322612667826E-5	1.2360550295055056E-4	1.3342109037216656E-6	5.267167685781461E-9	4.514092740609577E-6	1.0672959640133638E-7	1.3515803139777102E-8	3.487503826534275E-10	1.773693656827041E-8	2.508270360457778E-13	6.5710385271100295E-6	2.0256088171193273E-6	4.6592659291749004E-6	2.617412486015981E-6	4.6754624803634774E-5	9.953006707993773E-8	1.2162278286871927E-4	0.0	1.2162278286871927E-4	4.699276697182094E-11	3.1498265472130144E-11	6.978336426293141E-10	1.0224317892307854E-5
1.1000131880239706E-5	5.562102508587208E-6	6.028158703996771E-8	7.254178911624768E-6	1.9632547600453097E-10	8.970368374191191E-7	1.6041391729486423E-7	9.867404495175345E-12	1.6339986577796767E-5	6.354158121420941E-6	1.2145518813203585E-5	1.1201583448238681E-7	5.334047089308954E-10	3.4833835138201373E-6	7.144478297390894E-9	6.452900467785754E-9	2.2866400056670348E-11	3.392681998201136E-9	3.056824612611498E-13	8.912388724380974E-8	5.641362347993978E-7	1.4361295317650406E-6	4.583861172475368E-7	1.9872548543513786E-7	2.2353706527541475E-8	7.904813966333515E-8	0.0	7.904813966333515E-8	9.79749673498598E-12	3.5152849185144346E-12	8.541540379395094E-10	7.185332011756811E-7
3.032249552805893E-5	5.297619322080096E-6	7.019296048062241E-8	3.1681715557084874E-6	6.120176431905356E-10	2.4438601574945167E-6	9.137836364558452E-5	1.3240861982715944E-10	4.217182074239268E-5	1.8632244393403085E-5	2.8515575896464205E-5	3.0186860702173134E-7	1.2171878006818782E-9	1.05166440049823E-6	2.3634846759329124E-8	3.0742675517249107E-9	7.639096254616786E-11	4.737510035577967E-9	5.622869631357566E-14	1.4341794596946745E-6	5.442247837710785E-7	1.163822675684253E-6	6.362225940932602E-7	3.428567126065749E-5	2.2849349982616962E-8	1.1866589006399594E-4	1.1856969052192398E-4	5.93809565009888E-5	1.1160701146044622E-11	7.129799427792805E-12	1.5612539762270279E-10	2.3198597356083502E-6
9.102875089549953E-6	1.5921139183770326E-6	2.1155176090220076E-8	9.523450769836431E-7	1.836757524481714E-10	7.360278011335409E-7	2.7413548840869474E-5	3.976344078489677E-11	1.2660367633887211E-5	5.592965014097714E-6	8.561162247684658E-6	9.061913846137597E-8	3.672810485814443E-10	3.164359683959771E-7	7.095061611197564E-9	9.23820588716072E-10	2.292861441527698E-11	1.4226222482972304E-9	1.6879608955494693E-14	4.3029274916558323E-7	1.6354949923073724E-7	3.497249972040365E-7	1.9109520319193253E-7	1.0285867056733691E-5	6.860190320707496E-9	2.8901936224773698E-8	5.491196470319758E-9	2.9671368717728354E-5	5.703922953165178E-9	1.8046420375092564E-10	4.686794453674621E-11	6.973425661056808E-7
2.8806253325535206E-5	5.032717840550977E-6	6.668304062912754E-8	3.0097507089429144E-6	5.814143909471344E-10	2.32165768558944E-6	8.680909159379096E-5	1.257876760735664E-10	4.006306639175846E-5	1.7700560018979744E-5	2.7089686672950957E-5	2.867740076619965E-7	1.156323696997433E-9	9.99077107824653E-7	2.2453012893659487E-8	2.920542268808759E-9	7.257111858917135E-11	4.5006161874388514E-9	5.3417043748085427E-14	1.362464932743238E-6	5.170114370315439E-7	1.1056270349101071E-6	6.044090005692486E-7	3.1417354142150664E-4	2.170679399767768E-8	9.138919242856775E-8	0.0	9.138919242856775E-8	1.0602622868096524E-11	6.773281845724222E-12	1.483185231343453E-10	2.2038577649984438E-6
1.355989700239818E-8	2.2833406854634583E-9	7.853000460677451E-10	1.1936980910671857E-9	1.653054989454783E-13	2.4209216071300178E-9	7.526583184604885E-11	3.226897059625043E-14	9.403486895988521E-9	5.527239649613027E-9	8.256928201421221E-9	9.19702616240983E-11	6.0715921730483486E-12	5.504831938893868E-10	1.3189457504418777E-11	6.739516655011076E-13	8.636805799063386E-15	1.4940811927029492E-12	3.1389675720432273E-15	4.884718100859856E-11	2.3113511733615406E-10	5.951178777925952E-10	2.440364798893401E-10	2.0776005288750081E-10	1.9944964814359236E-11	3.042604430550457E-11	0.0	3.042604430550457E-11	3.792314852747156E-15	1.7240439007940417E-9	8.782516042872717E-12	1.3541841479134487E-9
2.5688663306122258E-9	7.593657236422301E-10	1.1130211277895898E-11	4.855131196630771E-10	4.4180372835405803E-14	1.3418551613596396E-9	2.7684744262224584E-11	4.772558935131384E-15	2.5862979411507004E-9	1.4668784666415816E-9	2.2235319194365956E-9	2.445894809500436E-11	1.1595791407644694E-12	3.0269367075754925E-10	1.5850863606313644E-12	3.146950711945287E-13	2.4476138074690775E-15	5.860893197989534E-13	4.486438647458187E-18	1.663740708447031E-11	8.106585398356619E-11	3.457156230634897E-10	7.537394143281529E-11	1.062060438656368E-10	2.1358619012591325E-12	9.33232893297279E-12	0.0	9.33232893297279E-12	9.696946414576035E-16	6.107221970038031E-16	1.237012627029725E-14	8.43544496517186E-10
2.8347752329082038E-8	2.0256506664953794E-7	6.949226149595034E-11	1.0015624729084323E-8	2.1845287090902575E-13	2.3849558639682825E-8	3.9500681399621606E-10	1.102909650585468E-13	2.8785919561173222E-8	8.681931098472407E-9	1.667753837596064E-8	1.4645693545782976E-10	1.6912225762744007E-11	5.529274833506007E-9	2.2088874213861865E-11	6.3553435598033075E-12	4.847084816213138E-14	2.1404625930942138E-11	1.7980641449093626E-11	4.534788590650257E-10	2.8620128794787423E-9	7.736900832698868E-9	2.0210055744244205E-9	7.281377717422349E-10	5.45701112136532E-11	1.7985603701435566E-10	0.0	1.7985603701435566E-10	2.2599118280719602E-12	4.31115868729552E-15	5.031036280978447E-8	7.230496802384251E-9
5.844243756173836E-4	3.6339959741083704E-5	6.347652455402546E-7	4.8706999318729394E-5	4.887945552534902E-9	1.7692229290499608E-5	5.564665859119511E-6	2.5354062086946935E-10	0.0021438010998571858	4.1117826697990953E-4	7.867458599838035E-4	6.078931194350147E-6	1.108524621158593E-8	1.104110389111471E-5	1.6870892074918606E-7	2.3369515569485338E-8	2.673374164314907E-10	3.2833612671091204E-8	4.4320719600402373E-13	1.6557543515518542E-6	4.027437880414145E-6	8.91883115426712E-6	5.888295454677444E-6	6.067131828033468E-6	2.359342309132114E-7	2.771019075667644E-6	0.0	2.771019075667644E-6	3.944395216580592E-10	1.377583995266347E-10	1.2327169103516599E-9	1.612647632322268E-5
