32
NULL,open@__open_nocancel,fstat@_fxstat,mmap@__mmap,read@__read,munmap@munmap,open@__open64,close@__close_nocancel,rt_sigprocmask@sigprocmask,exit_group@_Exit,rt_sigaction@__libc_sigaction,sched_yield@sched_yield,mremap@mremap,time@time,read@__read_nocancel,mprotect@__mprotect,madvise@madvise,lstat@__lxstat64,openat@__openat64_nocancel,write@__write_nocancel,syslog@__syslog,getpid@getpid,writev@__writev,close@close,stat@__xstat,socket@__socket,fcntl@fcntl,connect@__connect,getdents@__getdents64,lseek@llseek,getrlimit@__getrlimit,write@__libc_write
0.8628115932001386	0.004880793872103286	5.3260995053951286E-5	0.0038344870645048534	3.6448651259256493E-7	0.003021510944695975	3.610098847550287E-4	2.918141049155562E-8	0.09389834297611739	0.02242237593974652	0.04201404072183044	3.525242558822349E-4	1.364819501939963E-6	9.222743336694505E-4	3.404740690817693E-5	1.9810529687858704E-6	2.9920124365014614E-8	3.2555611199484E-6	3.3871407793939274E-11	1.4242701179220237E-4	7.000626094220018E-4	8.381341386032932E-4	5.291434937208077E-4	4.954333946246401E-4	9.649139458449058E-5	1.7399676351233085E-4	0.0	1.7399676351233085E-4	2.4179496566727405E-8	8.970699935052182E-9	9.388175997321884E-8	0.001975979500429374
0.0010150970240586287	0.002090022978631239	1.0368246098713433E-4	0.0012927175750688318	3.143392942072957E-8	6.403620935502132E-4	1.6969424096315652E-5	5.53002722710479E-6	0.002460429908769854	6.656781596032392E-4	0.0012398517028948848	1.0784744515990224E-5	1.23006259534172E-7	1.0478371535380479E-4	0.0010291673506094576	3.669366891857927E-7	1.033455003163892E-8	5.955241283526926E-7	2.5050432364413894E-10	8.787892093485953E-5	0.004092852453736516	1.2727192119701055E-4	8.421334758569608E-5	2.9598802815957257E-5	1.885085123394994E-5	7.835011761281169E-6	0.0	7.835011761281169E-6	8.329566655037477E-10	2.905986706936357E-10	5.4203584496851395E-8	2.3113091631723275E-4
3.1507647572953236E-5	1.3666683901896104E-5	4.468671114902413E-7	2.558999423276218E-5	4.407615468763567E-10	1.187623628933772E-5	6.874785284783765E-7	1.5599822978882583E-10	5.012079507408262E-5	2.013320347586574E-5	3.7389556042543624E-5	3.519113788374598E-7	3.1997154648358747E-9	1.519860415063768E-6	1.7239128531830108E-8	2.880493013116289E-9	4.1856526635467226E-11	9.64152328099353E-9	1.5573228157481184E-13	2.585691812246454E-7	1.4572488686223151E-6	1.9904271291480813E-6	2.88267483950106E-6	1.8447984019181328E-6	2.8160245066952944E-7	3.357841298966533E-7	1.1668242756673188E-7	3.357841298966533E-7	4.3784155702989975E-8	1.3794733558696217E-9	4.327758885645302E-10	4.565925957652146E-6
5.30470599174753E-4	7.885050116831132E-4	4.228787991913946E-6	0.006195582249114142	2.911839088418386E-8	0.00843311232360328	4.6510346668431124E-5	1.7562756408935025E-8	0.0012165275892591085	3.5119578069158934E-4	6.689657749035456E-4	5.846439890775902E-6	9.269499959916709E-8	4.82210405568394E-5	1.027715444171295E-6	0.0018840773182773258	3.811198986309864E-9	6.28136895969588E-7	2.973451897926213E-12	3.829828484031526E-5	4.2789161775368465E-4	9.237164680905418E-5	3.692200671424984E-4	3.3470092099574335E-5	1.7098468621455647E-5	2.4278344004145553E-5	0.0	2.4278344004145553E-5	5.01834715528464E-10	1.6838160022629667E-10	8.180817571774484E-9	1.8629078631973622E-4
4.8592640802464E-8	1.839684355366856E-7	2.0605360512844348E-10	1.819251739407443E-8	7.172446879279763E-13	9.461142163024152E-7	1.0114935886194877E-9	1.0324370416294047E-12	1.3060115355539608E-7	3.227391985480103E-8	5.935152442791822E-8	5.071526948877718E-10	5.953205908920572E-12	2.9615521627409913E-9	7.987264529668275E-11	6.182176824053591E-12	6.73603718561036E-13	5.279176301028159E-11	2.2779813382038746E-16	1.3447844730458414E-9	1.72915358737654E-8	9.12515896021653E-9	1.2908983757077719E-8	1.477913060600779E-9	1.3207555584575348E-9	4.836521143034843E-10	0.0	4.836521143034843E-10	3.313521458205029E-14	1.2720687924401458E-14	6.179175963168929E-13	1.160743502480235E-8
0.0012469945967838146	8.402940512672639E-4	8.648022363871649E-6	0.0022961397991069447	5.4288890418194084E-8	0.002371251289562994	2.1261623879902206E-5	4.9177289896346623E-8	0.0028239861679002155	8.028272262459703E-4	0.0014920885459156327	1.31467030212386E-5	8.688467839119834E-7	2.048224122705685E-4	5.6811718323117024E-6	0.0035168952651748347	4.649653331178245E-9	4.7354592430308616E-7	9.619339387379222E-12	2.4617692770874116E-5	2.4156661434868832E-4	3.1351112667090845E-4	9.026769562878729E-5	4.0942806314268245E-5	1.2675717407043849E-5	9.608416774668295E-6	0.0	9.608416774668295E-6	1.018558440852486E-9	3.615561770188212E-10	2.6796409559917857E-8	5.58582915905349E-4
2.3936103282365E-4	1.1399109701097608E-4	2.3499189053691437E-5	4.7178092581054295E-5	4.932348840554393E-9	3.483023055488715E-4	1.0658035028391937E-5	5.518453656288553E-6	3.512141430353439E-4	1.541446019629396E-4	2.458807802984467E-4	2.5429720712155306E-6	2.72637868044595E-7	3.5088845007976636E-5	3.334814660776483E-7	3.679069672324307E-8	7.518793197204269E-10	6.230405424560206E-8	1.4374451843307002E-12	1.049980660910629E-5	1.1424481696580667E-5	4.857031331771097E-5	9.995979777797453E-6	8.08552912384039E-5	5.1113266026750525E-6	1.1094651539408366E-6	0.0	1.1094651539408366E-6	1.1834090269673526E-10	6.399229780591237E-11	4.003157150446651E-9	9.6389864198122E-5
4.4673458621880284E-7	2.815053393165606E-7	3.5163174353493684E-6	7.99192812612757E-8	6.56442895521651E-12	2.3224149063069618E-7	6.907983754184974E-9	4.646112225274047E-12	7.066206036808176E-7	2.8580973835538484E-7	5.207413268510642E-7	4.954670653329853E-9	7.972741884272135E-11	2.82770813364415E-8	1.451785982069217E-9	4.3159064422851025E-11	9.636152662518317E-13	1.4550872647714298E-10	1.5520422575365724E-13	4.021115745680244E-9	2.8012797281607342E-8	4.0192186718599406E-8	2.3184743909637446E-8	1.2528842444295765E-8	4.223558003799706E-9	3.1850998775068263E-9	0.0	3.1850998775068263E-9	3.9496168381878216E-13	1.4735918726470925E-13	4.3421714878808465E-10	8.545614520063526E-8
0.058448324876129956	0.0022552628776581186	4.535571613427926E-5	0.0029617305375449145	3.9004170862111663E-7	0.001163307730801898	2.4393428116977625E-4	2.2237796115754578E-8	0.0314238860825403	0.03703595202596351	0.06685925750460073	4.804012333098199E-4	7.899473701547733E-7	6.894132689596647E-4	1.147684469620988E-5	1.3118017521081306E-6	1.8347907421173845E-8	2.3133051597731223E-6	3.389956540853182E-11	1.466836984925888E-4	2.538290761261164E-4	6.555474628281076E-4	3.78767320526584E-4	3.5263487781864264E-4	6.235198082298709E-5	1.1290183038674581E-4	0.0	1.1290183038674581E-4	1.519358111103903E-8	6.5952235853558134E-9	9.435300980383889E-8	0.0011575665857385658
0.05903514715452954	0.0011817355366043846	1.8214420995430823E-5	0.0019518963203196925	1.4681206419986063E-7	6.01433009026405E-4	7.452768325282803E-5	1.8183944935648394E-8	0.011828013126110355	0.0028993690802986624	0.005356101445505184	4.556898110211774E-5	3.5328133037519785E-7	2.3648529682189162E-4	6.5932505170790875E-6	5.396552634496831E-7	1.2307055086043102E-8	1.131556959761093E-6	1.4043976862803319E-11	1.1801104541660965E-4	1.3785611349753432E-4	3.062837818640832E-4	1.764718624562561E-4	1.279760888926109E-4	3.1550670676016006E-5	2.7951534663646673E-5	0.0	2.7951534663646673E-5	3.154423753013628E-9	1.1514766079707934E-9	3.9013552132876855E-8	5.69701192924055E-4
0.05528274646744404	0.0015743302432343798	2.6873277390343895E-5	0.0022459827610553924	2.2112243274800505E-7	7.948332786377262E-4	1.5750178422304555E-4	1.8697405392299596E-8	0.0204351498203112	0.035040795602937456	0.02782860192376397	5.99172549877502E-4	4.918191879879572E-7	3.957978260057613E-4	8.15355049591369E-6	8.551586406197639E-7	1.4354630530585355E-8	1.5065155430821775E-6	2.0243148919817446E-11	1.2173456326645965E-4	1.8038795200539173E-4	4.165437480926638E-4	2.424743829564331E-4	2.1462551946166585E-4	4.133463157866971E-5	7.106773004369088E-5	0.0	7.106773004369088E-5	9.507730508376377E-9	3.56799544390717E-9	5.628666628375779E-8	7.507969807597263E-4
6.000197101648712E-4	1.5295834412386284E-5	2.6403338520601256E-7	2.290487673881787E-5	2.1905427694428172E-9	7.806155086908608E-6	1.300432812964656E-6	1.9733255949325818E-10	1.815647026180992E-4	3.803474537899195E-4	2.772510013240875E-4	2.038119715361787E-4	4.8674050960086376E-9	3.7393199500244997E-6	8.169574437335368E-8	7.867075386529317E-9	1.4407874943167948E-10	1.4981606037928304E-8	2.003018187089868E-13	1.2866027968725133E-6	1.7577248355781948E-6	4.136562291309094E-6	2.390446090529446E-6	1.979611124331547E-6	4.1171558151440554E-7	5.579189318064496E-7	0.0	5.579189318064496E-7	7.122196593507847E-11	2.848576811788137E-11	5.569283133921369E-10	7.512275309871558E-6
2.7152489757238936E-7	4.144448574632944E-7	1.113096444338588E-9	1.4356904852875033E-7	4.0808574708913796E-12	6.95665862482697E-8	6.4921011181697975E-9	8.272200716720184E-13	6.662325431656562E-7	1.8236325162606065E-7	3.4277934659333923E-7	2.977345320725774E-9	4.070449348170726E-11	3.682728504947632E-8	3.9300485189022886E-10	7.578956684350701E-11	6.602588739210979E-13	3.7516561888420195E-10	9.093650245378858E-16	8.061819698463358E-9	4.655580456948973E-8	6.47484666858421E-8	3.029968549974271E-8	1.0118095872715283E-8	9.505878815856479E-9	3.0615879069915875E-9	0.0	3.0615879069915875E-9	2.2207232970744393E-13	8.162985767940356E-14	2.40260303832576E-12	1.1611939389500332E-6
5.266237742606991E-4	0.0010131494928920738	2.5718770513153345E-6	8.281938190167908E-4	1.946927266507268E-8	1.0674314264086818E-4	1.1822618878462539E-5	1.1506177504041793E-9	0.0010177294003879658	3.402908443220449E-4	6.496666081631407E-4	5.8455326962603875E-6	6.921390692498832E-8	4.731479272957221E-5	1.7943309557364728E-5	9.417286365788828E-8	2.442479492919975E-9	4.858147806370379E-7	1.3893917968432143E-12	1.0047203049374239E-5	5.551171287827522E-5	2.320075508731788E-4	4.646275211332835E-5	1.8366623052970816E-5	1.2497992545739284E-5	5.629181893155666E-6	0.0	5.629181893155666E-6	5.090251199416402E-10	1.767616964625636E-10	3.718234032925548E-9	9.223504926802223E-5
7.012759262186823E-5	2.505705637486746E-5	1.6681660185449294E-7	5.661390697835236E-5	1.3501523341155463E-9	5.501017275123634E-6	7.632928335571247E-7	1.3018433463830373E-10	2.6009762872090936E-4	5.0664667606087906E-5	9.694862221052095E-5	7.540988869605007E-7	4.2661628388207654E-9	2.3728601828210277E-6	4.391025340173652E-6	6.716834641367729E-9	1.0183426548520513E-10	8.325322414572056E-9	2.022773563129159E-10	4.792014772040969E-4	9.664125367134236E-7	2.3934960839550486E-6	1.0174748368260737E-6	1.2105848412775982E-6	2.54457058236123E-7	3.568966109271384E-7	0.0	3.568966109271384E-7	7.606302326406875E-11	1.7373880826692955E-11	4.3739064422729255E-8	6.361007077905132E-6
2.750416628900702E-4	7.810776437049546E-5	2.6478383111144554E-6	8.304173621690892E-4	3.054684665250057E-8	0.0027497307510710545	5.0932826632844204E-6	2.9031228104261177E-10	4.6131099667101865E-4	1.748504226020035E-4	3.497101092235795E-4	3.1435014521925173E-6	4.659517033601092E-8	2.5225343643108567E-5	4.78567786694702E-7	8.017390377122635E-8	4.017259345148878E-10	1.1467332637451399E-7	4.539125139630029E-13	1.5740256661954563E-6	8.037903035213057E-6	3.6642744043518446E-5	7.847336195671403E-6	1.0528525339613945E-5	2.8927288408256833E-6	2.2471892085916873E-6	0.0	2.2471892085916873E-6	3.5206737633510316E-10	1.0519463333767851E-10	1.2559026703681656E-9	6.421314223050198E-5
1.601929937055227E-8	9.963997199313531E-9	5.972724239046563E-11	2.9807367836057393E-9	2.5450666606642267E-13	4.1133646405384416E-9	1.9555746958712404E-10	5.229654981258747E-13	3.436418813524613E-8	1.037585429497464E-8	1.7643937957317764E-8	1.646417843603812E-10	1.2453988137018797E-12	6.99637085080204E-10	6.169811873698122E-11	1.263639910920457E-12	3.110305702600262E-14	7.291593881168656E-12	8.107182458995394E-17	1.8922135185644945E-10	1.022118959732441E-9	1.3460704128693504E-9	8.486832306861989E-10	3.231439298485755E-10	1.8002579741370223E-10	9.177702069664635E-11	0.0	9.177702069664635E-11	8.47721774535254E-15	3.98030436158356E-15	2.2437773348591252E-13	3.6175183777002228E-9
3.979110581339492E-7	9.671753860321221E-7	5.286124916671484E-9	2.41042336453863E-7	7.069507199961364E-12	1.1198347842329354E-6	1.2742754166320707E-8	1.5809307789200775E-11	9.333619170996573E-7	2.6197967022809336E-7	4.991725319301271E-7	4.333963614848311E-9	6.265255097654544E-10	1.4878503924240625E-7	2.1570076211675393E-7	1.5339726640539113E-10	3.058260434405625E-12	6.638322230870279E-6	2.4892258030255778E-6	9.561468261822826E-9	8.532974218225894E-8	1.9080009954153114E-7	6.441229620336369E-8	4.978586416483568E-8	1.454423384791784E-8	4.221928980667356E-9	0.0	4.221928980667356E-9	3.4424523900108694E-13	1.2277086283863722E-13	7.437921595053957E-12	4.960714864296221E-7
3.5250943582362475E-8	9.637601549271745E-8	1.280226894243161E-6	2.2899990887023093E-8	5.799260030102063E-13	1.1698769986354758E-7	1.2056651181832378E-9	2.0883920452240277E-12	8.494038781593341E-8	2.3524907793423726E-8	4.509974003612526E-8	3.892314898334978E-10	5.672746650033483E-11	1.3427362664964098E-8	4.728468644983311E-10	1.4005312987652598E-11	3.14806728668183E-13	4.072399197900737E-11	9.487339626470413E-16	1.000037406078341E-9	9.429354607682773E-9	1.7870963439961535E-8	7.073774165393514E-9	4.5349625927691116E-9	1.4285488414303076E-9	4.0867571959982733E-10	0.0	4.0867571959982733E-10	5.359874023032951E-11	1.1070427684432605E-14	2.6398147889850555E-12	4.7887594392470256E-8
9.065590756571746E-5	0.0011965543603176703	2.555282020462161E-7	2.4735663425539195E-5	1.1088651610391534E-9	1.5044805662324107E-5	1.6471026254292593E-6	2.940954746838171E-10	3.171483207332471E-4	6.468836193890765E-5	1.2322314085168326E-4	9.763851901830054E-7	8.195973214853544E-9	4.273372577290207E-6	9.82515236848331E-8	1.1087380761616253E-8	1.9898053347812157E-10	7.827088693322843E-8	1.9146424870461103E-13	4.80883460172184E-4	2.2666391590199282E-5	1.356352177422235E-5	3.57792091843032E-5	2.269305680452447E-6	1.969552315199934E-6	7.930814269516511E-7	0.0	7.930814269516511E-7	6.546558352462419E-11	2.309725541866819E-11	5.065271857757885E-10	1.1896098914885085E-5
5.428722890520935E-4	2.1978328175359393E-4	2.696745663012151E-6	1.8558764345630473E-4	1.5849899378579983E-8	8.591785615046585E-5	6.895879734952832E-6	8.151167041016497E-9	0.0014277562365932707	3.6468021296235325E-4	6.804626151884034E-4	5.827668383989848E-6	3.675232238312477E-8	8.661709756524343E-5	1.2325909381681242E-6	2.720871526907727E-7	5.370190168707706E-9	1.3732775413398593E-7	1.522367911357789E-12	1.0641969664155373E-4	2.1285161611100723E-5	4.3004922320873007E-5	1.9362341254896827E-5	1.0351275016454344E-5	3.833452790870682E-6	3.280919417917726E-6	0.0	3.280919417917726E-6	4.2272316936584506E-10	1.5313777436853587E-10	4.223289196048016E-9	9.248289710991762E-5
2.991310830149544E-4	3.221460847752115E-4	1.49643437336901E-6	1.0344647029908583E-4	4.800314378034338E-9	4.0382763817763156E-4	9.802085178858743E-5	1.5064831573601256E-9	6.217386036311476E-4	1.954253545366016E-4	3.735354353541978E-4	3.3188715358645207E-6	4.535536840616997E-8	9.463429544780655E-4	5.481176630816616E-7	5.307690029972987E-8	9.486057886160968E-10	7.447347901042588E-7	9.907757807668606E-13	1.3801023014512316E-5	1.1433841021266099E-4	5.1639699266259207E-5	8.191959762028807E-4	4.649919502307629E-5	2.2121977485540115E-5	5.26783597331681E-5	0.0	5.26783597331681E-5	2.746961177363957E-10	9.832507203265607E-11	2.6686100146413685E-9	6.027849354612238E-5
4.069765164414087E-4	4.708338914772498E-5	6.527532042297079E-7	3.849924113974358E-5	5.118832262681292E-9	2.1882862486175386E-5	3.5090903177937524E-4	6.591804405778295E-10	6.915801174447281E-4	2.5925238583922197E-4	5.151043577421184E-4	4.636929196476321E-6	1.1571567351157432E-8	1.1254897336479503E-5	1.9844124316631723E-7	3.077690863652092E-8	4.884134895440173E-10	3.8761586564866394E-8	4.849629052519441E-13	4.8534157069764574E-4	5.122098205094662E-6	1.0134616837361091E-5	5.979125825930688E-6	1.3434412315244652E-4	1.0289961301954295E-6	1.9014779016412537E-4	0.0	1.9014779016412537E-4	4.423745121305112E-10	1.5146746908258406E-10	1.3471569255178473E-9	1.854865850354466E-5
2.6915325156203406E-4	4.378706940695807E-5	6.79723866597936E-7	2.805952642256159E-5	5.879510222041598E-9	2.3652246159624527E-5	3.04317555615114E-4	1.2978107722529466E-9	3.6776500316051616E-4	1.7342431318310883E-4	2.617564800122217E-4	2.8219021622183897E-6	1.162873799040868E-8	9.66525128643796E-6	2.2687841418954913E-7	2.8774209046118953E-8	7.400319252566909E-10	3.8558936423378474E-8	5.35601312163025E-13	1.3920041793043661E-5	4.4418412412715465E-6	1.0101435313749913E-5	5.716982757682099E-6	9.897641009920549E-5	9.857507659697119E-7	2.57242593724765E-4	0.0	2.57242593724765E-4	9.975278156631539E-11	6.660820013372441E-11	1.4898008994245388E-9	2.2048899446133736E-5
2.1098155655463464E-5	1.2068684655036604E-5	1.3213487959991868E-7	1.5465602994278118E-5	4.164371776890334E-10	2.105744277540874E-6	3.456384256684921E-7	2.3200593780609444E-11	3.48917731122293E-5	1.3478818219309459E-5	2.5759081169778552E-5	2.3751149298085147E-7	1.2474284663854524E-9	7.398066350735057E-6	1.528554042588009E-8	1.3690809289506338E-8	4.8869567299074806E-11	7.420437456497287E-9	6.476489241541639E-13	1.9374801478261505E-7	1.227325049655171E-6	3.0990822962504514E-6	1.0127339159257674E-6	4.3827914952953653E-7	2.3284728691615843E-7	1.6964911964226646E-7	0.0	1.6964911964226646E-7	2.0726771801687914E-11	7.440749735234188E-12	1.8096100140932989E-9	1.6206036154331804E-6
6.083474478180747E-5	1.1580431912985831E-5	1.5363928986142735E-7	6.847576318703158E-6	1.2934109407160684E-9	5.418295732752338E-6	1.9328144253368988E-4	2.8283131092860597E-10	8.99759610195598E-5	3.942431821856995E-5	6.0424827586960586E-5	6.38866117566884E-7	2.711792270499419E-9	2.258480557710125E-6	5.029706938624335E-8	6.555422784719073E-9	1.6226306565803319E-10	1.0309446136383307E-8	1.2044908870644975E-13	3.0398052171240343E-6	1.194082295727553E-6	2.5309581300307112E-6	1.3963823141484524E-6	7.255177863289838E-5	2.6449050128037873E-7	2.5097980707938534E-4	2.5077287440760954E-4	1.2559318311826034E-4	2.370523769852965E-11	1.5087039273368927E-11	3.343656217439923E-10	5.025306126890264E-6
1.8261423136049674E-5	3.4804561134882915E-6	4.6301169350923166E-8	2.0584112019874087E-6	3.8817430302221437E-10	1.6317681797664776E-6	5.798452425446372E-5	8.493816358704751E-11	2.7011764572639236E-5	1.1834324046041357E-5	1.814129329609979E-5	1.917847487651237E-7	8.181190927450669E-10	6.795576951150325E-7	1.5099051859465146E-8	1.9699316334370377E-9	4.8703476380169024E-11	3.0960161864769824E-9	3.6159580701126087E-14	9.120299075612918E-7	3.5885990341420074E-7	7.605774184328383E-7	4.1944565289182894E-7	2.1765902492404894E-5	7.95455446616538E-8	6.217181958017421E-8	1.161378693608368E-8	6.27554838001428E-5	1.2063730039002848E-8	3.8168102897291104E-10	1.0037816633300653E-10	1.5106239396748467E-6
5.7792771955640075E-5	1.1001365471252042E-5	1.4595673038877077E-7	6.505170985019049E-6	1.2287353848501306E-9	5.14735996336122E-6	1.836166219102338E-4	2.686886500968735E-10	8.547681452997605E-5	3.7452949634034847E-5	5.74033522079704E-5	6.069203376319495E-7	2.576192155357047E-9	2.1455477836905625E-6	4.7782021137786466E-8	6.2276262591204715E-9	1.5414928399933283E-10	9.793933905466662E-9	1.144261678230664E-13	2.8878031843958793E-6	1.1343735567686113E-6	2.4044004222054418E-6	1.3265577908465871E-6	6.645079447092683E-4	2.5126495195720795E-7	1.965852368251404E-7	0.0	1.965852368251404E-7	2.2519884013305838E-11	1.433262888401799E-11	3.176460458010361E-10	4.774021359673748E-6
1.9145765199617812E-8	6.813802851728889E-9	1.6758292468668598E-9	3.278928207930734E-9	3.6305196523902273E-13	6.2620272895858686E-9	2.0505513319244506E-10	8.100229266242028E-14	2.1699234681512998E-8	1.2188543494492394E-8	1.840527426153135E-8	2.028504571939279E-10	1.317884492900096E-11	1.3438651520833745E-9	2.909048338459901E-11	1.6957079328786543E-12	2.185393037383464E-14	4.81709772370057E-12	6.643955920152342E-15	1.3837224390467934E-10	7.11907951077886E-10	1.6374068488433193E-9	7.875852220587248E-10	5.501834600536752E-10	1.0404623873498656E-9	8.351240708722416E-11	0.0	8.351240708722416E-11	8.652229460808073E-15	3.646323695488548E-9	1.8588520375451793E-11	3.425469609085312E-9
4.899339833111017E-9	1.6906327863843787E-9	2.469002782396333E-11	1.059752102770303E-9	9.372976381726E-14	2.8904462560442548E-9	6.045332277711E-11	1.0693132838515011E-14	5.575481197019891E-9	3.1169624101581252E-9	4.736189360599791E-9	5.1981285481189784E-11	2.482093617278883E-12	6.482709088667296E-10	3.3985157393726787E-12	6.775419937636193E-13	5.3282843182836445E-15	1.3080411328059546E-12	9.869101955760157E-18	3.663804295261413E-11	1.8090602273150308E-10	7.475041012946896E-10	1.7113265752351895E-10	2.2852634252214756E-10	5.176098464391831E-11	2.0545615525234303E-11	0.0	2.0545615525234303E-11	2.0750060143320353E-15	1.2983505541674831E-15	2.7201851228320304E-14	1.8100526065290815E-9
3.0377107474610354E-8	4.345988845321664E-7	2.3521755586448755E-10	2.358653716680828E-8	5.076708863939824E-13	5.424794463232461E-8	9.799113426541527E-10	2.758327179201726E-13	6.631400658099872E-8	2.0001270785441186E-8	3.827930976752811E-8	3.3701337098472184E-10	3.79551030397126E-11	1.2293463221083102E-8	5.0706972329422064E-11	1.431588066872946E-11	1.139046496053581E-13	5.0340050611392514E-11	3.800696964418184E-11	1.0677134515764297E-9	6.742767442705012E-9	1.7567546973219442E-8	5.128043152781093E-9	1.9010578965759303E-9	3.376087426736526E-9	4.399972215865419E-10	0.0	4.399972215865419E-10	4.77888990675372E-12	9.868080951121675E-15	1.0634461536744408E-7	1.715544358566152E-8
0.0011980085832044153	7.949168680507046E-5	1.3764548661358557E-6	1.040357733903655E-4	1.0335174410121462E-8	3.918386534268981E-5	1.1795119416379003E-5	5.550427761007378E-10	0.004544350463342053	8.694322961691558E-4	0.0016636869100564052	1.285330991542738E-5	2.4408782484923296E-8	2.358733918662417E-5	3.604449390914556E-7	4.974464612386443E-8	5.703136265522441E-10	7.144603341299261E-8	9.473917121894303E-13	3.544077302354286E-6	8.831387168981156E-6	1.933897553871426E-5	1.2796104970251947E-5	1.2947227141306098E-5	1.9085836464441527E-6	5.8670822808723035E-6	0.0	5.8670822808723035E-6	8.322842691782346E-10	2.90772586374983E-10	2.6344572903901262E-9	3.4995458577957345E-5
