32
NULL,open@__open_nocancel,fstat@_fxstat,mmap@__mmap,read@__read,munmap@munmap,open@__open64,close@__close_nocancel,rt_sigprocmask@sigprocmask,exit_group@_Exit,rt_sigaction@__libc_sigaction,sched_yield@sched_yield,mremap@mremap,time@time,read@__read_nocancel,mprotect@__mprotect,madvise@madvise,lstat@__lxstat64,openat@__openat64_nocancel,write@__write_nocancel,syslog@__syslog,getpid@getpid,writev@__writev,close@close,stat@__xstat,socket@__socket,fcntl@fcntl,connect@__connect,getdents@__getdents64,lseek@llseek,getrlimit@__getrlimit,write@__libc_write
0.6766446813354853	0.010269214669312214	1.1404844287565098E-4	0.008009869393686192	7.578384406930654E-7	0.006344143562119498	7.522988337723551E-4	6.144855329072756E-8	0.19307603017357336	0.046746220174671525	0.08737932781723134	7.313514400850294E-4	2.856731599664673E-6	0.0019196628214939635	7.114258144559007E-5	4.121723052359983E-6	6.248843105917418E-8	6.861936924137002E-6	7.090055177767713E-11	2.9864515517175424E-4	0.0014701361256943958	0.0017622042897365556	0.0011152014611405545	0.0010357339974249495	2.4958899018337775E-4	3.624314330966761E-4	0.0	3.624314330966761E-4	5.025569868924488E-8	1.863833185947296E-8	1.964936395855932E-7	0.0041097890369862266
0.001827392531657301	0.00705026881894687	3.4637800674146264E-4	0.004367326946219949	1.0899569118590306E-7	0.0021845891001589525	6.0165148846672466E-5	1.8470231173618132E-5	0.009076480223283999	0.002463426092018433	0.004580045696941154	3.961381922739475E-5	4.1836639692908546E-7	3.580792781766171E-4	0.0034382900690376854	1.2466913049877989E-6	3.5034096386161936E-8	2.0189358888358403E-6	8.369357375050666E-10	2.9527993878028297E-4	0.013682170100362148	4.320970408260457E-4	2.865826686148899E-4	1.0331954502345436E-4	5.159010571917608E-5	2.7876006733883886E-5	0.0	2.7876006733883886E-5	3.0350606821525897E-9	1.0638945058005632E-9	1.8178616154277563E-7	7.874339310012904E-4
5.5499252542034416E-5	4.6593151394336675E-5	1.4989346828876043E-6	8.640313362645824E-5	1.5783208953346218E-9	4.0257512906559494E-5	2.394601623897522E-6	5.264844362663242E-10	1.914249807670194E-4	7.4046001714427E-5	1.3729070948642993E-4	1.2769891677422594E-6	1.094064836409565E-8	5.302795538957786E-6	6.657418995744447E-8	1.0130774527111752E-8	1.4749329849170253E-10	3.2781029301026404E-8	5.283065894119493E-13	8.981710494599276E-7	5.011224613507746E-6	6.810777735351117E-6	9.72189474800463E-6	6.296649793593068E-6	7.46801237659866E-7	1.1693804435135744E-6	3.8971012911145334E-7	1.1693804435135744E-6	1.4624277722957312E-7	4.60997541571286E-9	1.4681823872440572E-9	1.567009411231577E-5
9.825952641516376E-4	0.00263266307175605	1.3741911874540542E-5	0.020702626267796693	9.903863979455767E-8	0.028163357438972494	1.565878024746357E-4	5.8624513965674137E-8	0.004496188251719561	0.0012923578920965434	0.002452858099845406	2.1302047497424017E-5	3.077650513950848E-7	1.6335131862408995E-4	3.5966521766533254E-6	0.006292676677461797	1.2839314864241005E-8	2.0915149066544078E-6	9.973559122791508E-12	1.2820164639660295E-4	0.001429671336560785	3.076805635748576E-4	0.0012314522097350087	1.1309955896418272E-4	4.326615116471248E-5	8.171542450640384E-5	0.0	8.171542450640384E-5	1.8007931503540423E-9	6.082083601111815E-10	2.7445796866304503E-8	6.242186367818257E-4
8.919786642763774E-8	6.153351971337999E-7	6.642137049914597E-10	6.186040361541146E-8	2.5592619622553275E-12	3.16019347133029E-6	3.5060672164499886E-9	3.4486975006250345E-12	4.752745704083115E-7	1.1858984165789306E-7	2.179154030901541E-7	1.853643042961849E-9	1.9823844751611297E-11	1.0132067100326173E-8	2.830469976443674E-10	2.1307156643819795E-11	2.261115406508674E-12	1.7628956827402211E-10	7.667607077960994E-16	4.530232779127126E-9	5.7918153254092165E-8	3.0499108315571517E-8	4.317555168611592E-8	5.069032590378175E-9	3.333038953835056E-9	1.6796794192647595E-9	0.0	1.6796794192647595E-9	1.217420637306851E-13	4.6580809874868007E-14	2.0805446034570497E-12	3.906649340957165E-8
0.0021971158326186133	0.002846228058618459	2.8904194190923344E-5	0.007706211674572769	1.8544577937110647E-7	0.007944476585433617	7.483183750825616E-5	1.644679811387922E-7	0.010375974260373115	0.002946766170247504	0.005467352712642722	4.785419590396972E-5	2.9118836165183243E-6	6.928544846393704E-4	1.9364853691608032E-5	0.01174617345770534	1.584602963179372E-8	1.604370378453893E-6	3.241824375431923E-11	8.359613634660884E-5	8.12950540298497E-4	0.001053439466076121	3.054216808321606E-4	1.4196951705586154E-4	3.38026210080446E-5	3.394157443994013E-5	0.0	3.394157443994013E-5	3.677826401808933E-9	1.3095911520709486E-9	9.030558934062353E-8	0.0018819684082574091
4.2130339072351375E-4	3.901789661789914E-4	7.873868330312947E-5	1.6546421168522535E-4	1.73140850909814E-8	0.0011739578639493123	3.6487180198908825E-5	1.8431263428681795E-5	0.001354284194514829	5.668530998914859E-4	9.148724554887045E-4	9.263561616963868E-6	9.171433659625055E-7	1.1938870131342905E-4	1.1929753011270096E-6	1.2703134033776615E-7	2.5772066615132265E-9	2.135579511773087E-7	4.871107069895981E-12	3.536088295323171E-5	3.953320273813178E-5	1.6419744421213633E-4	3.43032878909358E-5	2.7307526842157025E-4	1.5742689515873945E-5	4.0604487510320175E-6	0.0	4.0604487510320175E-6	4.4694202416089277E-10	2.333696574627572E-10	1.3565217479517972E-8	3.2662108177744677E-4
7.878857937385097E-7	9.537434416813976E-7	1.1756689033669906E-5	2.801266155182835E-7	2.343478504134242E-11	7.838420339596947E-7	2.4457557901799898E-8	1.5593320659005723E-11	2.7006569346809472E-6	1.0510631793248851E-6	1.9149718170661842E-6	1.7987346805595846E-8	2.696793188705515E-10	9.760819557266073E-8	4.985351531483016E-9	1.5133086300891013E-10	3.3279606991591385E-12	4.940354072839495E-10	5.183717298314591E-13	1.3919451308609159E-8	9.562855285725624E-8	1.3646726827337175E-7	7.881524427661558E-8	4.369063779680416E-8	1.1137778248666897E-8	1.1311591342777984E-8	0.0	1.1311591342777984E-8	1.419603008405835E-12	5.294726703177463E-13	1.4502545518503276E-9	2.9125968718556666E-7
0.10020648810551883	0.009707392395608494	1.7697783169860222E-4	0.01164703274385437	1.4738381011625626E-6	0.005214647238233715	9.80993282383978E-4	8.759105290181495E-8	0.145242565135189	0.13490616463035945	0.24360160896657224	0.0017680841180142725	3.244638992435992E-6	0.0027209631865820314	5.3385635233967964E-5	5.27938705613358E-6	7.485034792421852E-8	9.207806182414481E-6	1.29021245672701E-10	5.570487479740687E-4	0.0011564169524410986	0.002572812909419292	0.0015055786295521184	0.0014066983911594025	2.4343747209728815E-4	4.5710001887651894E-4	0.0	4.5710001887651894E-4	6.187726749121076E-8	2.6166988458346076E-8	3.589381980988213E-7	0.004738982695298167
0.09968567838277556	0.006021774163023973	8.50091769603722E-5	0.00812723322481964	6.422451575548605E-7	0.00328536765286982	3.998805096657936E-4	7.312179973198951E-8	0.07775426626033975	0.01907985448783428	0.035406429199826374	2.984449129002543E-4	1.7543602713404343E-6	0.0011743194292873687	3.629689736268574E-5	2.627650333173516E-6	5.364928429720019E-8	5.169984216552533E-6	6.119844313987472E-11	4.544033467703865E-4	7.567377878936494E-4	0.0013791074536022236	8.147017950129463E-4	6.364221832869157E-4	1.600976281142437E-4	1.6603675680522447E-4	0.0	1.6603675680522447E-4	2.059973919852563E-8	7.577930016112242E-9	1.699091892521887E-7	0.0027243905870491464
0.09416906182502671	0.007269449257554136	1.132660136397078E-4	0.009094591461922694	8.906692027793036E-7	0.003886460381203492	6.764996835881733E-4	7.465138202325547E-8	0.10534230908442922	0.12688631823970167	0.11098066809387493	0.0021478689664232915	2.2003107870382827E-6	0.0017008826770450608	4.107550092370355E-5	3.6716817571288995E-6	6.031167334634252E-8	6.3906429341762595E-6	8.18197298079142E-11	4.6708379325163926E-4	8.885733434228811E-4	0.0017408851793391284	0.0010302460221554431	9.236881126034783E-4	1.824397705078803E-4	3.0979936792180775E-4	0.0	3.0979936792180775E-4	4.1811878287138046E-8	1.563879596071244E-8	2.2737884930025533E-7	0.0033079836450901775
0.0010211380598438404	7.280214044105791E-5	1.1359759506322186E-6	9.365734436029901E-5	8.949930105143392E-9	3.9382353335930274E-5	5.9546618436653026E-6	7.908484812262021E-10	0.001006337008413821	0.0013761672183816916	0.0011196436698443397	6.822903039860523E-4	2.2281524116473937E-8	1.6566329366402807E-5	4.221784962396703E-7	3.503963253434453E-8	6.143761926612203E-10	6.470463861637876E-8	8.218494084968057E-13	4.9486733610313165E-6	8.960719576900094E-6	1.7586332005067844E-5	1.036145550813287E-5	8.834127247371032E-6	1.8819960751946007E-6	2.6386942372777412E-6	0.0	2.6386942372777412E-6	3.453820707927813E-10	1.3497736813834297E-10	2.283773346071167E-9	3.3731188628416536E-5
5.077588488498553E-7	1.3829709739783895E-6	3.5360350039930847E-9	4.846071823533505E-7	1.4561550900002113E-11	2.3200347076495577E-7	2.236197555734993E-8	2.7436912549815275E-12	2.4510978695757053E-6	6.712522664632335E-7	1.2585511279762366E-6	1.0867222236469743E-8	1.3454238881645455E-10	1.24096833610462E-7	1.4065584675127719E-9	2.5651911806837886E-10	2.2654150000208146E-12	1.2494513453978976E-9	3.057115192288757E-15	2.7080328884932742E-8	1.5581781723822952E-7	2.156554615811226E-7	1.0058362976446797E-7	3.44157732682363E-8	2.3862056649321475E-8	1.0573053854824082E-8	0.0	1.0573053854824082E-8	8.062227132309883E-13	2.963916724585087E-13	8.082321541844954E-12	3.8790568699124484E-6
9.589635430974244E-4	0.003390180559146312	8.442249476232903E-6	0.002778254014740022	6.683334424808979E-8	3.601052974217733E-4	4.096473829059689E-5	3.859313049886369E-9	0.0038215657310229395	0.0012539769458085757	0.0023848725444471927	2.1276930794584235E-5	2.315845073643931E-7	1.6094841347328795E-4	6.024760765904014E-5	3.219865898135243E-7	8.284569063103722E-9	1.6228997226808235E-6	4.72116944972895E-12	3.396907011925943E-5	1.8668918842689038E-4	7.75454805404786E-4	1.5518950040339572E-4	6.300391317153213E-5	3.187479983152313E-5	1.953891110859634E-5	0.0	1.953891110859634E-5	1.8238433432225445E-9	6.35866294262811E-10	1.2645875576409503E-8	3.1200280771397917E-4
1.216263404416393E-4	8.623161777287866E-5	5.837533237726426E-7	1.9120626879818995E-4	4.729708652542261E-9	1.994185546819842E-5	2.7671415869498268E-6	4.5019245390396666E-10	9.198715120132022E-4	1.8373145596029715E-4	3.5022727974074033E-4	2.731954461432169E-6	1.4953627245203117E-8	8.444434499915706E-6	1.4692423322541366E-5	2.3571295314708816E-8	3.573322922546571E-10	2.9497752132875393E-8	6.755986565115877E-10	0.0016005776171822777	3.59468753253178E-6	8.441047888097097E-6	3.6744334815862384E-6	4.3394435381147015E-6	7.523608230761504E-7	1.297289464926858E-6	0.0	1.297289464926858E-6	2.690407156072457E-10	6.353627978949598E-11	1.4610753902938158E-7	2.2280486165071766E-5
4.841263970969857E-4	2.694687917942863E-4	8.894298158668478E-6	0.002781838166121957	1.0294662417842527E-7	0.009189443148348022	1.7910339501177374E-5	1.019672380906806E-9	0.001752564040149749	6.436036031844246E-4	0.001277600874234474	1.1395015062258583E-5	1.5808525762843808E-7	8.626896453150222E-5	1.6799853861466218E-6	2.7232902120043896E-7	1.4107611062043002E-9	3.882624189441075E-7	1.5857304708954408E-12	5.5631567668169154E-6	2.8147041207343663E-5	1.238699708036578E-4	2.708218359602799E-5	3.641521280156553E-5	8.071371723205549E-6	7.940565079783438E-6	0.0	7.940565079783438E-6	1.2404349063612596E-9	3.749115591233373E-10	4.388484082368335E-9	2.1823588384707498E-4
2.8318240546817994E-8	3.3710336941364575E-8	1.993210173832271E-10	1.0407410740815107E-8	9.032275260702723E-13	1.4004160908026497E-8	6.992050907167013E-10	1.7490586680385678E-12	1.2679023597139823E-7	3.80522252227231E-8	6.507163514064723E-8	6.000473239554595E-10	4.261872840555289E-12	2.4437491583567014E-9	2.1081285674732306E-10	4.464846787501053E-12	1.0772019214548101E-13	2.4601017933619655E-11	2.7435090353603927E-16	6.486257081400677E-10	3.4830467716232524E-9	4.566060594450587E-9	2.8754837890328346E-9	1.1383300167234665E-9	4.688363872237974E-10	3.290060554456737E-10	0.0	3.290060554456737E-10	3.171525163163104E-14	1.457269762460161E-14	7.593678303498816E-13	1.2275645270356186E-8
7.465220937301194E-7	3.2309173693392507E-6	1.7371150179102323E-8	8.125594043156102E-7	2.4999192488144583E-11	3.740192503901789E-6	4.362676233406458E-8	5.277214384225016E-11	3.4522088784791487E-6	9.667659628170984E-7	1.8353318330809835E-6	1.584127014452759E-8	2.090932396557973E-9	4.984792903263134E-7	7.220112826281138E-7	5.173604564634663E-10	1.0309610073734268E-11	2.217146845702678E-5	8.313818364232906E-6	3.2156107464348926E-8	2.8560377682975226E-7	6.361666193960455E-7	2.1444363292165983E-7	1.6806552384344357E-7	3.643464073207629E-8	1.461346052952326E-8	0.0	1.461346052952326E-8	1.2456447923077705E-12	4.452715726912602E-13	2.491515546947691E-11	1.657984624743851E-6
6.673876096273357E-8	3.217122008011337E-7	4.275824067197644E-6	7.708812248616663E-8	2.0593897715796474E-12	3.9060625549838444E-7	4.118556022904083E-9	6.9710767198966615E-12	3.1374227947562886E-7	8.678307077290271E-8	1.6568608222429864E-7	1.4221953121297764E-9	1.8925097130417206E-10	4.496324164875656E-8	1.5948879502641633E-9	4.720066102333465E-11	1.0593388870601752E-12	1.353552037793901E-10	3.1692961439620444E-15	3.3570253787126832E-9	3.1532492527188163E-8	5.9550506686029106E-8	2.354470283614624E-8	1.5296002189708153E-8	3.5684955518760047E-9	1.4092917575034423E-9	0.0	1.4092917575034423E-9	1.7902416713169393E-10	4.0125023097677245E-14	8.818798305648027E-12	1.5998501950850077E-7
1.6421594617002346E-4	0.003997202347174137	8.312342885540536E-7	8.469140951483965E-5	3.9977659360041035E-9	5.0949708962602E-5	5.743840646031967E-6	9.861553034612858E-10	0.0011301348237386553	2.357803846257121E-4	4.475436909952745E-4	3.551499555298607E-6	2.744056527455754E-8	1.4748825924922692E-5	3.5617604663528885E-7	3.826917230716625E-8	6.849248967334233E-10	2.6140713620446406E-7	6.52996906004468E-13	0.0016061820531862005	7.59279582486359E-5	4.5382924802291984E-5	1.1949470715972172E-4	7.84345271729514E-6	4.9943085140284865E-6	2.7701662146090178E-6	0.0	2.7701662146090178E-6	2.389806103786521E-10	8.460901143515834E-11	1.7298534939214995E-9	4.0400285564118806E-5
9.487977632546795E-4	7.524183616024339E-4	9.11888096573475E-6	6.363282599031317E-4	5.471245601889252E-8	2.9809186909462125E-4	2.4708708098310965E-5	2.7330859401084966E-8	0.005172529352711663	0.0013323164051360216	0.002480842633256027	2.1157114994173805E-5	1.275836128913659E-7	2.932492116416025E-4	4.272457105570433E-6	9.175259701952658E-7	1.807256928664589E-8	4.702931102927961E-7	5.224554466623214E-12	3.5605149186623044E-4	7.38002408133533E-5	1.4677604025293151E-4	6.660755922352051E-5	3.6797232240508075E-5	1.0692687810160706E-5	1.1771961397333305E-5	0.0	1.1771961397333305E-5	1.530315286282878E-9	5.55241165478561E-10	1.4494310465035291E-8	3.1650692659528534E-4
6.055413657883278E-4	0.0010550650314559123	4.388528109594891E-6	3.4494168540776145E-4	1.7075109630330954E-8	0.0013366189243196516	3.275399408488537E-4	4.885099430864029E-9	0.0023531051022930064	7.262842465364962E-4	0.0013828185816291065	1.2179491832789795E-5	1.435388089510616E-7	0.0031603903959095308	1.9392644141920225E-6	1.7900052271793908E-7	3.2102066918904937E-9	2.465194166773613E-6	3.2460392364376127E-12	4.592107130128296E-5	3.7991281304472924E-4	1.6804218736613967E-4	0.0027302726653987493	1.549156145856554E-4	5.485343261577373E-5	1.760533752739499E-4	0.0	1.760533752739499E-4	9.938449121919644E-10	3.5638928471669707E-10	8.745036370114806E-9	1.970009359663784E-4
7.062934426868685E-4	1.731652877570383E-4	2.356801303174606E-6	1.419136877312234E-4	1.844967154295526E-8	8.270783535422388E-5	0.001173390137310988	2.297824603530676E-9	0.0026160792440415577	9.526901167901902E-4	0.0018797836728835981	1.6790882784377483E-5	4.301133300207673E-8	4.081075045595434E-5	7.767519687855347E-7	1.0984137038246967E-7	1.735526279887135E-9	1.4023861747652798E-7	1.7404358571559116E-12	0.0016215091257440076	1.9366297096453132E-5	3.6675384092032434E-5	2.173301647286896E-5	4.505307128803209E-4	3.2327945157701222E-6	6.357411713605627E-4	0.0	6.357411713605627E-4	1.571368020541986E-9	5.402160181905205E-10	4.834297119595212E-9	6.835180622488957E-5
4.674011497181786E-4	1.5605491822533537E-4	2.3733475738450135E-6	1.0217770229490254E-4	2.055174569163487E-8	8.501205154136944E-5	0.0010172158037269246	4.394328405376921E-9	0.0014235745161387456	6.357391164472446E-4	9.753357122170805E-4	1.0256730357530449E-5	4.1614833055819844E-8	3.435162324411208E-5	8.317692925441679E-7	1.0048018658407866E-7	2.537562128508213E-9	1.3550068530897376E-7	1.8669919513889415E-12	4.681552703435514E-5	1.624221564937628E-5	3.552381528837136E-5	2.0192333693074758E-5	3.3173678368391633E-4	2.9270426514027277E-6	8.595572591339992E-4	0.0	8.595572591339992E-4	3.878425367039989E-10	2.434847751367958E-10	5.192725102345913E-9	7.776007499670545E-5
3.723201360794758E-5	4.093603793878775E-5	4.44196044219728E-7	5.227573122266809E-5	1.4619771071902775E-9	7.410241315185362E-6	1.2206384958117314E-6	8.100161956533617E-11	1.3273023573151359E-4	4.958559099747637E-5	9.439244306288639E-5	8.616331495059343E-7	4.320362520737815E-9	2.4858427906383824E-5	5.717946231215503E-8	4.606737551638413E-8	1.6848297577094475E-10	2.5158270488523578E-8	2.1678379138817408E-12	6.700908383266075E-7	4.195447206481836E-6	1.0453920665281606E-5	3.4454746702300513E-6	1.547194398940301E-6	6.345955635412043E-7	5.990387236834851E-7	0.0	5.990387236834851E-7	7.407615068946498E-11	2.6636249531119495E-11	6.0571446092420566E-9	5.685366478528747E-6
1.0581688557849922E-4	4.083368291565898E-5	5.350220433685992E-7	2.476220648748062E-5	4.526159640638156E-9	1.9420538310601526E-5	6.457362182621236E-4	9.577355066412252E-10	3.447890958513456E-4	1.4446671597948257E-4	2.2471939483764708E-4	2.322054276273797E-6	9.662336476239401E-9	8.005460068776121E-6	1.847511160232912E-7	2.2878340607704626E-8	5.567937124353469E-10	3.5895636751105654E-8	4.196215134436129E-13	1.022509832380601E-5	4.299707032442513E-6	8.843944789371107E-6	4.902767387180682E-6	2.425907974734619E-4	7.636879781785512E-7	8.383401979684458E-4	8.375616731760894E-4	4.1955873762564383E-4	9.159328541475787E-11	5.515225626322615E-11	1.1648854486253022E-9	1.769682143358468E-5
3.176484886130061E-5	1.2271419617724213E-5	1.612041852016125E-7	7.442762131947308E-6	1.3583894204957076E-9	5.847249620226775E-6	1.93721203919423E-4	2.876179984016547E-10	1.0350881361350624E-4	4.3365919579982036E-5	6.746652274099163E-5	6.970699197498499E-7	2.9140161305776084E-9	2.4084283619274502E-6	5.546178285605083E-8	6.8747036636094465E-9	1.6712269625099079E-10	1.0779388985575702E-8	1.2597151901464944E-13	3.0678342036281657E-6	1.2920689094573388E-6	2.6575164394292255E-6	1.47261636304432E-6	7.277851196195334E-5	2.296116078752268E-7	2.338809804076215E-7	3.8789134754208036E-8	2.0962461115180944E-4	4.0295637824492175E-8	1.2762143840184696E-9	3.4970010616283633E-10	5.319275043755653E-6
1.0052563151580907E-4	3.879184063839977E-5	5.082688692874853E-7	2.3524000269618922E-5	4.299834130716162E-9	1.8449436187591406E-5	6.134469066874517E-4	9.098450224071331E-10	3.2754830583734264E-4	1.3724282072239826E-4	2.134825548531827E-4	2.205942570132094E-6	9.179182234310276E-9	7.605156063597365E-6	1.755128447596792E-7	2.1734334979242586E-8	5.289518705884873E-10	3.41007159050254E-8	3.9863881275588995E-13	9.713803810161425E-6	4.084705029884884E-6	8.40171330106811E-6	4.657610031490036E-6	0.0022196641459653168	7.255006218310884E-7	7.395955378450583E-7	0.0	7.395955378450583E-7	8.701326644220514E-11	5.239442986884757E-11	1.1066366650884371E-9	1.6811911829647302E-5
3.714011626671428E-8	2.186718370891581E-8	5.564183620308502E-9	1.1038216881319071E-8	1.2793944397035663E-12	2.0419868793874643E-8	7.16650359453261E-10	2.641636389165323E-13	8.871355170589719E-8	4.51757053037739E-8	6.952077895265579E-8	7.433027265912821E-10	4.350107457548979E-11	4.506054586302602E-9	1.0270508798725999E-10	5.808729409543693E-12	7.56443818439002E-14	1.521996515173939E-11	2.2184086408355942E-14	4.5970012165623556E-10	2.306916627901139E-9	5.286150467676916E-9	2.489637399762832E-9	1.8424102889356054E-9	2.577749441324124E-9	2.9665212719097486E-10	0.0	2.9665212719097486E-10	3.321209939359552E-14	1.21784359459078E-8	6.20672177120407E-11	1.1298861021586581E-8
8.65367418412531E-9	5.781385070748449E-9	8.354238072941234E-11	3.680595559662663E-9	3.299807731660491E-13	9.74061711804082E-9	2.1626888754848687E-10	3.6497319221687956E-14	2.2292448691385064E-8	1.1464166334985653E-8	1.7708332638782104E-8	1.8917017941337127E-10	8.32644892231417E-12	2.198928646302732E-9	1.2783320315218111E-11	2.338765016658774E-12	1.8972698936316452E-14	4.449788917312744E-12	3.4179603443253E-17	1.275738409322224E-10	6.25519996272571E-10	2.5191393656777004E-9	5.848896760434791E-10	7.854184351274152E-10	1.3628849911231197E-10	7.54691760958814E-11	0.0	7.54691760958814E-11	7.958066727510757E-15	4.730188896469497E-15	9.4243557455858E-14	6.107910552680525E-9
6.607653455278169E-8	1.4473961617788051E-6	6.84285666221755E-10	7.806429534958307E-8	1.802577387161246E-12	1.7861365522335828E-7	3.2861165796417496E-9	8.933779993627534E-13	2.522076863867333E-7	7.476839368401466E-8	1.4252594354088757E-7	1.243860271312361E-9	1.2508043400516913E-10	4.082394412235133E-8	1.8004011126787445E-10	4.777419947914324E-11	3.820317985214988E-13	1.64335193942298E-10	1.2691325547417206E-10	3.518774762150312E-9	2.2125150832874645E-8	5.777118890595234E-8	1.652646521220142E-8	6.2368248085782975E-9	8.344140610693386E-9	1.484143540588783E-9	0.0	1.484143540588783E-9	1.5965935852656693E-11	3.595548897788042E-14	3.5510701119651145E-7	5.6277192228815704E-8
0.0020684556159898696	3.1170489330320587E-4	5.1318974079111995E-6	3.8542345729214623E-4	3.826912376426341E-8	1.5893128882709306E-4	4.314229517238914E-5	2.1360361605915444E-9	0.01604450615878228	0.0031502249155308426	0.00600497786351818	4.654703573136625E-5	9.430806029010019E-8	8.786118412596821E-5	1.5265550692941535E-6	1.8586789899270457E-7	2.1993046299123348E-9	2.7007375747338634E-7	3.5066044193489187E-12	1.3287003495337093E-5	3.6041995789674456E-5	7.277295329874181E-5	4.786116456677758E-5	4.827293248569816E-5	6.634805322501591E-6	2.140791383147791E-5	0.0	2.140791383147791E-5	3.034147593152995E-9	1.0645913270116207E-9	9.748502974398569E-9	1.3539751999396208E-4
