32
NULL,open@__open_nocancel,fstat@_fxstat,mmap@__mmap,read@__read,munmap@munmap,open@__open64,close@__close_nocancel,rt_sigprocmask@sigprocmask,exit_group@_Exit,rt_sigaction@__libc_sigaction,sched_yield@sched_yield,mremap@mremap,time@time,read@__read_nocancel,mprotect@__mprotect,madvise@madvise,lstat@__lxstat64,openat@__openat64_nocancel,write@__write_nocancel,syslog@__syslog,getpid@getpid,writev@__writev,close@close,stat@__xstat,socket@__socket,fcntl@fcntl,connect@__connect,getdents@__getdents64,lseek@llseek,getrlimit@__getrlimit,write@__libc_write
0.959163844465579	7.676948914868422E-4	8.595867362488343E-6	5.971042866005147E-4	5.649894467778761E-8	4.7586711079929876E-4	5.608366512699564E-5	4.562427725588829E-9	0.014510833569279106	0.003427842953631497	0.0064496997291791725	5.4484433102458975E-5	2.1268257212289848E-7	1.4318810720176893E-4	5.3807204180937066E-6	3.077785564997725E-7	4.681543712648945E-9	5.092041888996052E-7	5.26821165084169E-12	2.2134754415185347E-5	1.1038984392877504E-4	1.3081013356988766E-4	8.282648315996012E-5	7.766850165947858E-5	1.5448806420748936E-5	2.7028046748698492E-5	0.0	2.7028046748698492E-5	3.7538299208333656E-9	1.3927276979531E-9	1.460066069018604E-8	3.0658100428044075E-4
2.3630531208923E-4	5.129630499928103E-4	2.5113707318087545E-5	3.1636585119754977E-4	7.809228051614246E-9	1.596823379777867E-4	4.315115252189386E-6	1.3369897057843585E-6	6.383273144915364E-4	1.6975988888569724E-4	3.176201010084506E-4	2.7766224498630853E-6	3.073267068289656E-8	2.5906759544464073E-5	2.4884613449524523E-4	9.015119413838165E-8	2.5399474919451908E-9	1.4778282858127292E-7	6.058305333184032E-11	2.1395092666784867E-5	9.907672149456503E-4	3.1588821032277155E-5	2.1011155275693466E-5	7.538373869298666E-6	4.647640557704621E-6	1.994825518108631E-6	0.0	1.994825518108631E-6	2.140606268234462E-10	7.494448086784659E-11	1.3160931867186987E-8	5.720428446081123E-5
7.250003327402145E-6	3.3770839344111424E-6	1.0861447537289686E-7	6.235170483663076E-6	1.1117539970697144E-10	2.9155628139181437E-6	1.7105327017095644E-7	3.80893875145545E-11	1.3230167409277718E-5	5.082861778816265E-6	9.482122069451791E-6	8.934720833830951E-8	7.947864105540321E-10	3.7965730483954524E-7	4.620963487489987E-9	7.219394751286262E-10	1.0502701025585785E-11	2.3783202675195057E-9	3.8134954376871723E-14	6.433277071925067E-8	3.6235585712332993E-7	4.932393856535306E-7	7.042689054187423E-7	4.5601193166378106E-7	6.934718356469351E-8	8.347342621918985E-8	2.8209357478666785E-8	8.347342621918985E-8	1.0585657390597772E-8	3.3362271200133956E-10	1.0597139722002319E-10	1.1295922584271748E-6
1.221035675544117E-4	1.9223704133916315E-4	1.0156053166862043E-6	0.0014987363982500715	7.116397629177761E-9	0.0020389676249762847	1.1307176502935265E-5	4.251588880836593E-9	3.129657147519837E-4	8.846131797369838E-5	1.6909602238590463E-4	1.4844839702087248E-6	2.2831951058034558E-8	1.1874323156440592E-5	2.5698188821268323E-7	4.554984268512021E-4	9.282194907324662E-10	1.5272687826250895E-7	7.250999084921712E-13	9.293207647373695E-6	1.0364281078217219E-4	2.25719551114898E-5	8.92456269072304E-5	8.263711872943887E-6	4.14517651699932E-6	5.897122924000707E-6	0.0	5.897122924000707E-6	1.266762336510764E-10	4.2684116955603394E-11	1.9949454466944806E-9	4.549665158822512E-5
1.1185665071881645E-8	4.4728152111680034E-8	4.953522342683292E-11	4.494705102240582E-9	1.8074336123950036E-13	2.2882496438009207E-7	2.5266390243725494E-10	2.5039457416905746E-13	3.333362665561403E-8	8.132305673203068E-9	1.5029740055402942E-8	1.2919654337935558E-10	1.4791982851022674E-12	7.371617810896338E-10	2.0245416469556417E-11	1.5397707792126199E-12	1.6361315140321212E-13	1.2898439693948955E-11	5.576758758745849E-17	3.295904955424881E-10	4.211229795570264E-9	2.235169287626246E-9	3.1495542004055826E-9	3.728860243403109E-10	3.223096271902107E-10	1.2073824400060028E-10	0.0	1.2073824400060028E-10	8.499959928406912E-15	3.257254606977108E-15	1.5128756682168721E-13	2.854261002218901E-9
2.8675332154620806E-4	2.0648801294622925E-4	2.105595924878558E-6	5.571585125673902E-4	1.3305598276095342E-8	5.753038993537169E-4	5.334150203453584E-6	1.1905580581559659E-8	7.266185469277541E-4	2.024158478125028E-4	3.778959264164393E-4	3.344157366400777E-6	2.1097823771406268E-7	5.001312587373486E-5	1.39288998367643E-6	8.502520710905549E-4	1.1406979176433825E-9	1.165261420409446E-7	2.341560730808633E-12	6.028743009519117E-6	5.887041842735005E-5	7.631474052823203E-5	2.2174646534010456E-5	1.029439684158594E-5	3.097380201787471E-6	2.413441121720765E-6	0.0	2.413441121720765E-6	2.586181735243175E-10	9.200398965616567E-11	6.522430400055783E-9	1.360978263882009E-4
5.5109200710293204E-5	2.8388924913739134E-5	5.742360738533873E-6	1.1869254461580226E-5	1.2305273478055087E-9	8.540953515093911E-5	2.6376674930003556E-6	1.334156988706703E-6	9.350150871834939E-5	3.892766144866644E-5	6.282348839908812E-5	6.479107026307643E-7	6.67389836351245E-8	8.641787602608963E-6	8.526556668874785E-8	9.131823749658256E-9	1.8562484799183297E-10	1.5536762225810976E-8	3.519996060184892E-13	2.555512675756304E-6	2.8718498619663885E-6	1.1932281808391884E-5	2.49576373932608E-6	2.0012023011759962E-5	1.2481471562943513E-6	2.861423171653004E-7	0.0	2.861423171653004E-7	3.0993582877722687E-11	1.6379296052652718E-11	9.802017489740555E-10	2.3705166223236057E-5
1.0278147172843649E-7	6.916176267689017E-8	8.559274955633839E-7	2.0017358253059052E-8	1.6525638967841766E-12	5.6769051833735724E-8	1.7392487579272707E-9	1.1286281476773994E-12	1.8658981777631626E-7	7.213295915136497E-8	1.3213042921886294E-7	1.2580941202753605E-9	1.956170249561978E-11	7.00649079225964E-9	3.5800374741840923E-10	1.079640609208885E-11	2.3850365571135657E-13	3.587936886440503E-11	3.7521134861026966E-14	9.98786426309323E-10	6.924239887534291E-9	9.886366745050853E-9	5.724099739718042E-9	3.159449853342828E-9	1.0372082014231622E-9	8.02698247034092E-10	0.0	8.02698247034092E-10	9.997221202107539E-14	3.729691680203716E-14	1.0497322605279722E-10	2.1021048055896586E-8
0.01334386788316817	6.482150214462599E-4	1.2224670991002302E-5	7.909287304055013E-4	1.0158100046406508E-7	3.4589045438337165E-4	6.62847158712062E-5	5.943212288588838E-9	0.00948710260482049	0.009283757774241343	0.016853101201921142	1.229074370667373E-4	2.196886085815953E-7	1.8551997138968569E-4	3.4983945140434465E-6	3.5700397123311166E-7	5.0344858515470254E-9	6.264319215318739E-7	8.875200482899598E-12	3.8101302009361014E-5	7.625713423621525E-5	1.7574504037918463E-4	1.0251169014366281E-4	9.61198904089018E-5	1.723095636399319E-5	3.082677385275813E-5	0.0	3.082677385275813E-5	4.163928294661116E-9	1.7787081291866868E-9	2.469378098132362E-8	3.1977294021187696E-4
0.01365391805348453	3.92190254523842E-4	5.7165654814418E-6	5.533653410967256E-4	4.3168762055069865E-8	2.1154616143901985E-4	2.5668534958748597E-5	5.022498720693011E-9	0.00482198827963026	0.0011569767535577766	0.0021583351603316164	1.8386424842935323E-5	1.1480468233465812E-7	7.671980527731477E-5	2.338693751827514E-6	1.7240966303400598E-7	3.617338389868794E-9	3.438914866117194E-7	4.116913262169836E-12	3.1549446726247085E-5	4.865446250763327E-5	9.209023465926798E-5	5.4087360442182265E-5	4.181384658588995E-5	9.918794214440595E-6	1.0440847894201839E-5	0.0	1.0440847894201839E-5	1.273556579633052E-9	4.68002687852679E-10	1.1431631297723789E-8	1.7953364641654253E-4
0.012675071253196116	4.7809029693468325E-4	7.687555101840722E-6	6.151698764259447E-4	6.034767742240675E-8	2.530666114864681E-4	4.5025881687952645E-5	5.0701644211618124E-9	0.00673874711009602	0.008821220417457155	0.007430176685274466	1.5137113557762652E-4	1.4583146081090835E-7	1.1347640112481809E-4	2.6562851842152716E-6	2.4469893582010425E-7	4.04530228555765E-9	4.2788375908555993E-7	5.5401225071875136E-12	3.201895395489448E-5	5.770180990015223E-5	1.1702029743254291E-4	6.898061593748773E-5	6.193178319377614E-5	1.2061192934530165E-5	2.0536640926644526E-5	0.0	2.0536640926644526E-5	2.764790448676548E-9	1.0363372218564555E-9	1.5398086887253633E-8	2.1942703781504698E-4
1.3753564448628846E-4	4.747043286322964E-6	7.666557854700268E-8	6.314754292007322E-6	6.036906677282171E-10	2.543351580899874E-6	3.888111448064543E-7	5.363332149532226E-11	6.330954738395373E-5	9.572478713494352E-5	7.459056682647694E-5	4.934399555253472E-5	1.4667349189169614E-9	1.0953876968090784E-6	2.7136691233249922E-8	2.309956641856346E-9	4.1022531847691394E-11	4.306993930088055E-9	5.537621036635626E-14	3.389205024135412E-7	5.767384290780883E-7	1.1755570775142486E-6	6.893216694448878E-7	5.861063072533461E-7	1.2185617761448943E-7	1.7080044431200765E-7	0.0	1.7080044431200765E-7	2.2206189370209375E-11	8.748245571252371E-12	1.539023888816209E-10	2.225162722294963E-6
6.257916520425357E-8	1.0124675041102857E-7	2.668552281478338E-10	3.525377506167429E-8	1.0283055187002877E-12	1.735542227770256E-8	1.6164103628524903E-9	2.0449240742725123E-13	1.710325387283506E-7	4.5977839627494284E-8	8.677346031636119E-8	7.574465103325568E-10	1.0077009259158705E-11	9.023605454551865E-9	1.0051253377894177E-10	1.857818180147363E-11	1.6397846950263404E-13	9.142567890485459E-11	2.237649696966307E-16	1.9736027137527176E-9	1.1398388111665756E-8	1.58129810657484E-8	7.4216961430650296E-9	2.5420209774451357E-9	2.3159199316651567E-9	7.619945499397128E-10	0.0	7.619945499397128E-10	5.651234484505511E-14	2.077996499981047E-14	5.915739992822192E-13	2.810038535271206E-7
1.2122436079188011E-4	2.4647742690771083E-4	6.240186415286996E-7	2.0111037905673455E-4	4.783687687772606E-9	2.6649494420040894E-5	2.9436701229072508E-6	2.851701321469259E-10	2.648751756591646E-4	8.585927299176575E-5	1.6449468121360077E-4	1.4844081337204209E-6	1.7137505120196366E-8	1.1656449593758134E-5	4.355974801564535E-6	2.3216292536853156E-8	5.976167786511923E-10	1.1849330687695654E-7	3.429846440372829E-13	2.4662574254368933E-6	1.362592015828291E-5	5.631823687007009E-5	1.137900774354425E-5	4.608812991375176E-6	3.0472752495302824E-6	1.4009810723376012E-6	0.0	1.4009810723376012E-6	1.284713566936499E-10	4.4719462723014645E-11	9.18418789535828E-10	2.2764762579788264E-5
1.6044248191452593E-5	6.1894322446189245E-6	4.187950517033289E-8	1.3766173821127649E-5	3.3552112264489173E-10	1.4167854609093694E-6	1.9439737784085359E-7	3.221275767989162E-11	6.525068912559792E-5	1.2666754912569753E-5	2.4322573054269627E-5	1.9104018905176871E-7	1.0704022975737627E-9	5.978432434317629E-7	1.0598844268911687E-6	1.6747381028457796E-9	2.5393002500446894E-11	2.101489329197418E-9	4.890303212889563E-11	1.1585608460522614E-4	2.532411811368773E-7	6.016511408469063E-7	2.6053111968885246E-7	3.0917818802316266E-7	6.411216114296766E-8	9.101546693611143E-8	0.0	9.101546693611143E-8	1.904742837784361E-11	4.4440604203088425E-12	1.0574656977938192E-8	1.587103968150632E-6
6.339101520712426E-5	1.9517812377345342E-5	6.475992301263454E-7	2.0119398714004514E-4	7.425659439031541E-9	6.652143667257485E-4	1.2766515609096065E-6	7.359412190210568E-11	1.2141419342876102E-4	4.421739747228866E-5	8.855348784810255E-5	7.981743145508219E-7	1.148089523601618E-8	6.212785465528492E-6	1.1993150845266212E-7	1.9612117029917467E-8	1.0058175711508289E-10	2.8130288728823726E-8	1.1345225635206873E-13	3.9635282210417636E-7	2.0318149883338084E-6	8.973967896882734E-6	1.964347121839878E-6	2.6419322604394066E-6	7.083151946946147E-7	5.643472145232636E-7	0.0	5.643472145232636E-7	8.804346415507922E-11	2.650382590553924E-11	3.1390346060856435E-10	1.575730119938021E-5
3.6769384963972523E-9	2.449153460106506E-9	1.4534953521198617E-11	7.456822584930334E-10	6.381862126186198E-14	1.0171990811715847E-9	4.9602230918195505E-11	1.2662813238255576E-13	8.859199282713984E-9	2.6108636134767824E-9	4.476264315278048E-9	4.186773430469732E-11	3.1131138924223983E-13	1.7518857735954356E-10	1.514000145628877E-11	3.1815872092128317E-13	7.717746144137185E-15	1.789409254209345E-12	1.9802054207506448E-17	4.672581827374311E-11	2.5274570946776304E-10	3.3183233886281863E-10	2.0931906820253945E-10	8.219876817881179E-11	4.404037617970271E-11	2.3291771605451524E-11	0.0	2.3291771605451524E-11	2.1990323173509066E-15	1.0188315516882528E-15	5.4803137517356484E-14	8.875253680702637E-10
9.185036197064242E-8	2.3562252847265704E-7	1.2833413729565416E-9	5.908698105739333E-8	1.7717705258664797E-12	2.7161465615619995E-7	3.1602542829956794E-9	3.829047776313848E-12	2.4043598726457826E-7	6.617805253228341E-8	1.2653108716003338E-7	1.1038842069434556E-9	1.5189442298737157E-10	3.613738520132216E-8	5.227014672625956E-8	3.7467882274689336E-11	7.462556542245232E-13	1.6048939612230374E-6	6.017997910027177E-7	2.3466506396457292E-9	2.0856558446931046E-8	4.6330324171582123E-8	1.5751326378106946E-8	1.2354470986507421E-8	3.534720583954678E-9	1.0530098931133703E-9	0.0	1.0530098931133703E-9	8.744632183823969E-14	3.123932197073409E-14	1.8141600190656664E-12	1.203487955840289E-7
8.14018510652043E-9	2.3469092439057175E-8	3.0951015314276496E-7	5.6107765222287465E-9	1.457398364047013E-13	2.8362930596428682E-8	2.986673001782019E-10	5.055328984446244E-13	2.1851200420387493E-8	5.939560398674889E-9	1.1423546879901865E-8	9.908962318892284E-11	1.3753299854667201E-11	3.2610424025588428E-9	1.1530661122048586E-10	3.4204481202892235E-12	7.671617925358261E-14	9.942703401950952E-12	2.298426482330214E-16	2.450785260045078E-10	2.3014754909499274E-9	4.3394759455542114E-9	1.727876400050968E-9	1.1252565604537885E-9	3.468512031605395E-10	1.0171366279556644E-10	0.0	1.0171366279556644E-10	1.2958506319289138E-11	2.8151786570286536E-15	6.395034676622456E-13	1.1615422304530181E-8
2.077474152513904E-5	2.8932449175223185E-4	6.181788904226592E-8	6.111456892489565E-6	2.8039166548926205E-10	3.7681526833687475E-6	4.1108953173656614E-7	7.213766483779306E-11	7.97781640291952E-5	1.619274612975828E-5	3.095691045311563E-5	2.4751595206829575E-7	2.0378329971853284E-9	1.0654207231595773E-6	2.5204270544537545E-8	2.748617130928404E-9	4.920969873923336E-11	1.9021136308824532E-8	4.733536834706036E-14	1.1626379523224522E-4	5.495253988242492E-6	3.306838412729773E-6	8.643196520808524E-6	5.724002852755248E-7	4.787701652676428E-7	1.9783378848045434E-7	0.0	1.9783378848045434E-7	1.6691127582296513E-11	5.903672056525901E-12	1.253618107415999E-10	2.943705386528426E-6
1.2458281975281533E-4	5.4355942812340925E-5	6.61232792382654E-7	4.567224945024918E-5	3.908069398630239E-9	2.1497389648442246E-5	1.7469246435968282E-6	1.9768152334494745E-9	3.6392676931428414E-4	9.164036590672869E-5	1.7173270992638072E-4	1.4792907252734073E-6	9.217604440390265E-9	2.11434460899461E-5	3.054889417260444E-7	6.620275721912273E-8	1.3047925630884153E-9	3.3983059883640364E-8	3.749120605496074E-13	2.575798929603576E-5	5.3167999999485195E-6	1.0598319696890357E-5	4.811546142794474E-6	2.6376626398012045E-6	9.441753795845212E-7	8.313191657755547E-7	0.0	8.313191657755547E-7	1.0746179024705584E-10	3.8978234634235015E-11	1.0400029707216313E-9	2.2780324699672706E-5
6.898671767536142E-5	7.877901687878519E-5	3.4377484681526743E-7	2.555685993031249E-5	1.2044252095899654E-9	9.799871587114843E-5	2.3688808550104644E-5	3.6840848103979097E-10	1.610699306552689E-4	4.9282929999509545E-5	9.451133765884845E-5	8.427480641689531E-7	1.1202107900786364E-8	2.2891028554079297E-4	1.3874257632340892E-7	1.3084955698969687E-8	2.337663019526952E-10	1.8030244528227298E-7	2.427706831163239E-13	3.353327065798171E-6	2.7725995155575417E-5	1.2616239230535332E-5	1.9765131063886654E-4	1.1318461644035423E-5	5.349689519201583E-6	1.2727619431432754E-5	0.0	1.2727619431432754E-5	6.943950141410992E-11	2.488970282001777E-11	6.540651054315139E-10	1.4838285337979035E-5
9.369056242387266E-5	1.2219048805932072E-5	1.6740144821113735E-7	9.91459461339301E-6	1.2966553735803828E-9	5.803569807640827E-6	8.489550120668194E-5	1.639217110156319E-10	1.8166289595774218E-4	6.550979182333934E-5	1.3037338385017566E-4	1.1768437951492991E-6	3.0274070327420258E-9	2.8733522831032843E-6	5.362800554209152E-8	7.767402600465461E-9	1.2291288856777592E-10	9.920587086773639E-9	1.2275296173306796E-13	1.1735876360771367E-4	1.3572091240555003E-6	2.5915869184432228E-6	1.5354945928914527E-6	3.256550987370488E-5	2.653681337248333E-7	4.600101926300446E-5	0.0	4.600101926300446E-5	1.1122023461641008E-10	3.8184902200193855E-11	3.4094798580217666E-10	4.795855761997534E-6
6.16804425104057E-5	1.1116681855864194E-5	1.7021202580090245E-7	7.160993169037762E-6	1.4599266594396337E-9	6.048467928512926E-6	7.360585436416706E-5	3.166114697567377E-10	9.794306516302203E-5	4.360088052527443E-5	6.670078682140299E-5	7.16244453944078E-7	2.9650102750236635E-9	2.433941652265733E-6	5.839105113046389E-8	7.155030137038343E-9	1.8187706294621838E-10	9.675776997969814E-9	1.3298050143211426E-13	3.378879137071936E-6	1.1491405885105298E-6	2.534168634468396E-6	1.4398834124746257E-6	2.3984473943398795E-5	2.4828976589201993E-7	6.220877309401015E-5	0.0	6.220877309401015E-5	2.6503889538650552E-11	1.702657727537659E-11	3.6985106468669863E-10	5.5325764438972785E-6
4.847359302948983E-6	2.9647103558126296E-6	3.2296581399133065E-8	3.77023735801548E-6	1.0356984429339462E-10	5.37233471473286E-7	8.672834554244676E-8	5.848646357863788E-12	9.171651462067457E-6	3.397313587335541E-6	6.516612943870604E-6	6.018160637713355E-8	3.142313409992838E-10	1.7963724750799075E-6	4.001347422639214E-9	3.3264525207915323E-9	1.2068789891518435E-11	1.822834000408395E-9	1.5680703207041397E-13	4.7996590874074624E-8	3.0330781713197795E-7	7.543801770468805E-7	2.497945101345733E-7	1.1115865760817818E-7	5.697230431255672E-8	4.253536994078015E-8	0.0	4.253536994078015E-8	5.223662736312719E-12	1.8762516093163037E-12	4.3813060811568706E-10	4.079191274860372E-7
1.3940063321886919E-5	2.9211838309616324E-6	3.8423935394346025E-8	1.7410245500710022E-6	3.213485222817406E-10	1.3849796980525448E-6	4.6734177449284565E-5	6.901986579601005E-11	2.3795149744681768E-5	9.908535312936001E-6	1.5380607244447778E-5	1.621315121006842E-7	6.905143043438504E-10	5.679914542899538E-7	1.296254078264409E-8	1.629754386113567E-9	3.989894527323508E-11	2.573545758317031E-9	2.990575185978236E-14	7.379295740900391E-7	3.0588610346513326E-7	6.328579303796567E-7	3.507244092240867E-7	1.7549923091953767E-5	6.622408882911493E-8	6.0681272567754124E-5	6.0627309592708736E-5	3.0367572620607814E-5	6.272553648046376E-12	3.856222778926854E-12	8.301273087517534E-11	1.2606596414110908E-6
4.18455427519964E-6	8.779130676796055E-7	1.1577952044270715E-8	5.233257036603094E-7	9.644270070724334E-11	4.170283135485895E-7	1.4020277173763253E-5	2.0727561844263547E-11	7.143528820728724E-6	2.974337386369454E-6	4.617689067838232E-6	4.867117833067969E-8	2.0827017970105995E-10	1.7088851122535816E-7	3.891335163220168E-9	4.897345682143304E-10	1.1975763478703549E-11	7.728510582306595E-10	8.977882966977416E-15	2.2140090951962896E-7	9.192330723270218E-8	1.9017354334504483E-7	1.0534872343766044E-7	5.265069932800766E-6	1.99157188342683E-8	1.621198557150628E-8	2.807770408904862E-9	1.5173061959144687E-5	2.916712053764777E-9	9.233857335248428E-11	2.492078566413501E-11	3.789401824016925E-7
1.3243006171859819E-5	2.7751133269117473E-6	3.650258982507907E-8	1.6539665803202999E-6	3.052798517215834E-10	1.3157253497129545E-6	4.439728759523982E-5	6.556860522164227E-11	2.260530010895926E-5	9.413070175748723E-6	1.4611517319679088E-5	1.5402430862930213E-7	6.559859150586201E-10	5.395896819862747E-7	1.2314363545107926E-8	1.5482603554627275E-9	3.7903843497938135E-11	2.444858504153686E-9	2.8410348454543332E-14	7.010302376983385E-7	2.9059061372517435E-7	6.012125830712354E-7	3.331868305565039E-7	1.6066184676262184E-4	6.291262792994626E-8	5.126461731752751E-8	0.0	5.126461731752751E-8	5.9589016747132056E-12	3.663396706470784E-12	7.886177285843779E-11	1.1976217773422463E-6
4.40242972906365E-9	1.6926791429554153E-9	4.047361283820154E-10	8.222500644793239E-10	9.058599538903828E-14	1.5420290548852764E-9	5.238630085157942E-11	1.9826757031437397E-14	5.9052399283618E-9	3.070301919541685E-9	4.701182001761062E-9	5.1525590976792275E-11	3.207098867139917E-12	3.324326964692775E-10	7.315744838646348E-12	4.251327861414799E-13	5.511542733235173E-15	1.1946902888729576E-12	1.6061518034093509E-15	3.4559155202753056E-11	1.783478040017485E-10	4.034464891446573E-10	1.953898189819272E-10	1.3886678718124312E-10	2.5286117918232553E-10	2.1489929717910263E-11	0.0	2.1489929717910263E-11	2.266299949321458E-15	8.815419648810919E-10	4.4936973625492845E-12	8.446727439672048E-10
1.1246623079738938E-9	4.200493078455546E-10	6.0982358603899585E-12	2.636811490219716E-10	2.338312511471799E-14	7.058312745431601E-10	1.5349611576034147E-11	2.644228956977432E-15	1.5156266062078702E-9	7.851815096965281E-10	1.209381931222739E-9	1.3203370875309786E-11	6.034421724564833E-13	1.5852810052092178E-10	8.951427458489445E-13	1.676253692049033E-13	1.347714394420536E-15	3.236483631964126E-13	2.452927583903505E-18	9.138358773473243E-12	4.532828736027263E-11	1.8247803977140854E-10	4.25593741117256E-11	5.717852440739486E-11	1.2720474490542429E-11	5.296397454921338E-12	0.0	5.296397454921338E-12	5.465360665976043E-16	3.3118789587955077E-16	6.761571765330294E-15	4.4158566391587837E-10
7.021591084534012E-9	1.0516647608535502E-7	5.381803626366831E-11	5.7574232912645E-9	1.2726767994187295E-13	1.3131072225701852E-8	2.421064896638294E-10	6.705975446894851E-14	1.714704723152359E-8	5.0464936681203735E-9	9.690233052425573E-9	8.564951138284911E-11	9.171834806477112E-12	2.9788246538461294E-9	1.2849718568862607E-11	3.4864650254657876E-12	2.798502491546893E-14	1.223304548246172E-11	9.18677071539693E-12	2.6055517129609567E-10	1.6438436487640903E-9	4.2526542860938224E-9	1.2494787445560542E-9	4.728681003914722E-10	8.170373810611089E-10	1.0871746493617409E-10	0.0	1.0871746493617409E-10	1.1554340022430026E-12	2.501333915721387E-15	2.5704853782382688E-8	4.167401044268107E-9
2.739809213989968E-4	2.146483152581078E-5	3.5989687111366295E-7	2.67786808020196E-5	2.6569374344153007E-9	1.0871314562287537E-5	3.017121244394242E-6	1.4641153761348875E-10	0.0011389832749402972	2.1728135465618544E-4	4.1722613316599373E-4	3.255838729250082E-6	6.52454790616863E-9	6.113439539012398E-6	1.0268025137757198E-7	1.2903505397772474E-8	1.5089906497431414E-10	1.8739816000156832E-8	2.4384620064347734E-13	9.141711573792572E-7	2.458204815999926E-6	5.052271770966079E-6	3.333311018214726E-6	3.3760975147974606E-6	5.075995653010148E-7	1.4987004744655272E-6	0.0	1.4987004744655272E-6	2.1242024618365457E-10	7.444355712951068E-11	6.779222046843385E-10	9.315300788843883E-6
