32
NULL,open@__open_nocancel,fstat@_fxstat,mmap@__mmap,read@__read,munmap@munmap,open@__open64,close@__close_nocancel,rt_sigprocmask@sigprocmask,exit_group@_Exit,rt_sigaction@__libc_sigaction,sched_yield@sched_yield,mremap@mremap,time@time,read@__read_nocancel,mprotect@__mprotect,madvise@madvise,lstat@__lxstat64,openat@__openat64_nocancel,write@__write_nocancel,syslog@__syslog,getpid@getpid,writev@__writev,close@close,stat@__xstat,socket@__socket,fcntl@fcntl,connect@__connect,getdents@__getdents64,lseek@llseek,getrlimit@__getrlimit,write@__libc_write
0.9641234334032613	0.004808498340882941	3.263403375863271E-5	0.002413859911346605	2.0503608278917418E-7	0.0018386805248350217	2.0357972498815313E-4	1.862254190547849E-8	0.047021026170046554	0.011271983141116168	0.021117126488520207	1.7781111425351496E-4	9.005795863117289E-7	5.600016240430356E-4	1.8421883455035522E-5	1.1547506355477302E-6	2.3677935404322566E-8	3.909340705015806E-6	2.048188445153937E-11	1.1471522927048361E-4	6.064132759182207E-4	8.260758140703117E-4	4.318010366648449E-4	2.9068762865637883E-4	1.2160300547837856E-4	9.747667634675533E-5	0.0	9.747667634675533E-5	1.2233242159654552E-8	4.5372062532266594E-9	5.599844249549489E-8	0.0012705261408853463
0.0013475389743416101	7.271601445156042E-4	4.731303149566774E-5	5.435393063009061E-4	1.1100584110144705E-8	2.5964337461670516E-4	4.961446861733107E-6	2.559883318579335E-6	9.706420310949459E-4	2.5930781884887474E-4	4.857645014162871E-4	4.210227778233113E-6	3.270325022645801E-8	3.635067085798375E-5	4.7628303035203835E-4	1.5015038067680972E-7	3.6629760292976517E-9	4.524426283396598E-8	1.1556290617525254E-10	3.6148687306933474E-5	0.0018688396405503324	1.645480301522386E-5	2.1622587481324734E-5	8.518901850133029E-6	1.974397238060242E-6	2.3015791716947187E-6	0.0	2.3015791716947187E-6	3.29813134239815E-10	1.1387002259499417E-10	2.4015376022639177E-8	7.505876494878102E-5
2.8224949976232562E-5	2.7587009277487407E-6	1.979043748724955E-7	1.103091752354573E-5	1.7866618680041633E-10	4.9770546147664675E-6	2.755347653528426E-7	6.559530541281774E-11	2.0589378520992513E-5	8.620179804306286E-6	1.60147405203522E-5	1.5195111095262628E-7	1.1519734240635314E-9	5.628119425649993E-7	5.99002761014206E-9	1.0543768813695712E-9	1.2355855806076062E-11	1.061040851192861E-9	6.592512944589328E-14	5.1559888551293965E-8	2.8152019535289014E-7	3.3657897267423906E-7	1.0779246558382844E-6	7.806845844126967E-7	7.909493147615706E-9	1.356649114927018E-7	5.402220143419039E-8	1.356649114927018E-7	2.0270610003167345E-8	6.383866287248716E-10	1.8438421650838628E-10	1.6796255064935671E-6
8.419895895081231E-4	1.9616117656834855E-4	1.4737304449996288E-6	0.002829424133502556	1.203145397404167E-8	0.0038777256491890045	1.9538165509745125E-5	7.800979328429228E-9	4.504078803287569E-4	1.3171495964063907E-4	2.527447504926674E-4	2.212258558091087E-6	2.5971115880233113E-8	1.5060140183891435E-5	3.713112826736285E-7	8.722858802580652E-4	1.3292951772847887E-9	1.3032383615625729E-7	1.0828393581517012E-12	1.4532294754337056E-5	1.795961955314694E-4	1.4466624539739511E-5	1.5892802093984943E-4	1.1915398845032498E-5	4.272257916117491E-7	1.0328119617031041E-5	0.0	1.0328119617031041E-5	1.9639001626532582E-10	6.479721017194963E-11	3.0264550073739243E-9	6.466500720747328E-5
9.908075748912066E-8	6.190743935253125E-8	4.424204887747363E-11	3.2409117977164487E-9	1.9431915374026318E-13	4.349037225583673E-7	2.009370585409198E-10	4.3750279582308047E-13	4.5725969151437026E-8	1.1080637361710852E-8	2.0257346882481996E-8	1.7301915437334076E-10	7.443719939329137E-13	5.212786035568728E-10	2.5794933341042847E-11	1.1172669263722763E-12	2.738699617969393E-13	2.151256151983599E-12	6.861625250034347E-17	1.7820303582323343E-10	5.442890496045554E-9	4.5108505694626575E-10	4.329733353677159E-9	2.40655675679262E-10	2.0578331562352918E-11	9.945765694511703E-11	0.0	9.945765694511703E-11	1.0790263932314605E-14	4.24266443839744E-15	1.9151035372828307E-13	2.6728160839441256E-9
0.0011546503687045824	2.4308153191250086E-4	3.547455095718358E-6	0.0010289103910858164	2.304151711973053E-8	0.0010738918135013741	8.033360339981211E-6	2.24877600872757E-8	0.0011954013479413515	3.392403431505616E-4	6.322580740416847E-4	5.573453097691379E-6	3.869946377504321E-7	8.731605364635857E-5	2.50186459409295E-6	0.0016282570993986405	1.4815161994233096E-9	8.02094596038075E-8	4.19184196091707E-12	8.64090127812565E-6	9.59188014063759E-5	1.1943332645433432E-4	3.1085205657527274E-5	1.5691464285071485E-5	6.96829792681691E-7	3.620752605373861E-6	0.0	3.620752605373861E-6	4.3517601525243983E-10	1.5391413270136191E-10	1.1725846774504423E-8	2.3878913169671594E-4
2.042868258845793E-4	2.974899538470258E-5	1.0828845734707575E-5	1.6459787137330687E-5	1.9974070920819955E-9	1.5768437699236254E-4	4.647610522158386E-6	2.5549166085663343E-6	1.4454915731650103E-4	6.62327868617816E-5	1.0451844140396894E-4	1.096843926834095E-6	1.2396911831026065E-7	1.5146238655787343E-5	1.358921348661547E-7	1.5120938952734884E-8	2.5885668278310694E-10	6.904166518527765E-9	6.25158988842645E-13	4.424560342175224E-6	2.770640778241484E-6	1.8532349529208394E-5	2.9372627013935784E-6	3.69028784167683E-5	1.527837865448631E-6	3.8209346418987257E-7	0.0	3.8209346418987257E-7	4.904028924662615E-11	2.751352938024401E-11	1.7487233260924295E-9	4.1590096869235E-5
4.255042944315295E-7	7.160544450499426E-8	1.6278510240771993E-6	2.3644430463758732E-8	2.621100845504134E-12	9.915894018704719E-8	2.498806185390924E-9	2.044142333762401E-12	2.8513911443089936E-7	1.2108612338581612E-7	2.2029254093705955E-7	2.1173501276921854E-9	3.161152890572862E-11	1.0799115493969068E-8	6.397636086912363E-10	1.542113331177079E-11	3.2928486794663084E-13	1.1277521046140738E-11	7.172042848612192E-14	7.399233565495226E-10	6.499711373164252E-9	8.992890757459653E-9	6.5111202519916894E-9	4.621103111675091E-9	1.2174547276383175E-10	1.1501546569544648E-9	0.0	1.1501546569544648E-9	1.7005865268748657E-13	6.357123064043211E-14	2.0067464648774596E-10	3.2488401423384414E-8
0.032994425997963664	4.363760551062687E-4	1.8783285507811877E-5	0.0012046272599638916	1.6994224285233257E-7	4.196681361410288E-4	1.0276972674333373E-4	8.930912247143855E-9	0.013315988201026792	0.01679023713220986	0.030317360493199826	2.173130514212396E-4	2.948968265444159E-7	2.829549258064524E-4	4.544134133313254E-6	5.428053580065687E-7	5.866212114765545E-9	5.043380396646528E-7	1.4384080909032339E-11	5.588731874798425E-5	4.971842231951229E-5	1.9747856536511988E-4	1.2910343255671352E-4	1.463212828369515E-4	6.301372315300636E-6	4.755366426718775E-5	0.0	4.755366426718775E-5	6.686836387382191E-9	2.9255080802563994E-9	4.022553074186437E-8	4.4257687582472196E-4
0.032465205787459386	2.087882739993964E-4	7.120353658960268E-6	8.016266629394992E-4	6.14652134521501E-8	2.0560311084174854E-4	2.7695927768392752E-5	7.602384446165396E-9	0.004424019092026746	0.0010809107116743757	0.0019936601786206816	1.69982541693107E-5	1.2212679944595584E-7	8.76819537805159E-5	2.533646575466513E-6	2.0826299883614795E-7	4.422215071955841E-9	2.1372594104715098E-7	5.690051941105237E-12	4.7770778563268216E-5	2.5302642405212646E-5	8.39427097377935E-5	5.5505375986157306E-5	4.851448218368236E-5	3.4803563978301455E-6	9.741784643479312E-6	0.0	9.741784643479312E-6	1.176680274068317E-9	4.280786306585854E-10	1.5904379617527845E-8	2.0799158169173415E-4
0.030731958896587423	2.999023961590291E-4	1.0833300168990649E-5	9.168968215413588E-4	9.445932937620697E-8	2.805816981011522E-4	6.51111156430866E-5	7.66154817659445E-9	0.008393122751225503	0.015928314185079846	0.01235121705760397	2.730823518790359E-4	1.7663615649247462E-7	1.5668967202659917E-4	3.180274988003847E-6	3.472084256057493E-7	4.870122719977075E-9	3.0021267995604984E-7	8.400255729725017E-12	4.7756894012408864E-5	3.5257621250147264E-5	1.1852928913078185E-4	7.937530359046203E-5	8.66877098646307E-5	4.251623193467371E-6	2.9259505919588004E-5	0.0	2.9259505919588004E-5	4.106965480990802E-9	1.5429818761245574E-9	2.3486542751370707E-8	2.795770288435368E-4
3.321684645394182E-4	2.824758714634887E-6	1.0606498632675099E-7	9.361571940116092E-6	9.34526378692947E-10	2.7312692793569825E-6	5.219054072757583E-7	8.132141228720773E-11	7.270504592439634E-5	1.729657785103009E-4	1.227034484308514E-4	9.431601096327823E-5	1.741711894715423E-9	1.4642459297631989E-6	3.174825014931212E-8	3.14611347514891E-9	4.957146519510289E-11	3.005179998871184E-9	8.28889891368308E-14	5.097502739451083E-7	3.3329256596015417E-7	1.1801700555004026E-6	7.790238369455838E-7	7.876711617892941E-7	4.351674621958192E-8	2.2082564832429314E-7	0.0	2.2082564832429314E-7	2.98434119484776E-11	1.2033016503127605E-11	2.3174234079838578E-10	2.794483818472739E-6
6.73686363468213E-7	2.2724169434562666E-8	1.556595383773634E-10	2.894375882400207E-8	1.030226702903362E-12	9.788706293650676E-9	1.0727951465975513E-9	9.013905296452584E-14	2.0319584224679011E-7	5.7203208584553874E-8	1.0755072291338681E-7	9.423708130894946E-10	4.448526029688203E-12	1.1107050237227068E-8	1.0763573000509575E-10	2.2537460343722584E-11	7.998304086245197E-14	1.1640009806252508E-11	1.5602648211113354E-16	4.990794251492925E-10	2.903932209978883E-9	2.7781675747962867E-9	2.0637640289770682E-9	1.5020637845778454E-9	1.3017801473520344E-10	5.162185053539808E-10	0.0	5.162185053539808E-10	7.055701711861526E-14	2.6151232621504392E-14	4.330852959873421E-13	5.182574849760511E-7
9.705991597000762E-4	2.6185130222386904E-4	5.89401009186676E-7	3.359490611039068E-4	6.05346389282454E-9	1.7334620905420866E-5	2.999535650755733E-6	1.559280044598713E-10	3.2969174024363333E-4	1.1654218790802803E-4	2.2665151846095694E-4	2.0456231436923945E-6	1.1387921165231866E-8	1.1509580676222019E-5	8.1380196713166E-6	2.6646864355776913E-8	1.620532459484092E-10	2.657202371764141E-8	2.8976982341981834E-13	7.395468389795787E-7	3.092848011540465E-6	7.090837439747818E-5	6.566785832689341E-6	4.084602278657568E-6	2.794212487839355E-7	1.4723087985700024E-6	0.0	1.4723087985700024E-6	1.883952095050252E-10	6.43366127997089E-11	8.065826676621231E-10	1.5361378805586512E-5
4.5327240265584705E-5	9.280213890205637E-6	6.830235302440979E-8	2.56276955586501E-5	5.780046436919147E-10	2.104609553919355E-6	3.2131902104143634E-7	5.536176964962906E-11	1.178652499354588E-4	2.268578238064361E-5	4.352035481159211E-5	3.3748481260501045E-7	1.6987419101466088E-9	9.532418829315381E-7	2.0295775129691033E-6	2.8905569707054688E-9	3.226592281114353E-11	1.663563173414397E-9	9.364335212871614E-11	2.2181913258435305E-4	1.9463188959031956E-7	6.797258279665047E-7	2.9553572050099775E-7	5.009929677013045E-7	1.733149305964854E-8	1.5067985158725762E-7	0.0	1.5067985158725762E-7	3.4417084208850367E-11	7.745497880679607E-12	2.0228922241618663E-8	2.591356065991076E-6
2.1048615830258216E-4	1.8295122854268662E-5	1.152640844947212E-6	3.8004807503413225E-4	1.3783577585802349E-8	0.001269527522876125	2.1182090190568106E-6	9.50788127381144E-11	1.9759431975195613E-4	7.611131812472344E-5	1.5332118558629938E-4	1.3795036470469937E-6	1.9348245028374347E-8	1.054340681563173E-5	1.9994850580171948E-7	3.546339660302157E-8	6.829578891968154E-11	3.623290352797703E-8	1.7419148504712576E-13	3.9452538788529435E-7	1.7825260324271749E-6	1.3631159076021606E-5	2.2560958024278165E-6	4.412198015099855E-6	3.300143751788791E-7	9.324579273656818E-7	0.0	9.324579273656818E-7	1.5774812541749152E-10	4.6730163016275076E-11	4.870194717026958E-10	2.6966259774410122E-5
1.796280672572301E-8	1.6508962728856306E-9	2.0541689634007266E-11	7.112191118433533E-10	9.406381149616882E-14	1.4861726821332473E-9	5.568548394489358E-11	2.3686073496045887E-13	1.386478236772711E-8	4.2513714215065566E-9	7.147842920899642E-9	6.747710632098924E-11	3.087718074987726E-13	2.0498398617749935E-10	2.685587271286406E-11	3.5556682463490377E-13	7.43822286394149E-15	5.42528453088229E-13	3.270006680681896E-17	3.112465113969645E-11	1.4754330970778997E-10	1.33112612849442E-10	1.8163358673739836E-10	9.078738684805792E-11	4.868401946590425E-12	2.632414380143144E-11	0.0	2.632414380143144E-11	3.288611400381275E-15	1.6112834662695874E-15	9.143344197164654E-14	1.3171909292949963E-9
7.818247034979327E-7	2.7482984162701925E-7	1.9672933124148026E-9	7.195749912685242E-8	1.6476142735214002E-12	4.923247130440704E-7	3.829636272733125E-9	6.992980757712362E-12	3.1821151554253093E-7	8.98993432965963E-8	1.7332587640353555E-7	1.502049131150119E-9	2.734907104126493E-10	6.142286147276507E-8	9.978822470873626E-8	5.7306385964853575E-11	9.164211456515227E-13	3.0732778137300752E-6	1.1524739458720293E-6	1.1456229911843598E-9	2.0527760707824674E-8	5.927000978742426E-8	1.7194527389725935E-8	1.9418569602594563E-8	1.8012006618209633E-10	1.002021716146215E-9	0.0	1.002021716146215E-9	1.2272481953966197E-13	4.340984751350891E-14	2.679513766403468E-12	2.078266003104269E-7
7.63137434843038E-8	2.6826094030205438E-8	5.926805123734067E-7	6.566300771525733E-9	1.4403685341067573E-13	5.1593209100425213E-8	3.482742940687073E-10	9.339436656088877E-13	2.7913304898869154E-8	7.842878589707567E-9	1.5209867489804755E-8	1.3128462636045375E-10	2.4633426320663912E-11	5.52061482700852E-9	2.0948792117444135E-10	5.11189549959813E-12	1.098398145189069E-13	1.859512742844819E-12	4.0950473028225126E-16	1.24293960114525E-10	2.4078988363643345E-9	5.354942566936507E-9	1.985868312144776E-9	1.7397507464996578E-9	1.7816554414333897E-11	9.212093380552074E-11	0.0	9.212093380552074E-11	2.4811820338933253E-11	3.82027665077534E-15	1.1454484328960626E-12	2.0012449466206297E-8
1.5720445456322542E-4	5.193095476503942E-4	4.4257529916628745E-8	3.717650013732622E-6	3.3769243702870454E-10	2.3452670457358586E-6	3.6343038895838437E-7	7.581060142026875E-11	1.2470577031228354E-4	2.4210128595228755E-5	4.628412991483285E-5	3.6058709189623684E-7	8.301773595392306E-10	7.560561546811695E-7	3.0207023326764656E-8	2.5444469301854216E-9	4.663927510998499E-11	2.8995391558419795E-9	3.399962777901212E-14	2.219762163701934E-4	6.666422017909599E-6	6.870754971447733E-7	1.4127688094310101E-5	3.9422153507129355E-7	3.1284729617542176E-8	1.810460106037067E-7	0.0	1.810460106037067E-7	2.3561899546690654E-11	8.257724065619644E-12	9.440846820459796E-11	1.5214064801438052E-6
4.666403872389514E-4	5.432642506873942E-5	1.0280208616291955E-6	7.419003554182379E-5	5.699945748562099E-9	3.0003697881755932E-5	2.5598324899243603E-6	3.6773240275996722E-9	6.179579916176043E-4	1.543493750746022E-4	2.9008328389878307E-4	2.4670154004505866E-6	1.0725695319740503E-8	3.6137327221545524E-5	4.809461121905365E-7	1.2123258196761666E-7	1.9209294740595884E-9	1.860515135277325E-8	6.080814803968618E-13	4.840185477161812E-5	4.8227933377530755E-6	1.001213840133749E-5	5.402580060549811E-6	3.5014202661943573E-6	3.056251817132143E-7	1.238223423770968E-6	0.0	1.238223423770968E-6	1.7994581130999868E-10	6.488309606693576E-11	1.7004533125738723E-9	3.4693549317042945E-5
5.996168095388104E-4	2.2146304311911076E-5	2.501948468753301E-7	1.7349909887662125E-5	1.4808249899313268E-9	1.6377943336075897E-4	4.388151426911527E-5	4.0697606519612713E-10	2.043671941437515E-4	6.803357624843644E-5	1.310871508448134E-4	1.1756780503843505E-6	6.422296319675134E-9	4.327291524340616E-4	1.9149865719961722E-7	1.4169767106152552E-8	2.40710062642779E-10	2.257342583061073E-7	2.1565502612396194E-13	3.996718935532376E-6	3.9030105535558066E-5	2.9325193112534875E-6	3.7044055982170905E-4	1.8601372144031727E-5	1.6829392323787864E-7	2.3718327114996297E-5	0.0	2.3718327114996297E-5	1.0068277880706378E-10	3.5834402732463904E-11	6.010636613953158E-10	1.0709325279127244E-5
2.566994709194496E-4	9.768050534042417E-6	2.6217759404085837E-7	1.4880244371981279E-5	2.16844179566006E-9	8.036892945006333E-6	1.6229451089204254E-4	2.811559837736552E-10	3.0678701545621545E-4	1.1615982732525186E-4	2.3158285221085408E-4	2.0886170550504767E-6	4.046699074080695E-9	4.5389364110559735E-6	7.887222425830551E-8	1.3158688863331941E-8	1.6460352764849379E-10	6.552537409762095E-9	2.018160754820846E-13	2.244760055164602E-4	1.0538960800977291E-6	2.5493726474619244E-6	1.8792721609249102E-6	6.189202598205415E-5	7.487915114170391E-8	8.796156277792266E-5	0.0	8.796156277792266E-5	2.008486286073232E-10	6.864927251394946E-11	5.643846401254569E-10	6.87129658917862E-6
1.8118194442751984E-4	9.241654680229928E-6	2.7419923133676926E-7	1.0290418208386839E-5	2.4911016706304415E-9	8.936775120524515E-6	1.4073937624199597E-4	5.786331211399688E-10	1.5897411406822878E-4	7.689098889007216E-5	1.1514246850055778E-4	1.2543376776436925E-6	4.114050062524788E-9	3.784975385882099E-6	9.107621284738794E-8	1.2299847237102459E-8	2.678315746676186E-10	7.403247433448022E-9	2.2676320361447112E-13	6.23651107508267E-6	8.583752034255836E-7	2.6286601064331915E-6	1.8269436799569416E-6	4.553757383694522E-5	7.575626536362946E-8	1.1903210349791405E-4	0.0	1.1903210349791405E-4	4.254354219846459E-11	2.948909161912372E-11	6.342332978325142E-10	8.558764473340376E-6
2.180947595824878E-5	2.458431419980975E-6	5.124248432164278E-8	6.431313842785573E-6	1.3934410710584206E-10	4.627419808766772E-7	1.2164008098930938E-7	4.898153705847948E-12	1.3795857136611278E-5	5.540228501368782E-6	1.0672987075970767E-5	9.880331580605579E-8	2.4896826230573227E-10	3.2529969132751427E-6	3.820793341814387E-9	6.072648212227565E-9	5.008736224347491E-12	4.5181798015419964E-10	2.9418755595110617E-13	3.087929608610595E-8	2.2840125898136556E-7	8.701464271712931E-7	2.4153422705418195E-7	1.329566341413223E-7	1.892917675519725E-8	6.103690828189568E-8	0.0	6.103690828189568E-8	8.80952673414196E-12	3.151817857474822E-12	8.230806654551753E-10	3.1832743419849606E-7
4.334570548941544E-5	2.0875229397405345E-6	6.04900835540686E-8	2.388509550709973E-6	5.446159707537082E-10	1.9550100411357796E-6	8.943888485264894E-5	1.2457894787924687E-10	3.864281107161674E-5	1.736837920060562E-5	2.638951125983764E-5	2.8213814842030343E-7	9.053455312150345E-10	8.655740792496516E-7	1.9885250541497978E-8	2.74771588184833E-9	5.7896259100223414E-11	1.662691478511513E-9	4.9778928621648584E-14	1.3451847384337359E-6	1.9567838310246327E-7	5.86583411170879E-7	4.0625861605472965E-7	3.350403432412502E-5	1.725957326056891E-8	1.1618053208147255E-4	1.161040528380417E-4	5.812841919663342E-5	1.0014614543228524E-11	6.6303388977171115E-12	1.3920889596473242E-10	1.868313486712501E-6
1.3014173980182967E-5	6.278661740113862E-7	1.823854724031535E-8	7.181476441107045E-7	1.6343840002632625E-10	5.891599261223325E-7	2.6831690569401614E-5	3.741181911023453E-11	1.1600616198037766E-5	5.213477231672667E-6	7.922736094884127E-6	8.46946703483629E-8	2.73556899663609E-10	2.6053605487131093E-7	5.969084599967883E-9	8.25730193345287E-10	1.737515411218431E-11	4.990361081127288E-10	1.4942610395379882E-14	4.0357147861926893E-7	5.885306492303066E-8	1.7634217815006943E-7	1.220210364463339E-7	1.0051348856910074E-5	5.180750872339135E-9	2.297856098809478E-8	5.377007921060466E-9	2.9049035003407693E-5	5.585036287545268E-9	1.766060096921176E-10	4.178763439004261E-11	5.617080678575388E-7
4.117825235547401E-5	1.9831387086655523E-6	5.7465345124014444E-8	2.269074823493468E-6	5.173830631501413E-10	1.857251968157099E-6	8.496659425127815E-5	1.1834951804403672E-10	3.67105208708739E-5	1.649989298023418E-5	2.5069933501499286E-5	2.6803014839830926E-7	8.600747486363298E-10	8.222920232871243E-7	1.889091100731034E-8	2.61031944702165E-9	5.500122193763976E-11	1.5795504656894365E-9	4.7289789417960084E-14	1.2779202921840287E-6	1.8589370616823758E-7	5.572519690244167E-7	3.8594411198526503E-7	3.075751150083994E-4	1.6396527758558393E-8	7.265498508786013E-8	0.0	7.265498508786013E-8	9.51384503372691E-12	6.298796276350382E-12	1.3224791206968505E-10	1.774890577193842E-6
1.8685271193735012E-8	1.1805104854782652E-9	7.561898009978205E-10	9.263677878409253E-10	1.5094548154244964E-13	2.198429185376693E-9	6.079907700685526E-11	2.945460485534987E-14	8.364512157435738E-9	5.147972667672264E-9	7.61359041564135E-9	8.600032762763005E-11	5.5696228449280535E-12	4.897933392027526E-10	1.203874143262458E-11	5.713095081242096E-13	5.436828734494021E-15	4.705553914727159E-13	3.0687222640938452E-15	2.7863854725448835E-11	1.1080254369414322E-10	4.0542703942978854E-10	1.6468668717595727E-10	1.8035629439189478E-10	8.180842608389601E-12	2.3860568503895934E-11	0.0	2.3860568503895934E-11	3.4313626329648396E-15	1.6881925776548034E-9	8.586351489027E-12	1.1857351190783037E-9
4.26041749069949E-9	2.821382609270175E-10	9.968112561049109E-12	3.7346076109372855E-10	3.8927722975208914E-14	1.2593436887898244E-9	2.1753571497467783E-11	3.961303767557609E-15	2.199359075193476E-9	1.3379789624915492E-9	1.9995935545828867E-9	2.2420233209677096E-11	1.099854669595965E-12	2.784623763878687E-10	1.2487369987720093E-12	2.729525772778003E-13	1.1627760306961207E-15	1.2974095025922364E-13	3.6836576160292186E-18	7.436376618825755E-12	2.868767304793868E-11	2.6255727460849576E-10	4.214629053835629E-11	9.487324819045399E-11	1.446869916189924E-12	6.642720005895604E-12	0.0	6.642720005895604E-12	8.417185753891682E-16	5.577106152422539E-16	1.0296479170238273E-14	7.736190266158887E-10
9.421109742338513E-8	1.7817694605191418E-7	3.561481102653734E-11	5.481832751416748E-9	1.007163065529017E-13	2.1162223952703047E-8	1.6635328573505704E-10	7.79827251472119E-14	1.5958296753368674E-8	5.319919174692334E-9	1.0360090505306321E-8	9.246215467304493E-11	1.512351497641186E-11	4.750482725229995E-9	1.225962859191727E-11	4.779803463856056E-12	1.6325584743917598E-14	1.5040584215318486E-12	1.7588267418710598E-11	5.7621626277756385E-11	5.806992642484865E-10	4.356209181788935E-9	6.095538238819645E-10	3.6635998323642384E-10	2.3296010313385683E-11	7.222725266037785E-11	0.0	7.222725266037785E-11	2.2068240479270696E-12	2.859649914509194E-15	4.921249621008991E-8	4.9417664626825165E-9
7.019796941332213E-4	1.680036638003589E-5	5.690602416297169E-7	4.303124509863066E-5	4.462952875358732E-9	1.4502037505003614E-5	5.1659872678424774E-6	2.1485631447531455E-10	0.0020742294958117384	3.938630372937884E-4	7.548398035465108E-4	5.825753730939396E-6	9.074694693369253E-9	9.800957343137362E-6	1.44664296880781E-7	2.1103276934507624E-8	1.7533199936816362E-10	1.4256264707766824E-8	3.987145179068081E-13	1.2526912510044215E-6	1.8783692350164671E-6	5.450876984402657E-6	4.426651814810824E-6	5.485415769569248E-6	1.606952651548173E-7	2.580476103840182E-6	0.0	2.580476103840182E-6	3.768807112305979E-10	1.3148993186494246E-10	1.115025584735727E-9	1.3283630763710004E-5
