32
NULL,open@__open_nocancel,fstat@_fxstat,mmap@__mmap,read@__read,munmap@munmap,open@__open64,close@__close_nocancel,rt_sigprocmask@sigprocmask,exit_group@_Exit,rt_sigaction@__libc_sigaction,sched_yield@sched_yield,mremap@mremap,time@time,read@__read_nocancel,mprotect@__mprotect,madvise@madvise,lstat@__lxstat64,openat@__openat64_nocancel,write@__write_nocancel,syslog@__syslog,getpid@getpid,writev@__writev,close@close,stat@__xstat,socket@__socket,fcntl@fcntl,connect@__connect,getdents@__getdents64,lseek@llseek,getrlimit@__getrlimit,write@__libc_write
0.9766850435537131	0.00161853626653881	1.2811037328427033E-5	9.472305169838349E-4	8.36976280367564E-8	7.271556212081226E-4	8.362499118315649E-5	7.236203499093558E-9	0.02043534970751476	0.004871029007300259	0.009132301927559136	7.679595501363718E-5	3.447733484926578E-7	2.2193138467858816E-4	7.661465810660118E-6	4.6762421079207033E-7	8.282341726400936E-9	1.2473970204148334E-6	8.15491193225761E-12	4.1226127227787457E-5	2.1249014280796973E-4	2.7667104280081414E-4	1.5377203006068264E-4	1.170276858067994E-4	3.495819821255661E-5	4.017243800279791E-5	0.0	4.017243800279791E-5	5.273035281749097E-9	1.9560031159676485E-9	2.2418317728519132E-8	4.934236458118883E-4
4.600957624376794E-4	3.467664231925344E-4	2.106843461885396E-5	2.469526288339412E-4	5.60752145726989E-9	1.1952311812884954E-4	2.5588101799800757E-6	1.1346801456331078E-6	4.6314292090392277E-4	1.2395175434145626E-4	2.315208390298918E-4	2.011597334342006E-6	1.7716112116696792E-8	1.796893057368921E-5	2.1113369198025986E-4	6.902158438899827E-8	1.8435440921384412E-9	4.376689315201164E-8	5.127421581173887E-11	1.6483358753031495E-5	8.308988966188668E-4	1.2211084885208734E-5	1.144143557568264E-5	4.456477125686111E-6	1.8473159629453199E-6	1.1825345890851619E-6	0.0	1.1825345890851619E-6	1.5609125017831792E-10	5.4207715763985796E-11	1.0783143610950036E-8	3.7402518335178895E-5
1.0177600392413462E-5	1.6089558291533622E-6	8.909803125134297E-8	4.988268593974521E-6	8.374629601138391E-11	2.2793516859550166E-6	1.2765634080854078E-7	2.9957255292101473E-11	9.672170989469538E-6	3.948818065186017E-6	7.337558859403562E-6	6.939482628613931E-8	5.542066270248208E-10	2.691165802263863E-7	3.0100030026609506E-9	5.033190117773372E-10	6.68866144789259E-12	8.318839383839663E-10	3.003560038811472E-14	3.024557541582185E-8	1.6768566340543714E-7	2.146112974449652E-7	5.073989116543124E-7	3.556439313362003E-7	2.759134063128876E-8	6.267470303991839E-8	2.3944569194446828E-8	6.267470303991839E-8	8.984798150301544E-9	2.830073970374787E-10	8.387100091144969E-11	8.001467133280945E-7
2.8058890103589603E-4	1.0454915084260112E-4	7.393848855722279E-7	0.0012588714603940445	5.606616522512803E-9	0.0017226469278598868	8.926864382444931E-6	3.50504001591124E-9	2.2246191001841137E-4	6.433695205397678E-5	1.229898279898214E-4	1.0764644279038875E-6	1.4048016174019645E-8	7.772467301181731E-6	1.8332026612017673E-7	3.866300373473252E-4	6.68219490598389E-10	7.407352944436001E-8	5.209336226573392E-13	6.773591402824536E-6	8.154130243456926E-5	9.575703745621296E-6	7.185074676050163E-5	5.795566828210715E-6	2.017166195028867E-6	4.697469943465067E-6	0.0	4.697469943465067E-6	9.372885306046825E-11	3.121538179197126E-11	1.4500568618321822E-9	3.1601041943199874E-5
3.341001920588555E-8	2.975363491759454E-8	2.5839742775564256E-11	1.9987797091610603E-9	1.0918787207132951E-13	1.9312715710668191E-7	1.205111534029144E-10	1.9835848601858653E-13	2.3145129903485468E-8	5.6250366277799146E-9	1.0313236090520754E-8	8.81017037100287E-11	5.549968859484796E-13	3.348359011436212E-10	1.3199666801847091E-11	6.974679221419118E-13	1.271216364085527E-13	3.1585337865262396E-12	3.4578074752743894E-17	1.2382478052126406E-10	2.669187284667893E-9	5.855384043940981E-10	2.085399753631819E-9	1.5830338181934116E-10	7.512317009067418E-11	5.874676978873899E-11	0.0	5.874676978873899E-11	5.590696398976363E-15	2.1771051202831578E-15	9.570329300787765E-14	1.486348729594722E-9
4.112695645184199E-4	1.237504768584523E-4	1.6493510428332715E-6	4.6033118876329267E-4	1.06379584828791E-8	4.7963486927970193E-4	3.805375691467193E-6	1.0006232543445986E-8	5.535296365545743E-4	1.5656979015248946E-4	2.914919305133273E-4	2.570546374877767E-6	1.7378018301365726E-7	3.991888095695086E-5	1.133314103942772E-6	7.217034001647767E-4	7.922265294022513E-10	5.055092676508852E-8	1.894698094292141E-12	4.130144913159784E-6	4.425406577762749E-5	5.606427066240251E-5	1.5049703434742729E-5	7.41711818941576E-6	1.36807720891283E-6	1.7150953563567957E-6	0.0	1.7150953563567957E-6	1.9967514604205847E-10	7.077669604629098E-11	5.294680103277716E-9	1.08642959409275E-4
7.362418546864332E-5	1.5720546029346875E-5	4.797585613917702E-6	7.96639542834141E-6	9.417490061747838E-10	7.029001171805707E-5	2.0959072014705957E-6	1.1324361035411295E-6	6.792205459408765E-5	3.0308278275698795E-5	4.8091220233767574E-5	5.015474311616955E-7	5.516424447411049E-8	6.87596558292014E-6	6.35929680549599E-8	6.960914804232869E-9	1.323888982548134E-10	5.452167879511447E-9	2.824119165099017E-13	2.009152810084764E-6	1.5049112847723247E-6	8.674264183787326E-6	1.5043958473590276E-6	1.6379803409165964E-5	8.542918268347381E-7	1.872028235611612E-7	0.0	1.872028235611612E-7	2.282354049539211E-11	1.25912388559315E-11	7.891093609457279E-10	1.882905717919573E-5
1.525306186188673E-7	3.7991154317639356E-8	7.210081735648828E-7	1.205936975256687E-8	1.2364469855704456E-12	4.506513739697187E-8	1.1961861319476972E-9	9.195729976369114E-13	1.3507349543761116E-7	5.5726421254255386E-8	1.0148727119284104E-7	9.713562460794103E-10	1.467949526269342E-11	5.098185211031454E-9	2.890982515861777E-10	7.410419148504885E-12	1.6595599263623124E-13	1.0885825136313467E-11	3.181421552643928E-14	4.480294289638301E-10	3.5750469839705614E-9	5.0435222529199255E-9	3.3587743396226454E-9	2.1982692316922583E-9	3.7237221361515487E-10	5.507498139910158E-10	0.0	5.507498139910158E-10	7.764852137240874E-14	2.901258066588544E-14	8.901435893600038E-11	1.5279522772496253E-8
0.012916005206215667	3.1708049425154954E-4	8.861439789096425E-6	5.707333753722135E-4	7.799460278500577E-8	2.150962619103485E-4	4.7902277325250746E-5	4.272435598490746E-9	0.006271186510083865	0.0075219840200317755	0.013590242168002108	9.763869261167353E-5	1.4731730540598751E-7	1.3407293422834277E-4	2.2224408957495385E-6	2.5560123135396067E-7	3.261670856420877E-9	3.363027125228853E-7	6.6718930868584285E-12	2.7197425766789427E-5	3.602736973314195E-5	1.0953297835394898E-4	6.697990231789946E-5	6.875722334645433E-5	9.042304154239454E-6	2.216896330309114E-5	0.0	2.216896330309114E-5	3.0547630888556215E-9	1.330038910443371E-9	1.8617530613419107E-8	2.1779751670036299E-4
0.012829088088603658	1.907163627833358E-4	3.5722289915774555E-6	3.866681877030415E-4	2.9388543195443746E-8	1.1412386834272644E-4	1.4436285810284558E-5	3.6228377921442765E-9	0.0023260659189053047	5.670965726750595E-4	0.0010481928109346928	8.928906845794534E-6	6.699807040626584E-8	4.577879988687988E-5	1.2951050107987197E-6	1.0544539382553893E-7	2.3660993488091438E-9	1.8379444591894208E-7	2.7752910569095202E-12	2.3183835036569467E-5	2.2482618084050212E-5	5.413692112633193E-5	3.2350367432845875E-5	2.4865510057033417E-5	5.155064810281473E-6	5.335166523194332E-6	0.0	5.335166523194332E-6	6.17699005811884E-10	2.2537058662427394E-10	7.725575831882679E-9	1.0951851979516977E-4
0.012091843656804307	2.355462300587205E-4	5.239890947028522E-6	4.3795574737274476E-4	4.4107778328686896E-8	1.4833683543565067E-4	3.094399515372355E-5	3.656730384721732E-9	0.004062847821293259	0.007137879704977223	0.005621481447462542	1.2230596596628262E-4	9.18655522216254E-8	7.665259897144221E-5	1.5860844621705949E-6	1.6693043454209734E-7	2.6480546289562283E-9	2.2647681253315203E-7	3.977915266858518E-12	2.3222399876017666E-5	2.7318011179738127E-5	7.052884694799097E-5	4.326342935693675E-5	4.1785900491858476E-5	6.244840003832704E-6	1.3943042386130296E-5	0.0	1.3943042386130296E-5	1.906850685603716E-9	7.160374112286001E-10	1.1088499365853948E-8	1.4192576777319666E-4
1.3085768154706172E-4	2.326891195246588E-6	5.1590319703455866E-8	4.483430409364233E-6	4.3753394144450304E-10	1.462238423537809E-6	2.537566354518707E-7	3.8789770264113786E-11	3.5940053492691096E-5	7.751328138394846E-5	5.599184977336324E-5	4.1818047913918864E-5	9.138348507217066E-10	7.244013376561653E-7	1.5927904766371056E-8	1.5332041775331252E-9	2.6866825825462965E-11	2.3089906473574335E-9	3.943476513127167E-14	2.4757450833347685E-7	2.7047671064723905E-7	7.10443540790376E-7	4.3002205703110483E-7	3.8482403244296725E-7	6.369938373420077E-8	1.0839192806775656E-7	0.0	1.0839192806775656E-7	1.41819613176312E-11	5.686705959705938E-12	1.0990241522387866E-10	1.4274553213164728E-6
2.2520268812703942E-7	2.6851608190246206E-8	1.1127681648678433E-10	1.685935255756658E-8	5.918974839653256E-13	6.874973895012853E-9	7.002703351000521E-10	7.167346497797163E-14	1.1042457414921125E-7	3.03550492794732E-8	5.705528111646168E-8	4.975073146066496E-10	3.5452647055993678E-12	5.620626162855714E-9	5.896594064618467E-11	1.1421300772730669E-11	6.561413845314476E-14	2.1082464529690243E-11	9.859214163524652E-17	5.457397811617853E-10	3.1509370475242486E-9	3.963585445039973E-9	2.1258261736954794E-9	1.029183456387697E-9	5.244103887679809E-10	3.33932781562504E-10	0.0	3.33932781562504E-10	3.693888132916633E-14	1.3666408865830916E-14	2.682634697412489E-13	2.3182624040682878E-7
3.235878037649923E-4	1.3723489959147626E-4	3.512630092205532E-7	1.543476020550041E-4	3.2772602096375996E-9	1.1968136962415726E-5	1.6355352860693694E-6	1.1376385961437466E-10	1.7412596132627714E-4	5.9464654701919074E-5	1.1449045509982224E-4	1.032668463212598E-6	7.732152014332393E-9	6.677483296780929E-6	3.6331338191426784E-6	1.3966451207145617E-8	2.6463744075761457E-10	3.192118568122518E-8	1.721662233041134E-13	7.277091291738709E-7	3.682079436489093E-6	3.560114896211807E-5	4.5150354812086E-6	2.3851964607545153E-6	8.270649827432436E-7	7.911067626497412E-7	0.0	7.911067626497412E-7	9.214811996577768E-11	3.177290347431086E-11	4.726274823039864E-10	1.0308224041762029E-5
1.713485105378455E-5	4.4267566357220296E-6	3.2072306988766477E-8	1.1451241569123243E-5	2.6638168779588895E-10	1.0166777912557726E-6	1.4761707682719067E-7	2.539460046934468E-11	5.2861051353194796E-5	1.0204543013056189E-5	1.956113598661088E-5	1.520145430778955E-7	8.032063622884862E-10	4.502033822367007E-7	9.002518487351446E-7	1.3181424125664434E-9	1.7526827384582113E-11	1.0254685084395047E-9	4.1508058607251625E-11	9.832400026012261E-5	1.2047308711171787E-7	3.649323151616103E-7	1.5699787643164904E-7	2.3223590663586106E-7	3.355736097632265E-8	6.910327963571734E-8	0.0	6.910327963571734E-8	1.5411278498999883E-11	3.493008926401831E-12	8.971620408394062E-9	1.210305193129508E-6
7.624641504349621E-5	1.027766785064915E-5	5.258931209662962E-7	1.690933959521885E-4	6.185162000635806E-9	5.633762923592142E-4	9.753321986910367E-7	4.9078169126715504E-11	9.109736387050642E-5	3.466260346309226E-5	6.96036559758689E-5	6.26379498363973E-7	8.980117256021356E-9	4.884134285783969E-6	9.30888180977588E-8	1.5980798362903465E-8	5.5248768894074524E-11	1.8036332177547268E-8	8.323965982451054E-14	2.1435499430153843E-7	1.0243415199684558E-6	6.502031130376515E-6	1.1948198619657966E-6	2.031757042742492E-6	4.371445248765533E-7	4.29237093214894E-7	0.0	4.29237093214894E-7	7.086931331346882E-11	2.1082131517897448E-11	2.320558130055958E-10	1.241879757983867E-5
6.338649390105694E-9	1.0397240832731524E-9	1.0062248123177204E-11	3.916283657736634E-10	4.605110429829196E-14	7.114962389313876E-10	2.9001439866350216E-11	1.0560181871068959E-13	6.5636683049790576E-9	1.9873419355401617E-9	3.3602999124034422E-9	3.1562782187036854E-11	1.694789557771981E-13	1.069479879895425E-10	1.2198833804625217E-11	1.8592727439515335E-13	4.527666276172885E-15	5.316601743220482E-13	1.507610174478418E-17	1.9702590777895676E-11	9.941443487066575E-11	1.1224161257860325E-10	1.0315777711690908E-10	4.7553885020130765E-11	1.2220692060692167E-11	1.3667978758816851E-11	0.0	1.3667978758816851E-11	1.574557266596879E-15	7.569692974380502E-16	4.20469243761823E-14	6.269801276760774E-10
2.57698151842094E-7	1.3948936885321253E-7	9.496058426484903E-10	3.655472340514529E-8	1.0395541303929111E-12	2.2191922446463167E-7	1.962197337078357E-9	3.143035890685065E-12	1.6367216585125742E-7	4.5846253269193176E-8	8.782136610495493E-8	7.623512723834372E-10	1.2345823108350548E-10	2.8311060564145175E-8	4.4215546497787325E-8	2.7152483190809716E-11	4.982699101219271E-13	1.3622031132699653E-6	5.108176159287236E-7	8.438400897789877E-10	1.1046367631090455E-8	2.9461062771550888E-8	9.040061850987615E-9	9.079483321796246E-9	1.4784161435315779E-9	5.648320027471437E-10	0.0	5.648320027471437E-10	6.112887784048608E-14	2.175497435333048E-14	1.2905265692110025E-12	9.494299292617209E-8
2.5165695983580945E-8	1.3691665147543865E-8	2.6270406426283487E-7	3.3744537937390646E-9	8.601443033519035E-14	2.3215537983545186E-8	1.8062068402729926E-10	4.1819940058465295E-13	1.4621056296803156E-8	4.052225422287772E-9	7.809444957068357E-9	6.743261113863004E-11	1.1127788907757597E-11	2.5414785221553955E-9	9.436030421471252E-11	2.4354358915041863E-12	5.466636735107035E-14	2.5175736677414835E-12	1.85325935986769E-16	8.955510788188619E-11	1.2665278183066781E-9	2.682208204839864E-9	1.0216614272482018E-9	8.162224048119807E-10	1.385732314446285E-10	5.2905216029084775E-11	0.0	5.2905216029084775E-11	1.0998134538512211E-11	1.934070817318676E-15	5.177549267081933E-13	9.137002470993559E-9
5.3598793022548546E-5	2.3355846366279672E-4	2.8394137231553307E-8	2.4856000376912695E-6	1.7744568965719614E-10	1.5674920906609952E-6	2.0788143543466988E-7	4.018858307105929E-11	5.960749704874872E-5	1.178410670051295E-5	2.2493265316735673E-5	1.766540100629055E-7	6.951848499006134E-10	4.796452527416137E-7	1.5714534960303426E-8	1.4255317141338263E-9	2.6728216987724254E-11	4.588035370990904E-9	2.1195718319933848E-14	9.845504331697012E-5	3.3332947390342616E-6	8.706717555351733E-7	6.494241831186583E-6	2.5042144658673956E-7	1.1139267124135297E-7	1.0213026433199855E-7	0.0	1.0213026433199855E-7	1.1632144317270229E-11	4.096202306212551E-12	5.772880913140903E-11	1.1142103389031632E-6
1.6597725520408444E-4	2.9680227382771575E-5	4.96784440639382E-7	3.4488984692419894E-5	2.8800782871766703E-9	1.4956309785827152E-5	1.2268837526061095E-6	1.64405943726958E-9	2.8329101988652626E-4	7.1293789598985E-5	1.3354684468509803E-4	1.140532822583113E-6	5.799404245669859E-9	1.6761865590592984E-5	2.3215592989752674E-7	5.447495355733013E-8	9.737245744396373E-10	1.3455206420479568E-8	2.8434109556885587E-13	2.1552343996237274E-5	2.715776358603483E-6	5.85845769097821E-6	2.8488401682757496E-6	1.75957830891916E-6	4.0244344131848363E-7	5.88578747513531E-7	0.0	5.88578747513531E-7	8.284688754402463E-11	2.995596326675825E-11	7.934933975819348E-10	1.6695365275555915E-5
1.8772354649608807E-4	2.3526719558560222E-5	2.1553799982809835E-7	1.1924761483614735E-5	7.909300621832029E-10	7.737027181860135E-5	1.9685632724463188E-5	2.354762573322916E-10	1.079960895829926E-4	3.47453320777206E-5	6.662742529158156E-5	5.954110733838894E-7	5.667230416526332E-9	1.9273824502087078E-4	9.574281707183282E-8	7.833627685412201E-9	1.3876280949487823E-10	1.1219793726246624E-7	1.3741261176720836E-13	2.025066942242868E-6	1.8813962106550337E-5	3.7426624998325904E-6	1.6543465001347745E-4	8.767269424461292E-6	3.3060643260131934E-6	1.0614310833567451E-5	0.0	1.0614310833567451E-5	4.98787193083464E-11	1.785069435297442E-11	3.7891142425858517E-10	7.546482349213144E-6
9.780443372222078E-5	5.965082050815925E-6	1.2353633712826274E-7	7.035572298084946E-6	1.0030684507947231E-9	3.932118628835821E-6	7.195967682095537E-5	1.2848637386417596E-10	1.3908262410014952E-4	5.216588579900361E-5	1.0387611830308497E-4	9.365048536102663E-7	2.0161130702959667E-9	2.132450904412665E-6	3.7748741941109935E-8	6.004968362701504E-9	8.617033963182506E-11	4.4223132412948956E-9	9.302563654940134E-14	9.952655086054167E-5	6.470691192664918E-7	1.4422969833264917E-6	9.598753245556153E-7	2.748112519526255E-5	1.1809363940159055E-7	3.8998355113812476E-5	0.0	3.8998355113812476E-5	8.965540891268834E-11	3.0675303925617064E-11	2.5960722450086065E-10	3.329850144847257E-6
6.802845801649189E-5	5.5109907291157276E-6	1.289818854186486E-7	4.952765854367779E-6	1.1524547149923892E-9	4.312898914412137E-6	6.240481479638118E-5	2.5996702821446596E-10	7.314692702266778E-5	3.472321118536367E-5	5.2235235595151864E-5	5.664671402854481E-7	2.035883389591989E-9	1.8028397053614227E-6	4.335231264148172E-8	5.615135564451461E-9	1.3478017661354317E-10	4.5885588356762284E-9	1.0378975815190165E-13	2.7904252159834875E-6	5.339201352022025E-7	1.4559363649710048E-6	9.217789372850358E-7	2.0229599737058354E-5	1.1441281936219395E-7	5.2769752258376626E-5	0.0	5.2769752258376626E-5	1.961781684134925E-11	1.3341387988318773E-11	2.8983429289877815E-10	4.061416836870529E-6
7.66326033965854E-6	1.42764637076262E-6	2.4299401503845932E-8	2.939022585527727E-6	7.270028800589211E-11	2.7923122350842076E-7	5.88797109023944E-8	2.9169759186646035E-12	6.598262970706515E-6	2.5873232029795537E-6	4.966182958991872E-6	4.5916521736971375E-8	1.5657650323597288E-10	1.4696615832332862E-6	2.3373206635296107E-9	2.727493138022549E-9	5.832795007633004E-12	5.1762529142736E-10	1.3116958351654624E-13	1.996242530478194E-8	1.3763882836449727E-7	4.5405048724712524E-7	1.3287587588805587E-7	6.8615522477421E-8	2.1834772957866054E-8	2.927849580519574E-8	0.0	2.927849580519574E-8	4.047235220290051E-12	1.4509881031542771E-12	3.6687528930021646E-10	2.004982890589719E-7
1.6143985087188295E-5	1.3206137502274404E-6	2.8646987915379573E-8	1.1649898709824968E-6	2.524970042582811E-10	9.563128048830123E-7	3.964937844593604E-5	5.614723391685599E-11	1.7820714116229212E-5	7.864467483574205E-6	1.2007407708175784E-5	1.277597814488892E-7	4.5562033274469544E-10	4.143681713183743E-7	9.518151448139265E-9	1.2608998301152218E-9	2.926793355778649E-11	1.1043129072905993E-9	2.2931441172640725E-14	6.036420863449551E-7	1.298779811670235E-7	3.3730773188915364E-7	2.1077014934504923E-7	1.4862928075551249E-5	2.779917029036981E-8	5.1498189772965545E-5	5.1461463123135755E-5	2.5767419886658716E-5	4.633812763080481E-12	3.0085952987463493E-12	6.399858998849233E-11	8.973026311292847E-7
4.846832392940782E-6	3.970477874047763E-7	8.635953418206578E-9	3.502491819534925E-7	7.577617694289125E-11	2.8812084491639055E-7	1.1894827302334267E-5	1.686161604002679E-11	5.349876895866863E-6	2.360711000204319E-6	3.6049335914680327E-6	3.835245020408561E-8	1.3758616598542038E-10	1.2470563963219063E-7	2.8572169262278446E-9	3.7891491331257493E-10	8.78418574072663E-12	3.3153079767479715E-10	6.883826275172425E-15	1.8110251197619203E-7	3.904619199434136E-8	1.0138418951665477E-7	6.330887804509039E-8	4.458945337360344E-6	8.368209667905799E-9	1.1034569836288732E-8	2.3832819619867564E-9	1.2876419512989726E-5	2.4755461195201793E-9	7.829905266929717E-11	1.9211811172176736E-11	2.6976027044965197E-7
1.5336723314045063E-5	1.25457794854103E-6	2.7214527582017733E-8	1.1067358659233884E-6	2.39871176231925E-10	9.084934612463473E-7	3.76667559784702E-5	5.333965478667095E-11	1.6929609398375966E-5	7.471213653659823E-6	1.1406990823186946E-5	1.2137129761718214E-7	4.3283755168381094E-10	3.936481580808714E-7	9.0422070159824E-9	1.197849955681022E-9	2.7804423537646083E-11	1.0490929853921437E-9	2.1784780310296005E-14	5.734576443788001E-7	1.2338357914652367E-7	3.204410390453989E-7	2.00230825654706E-7	1.363403828523289E-4	2.6409104121495327E-8	3.489017511166831E-8	0.0	3.489017511166831E-8	4.402104180141644E-12	2.8581538827998125E-12	6.079841264976468E-11	8.524340247015961E-7
5.867088184483318E-9	8.007124625836209E-10	3.421597652979377E-10	5.368298925120737E-10	7.076046218297294E-14	1.1936913396556768E-9	3.502409091215555E-11	1.5463589732403192E-14	4.133744043898871E-9	2.4017832168293305E-9	3.5977730735710912E-9	4.011153935218231E-11	2.643509682590093E-12	2.5243409896550486E-10	5.681053572259481E-12	3.02164295776879E-13	3.4297449503634664E-15	4.186989565829046E-13	1.3622644864138259E-15	1.702407684321662E-11	8.038386407419172E-11	2.37952214152707E-10	1.1748239705362247E-10	1.0039786104799291E-10	1.8648420392224767E-10	1.3895066054754442E-11	0.0	1.3895066054754442E-11	1.6662869404215472E-15	7.482673024183158E-10	3.81157325618775E-12	6.295561107742108E-10
1.5299507776690808E-9	1.8069738744946185E-10	4.679293271325717E-12	1.806659205109699E-10	1.8098706991167736E-14	5.708132833631461E-10	1.0521652005168444E-11	1.905473589521743E-15	1.0576446988060766E-9	6.128891475314498E-10	9.23730479688486E-10	1.025853207594E-11	4.949100448810614E-13	1.2679325445173798E-10	6.138960095836536E-13	1.2667385049412667E-13	7.60190906687901E-16	1.0898806264909215E-13	1.760776267911293E-18	4.348827768628779E-12	1.8875137174850495E-11	1.261788838409949E-10	2.3301463406590734E-11	4.3593692142184677E-11	6.268507935211196E-12	3.3460064454384036E-12	0.0	3.3460064454384036E-12	3.963290256555686E-16	2.55561129764567E-16	4.902999674935803E-15	3.520580747130547E-10
2.9021319102224838E-8	8.138658621928686E-8	3.16560764512335E-11	3.140591722932599E-9	6.838122754637043E-14	1.0098644403088852E-8	1.1556312180955143E-10	4.314036812939155E-14	1.005906107907897E-8	3.1453363693839105E-9	6.05509426457869E-9	5.370422732447786E-11	7.119111770439183E-12	2.2541956664708445E-9	7.349241746381391E-12	2.378047651628572E-12	1.2964026715948393E-14	2.8489448418165804E-12	7.798688248938325E-12	7.077462863302217E-11	5.261255036271219E-10	2.3478646607629995E-9	4.995831082652937E-10	2.464157265734077E-10	4.742801018177138E-10	5.05676463514476E-11	0.0	5.05676463514476E-11	9.794137378861733E-13	1.604628636196299E-15	2.1820961238980752E-8	2.63749930086472E-9
2.720289547583007E-4	1.0717034861819085E-5	2.663680447115637E-7	1.9991394028442753E-5	2.0498680242276125E-9	7.177155900368904E-6	2.3426023319221113E-6	1.0326530595173223E-10	9.271725247173339E-4	1.7621147064025223E-4	3.376227988839322E-4	2.6087404731742417E-6	4.4609346226269235E-9	4.570743436711615E-6	6.939441776947731E-8	9.715609082055505E-9	9.794741764296467E-11	9.328962051155334E-9	1.8413293711899255E-13	6.179434406686577E-7	1.1981089379549025E-6	3.0119934995812594E-6	2.2182175227984455E-6	2.5267852890647264E-6	2.4900885957380894E-7	1.1678017361037304E-6	0.0	1.1678017361037304E-6	1.686995347802393E-10	5.891296674280349E-11	5.138523533765193E-10	6.451406722680796E-6
