32
NULL,open@__open_nocancel,fstat@_fxstat,mmap@__mmap,read@__read,munmap@munmap,open@__open64,close@__close_nocancel,rt_sigprocmask@sigprocmask,exit_group@_Exit,rt_sigaction@__libc_sigaction,sched_yield@sched_yield,mremap@mremap,time@time,read@__read_nocancel,mprotect@__mprotect,madvise@madvise,lstat@__lxstat64,openat@__openat64_nocancel,write@__write_nocancel,syslog@__syslog,getpid@getpid,writev@__writev,close@close,stat@__xstat,socket@__socket,fcntl@fcntl,connect@__connect,getdents@__getdents64,lseek@llseek,getrlimit@__getrlimit,write@__libc_write
0.9165271363214215	0.003273658776495486	3.578429207944189E-5	0.00257990126145295	2.455716529859805E-7	0.0020265609272143593	2.430887264522705E-4	1.9604511603645784E-8	0.06348563297240227	0.015155958292407914	0.028381487114739982	2.3781955101434736E-4	9.194919957322535E-7	6.21603108305691E-4	2.2786731852069772E-5	1.3345391411738403E-6	2.009455019554442E-8	2.1876267254152383E-6	2.2813031622688332E-11	9.583875660681026E-5	4.691340212771367E-4	5.636724139801257E-4	3.554533983093742E-4	3.329097426690742E-4	6.48109463996049E-5	1.17157973756324E-4	0.0	1.17157973756324E-4	1.628311525588584E-8	6.041639502608718E-9	6.323318401844201E-8	0.0013330933006832323
6.632762238583151E-4	0.0014478054146489592	7.212139883433337E-5	8.969592316811742E-4	2.1815348524654688E-8	4.413360989078488E-4	1.175014127021564E-5	3.848956214438044E-6	0.0017150054339416297	4.6335886746555585E-4	8.624968104040287E-4	7.490819483746609E-6	8.521789063287692E-8	7.274450318853867E-5	7.162688234926325E-4	2.547067424860585E-7	7.156926054996101E-9	4.115653472441069E-7	1.7434669049143352E-10	6.105570824194827E-5	0.002847492164282566	8.803817414431751E-5	5.810463297929414E-5	2.0440594179664588E-5	1.3032844658155613E-5	5.425565590117107E-6	0.0	5.425565590117107E-6	5.774685470090478E-10	2.0144960402690867E-10	3.770390970607453E-8	1.6036899805691867E-4
2.069148669457442E-5	9.512341801026105E-6	3.1086570029817444E-7	1.7818352972216842E-5	3.0720342836711663E-10	8.269077091253067E-6	4.787414160081737E-7	1.086299922570806E-10	3.524681409348143E-5	1.4086129189805526E-5	2.6145526590193333E-5	2.4562135459427724E-7	2.226909634776167E-9	1.0590817030792672E-6	1.2077375394037631E-8	2.00807192093404E-9	2.919247523183795E-11	6.710166607483508E-9	1.0838530361326608E-13	1.8015196457387844E-7	1.0149898814025332E-6	1.385425558749641E-6	2.0069922334116132E-6	1.2816223438606255E-6	1.9572988358205348E-7	2.338613130729408E-7	8.121291247926191E-8	2.338613130729408E-7	3.0474517468576014E-8	9.60142511924196E-10	3.012006335115919E-10	3.1823610054008055E-6
3.484969352438817E-4	5.483114881869618E-4	2.935648657456771E-6	0.004312263453138774	2.027564607470053E-8	0.005870166725096479	3.239685239737087E-5	1.2225137086310585E-8	8.527781039409148E-4	2.4575253420220565E-4	4.677672445788143E-4	4.082050280075846E-6	6.44472953451054E-8	3.357227623116716E-5	7.15290552281428E-7	0.001311349220936593	2.652990440447429E-9	4.370604825109783E-7	2.0700428456473303E-12	2.6654960384308557E-5	2.9779333817240796E-4	6.424591611990653E-5	2.571425457082902E-4	2.325012812481703E-5	1.1879647566176557E-5	1.6912664612210264E-5	0.0	1.6912664612210264E-5	3.495856344503084E-10	1.173314701459615E-10	5.695414395367833E-9	1.2970174550744722E-4
3.1924557005610744E-8	1.2787809086659217E-7	1.4291992851757287E-10	1.2647709844644503E-8	4.997467583329082E-13	6.584878899829907E-7	7.038431831576665E-10	7.184031948778997E-13	9.143541371718367E-8	2.258351773341755E-8	4.1511981646514856E-8	3.5419070012131494E-10	4.135221100952952E-12	2.0606878860348077E-9	5.5402744872772415E-11	4.301399909954978E-12	4.687159683902334E-13	3.666842157449143E-11	1.5849257027936E-16	9.34397112116879E-10	1.201779433605153E-8	6.3388052916213094E-9	8.965429844194047E-9	1.0244764557796907E-9	9.15904730470703E-10	3.366453055559424E-10	0.0	3.366453055559424E-10	2.3106586657410868E-14	8.869861834731027E-15	4.2994669655104707E-13	8.07596321696237E-9
8.194584887051835E-4	5.84275868007741E-4	6.004931721313765E-6	0.0015982906171290098	3.7807875407649455E-8	0.0016502061435151926	1.4808015219912864E-5	3.422814170903176E-8	0.0019804225659878797	5.620335156017777E-4	0.001044004702902535	9.183813299049404E-6	6.046386376441363E-7	1.4260184732644332E-4	3.954402154318576E-6	0.002447817776625783	3.2366316319204738E-9	3.2935979657230875E-7	6.69682532102393E-12	1.7135254036816022E-5	1.6807036368155184E-4	2.181634955006794E-4	6.277135407535371E-5	2.8399320747935248E-5	8.806057113721755E-6	6.6948486286607616E-6	0.0	6.6948486286607616E-6	7.101279182686823E-10	2.5209965291590883E-10	1.865535294179789E-8	3.8891510107929547E-4
1.5716453501987077E-4	7.905201249580218E-5	1.6305180159021877E-5	3.279134045770712E-5	3.4324538187795394E-9	2.4158240075896362E-4	7.397476498974469E-6	3.840933295671568E-6	2.472033636752035E-4	1.0782150869448523E-4	1.7211839861849582E-4	1.7749944233290826E-6	1.8910419425324166E-7	2.4367627318369602E-5	2.3127636563420789E-7	2.5591070194255684E-8	5.227602302448524E-10	4.3240500126150565E-8	9.994544302271363E-13	7.305925569498605E-6	7.920746526206917E-6	3.370937130858842E-5	6.935602976754215E-6	5.5901150115518403E-5	3.5530021278480603E-6	7.737092779254894E-7	0.0	7.737092779254894E-7	8.2690382948403E-11	4.461344347377E-11	2.783425670016803E-9	6.691671288063424E-5
2.934004246042991E-7	1.958415500366368E-7	2.4426413242644383E-6	5.571468759658396E-8	4.574552662434467E-12	1.6168883561177529E-7	4.810992530795372E-9	3.2343886884016026E-12	4.970004431009822E-7	1.9998010676828184E-7	3.6422323817047677E-7	3.458569511892959E-9	5.550480111516629E-11	1.970153982527376E-8	1.010634649771974E-9	3.008397872145183E-11	6.71385844194368E-13	1.0122784320629223E-10	1.0803343563675575E-13	2.8002582833892206E-9	1.9495377407399175E-8	2.7974965340252552E-8	1.612518658205287E-8	8.695220520341791E-9	2.934584659486064E-9	2.2188301669781727E-9	0.0	2.2188301669781727E-9	2.7520710015477485E-13	1.0266857434463436E-13	3.022467623565924E-10	5.95430047973562E-8
0.03855337879227731	0.001613240694277357	3.194922681007617E-5	0.0020976945592549087	2.7453965664448105E-7	8.36891116870225E-4	1.7292027831095292E-4	1.575889442436744E-8	0.02282502803042447	0.026027880090756038	0.04698122786188053	3.376433349797712E-4	5.618614745907854E-7	4.8795600129310137E-4	8.300653308040546E-6	9.310841648974827E-7	1.3051782083103676E-8	1.638410167548488E-6	2.388538197114116E-11	1.0346746653519308E-4	1.8303074375497087E-4	4.6347287208741464E-4	2.6822509201647016E-4	2.492022047896888E-4	4.4201349519281104E-5	8.00891310779906E-5	0.0	8.00891310779906E-5	1.0784080760738506E-8	4.665532271907467E-9	6.647687469803399E-8	8.244939941724639E-4
0.03893107925675078	8.725678693729612E-4	1.3208023683254457E-5	0.001399231123854338	1.0606927805933966E-7	4.4966358296915493E-4	5.5700438775334986E-5	1.2961954497488601E-8	0.009266815893144887	0.002264384249227095	0.0041872159668396546	3.552177336262861E-5	2.601784710542591E-7	1.7442781925448684E-4	4.938001338825485E-6	3.9674219545004307E-7	8.879169009934484E-9	8.212544504709185E-7	1.013527623217058E-11	8.364168805737871E-5	1.0311979137418371E-4	2.2189291223424014E-4	1.2832463281682441E-4	9.409841842912556E-5	2.2933677713475578E-5	2.1301953519275265E-5	0.0	2.1301953519275265E-5	2.4526403872712497E-9	8.968230702158392E-10	2.8153489098484466E-8	4.177798267938099E-4
0.036473752722951544	0.0011402719672184453	1.9151626064076537E-5	0.0016001175113492935	1.5729294909080525E-7	5.809473013730175E-4	1.1291773063805416E-4	1.329503461761838E-8	0.015162764716886802	0.024631338227837155	0.01980614909279629	4.204323535558361E-4	3.549811190127184E-7	2.841056126873589E-4	5.988794470268038E-6	6.138598262980389E-7	1.0274183927177726E-8	1.0783451014790852E-6	1.4405533499880041E-11	8.611892818875057E-5	1.3196818572719032E-4	2.975987379821777E-4	1.7361276530571994E-4	1.536307579439324E-4	2.962482863650266E-5	5.104560903880306E-5	0.0	5.104560903880306E-5	6.836680663137756E-9	2.564447980552003E-9	4.00524469684414E-8	5.417485949033423E-4
3.959813053742727E-4	1.1144443803028815E-5	1.8886257801410134E-7	1.635472525076557E-5	1.562828257342297E-9	5.742131165309231E-6	9.428061224924466E-7	1.4048248260955173E-10	1.3677307056063635E-4	2.674314463546655E-4	1.9786517784623712E-4	1.4189480820757635E-4	3.529144645199849E-9	2.6995331347760332E-6	6.034890318378285E-8	5.685842478940953E-9	1.034492820122559E-10	1.0761818351863676E-8	1.4297360317460827E-13	9.11047728711956E-7	1.2949292104730261E-6	2.965405970951805E-6	1.7182755793289287E-6	1.4263193588005115E-6	2.9617772246399373E-7	4.0645678189596596E-7	0.0	4.0645678189596596E-7	5.2091630597606827E-11	2.0753949865469405E-11	3.975022499786129E-10	5.4416851940340696E-6
1.782684266730165E-7	2.879445543359661E-7	7.714631989911646E-10	9.983445580719555E-8	2.842101692197552E-12	4.825352468898566E-8	4.515429095023807E-9	5.745691409989339E-13	4.6648038554896216E-7	1.275205434436408E-7	2.395417536204754E-7	2.077552536406789E-9	2.8271291344056834E-11	2.5626117446522075E-8	2.721162919524979E-10	5.2736362701603064E-11	4.587069799438502E-13	2.6073368131481E-10	6.324827766961695E-16	5.6028349814559384E-9	3.2340170846762855E-8	4.499943533750065E-8	2.1056862699707895E-8	7.0101928971723425E-9	6.595574381141634E-9	2.130088197786584E-9	0.0	2.130088197786584E-9	1.546491709470531E-13	5.6854195284681E-14	1.671144840465627E-12	8.081894053032705E-7
3.4584346525432766E-4	7.047052743462186E-4	1.7847319955933768E-6	5.764583806417762E-4	1.3557267276064053E-8	7.421604295802658E-5	8.227129937722724E-6	8.007026701813923E-10	7.141243967299858E-4	2.3806645414666295E-4	4.5414316176885217E-4	4.079952485313727E-6	4.811394854285974E-8	3.293432641012666E-5	1.2473525575666363E-5	6.556636496588029E-8	1.6996600990528438E-9	3.3780188462793064E-7	9.670695865925403E-13	6.9883130271787074E-6	3.8600834917833204E-5	1.6143934631195758E-4	3.2319876904043235E-5	1.2738024566948091E-5	8.6768040725441E-6	3.918156644843171E-6	0.0	3.918156644843171E-6	3.5443623795332673E-10	1.2311728747154186E-10	2.588173516199987E-9	6.422226090318971E-5
4.615880333686555E-5	1.7475583936065047E-5	1.1614971633123469E-7	3.945073604255848E-5	9.423752836619617E-10	3.8487308717532604E-6	5.330295402267643E-7	9.084557322191064E-11	1.8198146631392663E-4	3.549723718450039E-5	6.787144957442442E-5	5.275107517239198E-7	2.977643568704912E-9	1.6582115882481812E-6	3.058026455196224E-6	4.689852080465861E-9	7.110908430611502E-11	5.814702977070964E-9	1.4078951167649384E-10	3.335333220771676E-4	6.776274145637247E-7	1.6709003488424644E-6	7.114010716003013E-7	8.42941446748424E-7	1.77539006999756E-7	2.492606648221682E-7	0.0	2.492606648221682E-7	5.305545357059222E-11	1.2138092076283475E-11	3.0446199800248036E-8	4.446154057826996E-6
1.80520542905734E-4	5.436444555170361E-5	1.8382442822859468E-6	5.780376740309833E-4	2.1264799707816767E-8	0.001913835752039484	3.5427255903367607E-6	2.0236003136351143E-10	3.2398170346211006E-4	1.2226754331616142E-4	2.4427826864089106E-4	2.192626135286373E-6	3.239961032040966E-8	1.7561222516817198E-5	3.3339720995353765E-7	5.582089892218726E-8	2.799542110575305E-10	7.981716151669922E-8	3.1615623851802834E-13	1.097147041887074E-6	5.599327267087215E-6	2.549669959061196E-5	5.461632446083836E-6	7.297069081742526E-6	2.011287758850848E-6	1.5635790351737273E-6	0.0	1.5635790351737273E-6	2.449511889392858E-10	7.321317316036906E-11	8.747632897379562E-10	4.4722896581573866E-5
1.0534128508874159E-8	6.93102251913707E-9	4.150547164267462E-11	2.077895682274245E-9	1.7743396158996799E-13	2.8637262712832447E-9	1.364783794233719E-10	3.640104864381782E-13	2.4127650161392417E-8	7.268332887218146E-9	1.2363839342468266E-8	1.1511136715453759E-10	8.672151927379887E-13	4.878037186970981E-10	4.297946377361969E-11	8.817176057028925E-13	2.1673615799755693E-14	5.071648757745904E-12	5.645095972076757E-17	1.3173434440927317E-10	7.110971220743137E-10	9.365222055567864E-10	5.904511573202252E-10	2.2463177998040086E-10	1.2504865879819112E-10	6.407204368477803E-11	0.0	6.407204368477803E-11	5.931246056677234E-15	2.779976004203008E-15	1.5623838265666102E-13	2.520129465497571E-9
2.6114024888038653E-7	6.720787396844173E-7	3.6612792701826442E-9	1.6761660131145787E-7	4.9209838986961284E-12	7.791225056959259E-7	8.853067854882059E-9	1.1001456466162235E-11	6.534782264989532E-7	1.8314002223439348E-7	3.4869944249198784E-7	3.0231157783768893E-9	4.359460461007511E-10	1.0356231059178704E-7	1.499648658066021E-7	1.0673626022288473E-10	2.126603807762029E-12	4.620382290909945E-6	1.7325426072962655E-6	6.643324421129161E-9	5.9276208353504384E-8	1.327449273911616E-7	4.473744481734831E-8	3.444095171484859E-8	1.0093434722794708E-8	2.9366445562171136E-9	0.0	2.9366445562171136E-9	2.396057569336106E-13	8.547108595805987E-14	5.174402940729652E-12	3.452344515055161E-7
2.3132806783264866E-8	6.697282320915674E-8	8.910575562039221E-7	1.5922139964819294E-8	4.037158425614302E-13	8.139678439231555E-8	8.375700544795522E-10	1.4533390583889281E-12	5.945474995010771E-8	1.6443158185703763E-8	3.1498847384905433E-8	2.7146752221358574E-10	3.947097160647897E-11	9.346176620134358E-9	3.2853353356197006E-10	9.744427740156535E-12	2.1894441543883312E-13	2.8289903666157685E-11	6.602726550006274E-16	6.947785416736014E-10	6.550750554551937E-9	1.2432317102895142E-8	4.912924919223765E-9	3.1370275858003615E-9	9.91291616702815E-10	2.842133172347809E-10	0.0	2.842133172347809E-10	3.730561158164108E-11	7.705781627193891E-15	1.8372030096629038E-12	3.33258835966127E-8
5.963849232057019E-5	8.329130331492407E-4	1.775923597994334E-7	1.7238258491324384E-5	7.743616387857759E-10	1.0468220177478577E-5	1.1481940676123447E-6	2.0479441874068402E-10	2.2189979126340127E-4	4.530422685492745E-5	8.623410127284497E-5	6.826462298582936E-7	5.7067758553295825E-9	2.9804885469066618E-6	6.837249350272308E-8	7.730199908271189E-9	1.3859934100376808E-10	5.448833797624011E-8	1.334641736129321E-13	3.34703622362702E-4	1.578399897787437E-5	9.443321061834224E-6	2.4922518865322055E-5	1.576833137348955E-6	1.3689343875393104E-6	5.529519002980002E-7	0.0	5.529519002980002E-7	4.5687077478291364E-11	1.612526919239452E-11	3.531150439453218E-10	8.296040665409011E-6
3.5694820509086166E-4	1.5301205136872175E-4	1.8742886096087171E-6	1.2933760710206373E-4	1.1044274499843088E-8	5.988778939433684E-5	4.808971433765199E-6	5.674551077946237E-9	0.0010006020822720795	2.553776791506097E-4	4.762458212629345E-4	4.072775303966268E-6	2.5611278808410905E-8	6.0319414595399796E-5	8.594513854932738E-7	1.894568383141808E-7	3.738782206771589E-9	9.561438055385498E-8	1.0607281007668346E-12	7.407488655303369E-5	1.4829317063552322E-5	2.9941892844840694E-5	1.3479353662834906E-5	7.198084092681095E-6	2.666415475253915E-6	2.2882549846712024E-6	0.0	2.2882549846712024E-6	2.9488678552412795E-10	1.0683770440577139E-10	2.942655367899105E-9	6.446912118914121E-5
1.9645075236353956E-4	2.239199588826584E-4	1.038344722114323E-6	7.194847725015327E-5	3.3447644739980615E-9	2.81117213552853E-4	6.82871179439867E-5	1.0478919641917783E-9	4.360125594406035E-4	1.3671654131033347E-4	2.611232857207007E-4	2.3165636234655728E-6	3.152904072558737E-8	6.586752355295641E-4	3.795907575792077E-7	3.69534848887076E-8	6.59625166595259E-10	5.185158375003862E-7	6.895589516416797E-13	9.607343977417215E-6	7.95907358608959E-5	3.591562652418299E-5	5.70694796200946E-4	3.235976269647989E-5	1.537733318019743E-5	3.6699039087884766E-5	0.0	3.6699039087884766E-5	1.913149599951258E-10	6.849448580116251E-11	1.8573554408361413E-9	4.196803179054978E-5
2.6718946958605367E-4	3.2897919612226904E-5	4.54393247006435E-7	2.691259306569891E-5	3.569510367363152E-9	1.5331222383603278E-5	2.4424562060061016E-4	4.598404611441365E-10	4.8581552495506955E-4	1.8133725250151379E-4	3.5991850758956275E-4	3.2351987827817466E-6	8.094891726599934E-9	7.854886910282495E-6	1.3939923413276875E-7	2.1463707875846188E-8	3.4085163588361605E-10	2.7049087873091113E-8	3.381813367189393E-13	3.378102737575423E-4	3.5874227239730766E-6	7.070943535986634E-6	4.1724468783741845E-6	9.351805591284901E-5	7.177731888823384E-7	1.3234610386453553E-4	0.0	1.3234610386453553E-4	3.078452435773378E-10	1.0544511481890448E-10	9.394116622371173E-10	1.2988507327266872E-5
1.7701736812161044E-4	3.059043539452385E-5	4.727535479799084E-7	1.963626124655719E-5	4.095944935762155E-9	1.6540968751984215E-5	2.1182419959984915E-4	9.041624589584401E-10	2.597454346631545E-4	1.2150747934540576E-4	1.8370330887351453E-4	1.9731983926126154E-6	8.118367588275798E-9	6.745180775043487E-6	1.5897418159611786E-7	2.00817360408669E-8	5.159810722523283E-10	2.6892062383063725E-8	3.732526273421637E-13	9.692360072020277E-6	3.1107868503864116E-6	7.043009379441991E-6	3.98800089250618E-6	6.890056393153665E-5	6.871076597502757E-7	1.790500315402276E-4	0.0	1.790500315402276E-4	7.014267160806046E-11	4.6554128321855144E-11	1.0382108702906953E-9	1.540091346689269E-5
1.386137335749712E-5	8.400053596873487E-6	9.181752200302773E-8	1.0769783741144129E-5	2.9029024728078354E-10	1.4685741939778852E-6	2.407303845495391E-7	1.618865035965219E-11	2.4530491168796414E-5	9.434449425771751E-6	1.801399726565186E-5	1.6583404209196085E-7	8.693994300379699E-10	5.15025346827298E-6	1.068353028691013E-8	9.531413674309132E-9	3.404765060118771E-11	5.165822808867278E-9	4.5084559872672546E-13	1.3500560855029006E-7	8.546365872060256E-7	2.1594072707373303E-6	7.049270045934746E-7	3.046907868882597E-7	1.6190600851680585E-7	1.1815260306557973E-7	0.0	1.1815260306557973E-7	1.443422712581129E-11	5.183835667022116E-12	1.2597178795310113E-9	1.131662867345984E-6
4.0012444707840325E-5	8.084106577106538E-6	1.0685964738347316E-7	4.7898274416384E-6	9.011678782974479E-10	3.78857352235708E-6	1.3453259448490594E-4	1.9705544588594336E-10	6.34767696992577E-5	2.762277056730654E-5	4.2399913313644546E-5	4.4674127140483447E-7	1.892876741663683E-9	1.57606089011712E-6	3.524537348560844E-8	4.574979704037816E-9	1.1314414117838296E-10	7.186553777602669E-9	8.394440236806876E-14	2.116687530000583E-6	8.35213200620414E-7	1.7641900328704964E-6	9.738581743278966E-7	5.0504449886945924E-5	1.8423360187299998E-7	1.7468720713014643E-4	1.7454209623630443E-4	8.74160290257894E-5	1.6656910397391787E-11	1.0544538724569626E-11	2.330281101952522E-10	3.5100197168281583E-6
1.201095334694373E-5	2.429631754376528E-6	3.220350381529766E-8	1.439829958194164E-6	2.704556100874282E-10	1.1409428471288458E-6	4.0359841937401996E-5	5.917842569098624E-11	1.905635489867088E-5	8.29174616273009E-6	1.2729646226691233E-5	1.3410951638803664E-7	5.710512283893935E-10	4.74220141767937E-7	1.0580533485073472E-8	1.3747947324782963E-9	3.396034223634162E-11	2.1581792061083163E-9	2.5200624912300784E-14	6.350677580996668E-7	2.510058350341658E-7	5.30154786782716E-7	2.925266098096628E-7	1.5151590525547916E-5	5.540785726877891E-8	4.3597295287108635E-8	8.083389090045624E-9	4.367918634746558E-5	8.396604280649415E-9	2.6566946422400276E-10	6.995611197128578E-11	1.0551175862606125E-6
3.801166752127814E-5	7.67986994194681E-6	1.0151625119236168E-7	4.5503175205932165E-6	8.561059945428939E-10	3.5991301747062836E-6	1.278054437731756E-4	1.8720191047976544E-10	6.030268539577975E-5	2.6241525067706292E-5	4.0279753451142296E-5	4.244024777957691E-7	1.7982255742744329E-9	1.4972517421981628E-6	3.348296832099594E-8	4.346213001886509E-9	1.0748649596035604E-10	6.8271982582581486E-9	7.974685716871938E-14	2.0108449564705542E-6	7.934493061641109E-7	1.6759736992697636E-6	9.251614942732396E-7	4.6251543798539045E-4	1.7502120832101464E-7	1.3785478719715865E-7	0.0	1.3785478719715865E-7	1.5824000372396937E-11	1.0017270953830124E-11	2.2137580226678905E-10	3.3345051381741553E-6
1.2584578921454644E-8	4.741515064605727E-9	1.1660429353351632E-9	2.2866653087886E-9	2.5284546493032796E-13	4.359082146416295E-9	1.4315682688695523E-10	5.6391786600429096E-14	1.5357143214328574E-8	8.535430155347508E-9	1.2908840854840968E-8	1.417530028626312E-10	9.167003489240503E-12	9.360305278528523E-10	2.0282375589871323E-11	1.1828933974027716E-12	1.5253547177932086E-14	3.3507239683624846E-12	4.62467616544839E-15	9.640863939551073E-11	4.957901904388224E-10	1.1394047062604018E-9	5.478517895266656E-10	3.816163616114103E-10	7.224455339135896E-10	5.839320111646509E-11	0.0	5.839320111646509E-11	6.066034840522664E-15	2.5379020187584685E-9	1.293896211020145E-11	2.386030852809968E-9
3.220213287569316E-9	1.176781903735609E-9	1.711994786334066E-11	7.387958381962582E-10	6.527571539443075E-14	2.012251146122398E-9	4.2171282218311806E-11	7.449908556314114E-15	3.945336840564856E-9	2.182676600802073E-9	3.3214340282377067E-9	3.632302081235127E-11	1.7275958937390456E-12	4.515138568144293E-10	2.3734656733891557E-12	4.723134895707118E-13	3.718145517271124E-15	9.102226869427324E-13	6.871684928518918E-18	2.5529083192917782E-11	1.259904888788442E-10	5.204155503625984E-10	1.1911881555156157E-10	1.5834402728266506E-10	3.5972542284785897E-11	1.4371363473448139E-11	0.0	1.4371363473448139E-11	1.4551987869709568E-15	9.06506385692363E-16	1.8940409433010987E-14	1.2605191530847849E-9
1.9945163426231727E-8	3.024521623045945E-7	1.6310583486905953E-10	1.641266775739319E-8	3.536457894770276E-13	3.779097058776219E-8	6.817149470753248E-10	1.919826502566878E-13	4.647433089432661E-8	1.3988647044647365E-8	2.6751347728453126E-8	2.351744572858146E-10	2.6449041890490695E-11	8.563780149016552E-9	3.5151791600307456E-11	9.965807440412244E-12	7.922108968693518E-14	3.501446414412242E-11	2.6455605370680975E-11	7.425874092375109E-10	4.688416501608876E-9	1.2234398792653245E-8	3.566836730871468E-9	1.3171382616190211E-9	2.3453500869133277E-9	3.062385688299714E-10	0.0	3.062385688299714E-10	3.326458647191692E-12	6.872417640274522E-15	7.402355947328054E-8	1.1951011490174852E-8
7.886488505654152E-4	5.598662001514646E-5	9.623814526096682E-7	7.296999850138308E-5	7.2371807908932786E-9	2.7711215879582442E-5	8.243433708175446E-6	3.9086404546927467E-10	0.0031793503310052957	6.092055636230085E-4	0.001164808501771479	8.992461250014547E-6	1.717814303037277E-8	1.6535502015565518E-5	2.5608193631776296E-7	3.487457706017702E-8	4.0126592873514346E-10	5.014249480957654E-8	6.635128888036633E-13	2.4879466367372656E-6	6.247659151246675E-6	1.3564778210794526E-5	8.97266793836289E-6	9.052300352965232E-6	1.3397557165862992E-6	4.099074929298688E-6	0.0	4.099074929298688E-6	5.813167405685485E-10	2.031941084485431E-10	1.8450172872479188E-9	2.4672958894579428E-5
