32
NULL,open@__open_nocancel,fstat@_fxstat,mmap@__mmap,read@__read,munmap@munmap,open@__open64,close@__close_nocancel,rt_sigprocmask@sigprocmask,exit_group@_Exit,rt_sigaction@__libc_sigaction,sched_yield@sched_yield,mremap@mremap,time@time,read@__read_nocancel,mprotect@__mprotect,madvise@madvise,lstat@__lxstat64,openat@__openat64_nocancel,write@__write_nocancel,syslog@__syslog,getpid@getpid,writev@__writev,close@close,stat@__xstat,socket@__socket,fcntl@fcntl,connect@__connect,getdents@__getdents64,lseek@llseek,getrlimit@__getrlimit,write@__libc_write
0.9856939776001641	0.0028127512845285106	1.909012914265408E-5	0.001472409782658627	1.17927436930071E-7	0.0011012663584449697	1.2621368257990053E-4	1.1232298681978241E-8	0.029939437668703054	0.007093129381393357	0.013322668029152053	1.1212082945559972E-4	5.305698925111816E-7	3.289079668148037E-4	1.1015802035096769E-5	7.080948445125761E-7	1.0551192546925116E-8	2.2631444544941252E-6	1.2448690461507583E-11	6.894330616456972E-5	3.6039443509805935E-4	4.6759869536482383E-4	2.545123741193027E-4	1.7707774356136736E-4	6.0896873581381266E-5	6.0621127998992076E-5	0.0	6.0621127998992076E-5	7.708689872814799E-9	2.8576323551850647E-9	3.40723451126921E-8	7.586643504961208E-4
7.172453750787834E-4	4.0177614913255945E-4	2.634055485648496E-5	3.014117893664261E-4	7.44940011867578E-9	1.4597670470176588E-4	2.794873291709722E-6	1.4194231338496802E-6	5.404044324453127E-4	1.4633494091157576E-4	2.725267350376003E-4	2.3857601037297984E-6	2.0320257753718062E-8	2.2297353063748224E-5	2.6410385386173665E-4	8.409230179415837E-8	2.5067421689780145E-9	2.5029099445145447E-8	6.409412784085905E-11	1.9983755159076837E-5	0.0010357385071654466	1.1370748861782563E-5	1.2049624321908666E-5	5.066973387710412E-6	1.6366656067778887E-6	1.2812335370293682E-6	0.0	1.2812335370293682E-6	1.8555968731193352E-10	6.440087901483104E-11	1.3362617726236486E-8	4.410573071599489E-5
1.5652358225209867E-5	1.484564834195998E-6	1.1034206290118953E-7	6.106924265222478E-6	1.0253366140323179E-10	2.773039701989942E-6	1.515452427474745E-7	3.646192046077734E-11	1.1199468776865804E-5	4.702383393707682E-6	8.739317718753923E-6	8.32327520335703E-8	6.465717839325413E-10	3.1765020858212265E-7	3.4634271167763062E-9	5.816856526735789E-10	8.556004074296481E-12	5.449270337104338E-10	3.657815427788815E-14	2.7321846887598955E-8	1.5002163775544322E-7	1.880572459486415E-7	5.948724474114517E-7	4.3344123003960854E-7	2.3831477499286545E-8	7.45227717950404E-8	2.995455209721604E-8	7.45227717950404E-8	1.1239690387640356E-8	3.539484026912282E-10	1.0232497911902727E-10	9.365596701326188E-7
4.5198135394893213E-4	1.0784401014028823E-4	8.92379718762131E-7	0.0015695994752721904	7.064480101718761E-9	0.002150825860795729	1.0833025891580344E-5	4.342594205608921E-9	2.523454528428456E-4	7.420433466895902E-5	1.4188583238391677E-4	1.2501418566704879E-6	1.5896330103516368E-8	9.181032882225858E-6	2.2507685954415537E-7	4.8367075487294227E-4	8.812152560401997E-10	7.092918624817695E-8	6.15458215783451E-13	8.023810218202223E-6	9.939354029419207E-5	8.698940008236413E-6	8.787391975919836E-5	6.818668515711815E-6	2.118696947890405E-6	5.714038436832321E-6	0.0	5.714038436832321E-6	1.1021825733997825E-10	3.652498219411844E-11	1.7210713065114625E-9	3.7163555356036565E-5
5.5719251872905074E-8	3.394605170181279E-8	2.6272752617536917E-11	1.7619174502962196E-9	1.2915482489384004E-13	2.411807205214942E-7	1.1041198381643976E-10	2.42474247070074E-13	2.5657089154037347E-8	6.2204941427309055E-9	1.1359851647617052E-8	9.748635629900054E-11	4.345530805631365E-13	3.1907183006810855E-10	1.5259139024633207E-11	6.225720999857298E-13	1.5956115525914192E-13	9.231763823038425E-13	3.808028101431711E-17	9.288355001230567E-11	2.975454385577707E-9	2.442288576576042E-10	2.365424770379931E-9	1.3640228676131545E-10	2.333366883381966E-11	5.441886850485362E-11	0.0	5.441886850485362E-11	6.072890022289679E-15	2.3903169120626412E-15	1.0641027150774042E-13	1.5021629463736996E-9
6.22988211675147E-4	1.344439319349904E-4	2.0463029645120026E-6	5.709613848490924E-4	1.3516526796687373E-8	5.976936423943401E-4	4.468741496787226E-6	1.2481040599084113E-8	6.588676718131921E-4	1.8769577360117627E-4	3.491201921762203E-4	3.0950643199146178E-6	2.160816918341817E-7	4.969472165955463E-5	1.4177473241536693E-6	9.028462198926415E-4	1.1054670326598926E-9	4.433877923954972E-8	2.336043721705321E-12	4.756839000873413E-6	5.301958991985509E-5	6.756899899655917E-5	1.73559256797984E-5	8.913639972094506E-6	1.3148792869268712E-6	2.0037346146483427E-6	0.0	2.0037346146483427E-6	2.4110289583183335E-10	8.542789335135983E-11	6.535447064371415E-9	1.340150969105032E-4
1.1106779765564237E-4	1.6327144838454443E-5	6.002460729439869E-6	9.12467335719042E-6	1.1941906037067696E-9	8.74150741455505E-5	2.5713687236599456E-6	1.4166661501029587E-6	7.886594401715852E-5	3.635022462755279E-5	5.7247654210841346E-5	6.043661099072467E-7	6.870195573668405E-8	8.520319417925757E-6	7.885728782890764E-8	8.419665600796776E-9	1.786205414967776E-10	3.7223071173166217E-9	3.471611179912749E-13	2.446036846970671E-6	1.4993862891797172E-6	1.0385932662246105E-5	1.6397558317792122E-6	2.0453284375230313E-5	1.0016026617853652E-6	2.0988911792611378E-7	0.0	2.0988911792611378E-7	2.6943503836212506E-11	1.5162100793142754E-11	9.712278584700186E-10	2.3187034664425424E-5
2.364673823442701E-7	3.8896055457892665E-8	9.031272605026109E-7	1.2950061360183502E-8	1.5169706131703825E-12	5.511318495643701E-8	1.3705891099523545E-9	1.1340633437710895E-12	1.553629470462634E-7	6.615142219990424E-8	1.2034902354454106E-7	1.1613459786158206E-9	1.7598200634317634E-11	6.077516204385458E-9	3.5696302300372187E-10	8.510437954082942E-12	2.1174164781852263E-13	5.569961956344481E-12	3.975653444537E-14	3.9066944035825264E-10	3.5010372187906088E-9	5.003948248382094E-9	3.5701981739867316E-9	2.5649299125374406E-9	2.871007868524019E-10	6.292760847859534E-10	0.0	6.292760847859534E-10	9.332508711146517E-14	3.490155993660924E-14	1.1123961112830168E-10	1.8079041095948344E-8
0.018520892822536605	2.16739605934884E-4	1.0381348804925935E-5	6.461692946872598E-4	9.429928733543333E-8	2.250093661623565E-4	5.478892489833141E-5	4.828533728738644E-9	0.006851058835050512	0.009132878976509301	0.016500916921383054	1.1818953169381802E-4	1.6148001252583771E-7	1.5574631428022346E-4	2.4457514553539748E-6	2.908589924777578E-7	4.04489312288726E-9	2.61895885131791E-7	7.801066491065776E-12	2.996146114938935E-5	2.3525242245079115E-5	1.0942841330731457E-4	6.92619418713885E-5	7.891756040790174E-5	7.512606862402627E-6	2.5271532578623772E-5	0.0	2.5271532578623772E-5	3.5534153297636935E-9	1.564806385775155E-9	2.1822698528534586E-8	2.4001984682251031E-4
0.01842798461872847	9.027124138340159E-5	3.788347094556211E-6	4.2495098441953574E-4	3.316661237644737E-8	1.0163887615560524E-4	1.349200116330642E-5	4.083371421271761E-9	0.0019584210221161727	4.806683839358477E-4	8.825892138091461E-4	7.580982438271222E-6	6.287727382494914E-8	4.5584460580353E-5	1.269333876806795E-6	1.0587328863398788E-7	2.6799041845097625E-9	1.0138717939458686E-7	2.995098145718634E-12	2.5690604038064063E-5	1.0186312550350153E-5	4.4047939272152095E-5	2.8297962354424E-5	2.4632425615546168E-5	3.200788642284187E-6	4.486823277995332E-6	0.0	4.486823277995332E-6	5.251512115953109E-10	1.9033380361111898E-10	8.376935968092332E-9	1.0738169861881493E-4
0.017339543529341295	1.4219884807537757E-4	5.9021378121944535E-6	4.88515930527684E-4	5.1910913945321826E-8	1.4560307316012025E-4	3.4144485786714746E-5	4.1214450356002246E-9	0.004166599849303908	0.008686718216257083	0.006588697743078945	1.4943393219712825E-4	9.442988555024135E-8	8.474818709794209E-5	1.6602820078803367E-6	1.8301875907377753E-7	3.15174425326503E-9	1.5004210160220883E-7	4.497278874120283E-12	2.560847651072099E-5	1.582041068969722E-5	6.435362005656341E-5	4.1684140694190676E-5	4.589489187883506E-5	4.522358176759862E-6	1.5255256935827464E-5	0.0	1.5255256935827464E-5	2.141565804619603E-9	8.05795698882278E-10	1.2579686079756212E-8	1.484649167403764E-4
1.8758996252905117E-4	1.3045997291909845E-6	5.746063492237165E-8	4.975886836269388E-6	5.110331287411693E-10	1.3996047382935574E-6	2.6866106836052346E-7	4.369048641165373E-11	3.507967028385226E-5	9.435497725072655E-5	6.526911642726014E-5	5.2275745665409156E-5	9.231897536656389E-10	7.852538102239515E-7	1.637867654342088E-8	1.6415561121005564E-9	3.144720119202016E-11	1.4877619658203762E-9	4.4213024603982296E-14	2.733548034551775E-7	1.44734542965339E-7	6.351983021293835E-7	4.0641630782408927E-7	4.129592130520472E-7	4.489911341161429E-8	1.1224062325278813E-7	0.0	1.1224062325278813E-7	1.5121110894229294E-11	6.146601805103421E-12	1.2367000987433768E-10	1.473674840482687E-6
3.8231513895502016E-7	1.0441919940502506E-8	9.281847787393502E-11	1.5746953394335712E-8	6.548013618591997E-13	5.506307570339897E-9	5.863150859876072E-10	4.864799337707529E-14	1.152796715616889E-7	3.2280182306849074E-8	6.063900670795007E-8	5.329113189882853E-10	2.5066118851487725E-12	6.258155714756347E-9	6.350871306387438E-11	1.2469970197642946E-11	7.287131160341843E-14	4.332285052940158E-12	8.581501873606741E-17	2.3436366024712845E-10	1.363508477608208E-9	1.3467142050977674E-9	1.021406895066177E-9	8.365060676300851E-10	1.413593728219049E-10	2.812619823174976E-10	0.0	2.812619823174976E-10	3.9728212519730176E-14	1.474830034090502E-14	2.390957069299698E-13	2.873716026726976E-7
5.164389139655675E-4	1.453903088266741E-4	4.272013271472678E-7	1.8725061947956657E-4	4.507476015332249E-9	1.2535068858597094E-5	1.7268843164149068E-6	9.8763833675128E-11	1.9067846578148113E-4	6.870145569324339E-5	1.3180441883460693E-4	1.205771362906746E-6	8.219634430436396E-9	8.282120946411287E-6	4.555492408317155E-6	1.5741566596842414E-8	5.097057636280669E-10	1.4857559608417916E-8	1.7860501632822477E-13	3.8336944629675707E-7	1.594517111375933E-6	4.127560228190618E-5	3.839192332665869E-6	2.586800567685804E-6	4.605925986024379E-7	8.337594943337583E-7	0.0	8.337594943337583E-7	1.0875665618396557E-10	3.748473853197616E-11	4.98523504216983E-10	1.0784650250661554E-5
2.480030266843633E-5	5.140465448695727E-6	3.953937213122702E-8	1.4201063091924594E-5	3.3576536148902253E-10	1.211190055555861E-6	1.7647133055904288E-7	3.08932078580302E-11	6.479510634694735E-5	1.2408889367880745E-5	2.38131895854652E-5	1.8507718172527644E-7	9.72883900378523E-10	5.543292927896649E-7	1.1241994122431833E-6	1.6052608303881724E-9	2.4457093512006915E-11	9.22147364184443E-10	5.1922906398742463E-11	1.229943534647397E-4	1.0389470344110531E-7	4.075820424427905E-7	1.6698026787396194E-7	2.804485230732167E-7	3.458086978428727E-8	8.24581208108692E-8	0.0	8.24581208108692E-8	1.8921927183065317E-11	4.240352732511012E-12	1.1213822679125434E-8	1.4674399239042687E-6
1.118200490823816E-4	1.0320682386790108E-5	6.575246737817578E-7	2.1087872078343729E-4	7.78031457731895E-9	7.045052837067939E-4	1.177594982387516E-6	5.6637132687385043E-11	1.0802004088518133E-4	4.189745214004986E-5	8.429043310185525E-5	7.62208987444925E-7	1.1087653228932683E-8	6.103832331414794E-6	1.1727511514480033E-7	1.977523692591967E-8	9.17967100829351E-11	2.021052482317356E-8	9.975446608007641E-14	2.1459751413634087E-7	9.827276367062142E-7	7.851518281131868E-6	1.313099023321761E-6	2.4955438353372296E-6	5.091542803145663E-7	5.159903216502321E-7	0.0	5.159903216502321E-7	8.710578120981499E-11	2.5820474930760902E-11	2.790091155545132E-10	1.531522685019711E-5
1.0003573514714576E-8	8.839662394200043E-10	1.1852205418229396E-11	3.8989270471654696E-10	5.749568666716344E-14	8.347980885882387E-10	3.0576165365625646E-11	1.313449358164618E-13	7.64415102338006E-9	2.3425417049821355E-9	3.934962951885818E-9	3.7313089770504696E-11	1.7877989933733997E-13	1.2187233335268157E-10	1.5094584015257304E-11	1.9845050047522732E-13	6.2337903375799394E-15	2.720684034794289E-13	1.8148599466349975E-17	1.642158671130719E-11	7.73812813209404E-11	7.900431692156145E-11	9.922103257125727E-11	5.117169260874318E-11	6.177639845028734E-12	1.4382197796243681E-11	0.0	1.4382197796243681E-11	1.8156403633553437E-15	8.908494135923438E-16	5.076240375439987E-14	7.381316991308354E-10
4.2068247178679683E-7	1.5134415078070224E-7	1.1597210421686526E-9	4.0527891617345934E-8	1.4068544253888495E-12	2.747189265636039E-7	2.171029840371412E-9	3.8923211389008675E-12	1.809999603204E-7	5.1829361059645E-8	9.919236633500081E-8	8.68472747291703E-10	1.526419873153163E-10	3.4926734177528855E-8	5.528972765136721E-8	3.2284925023320874E-11	6.864508397056739E-13	1.7040884627051418E-6	6.390306195704498E-7	6.06146265813898E-10	1.1214342973943537E-8	3.3572225761939144E-8	9.659159932911183E-9	1.097072284035968E-8	1.413901963667876E-9	5.708018351409656E-10	0.0	5.708018351409656E-10	7.019109107340491E-14	2.4979477530878437E-14	1.5251053600763686E-12	1.1645846209593605E-7
4.181158412165613E-8	1.4696537326331385E-8	3.286377372176674E-7	3.6712490718471794E-9	1.0720001005005079E-13	2.8718002660888765E-8	1.9603350067719359E-10	5.189498961809286E-13	1.5848554845925632E-8	4.477756300407314E-9	8.642906581347014E-9	7.51397237740218E-11	1.3717589878552369E-11	3.1100459475707107E-9	1.173057916355795E-10	2.862992009543797E-12	7.065911184422754E-14	8.725952315058759E-13	2.2792437526071085E-16	6.53173019123398E-11	1.3129016900268962E-9	2.9922379878230347E-9	1.1029038703801454E-9	9.776491890990956E-10	1.265021893918649E-10	5.198928029344925E-11	0.0	5.198928029344925E-11	1.3757945680596373E-11	2.17757898758728E-15	6.376333174059991E-13	1.1168046488982043E-8
8.792852653867254E-5	2.8664109088420817E-4	2.5408154630383847E-8	1.9623533952100723E-6	2.003460191020313E-10	1.2876774361695566E-6	1.969787094258524E-7	4.1371664503322497E-11	6.919710106592273E-5	1.337769037828901E-5	2.5583692915145728E-5	1.9982788715912612E-7	4.5805595404307905E-10	4.3055756377025874E-7	1.7113422200397687E-8	1.3873016848175342E-9	3.079966819532083E-11	1.1420426997388706E-9	1.8450861572440743E-14	1.2307170162679192E-4	3.569440949862661E-6	3.319238518679365E-7	7.646917548816297E-6	2.1573102314415536E-7	3.179390003048408E-8	9.801255947399714E-8	0.0	9.801255947399714E-8	1.3028801738269156E-11	4.57151015355072E-12	5.141922786224519E-11	8.28496859499734E-7
2.386849984091359E-4	3.152498849114913E-5	6.375003398511146E-7	4.187024218750804E-5	3.92590467576973E-9	1.860843112066429E-5	1.4550334898286107E-6	2.047812498333509E-9	3.432984611663655E-4	8.699454942018295E-5	1.6256273519337186E-4	1.3970610441277752E-6	7.27091594342858E-9	2.132219655409201E-5	3.0321732304974954E-7	6.786165313336079E-8	1.350462038621008E-9	1.1599575623240968E-8	3.491618657340293E-13	2.68378605974847E-5	2.704829424484509E-6	7.073225409237083E-6	3.184500094190731E-6	2.1541271245162107E-6	3.9013064732581427E-7	6.944960588370286E-7	0.0	6.944960588370286E-7	1.0137146513727672E-10	3.671535932183126E-11	9.766943661277784E-10	2.0815471276921452E-5
3.0816388580385005E-4	1.2489716113994516E-5	2.406170926484775E-7	1.1012538208650875E-5	9.336789872235324E-10	9.43137987789242E-5	2.430420460366584E-5	2.655571851903725E-10	1.1658241491249309E-4	3.8823400622306614E-5	7.459564518750867E-5	6.723940681367292E-7	5.7773404584423166E-9	2.4057560947875954E-4	1.122150931011121E-7	8.451443879520054E-9	1.7172965247812122E-10	1.2365973911153769E-7	1.4515130265194772E-13	2.1940602580108292E-6	2.1551158383737753E-5	2.0748159238880957E-6	2.0485228308820923E-4	1.060787793045689E-5	3.965242224727437E-6	1.3118428134235906E-5	0.0	1.3118428134235906E-5	5.712915503328228E-11	2.0426987566267846E-11	4.0539512826365363E-10	7.567103495097768E-6
1.4185099911511955E-4	5.270693639745418E-6	1.4976450898446437E-7	8.124733532992357E-6	1.2522997728972788E-9	4.541536654390556E-6	8.997049204471794E-5	1.5564976583199159E-10	1.6616495342200706E-4	6.315102735360051E-5	1.2605898158788044E-4	1.1406983507557085E-6	2.3218640687280446E-9	2.5910617620541212E-6	4.564692838567102E-8	7.251145774082776E-9	1.1622095332571236E-10	3.536102080665157E-9	1.1126178047889531E-13	1.2445986187868831E-4	5.513522070905265E-7	1.5071748404821286E-6	1.034401279130317E-6	3.4311322601375E-5	1.0224396240496745E-7	4.8763472219739305E-5	0.0	4.8763472219739305E-5	1.0997520874496885E-10	3.7580039993355185E-11	3.112349073185205E-10	3.877457329101928E-6
9.881536507890212E-5	5.141314555794805E-6	1.5948659443480992E-7	5.695887707701802E-6	1.4611875057525058E-9	5.158619931703983E-6	7.803281433856997E-5	3.2150376302855465E-10	8.625547598288685E-5	4.20504269740494E-5	6.279491039084623E-5	6.887540098416665E-7	2.423077475015216E-9	2.231443798980424E-6	5.415852722118946E-8	6.8487776324864234E-9	1.823766954003689E-10	4.125535605326031E-9	1.2622809298357043E-13	3.452826209732802E-6	4.602199854894074E-7	1.614677256169932E-6	1.0236898836116635E-6	2.5262716123734487E-5	1.0758613652330021E-7	6.599842108231522E-5	0.0	6.599842108231522E-5	2.3195120983429368E-11	1.618997993978497E-11	3.531209952473892E-10	4.897097906816895E-6
1.1629744718331998E-5	1.3740822326198691E-6	3.0279244748115633E-8	3.5801925695246913E-6	9.82457439371785E-11	3.101970202522175E-7	6.799729219187447E-8	2.933644373442474E-12	7.639169412389613E-6	3.0949391013549242E-6	5.937538880252624E-6	5.5343714442419275E-8	1.7381642278627407E-10	1.8385761890045079E-6	3.139704524291813E-9	3.3825979527963077E-9	1.0702435344595588E-11	2.599603458137319E-10	1.6336618991870927E-13	1.6562892964026808E-8	1.2443840868741845E-7	5.190580290511045E-7	1.3715245303626912E-7	7.913996381724155E-8	1.8562277974024074E-8	3.384431173955073E-8	0.0	3.384431173955073E-8	4.910153745594468E-12	1.7607275130783142E-12	4.570850054315772E-10	2.1802277182328398E-7
2.3732416197254607E-5	1.1488810121070068E-6	3.516439105993734E-8	1.3198520170287686E-6	3.194171718440725E-10	1.1278108128898984E-6	4.959088084393851E-5	6.920787938900138E-11	2.1015815738032943E-5	9.501518806844527E-6	1.440115379953985E-5	1.5495688512437991E-7	5.324784632309915E-10	5.086881587975818E-7	1.1824261225444904E-8	1.5291179623917388E-9	3.9491595361904954E-11	9.143211954018102E-10	2.7695748214628485E-14	7.444455535869539E-7	1.0372769989945283E-7	3.5767267702935495E-7	2.2683923228510714E-7	1.8579214557632372E-5	2.434139663479979E-8	6.441971694482955E-5	6.43780669262755E-5	3.223063553760973E-5	5.465134270914132E-12	3.640807057776722E-12	7.747324471830347E-11	1.0680729281409495E-6
7.125248861886596E-6	3.4556210143594417E-7	1.0601449464381832E-8	3.9685243402213683E-7	9.586015852143161E-11	3.3985558025212447E-7	1.487727883954478E-5	2.0783863444689847E-11	6.3090230949246485E-6	2.85209519327594E-6	4.32359545821288E-6	4.651661156968441E-8	1.6085521112171498E-10	1.5309736061837134E-7	3.5494803556992336E-9	4.595273663858728E-10	1.1852995919695203E-11	2.744223926513252E-10	8.313922043530819E-15	2.2334236949958049E-7	3.12010118532548E-8	1.0751724501393509E-7	6.8136109626106E-8	5.573844702297077E-6	7.3357304364104156E-9	1.2514462687353911E-8	2.9814753864623382E-9	1.6107055166297295E-5	3.096797842046621E-9	9.791486598797745E-11	2.325650859366814E-11	3.211159760573886E-7
2.2545703481843784E-5	1.091432512374428E-6	3.340603533021887E-8	1.2538543049521582E-6	3.034450762850972E-10	1.0714159047140898E-6	4.711114475736457E-5	6.574721740688739E-11	1.9964943565820682E-5	9.02640607116354E-6	1.3681040340022902E-5	1.4720844078609013E-7	5.058524780069612E-10	4.832517809249468E-7	1.1233002373841E-8	1.4526561426490318E-9	3.751686265966739E-11	8.686015948548391E-10	2.6310853550050758E-14	7.072203929867917E-7	9.854091321124203E-8	3.397876580638246E-7	2.1549639221904153E-7	1.7054769529158622E-4	2.312423253918966E-8	3.956735633360131E-8	0.0	3.956735633360131E-8	5.191856393229205E-12	3.4587526055915736E-12	7.359928246148197E-11	1.0146651455419923E-6
8.781592290783375E-9	7.451055750666738E-10	4.2743770833925435E-10	6.090311264773947E-10	8.753722162124893E-14	1.4641029370601714E-9	4.0073936692874936E-11	1.8951420639646395E-14	4.6838517621364285E-9	2.8749579599483816E-9	4.263063274128277E-9	4.826064159960847E-11	3.280021100798353E-12	3.0771204600190817E-10	6.954452140598989E-12	3.5538640972281855E-13	4.498686629385121E-15	2.81788277697058E-13	1.7026434731909033E-15	1.612025335605166E-11	7.152101273237882E-11	2.596260424436138E-10	1.2981998981311863E-10	1.2073887586203083E-10	2.405006000675995E-10	1.5573053043786068E-11	0.0	1.5573053043786068E-11	1.952945254422775E-15	9.360790976892776E-10	4.764036400442132E-12	7.59636317153296E-10
2.3322332554877314E-9	1.527272562796447E-10	5.721045210867881E-12	2.0742657517385896E-10	2.252652024987017E-14	7.027693952286455E-10	1.2052618421720998E-11	2.242273229261585E-15	1.1923640553799989E-9	7.322363434399488E-10	1.0920308303857166E-9	1.2320857865857836E-11	6.123117926985454E-13	1.5618990791486422E-10	7.340036858726375E-13	1.5188756622724646E-13	1.0603584388171305E-15	6.765988081947268E-14	2.06928652001229E-18	3.969372441540537E-12	1.528509626127006E-11	1.468905932436739E-10	2.3859545730435553E-11	5.3003178846827035E-11	6.537709751370909E-12	3.656352086551189E-12	0.0	3.656352086551189E-12	4.604169684269352E-16	3.06615906578607E-16	5.786879586211574E-15	4.3170414066176776E-10
4.8458232553606776E-8	9.874529165368044E-8	3.4297410938583144E-11	3.2284426362423975E-9	7.781706537599734E-14	1.2071829539609195E-8	1.0688799046614774E-10	4.844962525013006E-14	9.60760917681648E-9	3.205044347276314E-9	6.190210402698198E-9	5.567511030758227E-11	8.531239799220746E-12	2.7009184355213405E-9	7.970862107601671E-12	2.733889019515366E-12	1.6248968198081967E-14	6.591803514256081E-13	9.749618062568443E-12	2.9384584346851716E-11	3.1648167879394044E-10	2.4313311744353294E-9	4.1073107368814187E-10	2.5014372767027884E-10	5.561997843173001E-10	4.548797650591502E-11	0.0	4.548797650591502E-11	1.2235897484207853E-12	1.7043138622156375E-15	2.7279721896758884E-8	2.9266333781077028E-9
3.914528477501853E-4	8.780938368186545E-6	3.183541185276053E-7	2.3401143755103296E-5	2.5103489197771934E-9	7.984863825347112E-6	2.811040143019022E-6	1.1699159233520128E-10	0.001138417534741711	2.1440498160685688E-4	4.1141895102448164E-4	3.17732259456964E-6	5.06108977050443E-9	5.467260819579681E-6	8.032316322930957E-8	1.1491543367787036E-8	1.2814665674674784E-10	7.532496569956122E-9	2.176845886094602E-13	6.706934128020124E-7	9.501440091973881E-7	3.0871856071804462E-6	2.4105393341462214E-6	3.000122548239681E-6	2.1543065802511394E-7	1.4034193551917894E-6	0.0	1.4034193551917894E-6	2.0508020842941354E-10	7.151588493224271E-11	6.089440004784659E-10	7.330162187489841E-6
