32
NULL,open@__open_nocancel,fstat@_fxstat,mmap@__mmap,read@__read,munmap@munmap,open@__open64,close@__close_nocancel,rt_sigprocmask@sigprocmask,exit_group@_Exit,rt_sigaction@__libc_sigaction,sched_yield@sched_yield,mremap@mremap,time@time,read@__read_nocancel,mprotect@__mprotect,madvise@madvise,lstat@__lxstat64,openat@__openat64_nocancel,write@__write_nocancel,syslog@__syslog,getpid@getpid,writev@__writev,close@close,stat@__xstat,socket@__socket,fcntl@fcntl,connect@__connect,getdents@__getdents64,lseek@llseek,getrlimit@__getrlimit,write@__libc_write
0.9137593632173908	0.0033401534467878786	3.642612572531183E-5	0.0026199547660810114	2.4886301578030237E-7	0.002068455266003486	2.4657361363986563E-4	1.9944369126214922E-8	0.06419249825727066	0.01526014029468416	0.02862893737541778	2.406365646998846E-4	9.332182089822874E-7	6.301598307845044E-4	2.331538325667557E-5	1.3535901297494627E-6	2.0457062862717786E-8	2.2257396045929246E-6	2.3129497868046423E-11	9.72307944971149E-5	4.793110804347867E-4	5.728396526467063E-4	3.6177841369686023E-4	3.387816193778734E-4	6.599432435314682E-5	1.1884450280053512E-4	0.0	1.1884450280053512E-4	1.6514383878865932E-8	6.1273380588412805E-9	6.41072223646647E-8	0.0013506176906041881
7.094451352686975E-4	0.0013606956282150346	6.748371396464055E-5	8.411501791178353E-4	2.0412990176010643E-8	4.1710377911138136E-4	1.1003061735439102E-5	3.598889476539128E-6	0.0015909051462550297	4.288674155015901E-4	7.99728177703449E-4	6.970513102996062E-6	7.995668661816519E-8	6.810235164742217E-5	6.697571702720159E-4	2.386465409559064E-7	6.727257165079903E-9	3.8761732136861756E-7	1.6302205561989833E-10	5.7186794187142744E-5	0.0026637048552595965	8.280582763095936E-5	5.4820640488742555E-5	1.9232332334677113E-5	1.2271568641083954E-5	5.079223957719792E-6	0.0	5.079223957719792E-6	5.390908779667612E-10	1.8801537925912132E-10	3.526469219408846E-8	1.5025838752202002E-4
2.2000228827920828E-5	8.876894056140883E-6	2.9065833268011623E-7	1.663642096318802E-5	2.850850570458462E-10	7.71851292983095E-6	4.457495619866085E-7	1.0139331123599804E-10	3.2247951208548734E-5	1.295537786403087E-5	2.408684973704728E-5	2.2730079469506716E-7	2.077493188905355E-9	9.851389250450312E-7	1.1094728305433958E-8	1.865922363237325E-9	2.711179342478834E-11	6.261429702401059E-9	1.0119920114346236E-13	1.6757113197195912E-7	9.45913259857368E-7	1.2918330657438205E-6	1.8736883646393245E-6	1.1992730716095395E-6	1.8295145516161142E-7	2.1772223168029103E-7	7.593578778232355E-8	2.1772223168029103E-7	2.8494192031928707E-8	8.977071029004632E-10	2.8123028368065897E-10	2.963459553013618E-6
3.703611665665674E-4	5.129421753602693E-4	2.7512035126313547E-6	0.004031746842001355	1.8920585483018534E-8	0.0054877395456194205	3.023323569706883E-5	1.1427063274898689E-8	7.854896458340589E-4	2.2605472528207935E-4	4.3118567811397643E-4	3.7758751581933836E-6	6.025646636087165E-8	3.131813928280387E-5	6.668367452655101E-7	0.0012261390311540119	2.478131314537206E-9	4.085600221151451E-7	1.932361397052948E-12	2.4912600777493978E-5	2.784294010365358E-4	6.0063209579260234E-5	2.4019159761745856E-4	2.1759354090370533E-5	1.1125209770725483E-5	1.578266006307397E-5	0.0	1.578266006307397E-5	3.2473261424345166E-10	1.0889780942507313E-10	5.316392907495573E-9	1.211057513367002E-4
3.393135324816225E-8	1.1973507215271155E-7	1.3393688209980244E-10	1.1818517949610036E-8	4.642185244893135E-13	6.157112301378853E-7	6.559807838589295E-10	6.717558257558397E-13	8.44438218677351E-8	2.0777787580189234E-8	3.825109202394168E-8	3.274842100407005E-10	3.868748580912445E-12	1.922026584505841E-9	5.183494832681232E-11	4.011793402713777E-12	4.382174894544328E-13	3.43521105593775E-11	1.4803245186617313E-16	8.7448963206984E-10	1.1253319072369427E-8	5.935918174475574E-9	8.402100237968886E-9	9.599548831422222E-10	8.597064665133727E-10	3.136377127092733E-10	0.0	3.136377127092733E-10	2.1401791801544544E-14	8.218621432905432E-15	4.015283264557388E-13	7.544024182179862E-9
8.707690452613361E-4	5.46302220468207E-4	5.6251569889635095E-6	0.0014936633783349691	3.526281605969599E-8	0.0015428441182965048	1.3774668042903015E-5	3.199945759872277E-8	0.0018233646960873105	5.166823560342293E-4	9.61382825415059E-4	8.488810524798566E-6	5.652703248539005E-7	1.3314783198899418E-4	3.6919428238903784E-6	0.0022887608671741137	3.021190791299875E-9	3.077244923027006E-7	6.253941577267867E-12	1.599507530828304E-5	1.571316393540439E-4	2.0390857762978424E-4	5.8675797857280145E-5	2.6596312766073028E-5	8.238550101634383E-6	6.222627354224695E-6	0.0	6.222627354224695E-6	6.585949349845461E-10	2.3372186193689366E-10	1.7421514871434235E-8	3.632208647371707E-4
1.6711988731169674E-4	7.411316655690835E-5	1.530951764809287E-5	3.059152632414312E-5	3.1968232196890624E-9	2.2676648025936967E-4	6.929457658045339E-6	3.5913554686374023E-6	2.2583586570834726E-4	9.919049893595465E-5	1.581607990568795E-4	1.6421433732959188E-6	1.7752633180119174E-7	2.281806410327273E-5	2.163031854687237E-7	2.3887508482449913E-8	4.885387279045223E-10	4.04720136056638E-8	9.344964743115942E-13	6.828500110127844E-6	7.4236604940466645E-6	3.160151811444782E-5	6.4934582696439685E-6	5.2704649511279784E-5	3.324861459779067E-6	7.164713159168698E-7	0.0	7.164713159168698E-7	7.622780330833706E-11	4.1349810349386006E-11	2.6024925036407525E-9	6.271015976456696E-5
3.1192344555837106E-7	1.8297830250437738E-7	2.290456389480713E-6	5.1768278841803644E-8	4.247121923322687E-12	1.5099084222827891E-7	4.472740402921612E-9	3.0218398551225755E-12	4.546263182373244E-7	1.839110956321235E-7	3.3540366146287777E-7	3.2000791012123983E-9	5.1813072999947044E-11	1.8345507793135102E-8	9.430616527559687E-10	2.796539148340123E-11	6.253250109716631E-13	9.451983197905724E-11	1.0100005340200148E-13	2.6071989756560795E-9	1.81985800329141E-8	2.6106897493736756E-8	1.5060863630933386E-8	8.13245384744101E-9	2.7445430842634524E-9	2.061704437424389E-9	0.0	2.061704437424389E-9	2.554821266540745E-13	9.532415600650008E-14	2.825693781144649E-10	5.550012116756787E-8
0.0408165775532178	0.0014319069442217352	2.9117648779535323E-5	0.001895223556682043	2.5074680441877885E-7	7.357100953481105E-4	1.5582543058646276E-4	1.4223199838624456E-8	0.019778707629642147	0.02383260293086106	0.04306280481019258	3.095764309390896E-4	5.039613053632522E-7	4.4143641738215956E-4	7.229251989715672E-6	8.379726653075175E-7	1.1700624218509878E-8	1.4798690339012414E-6	2.1774793342734836E-11	9.412771892226993E-5	1.6023148646856846E-4	4.199410265126474E-4	2.423349838372895E-4	2.2573896198463232E-4	3.9844063448371265E-5	7.207830438900472E-5	0.0	7.207830438900472E-5	9.69412226775323E-9	4.22098674303868E-9	6.060855301873656E-8	7.382764363088904E-4
0.04143253235589906	7.379603282861963E-4	1.1520277252042493E-5	0.0012453326039979444	9.315740122043718E-8	3.722325132977444E-4	4.614854988104563E-5	1.1644758615157814E-8	0.0070925761213674115	0.0017345411155972165	0.0032042958420604667	2.734267788822458E-5	2.2118994445692151E-7	1.4793001099663522E-4	4.073922929095967E-6	3.3834837044281694E-7	7.81597930921974E-9	7.154603980442436E-7	8.918034149272143E-12	7.586563023254854E-5	8.527296527886515E-5	1.9392534411007955E-4	1.1143519970030654E-4	8.013108787935804E-5	1.9919698042632947E-5	1.7057263403561318E-5	0.0	1.7057263403561318E-5	1.8953027549886108E-9	6.909497652708826E-10	2.4775150055231617E-8	3.5800867450243545E-4
0.038677394298175224	9.924651147685374E-4	1.7133059638355784E-5	0.0014338709518613632	1.4126095718484706E-7	4.978874960495868E-4	9.994729558190267E-5	1.1954303853203724E-8	0.012690105893999127	0.02259053069051606	0.017745870966273242	3.873187502125997E-4	3.110212480201804E-7	2.5123704029550616E-4	5.08838049491828E-6	5.427396586264613E-7	9.132074321766273E-9	9.579810441789736E-7	1.2928262431063027E-11	7.810752938980416E-5	1.1290125043647925E-4	2.652475098835423E-4	1.5415035289866304E-4	1.363355013821144E-4	2.6250657266738395E-5	4.502747213074337E-5	0.0	4.502747213074337E-5	6.017806799073341E-9	2.2597008483853052E-9	3.594910966828186E-8	4.752629580326138E-4
4.198276739336396E-4	9.606726396738469E-6	1.6797275712003752E-7	1.4606172173438842E-5	1.397098810940033E-9	4.870020575527701E-6	8.188071278911454E-7	1.2611156460173995E-10	1.1157531123556757E-4	2.4522864443417817E-4	1.765074418080966E-4	1.3261065005543414E-4	3.0697185936832634E-9	2.365033903145806E-6	5.080401755832088E-8	4.971026601839046E-9	9.149771152992194E-11	9.50726842046371E-9	1.2770521147468755E-13	8.252686966090136E-7	1.0951886667828313E-6	2.628994443393253E-6	1.516227306030875E-6	1.2521516319448026E-6	2.6090939256426957E-7	3.499198314150101E-7	0.0	3.499198314150101E-7	4.452316969984021E-11	1.7867103644374408E-11	3.550957591167881E-10	4.744600674310926E-6
1.8959196542597914E-7	2.6966370446733464E-7	7.235409129001421E-10	9.331259008533392E-8	2.641369407659328E-12	4.521722227910491E-8	4.211963323915213E-9	5.375267248524996E-13	4.3048081528226755E-7	1.1741327978314461E-7	2.2097339633479185E-7	1.9231694464028565E-9	2.646044623774852E-11	2.393657925225353E-8	2.550044153187873E-10	4.925715354635027E-11	4.28805487626267E-13	2.4411365650958946E-10	5.905809410213517E-16	5.242299203772089E-9	3.028945217142783E-8	4.212036846009628E-8	1.97054322962003E-8	6.57597504690575E-9	6.187521693892678E-9	1.9860409096716217E-9	0.0	1.9860409096716217E-9	1.436027845349178E-13	5.2785152244670445E-14	1.5601636273910639E-12	7.55636768445809E-7
3.6768322578861545E-4	6.590796060501778E-4	1.6718365939024205E-6	5.387021556568481E-4	1.2640168236110618E-8	6.931289657773292E-5	7.666862009284317E-6	7.467988603183942E-10	6.561349389567576E-4	2.1898094814299594E-4	4.186614757961144E-4	3.775210845907912E-6	4.497167533197985E-8	3.0726848220109436E-5	1.1675071069907725E-5	6.11435382897075E-8	1.587284236980056E-9	3.159884607601697E-7	9.015514408663105E-13	6.527954665772727E-6	3.6092497167473056E-5	1.5092733836345634E-4	3.0201984509342706E-5	1.1930473100669798E-5	8.131659006642844E-6	3.650139545684755E-6	0.0	3.650139545684755E-6	3.294168279217578E-10	1.1434748250074201E-10	2.4124086940635935E-9	5.989751754921971E-5
4.8939017741131155E-5	1.6261384509970253E-5	1.081409661068657E-7	3.6796791647671304E-5	8.746943039756602E-10	3.5547756381054422E-6	4.930488302974263E-7	8.44181092217808E-11	1.6844099270439376E-4	3.26284649316629E-5	6.252382682076627E-5	4.868956934633795E-7	2.7640928831397465E-9	1.5351139240996856E-6	2.8558415125958687E-6	4.35117007439521E-9	6.597331036818257E-11	5.386547527553499E-9	1.316394518054904E-10	3.118579995045012E-4	6.230239683160951E-7	1.549455289439396E-6	6.570829695726332E-7	7.837037093871946E-7	1.6472791242249806E-7	2.3048985645472615E-7	0.0	2.3048985645472615E-7	4.9254070887081E-11	1.1216572237481322E-11	2.846305655900599E-8	4.1204074253855335E-6
1.920901819988514E-4	5.0683155301187135E-5	1.7230906087440252E-6	5.402792393587173E-4	1.9864584115745076E-8	0.0017894193377943255	3.3006488876653806E-6	1.8785213567653138E-10	2.969925933764286E-4	1.1253138982487604E-4	2.2547046860021524E-4	2.030919249336174E-6	3.028899401463485E-8	1.6384335715512353E-5	3.1040232027074823E-7	5.210161744289866E-8	2.6033466827420484E-10	7.45160184452134E-8	2.9404007293094944E-13	1.0183316209344315E-6	5.210161815511795E-6	2.3820351421317606E-5	5.08881133548624E-6	6.842627536051485E-6	1.8798879979069247E-6	1.4555370480490426E-6	0.0	1.4555370480490426E-6	2.2815475774895053E-10	6.810541414434635E-11	8.135470955883894E-10	4.172243896288526E-5
1.118349556925806E-8	6.476762014075296E-9	3.879103731001775E-11	1.9313393371127542E-9	1.6473646986285218E-13	2.6718440509389734E-9	1.2645822757653839E-10	3.402776961342299E-13	2.2177637549740975E-8	6.676559083876856E-9	1.1356625225131828E-8	1.0627698129551114E-10	8.079954971356473E-13	4.5332738166966116E-10	4.008022040449044E-11	8.180746557737668E-13	2.01781703339805E-14	4.739486762888959E-12	5.26790689038254E-17	1.2280447344182541E-10	6.641039497421588E-10	8.743665678436931E-10	5.513037647437235E-10	2.094342441801238E-10	1.170303179208061E-10	5.933777152341683E-11	0.0	5.933777152341683E-11	5.462343091655952E-15	2.5700390941451316E-15	1.4579561744286164E-13	2.3502541786915478E-9
2.7788219777709553E-7	6.293994508426293E-7	3.4427304904219987E-9	1.5669248973886015E-7	4.5797528317075944E-12	7.286845755210091E-7	8.275955528114994E-9	1.0287356926894068E-11	6.028979405303278E-7	1.6866104055449976E-7	3.218060958536669E-7	2.7994658068286787E-9	4.076874912664746E-10	9.677696942054523E-8	1.4038571968569814E-7	9.97326255006923E-11	1.9889930157618318E-12	4.320155404855582E-6	1.6199639162677377E-6	6.216233216045499E-9	5.5523656948071786E-8	1.2413247799419264E-7	4.191050188462381E-8	3.2430425787019955E-8	9.46680778548424E-9	2.7382387744366816E-9	0.0	2.7382387744366816E-9	2.226883256455931E-13	7.940382897493747E-14	4.835627300403563E-12	3.2275229097741397E-7
2.4616761874226352E-8	6.272236906065287E-8	8.331594564267846E-7	1.4888173189022405E-8	3.755621955645122E-13	7.612677521846381E-8	7.831597535451455E-10	1.3590063178773893E-12	5.4878507685500776E-8	1.514696412976293E-8	2.9079718424119752E-8	2.5144540996193725E-10	3.6913595135970494E-11	8.733951085821593E-9	3.076552423487945E-10	9.106134690186608E-12	2.0476459299895055E-13	2.6498542305631382E-11	6.17260235195471E-16	6.503041137716804E-10	6.136265407787838E-9	1.1627127269313963E-8	4.603296416395625E-9	2.954170094496062E-9	9.29906644566074E-10	2.651407656918217E-10	0.0	2.651407656918217E-10	3.488141939564758E-11	7.160802278946639E-15	1.717499339431363E-12	3.1157424062479084E-8
6.32642765604889E-5	7.785718494143288E-4	1.6578047762293937E-7	1.6042806455461262E-5	7.16542007027973E-10	9.759783022574998E-6	1.066881073809906E-6	1.9098214728455362E-10	2.0531660682133177E-4	4.165377255538094E-5	7.945439461613907E-5	6.303893118536161E-7	5.318029017955303E-9	2.7689134373405197E-6	6.35981960010548E-8	7.188789208155502E-9	1.2910580366321374E-10	5.087718227981712E-8	1.2410884195216174E-13	3.1295171764146395E-4	1.4736506472166563E-5	8.813170916821196E-6	2.326475834862618E-5	1.471790960055504E-6	1.280630261524635E-6	5.13691541353192E-7	0.0	5.13691541353192E-7	4.228300404419126E-11	1.4913825840833756E-11	3.2827831713545295E-10	7.716222325609564E-6
3.7898265580726124E-4	1.4273936809068731E-4	1.7527318672098296E-6	1.2048051580157712E-4	1.0284825567660335E-8	5.5732747479617944E-5	4.459728200128001E-6	5.3024592722301515E-9	9.228077572603593E-4	2.3474987110757794E-4	4.385454301921737E-4	3.763008779862084E-6	2.3831086488796814E-8	5.630209677352083E-5	7.998286389040775E-7	1.7692284235368407E-7	3.492594311321409E-9	8.914959314276597E-8	9.879820697648405E-13	6.924474798665814E-5	1.3811072085356526E-5	2.792896271949927E-5	1.2565359407709817E-5	6.706146431890082E-6	2.4890768141123885E-6	2.1216701504583214E-6	0.0	2.1216701504583214E-6	2.732165112653594E-10	9.896611464372426E-11	2.7408076479578874E-9	6.004850923816841E-5
2.088414425704876E-4	2.0951031383607138E-4	9.728200751237612E-7	6.717021676328473E-5	3.1072735696346183E-9	2.626680503830761E-4	6.375436466538388E-5	9.792500337997133E-10	4.0108177888495097E-4	1.2576802022865906E-4	2.4072872677293326E-4	2.143386771980836E-6	2.9475571125923674E-8	6.158331156360564E-4	3.5587187042257354E-7	3.445870247756971E-8	6.162251787091647E-10	4.84443333520385E-7	6.432719709741315E-13	8.973614208893014E-6	7.437582413944564E-5	3.357387782121078E-5	5.329354869599375E-4	3.0239590446711685E-5	1.4396237728473987E-5	3.4264271975427154E-5	0.0	3.4264271975427154E-5	1.7770205327479264E-10	6.359654445984899E-11	1.7324956040666437E-9	3.9154208154505966E-5
2.8421317021275823E-4	3.0397015537280867E-5	4.221681432255626E-7	2.4828632887178144E-5	3.308831028847846E-9	1.4095537989225837E-5	2.283412543806928E-4	4.2725712137242506E-10	4.4527751258454415E-4	1.6684276978624449E-4	3.320722203680943E-4	2.995553922582163E-6	7.460383279810682E-9	7.272603053356912E-6	1.2749659337888782E-7	1.9915783077363064E-8	3.161658433636501E-10	2.5047280285715584E-8	3.135347157180992E-13	3.158460875420564E-4	3.2997636165348283E-6	6.548614088154535E-6	3.862109611179678E-6	8.7393344448321E-5	6.646919420777287E-7	1.2373600883377456E-4	0.0	1.2373600883377456E-4	2.864541177223437E-10	9.80458347262929E-11	8.709584993328443E-10	1.1965038946672979E-5
1.8784520405075225E-4	2.8332894701495056E-5	4.4069440707994896E-7	1.810627348938213E-5	3.810534112321063E-9	1.529518354785982E-5	1.9802894031078436E-4	8.434146933374888E-10	2.3616256120354465E-4	1.1155273308475828E-4	1.6818677672660398E-4	1.8214451866988467E-6	7.520965614342085E-9	6.254740628916333E-6	1.4650885166019648E-7	1.865006087521534E-8	4.804559994420828E-10	2.4972404303920348E-8	3.4711754163821434E-13	9.052473108158692E-6	2.868145154285604E-6	6.5420960599870354E-6	3.700791969207454E-6	6.438832584802207E-5	6.382087981770173E-7	1.6740429649691194E-4	0.0	1.6740429649691194E-4	6.399404724796669E-11	4.299918483432757E-11	9.655312478452427E-10	1.4277032666063242E-5
1.4727123060611902E-5	7.841150428206836E-6	8.590738041145118E-8	1.0052588775424592E-5	2.6974263843539125E-10	1.3629390182898835E-6	2.2378013048645756E-7	1.5007166670014762E-11	2.2453281486810264E-5	8.67061996021309E-6	1.6594663014248318E-5	1.533666840755875E-7	8.081211826319905E-10	4.811758685984899E-6	9.862936147378422E-9	8.903713735608532E-9	3.171289154232058E-11	4.818629271302292E-9	4.213543502051108E-13	1.2557826356790834E-7	7.969476047295559E-7	2.0130467055516814E-6	6.574771107538195E-7	2.8392915174520034E-7	1.5128533551716927E-7	1.0984872548857947E-7	0.0	1.0984872548857947E-7	1.3412550897083624E-11	4.813720431746327E-12	1.177317669663663E-9	1.0488819992565481E-6
4.245538787516112E-5	7.4996273995100825E-6	9.960912142232818E-8	4.421319217884853E-6	8.3814192055831E-10	3.504106788288617E-6	1.2577949068156088E-4	1.8378771693442995E-10	5.7835657488172106E-5	2.5359725744173446E-5	3.883349322292821E-5	4.1235736192482835E-7	1.7541997746362311E-9	1.4617789403318929E-6	3.247439517509688E-8	4.2488923400491985E-9	1.0533513210214445E-10	6.681940763678841E-9	7.805785106737925E-14	1.9767042808360574E-6	7.720139907981782E-7	1.6399251830622499E-6	9.042684840838445E-7	4.720620127829502E-5	1.7139430627313925E-7	1.6333369947135368E-4	1.6320054501513384E-4	8.173330542394107E-5	1.5217447341717814E-11	9.73928209492212E-12	2.1668757641358175E-10	3.2540283171803784E-6
1.2744298304381592E-5	2.254000276086285E-6	3.00189686516708E-8	1.3290831411363652E-6	2.515402595654787E-10	1.0553151081008533E-6	3.773390619441894E-5	5.5194043647686084E-11	1.7362918315653677E-5	7.612441316743143E-6	1.1658973373031852E-5	1.2378790795752768E-7	5.292399744744475E-10	4.398426819577307E-7	9.74874077891065E-9	1.2768154753898007E-9	3.16164777582501E-11	2.0066491719098295E-9	2.343347631318449E-14	5.930685455754603E-7	2.320168421448828E-7	4.928158712886135E-7	2.7162544232038416E-7	1.4162100086619002E-5	5.1547359056917124E-8	4.000594772643958E-8	7.558139460401639E-9	4.084020297143278E-5	7.850895105263282E-9	2.4837051844966013E-10	6.505068933943884E-11	9.781790424139257E-7
4.0332454069753625E-5	7.124616986669291E-6	9.46282796074753E-8	4.2002361351028674E-6	7.962315787634258E-10	3.328887878959845E-6	1.1949002905704371E-4	1.745976193560959E-10	5.494365064087529E-5	2.4091641249539352E-5	3.689166817618899E-5	3.9173789694401195E-7	1.6664829926352315E-9	1.3886843324675542E-6	3.085054965682972E-8	4.036431268894912E-9	1.0006796757889832E-10	6.347817849181971E-9	7.41546562291723E-14	1.8778614118598049E-6	7.334103015766302E-7	1.5579225731768094E-6	8.590515580326452E-7	4.3244600011206635E-4	1.6282392722227458E-7	1.2649621775850375E-7	0.0	1.2649621775850375E-7	1.4456516043934478E-11	9.252280274081223E-12	2.0585235845413534E-10	3.0913142998545083E-6
1.3363889004756139E-8	4.4248823501516094E-9	1.090625696049068E-9	2.1235817836471174E-9	2.351647610787202E-13	4.0695342212262244E-9	1.3250114421743745E-10	5.264481410383174E-14	1.3897834536623987E-8	7.840090301104657E-9	1.1825928567581126E-8	1.3095536794937197E-10	8.576162996969172E-12	8.722071736593794E-10	1.88579666792854E-11	1.0984246072358742E-12	1.4145960454012038E-14	3.1276363222813943E-12	4.323591280470464E-15	8.96312537107328E-11	4.619390228966707E-10	1.0635944901424188E-9	5.113656691057948E-10	3.572646769903973E-10	6.774109260314576E-10	5.3886609932727264E-11	0.0	5.3886609932727264E-11	5.5656723456091615E-15	2.3729919340280133E-9	1.2096584707775664E-11	2.224664389700827E-9
3.4197689500498887E-9	1.0976094787344534E-9	1.6053523091245764E-11	6.869745573600435E-10	6.071495609076329E-14	1.879392255989385E-9	3.910042365227671E-11	6.938823869223335E-15	3.5710560082344836E-9	2.0049146092433708E-9	3.043318482524889E-9	3.3557795564667134E-11	1.6144986128069396E-12	4.212334085526745E-10	2.1929350824158916E-12	4.3958988638317994E-13	3.447872931823827E-15	8.49245254272255E-13	6.397332592096409E-18	2.3733554166084753E-11	1.173651515698899E-10	4.858791822203437E-10	1.1103467125742175E-10	1.4861576506285953E-10	3.3640065995643025E-11	1.3250561004090274E-11	0.0	1.3250561004090274E-11	1.3336714651431124E-15	8.386469748795075E-16	1.76321684165932E-14	1.1766872032593684E-9
2.1208855704447128E-8	2.8281762848587886E-7	1.5305324834651073E-10	1.5333708190223185E-8	3.2870137783289275E-13	3.528168762001201E-8	6.361351322431561E-10	1.7937125346545718E-13	4.2800532628771585E-8	1.2873648167652057E-8	2.4673115816756786E-8	2.1766423518578277E-10	2.4685793603066187E-11	7.994562271061221E-9	3.2904784431641713E-11	9.30786832169278E-12	7.401171396912031E-14	3.2748083228715577E-11	2.4733791869971334E-11	6.942220300051195E-10	4.386144796692596E-9	1.1426175919662067E-8	3.3350640164622957E-9	1.2367237162266807E-9	2.197653726207384E-9	2.855563572211831E-10	0.0	2.855563572211831E-10	3.1098516454366177E-12	6.382744375145341E-15	6.92058748097867E-8	1.1154019207399102E-8
8.360264651507758E-4	5.098725743545908E-5	8.875792120791128E-7	6.702086803056048E-5	6.659841809192068E-9	2.505822010178737E-5	7.612854384216283E-6	3.5595044826404737E-10	0.0029432860521951694	5.599410230514566E-4	0.0010729778971657208	8.298847714247015E-6	1.5673682377568536E-8	1.5196745913726618E-5	2.2960569458462923E-7	3.203738040155654E-8	3.660786819135401E-10	4.595712415498864E-8	6.104161039676801E-13	2.277983621859911E-6	5.644964016769584E-6	1.2444206622277556E-5	8.239889534938964E-6	8.347705993261876E-6	1.2268020248921353E-6	3.7879667170904494E-6	0.0	3.7879667170904494E-6	5.374339472932303E-10	1.876946401303626E-10	1.6974483787751972E-9	2.2457904527531362E-5
