32
NULL,open@__open_nocancel,fstat@_fxstat,mmap@__mmap,read@__read,munmap@munmap,open@__open64,close@__close_nocancel,rt_sigprocmask@sigprocmask,exit_group@_Exit,rt_sigaction@__libc_sigaction,sched_yield@sched_yield,mremap@mremap,time@time,read@__read_nocancel,mprotect@__mprotect,madvise@madvise,lstat@__lxstat64,openat@__openat64_nocancel,write@__write_nocancel,syslog@__syslog,getpid@getpid,writev@__writev,close@close,stat@__xstat,socket@__socket,fcntl@fcntl,connect@__connect,getdents@__getdents64,lseek@llseek,getrlimit@__getrlimit,write@__libc_write
0.9985511944901082	0.0019731067715610985	2.1710330643593956E-5	0.0015062492933839424	1.4037106245570618E-7	0.0012181081754440474	1.4055910506838935E-4	1.1789517652815333E-8	0.03595943322050679	0.008561018560033992	0.016069251829689445	1.3528399441337858E-4	5.534449867209215E-7	3.617463908714084E-4	1.3249912070953378E-5	7.720610904317943E-7	1.1686076541179657E-8	1.3270524798604187E-6	1.3369856328659334E-11	5.623712139766241E-5	2.806401664082798E-4	3.39240833420327E-4	2.1586043855885935E-4	1.9590884863084865E-4	7.795274235045371E-5	6.761658473775523E-5	0.0	6.761658473775523E-5	9.304488382377639E-9	3.4522430284969517E-9	3.703872046586929E-8	7.822041144156096E-4
4.569239338409998E-4	6.914974337350882E-4	3.4479437893702784E-5	4.2866428278789557E-4	1.0400750351354719E-8	2.105430146391085E-4	5.442071977179375E-6	1.843175484132031E-6	7.998407035528027E-4	2.1592500453941315E-4	4.029248511950424E-4	3.5167833964275647E-6	3.8039163298931125E-8	3.407997404539538E-5	3.430368030252886E-4	1.2123247818719738E-7	3.4474812670052036E-9	1.9262305383141747E-7	8.345389798861189E-11	2.9186617951428646E-5	0.0013638819776208284	4.094488140375761E-5	2.7137180714581328E-5	9.396766058704635E-6	1.765435906815071E-6	2.521553027144458E-6	0.0	2.521553027144458E-6	2.7291719677777367E-10	9.505838419003866E-11	1.795156177131753E-8	7.449307232314248E-5
1.3406268939016214E-5	4.385365345131249E-6	1.467058608440261E-7	8.451109172033258E-6	1.440276897742307E-10	3.857517697307605E-6	2.2411636576041154E-7	5.079749390293403E-11	1.602195936426604E-5	6.518781155699017E-6	1.2125859783870022E-5	1.1476165037190626E-7	1.013104981727711E-9	4.88543479702109E-7	5.470559882037289E-9	9.296655280804925E-10	1.351695288245477E-11	3.0771627267893097E-9	5.1054190369494715E-14	8.284576503492147E-8	4.6583343691834265E-7	6.317179779383209E-7	9.383984648348338E-7	6.063459257729903E-7	1.1575151320868294E-8	1.09714634666695E-7	3.8891500865786556E-8	1.09714634666695E-7	1.4593570702347507E-8	4.5973459152207793E-10	1.4190988791306657E-10	1.4696053036523818E-6
2.6809268526865274E-4	2.528609205387154E-4	1.274663792168809E-6	0.0020609395548619675	9.597728638317596E-9	0.0028043414530460704	1.525281502716138E-5	5.784364881013497E-9	3.86803908832049E-4	1.1158076545429543E-4	2.132001192673306E-4	1.8688678358150605E-6	2.7490323753323813E-8	1.506749890984124E-5	3.3323994011939695E-7	6.279815687863884E-4	1.2496529487146788E-9	2.0115442515157875E-7	9.424585929257884E-13	1.2583654929546947E-5	1.4149841778956677E-4	2.885230529242149E-5	1.217852479743479E-4	1.059024147424074E-5	6.626693619729831E-7	7.987397869109725E-6	0.0	7.987397869109725E-6	1.619639793075087E-10	5.410669142206818E-11	2.5936570954031508E-9	5.9044136309121216E-5
2.3846881800210455E-8	6.062450778693597E-8	5.780402776811102E-11	5.748460748687975E-9	2.303685701319529E-13	3.148798699704544E-7	3.1702372916592404E-10	3.387872111803629E-13	4.196281382608228E-8	1.0293347757227735E-8	1.895495433901528E-8	1.6235010309596665E-10	1.7146394942443052E-12	9.076992598036387E-10	2.5987323488595785E-11	1.9395157917139147E-12	2.2296160933561366E-13	1.6989101141737003E-11	7.212211341789379E-17	4.3487298115006194E-10	5.684227268839963E-9	2.8948220632051737E-9	4.209137192574693E-9	4.4714211496010863E-10	4.113506413731634E-11	1.5270395782962488E-10	0.0	1.5270395782962488E-10	1.0596134719422865E-14	4.070858170509636E-15	1.9552720226223964E-13	3.6303525579617002E-9
5.32276614931389E-4	2.729423163407471E-4	2.7935788173492897E-6	7.620442015208407E-4	1.7972436317517553E-8	7.860777308073408E-4	6.868482139283677E-6	1.6341348117027977E-8	9.131722700064839E-4	2.595591367106923E-4	4.832078664929295E-4	4.274326979459001E-6	2.871845959368466E-7	6.746667984659817E-5	1.883645690895001E-6	0.0011722174796937863	1.5325457091123533E-9	1.5188877570759258E-7	3.167688786044687E-12	8.062960072518134E-6	7.969867141842128E-5	1.0309538077913162E-4	2.913207737465138E-5	1.3262184577434794E-5	7.633033787452955E-7	3.106130222801572E-6	0.0	3.106130222801572E-6	3.3271225495221486E-10	1.179693039965903E-10	8.825786493398568E-9	1.8383857369830983E-4
1.0131977535098468E-4	3.697494051195497E-5	7.87614723251857E-6	1.522876946034875E-5	1.6251157156896437E-9	1.16085427494385E-4	3.533465248156966E-6	1.8393532900356189E-6	1.1199237602891078E-4	4.995623111441295E-5	7.942371466413102E-5	8.290224114862411E-7	9.102980074752343E-8	1.161835601489785E-5	1.1017563263115637E-7	1.2069961693976478E-8	2.4822721159174604E-10	1.9848912129023797E-8	4.742699434113966E-13	3.4776577080799164E-6	3.6893419008827014E-6	1.6040851423261917E-5	3.182571856272152E-6	2.7185089754579015E-5	1.1469691635174762E-6	3.5337896178041777E-7	0.0	3.5337896178041777E-7	3.8200288587381185E-11	2.0887973805762714E-11	1.3210580414608377E-9	3.1902993302308014E-5
1.908907984156206E-7	9.141615322157126E-8	1.1762642702031507E-6	2.5503250584451066E-8	2.1467875138025515E-12	7.592620058913835E-8	2.228172412710806E-9	1.5309663306798718E-12	2.257370517404911E-7	9.251125137618461E-8	1.6872751025770228E-7	1.6149817423068823E-9	2.578953169812466E-11	9.161704446396554E-9	4.804774831668032E-10	1.3944215460574058E-11	3.1496480037299186E-13	4.6535429593086586E-11	5.169451487732191E-14	1.2925258318548966E-9	9.054481197791496E-9	1.293691275899475E-8	7.397960656368524E-9	4.040996978968243E-9	1.7500167643187847E-10	1.028867744407907E-9	0.0	1.028867744407907E-9	1.2935343443808225E-13	4.826569207837341E-14	1.4462718196300301E-10	2.772231146611216E-8
0.02312148018628321	6.678698302993399E-4	1.4193906729851593E-5	9.296037824320485E-4	1.2550114235782573E-7	3.3692667149536266E-4	7.642595897096622E-5	6.865962592263134E-9	0.009310729729439469	0.012003075700207314	0.021683446740789886	1.556349148692337E-4	2.385923549845728E-7	2.1645806657511762E-4	3.4063966600773454E-6	4.097759352696064E-7	5.700238332891238E-9	7.107498153353538E-7	1.0771800212668196E-11	4.6582206408287505E-5	7.34265975960245E-5	2.0355815171690272E-4	1.1645402532881773E-4	1.1062507469014225E-4	6.1235791990668865E-6	3.532845564597307E-5	0.0	3.532845564597307E-5	4.770934916174803E-9	2.091121848091804E-9	2.999192974080268E-8	3.543194480320601E-4
0.02337177956519839	3.2357145971546555E-4	5.2893575831364245E-6	5.995002965135095E-4	4.437669965481663E-8	1.572481889286906E-4	2.0162939407322484E-5	5.6282803688408335E-9	0.002771835098397076	6.835734248490541E-4	0.001257647747049503	1.0792350728990141E-5	9.742275002235733E-8	6.646896358717151E-5	1.7769359444010924E-6	1.540003611410252E-7	3.7161783848613972E-9	3.2841708681546545E-7	4.2137423018440694E-12	3.739231400296826E-5	3.622450283328486E-5	8.975616101949861E-5	5.088898733459532E-5	3.609799390869038E-5	3.5382804792798445E-6	7.078650464668336E-6	0.0	7.078650464668336E-6	7.512928439059675E-10	2.7245192293812806E-10	1.1710325853461393E-8	1.6235182209854E-4
0.021848214221596024	4.530584697032161E-4	8.156823306771475E-6	6.972592879749875E-4	6.935579452534517E-8	2.2117085614219945E-4	4.799349006095817E-5	5.774192288642616E-9	0.005709378880405968	0.011374712524718474	0.008729654300206934	1.9546361378918386E-4	1.4295337796403238E-7	1.1980961905403907E-4	2.321174588134003E-6	2.5986970889068586E-7	4.405800617789198E-9	4.5137460208251553E-7	6.277539015981735E-12	3.8557715232057625E-5	5.038900360098973E-5	1.2609510653871161E-4	7.257146051905616E-5	6.516994358826087E-5	4.2432574337524445E-6	2.154966887738794E-5	0.0	2.154966887738794E-5	2.888664610253349E-9	1.0856323562808432E-9	1.746169325174578E-8	2.2256569033539102E-4
2.3696095801117265E-4	4.3317369682229855E-6	7.944740369698814E-8	7.0785755845586324E-6	6.824256266336403E-10	2.134186368710128E-6	3.840463630782619E-7	6.089344076182571E-11	4.847780991450298E-5	1.234419182543868E-4	8.64287127446923E-5	6.788603279614206E-5	1.3992172978870676E-9	1.1150628087198013E-6	2.2896967310162408E-8	2.3479357405486603E-9	4.3900220467309576E-11	4.452965514111487E-9	6.169219666381923E-14	4.070576032194684E-7	4.813629757323477E-7	1.242678706465417E-6	7.088896398612988E-7	5.90512801068513E-7	4.3423141298211395E-8	1.624509588641505E-7	0.0	1.624509588641505E-7	2.0631284649734027E-11	8.348621705310774E-12	1.716014911538489E-10	2.2067514414077825E-6
1.4097013620631347E-7	1.3264964747771417E-7	2.92291769950053E-10	4.558794315664247E-8	1.3016538278704765E-12	1.979510456552969E-8	2.021932549778638E-9	2.3719350067567693E-13	2.121186680926582E-7	5.783862386981083E-8	1.0898888614527266E-7	9.491907023919269E-10	1.1616867788474483E-11	1.170644808099504E-8	1.26666798872138E-10	2.4400200866520557E-11	2.0896760461502345E-13	1.205522033802354E-10	2.7592847939679214E-16	2.5890105818903365E-9	1.4903525585768192E-8	2.050562500863901E-8	9.346664045667877E-9	3.04779557868641E-9	2.809392657617943E-10	9.606876020789296E-10	0.0	9.606876020789296E-10	7.11214196809184E-14	2.610729103161039E-14	7.263934339260062E-13	3.853186675131005E-7
2.5104541176520096E-4	3.3042297800941643E-4	7.569232652488456E-7	2.729785765953926E-4	6.40420614683873E-9	3.1105653542881814E-5	3.7494355232733183E-6	3.327880584453835E-10	3.233365641987447E-4	1.0880564819862959E-4	2.0835165170505663E-4	1.8825553112142023E-6	2.0545069582085953E-8	1.501855339793553E-5	5.982266483020902E-6	3.022084784885259E-8	7.98898685254679E-10	1.559934314725131E-7	4.2728684200429614E-13	3.216135755983553E-6	1.76736943334264E-5	7.591116926690825E-5	1.4497184017453053E-5	5.701590680516536E-6	4.7158287193002114E-7	1.7950895678251521E-6	0.0	1.7950895678251521E-6	1.6539609102964963E-10	5.7288630218604437E-11	1.1412433638605724E-9	2.8474314427360615E-5
2.836643787765127E-5	8.158511275626794E-6	5.343072043276664E-8	1.875439010340001E-5	4.44243647990348E-10	1.7220185364977929E-6	2.472760156597605E-7	4.2133328490775294E-11	8.529550092001733E-5	1.6475127979292735E-5	3.160110175615527E-5	2.460940490256497E-7	1.3628251873291564E-9	7.670423663463982E-7	1.4609201227227959E-6	2.194920802757579E-9	3.331387823176145E-11	2.627501157688245E-9	6.741775891710605E-11	1.5971872176683268E-4	2.99001891979354E-7	7.627682314426876E-7	3.152671090263092E-7	3.9226973744045793E-7	1.8125501788885802E-8	1.1571412938655641E-7	0.0	1.1571412938655641E-7	2.503373797746347E-11	5.671167097907952E-12	1.4569102586059137E-8	2.0549332255291078E-6
1.1650031554548202E-4	2.4533319556517163E-5	8.66787229499598E-7	2.761111824077658E-4	1.015643168523948E-8	9.156597245215387E-4	1.655595076866362E-6	8.671803392167675E-11	1.4790863093862798E-4	5.664548918885315E-5	1.1372666762165267E-4	1.0262824780522859E-6	1.5068340928254525E-8	8.250334618813968E-6	1.573307882072163E-7	2.6457764179750167E-8	1.302343132472306E-10	3.699984524822401E-8	1.4385115380944046E-13	4.949263849569135E-7	2.5038145724504678E-6	1.193381659678094E-5	2.4171814115796445E-6	3.44161541093804E-6	2.9061306706812743E-7	7.303057191105824E-7	0.0	7.303057191105824E-7	1.1609825563082963E-10	3.4579000039223395E-11	3.9821119301084224E-10	2.093648642091248E-5
6.929603045798395E-9	3.211760337028207E-9	1.8431040552208274E-11	9.442389486329576E-10	8.31097433858257E-14	1.3034207182812607E-9	6.187052497840335E-11	1.73545395909346E-13	1.1067486097953608E-8	3.347151465234593E-9	5.682844259026975E-9	5.3362524235999986E-11	3.771100643168663E-13	2.2109293770391048E-10	2.040327017773827E-11	4.0148007988594713E-13	1.0102172232059644E-14	2.341845766706419E-12	2.6454189807351872E-17	6.096543170679226E-11	3.281315644620124E-10	4.274479647607803E-10	2.6826251903159734E-10	1.0103203635672307E-10	7.177338896805167E-12	2.914975508551121E-11	0.0	2.914975508551121E-11	2.724067769987463E-15	1.2896671092821822E-15	7.322967928899172E-14	1.1704109494649612E-9
2.0868795840808327E-7	3.14108051000903E-7	1.652928161989416E-9	7.688499707762117E-8	2.269065332601445E-12	3.6835412627550585E-7	4.0374250800988475E-9	5.211294655662113E-12	2.962628510101368E-7	8.294462638824705E-8	1.5855642898332746E-7	1.3801477212377776E-9	2.0606832677715815E-10	4.874531122514714E-8	7.198961230104588E-8	4.982552758332533E-11	1.0029531528105819E-12	2.2126167552328948E-6	8.296855789472767E-7	3.0340297136630493E-9	2.7505491515395082E-8	6.195447742094486E-8	2.0331709311305224E-8	1.6234890883822256E-8	4.3950658012688974E-10	1.3152095853880345E-9	0.0	1.3152095853880345E-9	1.1043236750735378E-13	3.9279673708489484E-14	2.3658422406457897E-12	1.627772100581168E-7
1.8992327540702483E-8	3.131406762245435E-8	4.267025451965399E-7	7.295681398287228E-9	1.8486035923529237E-13	3.850990346296225E-8	3.8139737064489344E-10	6.903830998504965E-13	2.6917459614114692E-8	7.428466439073907E-9	1.4294038862570965E-8	1.2362193935911868E-10	1.863528115189431E-11	4.3924184864774134E-9	1.5720816215618378E-10	4.541092300365028E-12	1.0330866715624002E-13	1.2887377096553432E-11	3.1206243695795394E-16	3.184609749559514E-10	3.051930221243618E-9	5.795802202630947E-9	2.2471733397366764E-9	1.4752669342754571E-9	4.256547244190091E-11	1.272883696265652E-10	0.0	1.272883696265652E-10	1.7864623372424354E-11	3.533432028020715E-15	8.684829428206235E-13	1.5709704871215508E-8
4.2600246205787534E-5	3.9736389442699907E-4	6.843507014156824E-8	7.722819134367544E-6	3.543840017050914E-10	4.278447148403721E-6	5.161184997297099E-7	8.964546669464453E-11	1.0291633896548623E-4	2.0731698423212173E-5	3.960118239563849E-5	3.1368439914650304E-7	2.3121258783132776E-9	1.2971693888438233E-6	3.151269787286014E-8	3.4954095761610538E-9	6.365899168393521E-11	2.503605758849859E-8	5.781810671588044E-14	1.6025991113831603E-4	7.395131903043031E-6	4.276291743273017E-6	1.1724228886931035E-5	6.84091608884057E-7	6.114661623457163E-8	2.503145604624907E-7	0.0	2.503145604624907E-7	2.1047488402350058E-11	7.405828458366938E-12	1.5242324916405916E-10	3.5846139338355235E-6
2.2524032884391117E-4	7.104060634788774E-5	8.721849242697573E-7	6.0777721762115485E-5	5.2364553076433954E-9	2.728106067185969E-5	2.225159554661364E-6	2.701497926609928E-9	4.6447655318442797E-4	1.1827419175277291E-4	2.2107659862769758E-4	1.8996103857176428E-6	1.1508969233875126E-8	2.861307038647011E-5	4.064559141496687E-7	9.024717024140186E-8	1.7839618809868606E-9	4.398692201059648E-8	4.956081082417984E-13	3.5424739770131754E-5	6.832199784158155E-6	1.3910851165666389E-5	6.164932058148275E-6	3.317005246615367E-6	3.0893856636023247E-7	1.0610759843646524E-6	0.0	1.0610759843646524E-6	1.3824268976486442E-10	5.005069083707163E-11	1.3752333972652303E-9	3.0090773113903366E-5
1.969826799204654E-4	9.373333030460652E-5	3.1243562113427125E-7	2.913506591609264E-5	1.4771734978112864E-9	1.265974764934757E-4	3.2355761224601776E-5	4.114162826070535E-10	1.8904345578004054E-4	5.972952289206666E-5	1.1471626536052193E-4	1.0225512180813779E-6	1.0490553463188386E-8	3.1410581808652107E-4	1.72750744842421E-7	1.570339166171868E-8	2.902626690489438E-10	2.3705004794764964E-7	2.6699787285547964E-13	4.358517325895482E-6	3.6598993480493657E-5	1.458036906362469E-5	2.7134903953410304E-4	1.4716674940086606E-5	5.998746737911928E-7	1.7428804093052305E-5	0.0	1.7428804093052305E-5	8.57653812035027E-11	3.056250819570991E-11	7.165993637658408E-10	1.6054433245692193E-5
1.638098151105923E-4	1.4880458093837055E-5	2.0822631816849615E-7	1.2378179143571241E-5	1.6798037618051448E-9	6.795825235616902E-6	1.1692438091462433E-4	2.1420975410588372E-10	2.2319995539277733E-4	8.440002631312851E-5	1.6824050675822222E-4	1.5205276059619433E-6	3.5980824116622718E-9	3.6460401884571627E-6	6.34833937366066E-8	1.0064474222390355E-8	1.5986097509771092E-10	1.2300047555397897E-8	1.5716346875488808E-13	1.617503664047437E-4	1.6051091759550348E-6	3.2291181829384268E-6	1.8925048044678698E-6	4.471300440629573E-5	7.735050293062226E-8	6.336458291018347E-5	0.0	6.336458291018347E-5	1.4608258813875194E-10	4.9957088019342055E-11	4.36693617822862E-10	5.89521221860166E-6
1.0894874303021368E-4	1.3887053901866056E-5	2.1862780712076896E-7	8.975288335964117E-6	1.941161590054878E-9	7.45737738188053E-6	1.0139867554300833E-4	4.278037246843564E-10	1.1714933535088316E-4	5.628397785000483E-5	8.452255186492679E-5	9.20959230457052E-7	3.655212945344534E-9	3.135022761386718E-6	7.361069448426058E-8	9.426199834484642E-9	2.4426101040761826E-10	1.2310978072332868E-8	1.7478868114338163E-13	4.623759360126714E-6	1.3932816912640297E-6	3.2384225206842774E-6	1.8175230591675432E-6	3.293614667576498E-5	7.631790621012023E-8	8.572852915814145E-5	0.0	8.572852915814145E-5	3.188583849052265E-11	2.173151545500152E-11	4.863059948787053E-10	7.112745420993066E-6
9.017777012020782E-6	3.8952560620178765E-6	4.24470604663892E-8	5.096963933260808E-6	1.3667903733940474E-10	6.236504243877603E-7	1.114736640062758E-7	6.851423566814574E-12	1.115641476700252E-5	4.357845303204722E-6	8.35062149635579E-6	7.736120654747283E-8	3.722298304078321E-10	2.4518568458442126E-6	4.90458871836119E-9	4.540438791892564E-9	1.5979142639513754E-11	2.3695810491710123E-9	2.1512430286025382E-13	6.208600554264654E-8	3.9426844287601784E-7	1.0072806256700395E-6	3.2073180982262933E-7	1.3843428716105867E-7	1.822693251198058E-8	5.4933728580529575E-8	0.0	5.4933728580529575E-8	6.799509272257333E-12	2.43825908730073E-12	6.011171515849113E-10	4.991048335700915E-7
2.4773570080127207E-5	3.675329095943E-6	4.905425395912891E-8	2.187260048860634E-6	4.2663879922604253E-10	1.6944317872874729E-6	6.441197607142044E-5	9.301195599934971E-11	2.8736699096425674E-5	1.2787630641930122E-5	1.9509127822113312E-5	2.08358463523886E-7	8.452103348012245E-10	7.307093004538711E-7	1.6291902872456505E-8	2.144049592449494E-9	5.3489606867053005E-11	3.2937085920514934E-9	3.918078788359876E-14	1.0090449311311106E-6	3.755497593045165E-7	8.097003950126364E-7	4.4214831238575097E-7	2.4163417512723195E-5	1.814454142377057E-8	8.365103990835713E-5	8.358528071042686E-5	4.1858337304931705E-5	7.585366157693549E-12	4.9187434243690155E-12	1.0879313726619561E-10	1.6139356550193013E-6
7.4371037559804115E-6	1.1045822437601247E-6	1.4784256996107752E-8	6.575050283772104E-7	1.280404448039848E-10	5.103484315325444E-7	1.932362006561193E-5	2.793233039490953E-11	8.627035032392611E-6	3.838546352980603E-6	5.85720220750741E-6	6.254797969804318E-8	2.550438529150738E-10	2.19871169544692E-7	4.890743907050431E-9	6.442963880530695E-10	1.6054798266663076E-11	9.890702145585585E-10	1.1761920754131088E-14	3.0274058884712055E-7	1.1286236252967654E-7	2.433159902867427E-7	1.3280472845073712E-7	7.2491415774915765E-6	5.44979923735671E-9	1.975702900584495E-8	3.870999379246202E-9	2.0916108330718586E-5	4.020875399017494E-9	1.2718536131601314E-10	3.265912494642899E-11	4.851530967833365E-7
2.3534795638626857E-5	3.4915484081603783E-6	4.660135129492299E-8	2.0778885760902697E-6	4.0530520707423656E-10	1.6097036361098888E-6	6.119112782767805E-5	8.836099800365991E-11	2.7299752856598288E-5	1.2148199588782199E-5	1.8533595880458122E-5	1.9793973346403384E-7	8.029465449212345E-10	6.941710057050251E-7	1.5477244637227232E-8	2.0368388098353923E-9	5.081491938121662E-11	3.1290104073172503E-9	3.722159675890161E-14	9.58588776972958E-7	3.567708169948964E-7	7.692122396369601E-7	4.200391845142152E-7	2.214696812019683E-4	1.7237244086494904E-8	6.247098337645407E-8	0.0	6.247098337645407E-8	7.206068474913864E-12	4.67278720495056E-12	1.0335305909336448E-10	1.5332326221823886E-6
1.1170366244635287E-8	1.5968534783561265E-9	5.479798225128537E-10	8.291571565983459E-10	1.1480273890442209E-13	1.6921981490634752E-9	5.1844640067585375E-11	2.2566581373202126E-14	6.24202646487199E-9	3.771941888249644E-9	5.604032116663729E-9	6.317757354087913E-11	4.123051311462882E-12	3.8323520797869047E-10	9.093267758101231E-12	4.662092135271206E-13	5.9579450837739175E-15	1.0525655853901667E-12	2.210427151680406E-15	3.4035265987588414E-11	1.6118882037609194E-10	4.172225051842516E-10	1.722488923124913E-10	1.4541277227853016E-10	2.874754793745327E-11	2.0849688729079162E-11	0.0	2.0849688729079162E-11	2.5653890309839855E-15	1.21535856224456E-9	6.184551768008511E-12	9.447784540317902E-10
2.10755472862874E-9	5.308599211460137E-10	7.841459108895107E-12	3.387389330633648E-10	3.075499105963325E-14	9.447752058028619E-10	1.919201752007771E-11	3.3446890579054316E-15	1.7413701992376255E-9	1.0058897492378166E-9	1.5191922349010962E-9	1.6878848593051058E-11	8.171945883136232E-13	2.126410121061524E-10	1.088320252488388E-12	2.2005552723258432E-13	1.6976119014872703E-15	4.094818127436053E-13	3.129386797612127E-18	1.1579410715983704E-11	5.652429108793531E-11	2.42994442679819E-10	5.2696240402755084E-11	7.477209339279566E-11	2.1417587898207627E-12	6.4139550029471514E-12	0.0	6.4139550029471514E-12	6.604431749640165E-16	4.2172894268609465E-16	8.628115005331746E-15	5.932698798238072E-10
2.3990842397138225E-8	1.4270206389282616E-7	4.988378262217051E-11	7.030038454626317E-9	1.5068393779085766E-13	1.677369394216176E-8	2.756788233160936E-10	7.779899816848081E-14	1.9507011360145963E-8	5.890150255733743E-9	1.1345187685237867E-8	1.0005462474364575E-10	1.1891944301473228E-11	3.88531559408642E-9	1.5284473505163202E-11	4.462011105053895E-12	3.390102846884428E-14	1.4998991149403432E-11	1.2662196781605467E-11	3.1774296256713056E-10	2.00617786565517E-9	5.430389943862557E-9	1.4216475150684303E-9	5.136889863253884E-10	8.912085608789602E-11	1.2526792375897421E-10	0.0	1.2526792375897421E-10	1.5912496914930536E-12	2.9594646643503294E-15	3.542919847089377E-8	5.0830181615853146E-9
4.7679080357605053E-4	2.4548433339249276E-5	4.3709491395275387E-7	3.3451048390930296E-5	3.35895714078802E-9	1.1875050071556185E-5	3.838654941771763E-6	1.7204896267751864E-10	0.0014920293444988888	2.831133891420748E-4	5.430141689977507E-4	4.2004609073894365E-6	7.542033197485915E-9	7.579502047153035E-6	1.1192229039683051E-7	1.602726933228292E-8	1.8165210559215516E-10	2.2373353021482722E-8	3.0423389289878726E-13	1.1310791222360303E-6	2.690986878991711E-6	6.094282121270232E-6	4.0316674770279855E-6	4.1740541792913364E-6	1.6120323919431453E-7	1.912782753302459E-6	0.0	1.912782753302459E-6	2.724158529910019E-10	9.504181526098914E-11	8.462571367706482E-10	1.0950873941609097E-5
