32
NULL,open@__open_nocancel,fstat@_fxstat,mmap@__mmap,read@__read,munmap@munmap,open@__open64,close@__close_nocancel,rt_sigprocmask@sigprocmask,exit_group@_Exit,rt_sigaction@__libc_sigaction,sched_yield@sched_yield,mremap@mremap,time@time,read@__read_nocancel,mprotect@__mprotect,madvise@madvise,lstat@__lxstat64,openat@__openat64_nocancel,write@__write_nocancel,syslog@__syslog,getpid@getpid,writev@__writev,close@close,stat@__xstat,socket@__socket,fcntl@fcntl,connect@__connect,getdents@__getdents64,lseek@llseek,getrlimit@__getrlimit,write@__libc_write
0.998632777644942	0.002092213943477281	2.315974577439749E-5	0.001588484295651454	1.5026199487417702E-7	0.0012916262242770218	1.4789914196978958E-4	1.2488915661386542E-8	0.03773592779957715	0.008994886359817053	0.016877793146984198	1.4212391475320197E-4	5.889371240076239E-7	3.85422409870379E-4	1.4049832461662285E-5	8.142870576525991E-7	1.33561272173681E-8	1.4114466210343743E-6	1.4132949540879384E-11	5.9308383195176404E-5	2.9638024612075974E-4	3.6445234587864373E-4	2.2885821127191118E-4	2.0689419219622197E-4	8.894190758628456E-5	7.109773445692105E-5	0.0	7.109773445692105E-5	9.773878507988688E-9	3.6268912928802766E-9	3.9151317656726696E-8	8.298814786251194E-4
4.955753399298138E-4	7.262650446386914E-4	3.627514272859599E-5	4.508932030668856E-4	1.0577261710554515E-8	2.206535789367587E-4	5.685519814548687E-6	1.941900554457923E-6	8.392957816641704E-4	2.2585667070648078E-4	4.2194349322005777E-4	3.6769256386796524E-6	3.930649526601541E-8	3.522709057549293E-5	3.6139607913946293E-4	1.2727007386680873E-7	3.494639635400504E-9	2.008275891193931E-7	8.791514395012859E-11	3.071711793024404E-5	0.0014367415464720248	4.216324553684032E-5	2.8345282184810214E-5	9.751921379592833E-6	1.8288764946719873E-6	2.6377851558031994E-6	0.0	2.6377851558031994E-6	2.8573151642698844E-10	9.941333981315291E-11	1.8888286636157976E-8	7.754672136814648E-5
1.414156494692437E-5	4.595324085070624E-6	1.5431906769788863E-7	8.8966425999485E-6	1.5001073329151324E-10	4.0510689357810115E-6	2.3556278609839087E-7	5.345470895118314E-11	1.686758212273525E-5	6.8623271556434425E-6	1.2766273628695897E-5	1.2078548566453164E-7	1.0576806084052051E-9	5.102257518107367E-7	5.673479231758407E-9	9.755923321744092E-10	1.3614071829966626E-11	3.218505963130889E-9	5.3709625762205924E-14	8.686263945876933E-8	4.881801402862429E-7	6.578591225503764E-7	9.850576158625531E-7	6.371840721065856E-7	1.2099673690155832E-8	1.1535699660664238E-7	4.097476141014304E-8	1.1535699660664238E-7	1.537528110886526E-8	4.843572600634393E-10	1.4929650458812623E-10	1.5392083982074204E-6
2.867706998108505E-4	2.6533924656201377E-4	1.329751409989025E-6	0.002171016452438457	9.989156274581748E-9	0.0029539179406042875	1.6022786012881728E-5	6.091144964896689E-9	4.06273107909997E-4	1.1699312168286235E-4	2.2371360747014364E-4	1.9590502808125046E-6	2.8653759668022168E-8	1.5639699174766024E-5	3.4485905198420123E-7	6.6161982357319E-4	1.2724789799142565E-9	2.1080804622622802E-7	9.89600221545912E-13	1.3238593498449966E-5	1.4895394325353085E-4	3.0027536631835132E-5	1.279667074425531E-4	1.108792188383947E-5	6.87628408731585E-7	8.392491660177449E-6	0.0	8.392491660177449E-6	1.6998770357038314E-10	5.674147444954928E-11	2.723492410389212E-9	6.18483537463158E-5
2.5404536694457166E-8	6.377683939184814E-8	6.000088561863737E-11	6.030565016818929E-9	2.3426123693980557E-13	3.3171209469185135E-7	3.3209349831654427E-10	3.567217717054635E-13	4.41225690241928E-8	1.0806960878462794E-8	1.9909363938947986E-8	1.7037235897773134E-10	1.7842740365943072E-12	9.398160968600267E-10	2.6947161346023632E-11	2.030195720506317E-12	2.318622946357257E-13	1.7810885074060584E-11	7.573510521457638E-17	4.5658152431803385E-10	5.979136110043707E-9	3.0215167387988127E-9	4.4221869641060415E-9	4.666414209714562E-10	4.257462538718731E-11	1.600501645863386E-10	0.0	1.600501645863386E-10	1.1119490094244985E-14	4.271058236346783E-15	2.053253338196558E-13	3.798587005864196E-9
5.681969809699332E-4	2.862375009921166E-4	2.9204920154310824E-6	8.02439477447071E-4	1.871415085054888E-8	8.274750269486432E-4	7.2093805364082865E-6	1.7213004561768332E-8	9.604986607795092E-4	2.7264772479500303E-4	5.078342556263731E-4	4.488508233718185E-6	3.020925812093942E-7	7.06835541938209E-5	1.9738027073027984E-6	0.0012350081733389466	1.534331332548355E-9	1.5879851781495524E-7	3.3324037418826125E-12	8.476220167887893E-6	8.385324237667663E-5	1.0804381987656177E-4	3.054982197195119E-5	1.387773905897582E-5	7.959701899005532E-7	3.262317997306709E-6	0.0	3.262317997306709E-6	3.4959741013583604E-10	1.2390002704264235E-10	9.284905905983786E-9	1.9313634020370866E-4
1.0753275196809887E-4	3.871990986861023E-5	8.27603006280968E-6	1.597004349158421E-5	1.6834730082851445E-9	1.2203465353886822E-4	3.715519011214717E-6	1.937878987125955E-6	1.177584565549E-4	5.252176889277597E-5	8.350158287011056E-5	8.713397827031418E-7	9.570931004156723E-8	1.2171476644120683E-5	1.1452246883137602E-7	1.267257901134073E-8	2.510829012855752E-10	2.0716243849571025E-8	4.983459078115599E-13	3.660653491843323E-6	3.865061662703967E-6	1.6796742201951038E-5	3.329317028908274E-6	2.8580922970315282E-5	1.1916332966561418E-6	3.7063532019688016E-7	0.0	3.7063532019688016E-7	4.010665581592846E-11	2.195004972213568E-11	1.388150412464493E-9	3.34976412591397E-5
2.0150143017775044E-7	9.586144512677489E-8	1.2386537372918762E-6	2.673990681183341E-8	2.2320600146587153E-12	7.976419316136838E-8	2.3395617641919347E-9	1.6118219719284074E-12	2.375400310229923E-7	9.734553537166454E-8	1.7756636785562197E-7	1.699050039214316E-9	2.6996699735739432E-11	9.573567851789859E-9	5.0465363478576E-10	1.4621859239170767E-11	3.211793171983414E-13	4.8616285818650284E-11	5.446142630271919E-14	1.3542327409690628E-9	9.493753651317818E-9	1.3493322476987715E-8	7.748605569138325E-9	4.231719854046858E-9	1.8258782268376862E-10	1.080864716359346E-9	0.0	1.080864716359346E-9	1.3611988172557565E-13	5.07837413056649E-14	1.5236837456285295E-10	2.9045746460264402E-8
0.024304718458134443	7.00938744467567E-4	1.4893307460372186E-5	9.792927495627223E-4	1.3159696332689255E-7	3.536358239603353E-4	8.056531428356387E-5	7.234204626724997E-9	0.009835657909145252	0.012654861028483318	0.02286035740798851	1.6406034285591943E-4	2.5023745725181E-7	2.270216104399408E-4	3.5622387891582287E-6	4.315807563079329E-7	5.738153470473216E-9	7.458688621795744E-7	1.1344434499930522E-11	4.907508237829558E-5	7.72206024557019E-5	2.1279822682368109E-4	1.2240550527093798E-4	1.1639350088581359E-4	6.630870059123939E-6	3.725166845721525E-5	0.0	3.725166845721525E-5	5.032393106163049E-9	2.2051264289971037E-9	3.158676593075537E-8	3.721382690322816E-4
0.02453859689926984	3.407758442410448E-4	5.560627386049578E-6	6.321455843194728E-4	4.6558544625080563E-8	1.657990842255054E-4	2.1325784835933436E-5	5.936156385139712E-9	0.0029487788446220086	7.264757829124617E-4	0.0013371442017914225	1.1465916428098292E-5	1.0248279723127541E-7	6.978395769189214E-5	1.8678523538803709E-6	1.6255773132831995E-7	3.810624952066617E-9	3.4541013774291056E-7	4.443456578905004E-12	3.9417254048871735E-5	3.824812028480633E-5	9.404286828184062E-5	5.359382609594522E-5	3.8069211659805355E-5	3.939188517886359E-6	7.5010131933801346E-6	0.0	7.5010131933801346E-6	7.982111513255549E-10	2.894634015518909E-10	1.2348830858725346E-8	1.7097346528129916E-4
0.022952851180494154	4.7615083303187227E-4	8.562798965065538E-6	7.348898233847806E-4	7.270770810031973E-8	2.3254067750501337E-4	5.06308273110452E-5	6.087432505597123E-9	0.006041452372851163	0.011991836181387574	0.009211261318459826	2.0602578435871926E-4	1.50063236042993E-7	1.2567111243759973E-4	2.43214183323993E-6	2.7390720118340403E-7	4.474409147888017E-9	4.740259002582785E-7	6.614433482421441E-12	4.0636327779648735E-5	5.307645729779829E-5	1.3188402517828968E-4	7.633225420278296E-5	6.862102688691527E-5	4.656477060694434E-6	2.2741366378235054E-5	0.0	2.2741366378235054E-5	3.0496160173187355E-9	1.1459637888054705E-9	1.8399038921134884E-8	2.3397244078867448E-4
2.4890813367243916E-4	4.55533090689578E-6	8.344440330185187E-8	7.46217680765862E-6	7.15775357665962E-10	2.2457022285998056E-6	4.054188900656379E-7	6.421034147109183E-11	5.1365217553511095E-5	1.3014154732552384E-4	9.121383749648638E-5	7.152345709884083E-5	1.4698056274718224E-9	1.1700778378330116E-6	2.401579806559018E-8	2.475827882970913E-9	4.470346399137174E-11	4.678898039661271E-9	6.501990801613333E-14	4.290647263718259E-7	5.073947269643729E-7	1.300664789346966E-6	7.459424489108393E-7	6.220301414921049E-7	4.7809512643444534E-8	1.7158708442231737E-7	0.0	1.7158708442231737E-7	2.1806386859258365E-11	8.820589181537679E-12	1.8085979452450515E-10	2.3212109052817824E-6
1.4989170249924342E-7	1.3921052897665265E-7	3.0337346022379347E-10	4.788345359497186E-8	1.3301088272253243E-12	2.0671405898414535E-8	2.1190025999658207E-9	2.4870826945265223E-13	2.2301765115853436E-7	6.07472565724529E-8	1.1451794302478285E-7	9.96635111276956E-10	1.2124020093682119E-11	1.2250819394376176E-8	1.3133209523156632E-10	2.5637102582438163E-11	2.053120069161678E-13	1.26480942413484E-10	2.893460924479449E-16	2.7179567494538195E-9	1.564506587107991E-8	2.1450797829116625E-8	9.775258768588325E-9	3.1865393145709327E-9	2.908719557918785E-10	1.0071374222654324E-9	0.0	1.0071374222654324E-9	7.470638890707301E-14	2.7415529630678275E-14	7.616480415933713E-13	4.058226937261923E-7
2.770848440954846E-4	3.4618168610797093E-4	7.674435388523192E-7	2.86953901879988E-4	6.4204204601853385E-9	3.178167862943675E-5	3.90860406239394E-6	3.4511898385973537E-10	3.3752962526167294E-4	1.1314726908448463E-4	2.1717073006884976E-4	1.958127638659671E-6	2.099830647829991E-8	1.5242896668203918E-5	6.286212985593432E-6	3.1445352855796616E-8	7.240288363921069E-10	1.6254395213949236E-7	4.427945722169784E-13	3.3599798640959293E-6	1.8450887074639257E-5	7.914141743918983E-5	1.5066160446796895E-5	5.88253567407483E-6	4.828815743768734E-7	1.8747661339750492E-6	0.0	1.8747661339750492E-6	1.7264399902872043E-10	5.970015005438167E-11	1.1820929440269618E-9	2.9199739779294094E-5
2.9996222808142455E-5	8.569772966454839E-6	5.580357846881962E-8	1.9751928279097115E-5	4.630930857959491E-10	1.799243240334763E-6	2.600763053941118E-7	4.432064262074303E-11	8.9855418181777E-5	1.7349303479589748E-5	3.328267722460344E-5	2.590619915106934E-7	1.4255515142212369E-9	7.993895616630154E-7	1.5391541457203427E-6	2.307405000809122E-9	3.326173551906988E-11	2.7438338876599455E-9	7.102886566554176E-11	1.6827388773289322E-4	3.129217036495388E-7	7.911322365764885E-7	3.294761265748579E-7	4.112932082861816E-7	1.910112998587147E-8	1.2176315017972148E-7	0.0	1.2176315017972148E-7	2.636168251319938E-11	5.969082315167668E-12	1.534898292655869E-8	2.153371089787394E-6
1.240516045075476E-4	2.5625273857082363E-5	9.087432638766231E-7	2.9082864464980725E-4	1.0660056658572139E-8	9.64574531141759E-4	1.739793214342454E-6	9.071088955778963E-11	1.5558607511514317E-4	5.954406057765669E-5	1.1961343093705504E-4	1.0787456355572812E-6	1.578511768121502E-8	8.619339207715654E-6	1.6373439509659885E-7	2.7829227482720163E-8	1.2246700835783132E-10	3.877735557958046E-8	1.506930070074716E-13	5.184875419939888E-7	2.619427126377434E-6	1.2469663117802992E-5	2.523752649526175E-6	3.6075873633809713E-6	3.047418454506594E-7	7.678385480768374E-7	0.0	7.678385480768374E-7	1.2216077026175307E-10	3.6365416602515246E-11	4.1716368642780763E-10	2.19583003128451E-5
7.356265139122806E-9	3.3691426459747462E-9	1.922555800379772E-11	9.905256303518624E-10	8.5685353040732E-14	1.3668679827231493E-9	6.489562759871428E-11	1.8280583132852813E-13	1.1647605090696558E-8	3.520122864957753E-9	5.977443387437497E-9	5.609986725062361E-11	3.931345364762116E-13	2.294933875640571E-10	2.1406175631307742E-11	4.2058276332654103E-13	9.95952667128795E-15	2.4533390183018137E-12	2.782521209628889E-17	6.400293020415715E-11	3.44333306515465E-10	4.4494854248322004E-10	2.808940012858118E-10	1.056183640653714E-10	7.472045312735849E-12	3.0592880483563695E-11	0.0	3.0592880483563695E-11	2.862189683614937E-15	1.3555202330393428E-15	7.702696465834254E-14	1.2281224939327074E-9
2.2550252322400368E-7	3.2981797027782524E-7	1.7252389672715124E-9	8.065524784541079E-8	2.242624822003154E-12	3.873587846516725E-7	4.22931715928327E-9	5.487024535650741E-12	3.106670632065627E-7	8.671094969574711E-8	1.6597347489345337E-7	1.4424210428615637E-9	2.1660892566357983E-10	5.105774051958646E-8	7.583799166355906E-8	5.229256558560656E-11	1.0033476988709726E-12	2.3311366807851653E-6	8.741284827236157E-7	3.1795690497035655E-9	2.88753840360782E-8	6.482126243331015E-8	2.1294723064864672E-8	1.701797463553118E-8	4.528590279472949E-10	1.376310639992859E-9	0.0	1.376310639992859E-9	1.1559244585574442E-13	4.1077898611447135E-14	2.4822432156462703E-12	1.7105571216642668E-7
2.0345782591850983E-8	3.2905255439165494E-8	4.495581658165366E-7	7.661211485623465E-9	1.8569568237281977E-13	4.051805030293433E-8	3.9995967789825194E-10	7.271097433094891E-13	2.826477949659833E-8	7.784339282560663E-9	1.4992192981983657E-8	1.2951036348197626E-10	1.959589449421239E-11	4.608023858988827E-9	1.6515810703086824E-10	4.770547544215244E-12	1.0557686189928541E-13	1.3499314069720264E-11	3.285140834844772E-16	3.341400040274685E-10	3.2070107044888725E-9	6.0746787317382815E-9	2.3572056713585154E-9	1.5477926505541088E-9	4.398212213041744E-11	1.333741223587881E-10	0.0	1.333741223587881E-10	1.882151104327002E-11	3.703335568632467E-15	9.14285320338009E-13	1.6520669357911267E-8
4.510685519447446E-5	4.1859482920708754E-4	7.123686281265865E-8	8.112644747202657E-6	3.655160718543728E-10	4.474214251120451E-6	5.417831832014225E-7	9.425523822217906E-11	1.0837380151511902E-4	2.181713253316182E-5	4.1682876953005674E-5	3.299769095180557E-7	2.4148734467382207E-9	1.3512780139390593E-6	3.280537120465079E-8	3.670764668721001E-9	6.420788388614276E-11	2.628854932504887E-8	6.068047029638588E-14	1.688428592266074E-4	7.785057483442418E-6	4.4779934523027166E-6	1.2345543936453562E-5	7.163032363717032E-7	6.355391981016105E-8	2.628411999799328E-7	0.0	2.628411999799328E-7	2.2141628285160975E-11	7.788724161156164E-12	1.599563623490084E-10	3.752193347572807E-6
2.4513352829984655E-4	7.378915713143869E-5	8.996450256370814E-7	6.366533503596124E-5	5.306677453091263E-9	2.814277650576466E-5	2.32217719107788E-6	2.84304729797671E-9	4.875968333271156E-4	1.2373486615702717E-4	2.3155654635067716E-4	1.9862277568291547E-6	1.1727991764201234E-8	2.9778506526330037E-5	4.177395257505863E-7	9.484443555415769E-8	1.8034660327194488E-9	4.5373309320021225E-8	5.177888367229916E-13	3.7308246636532875E-5	7.1122528290139984E-6	1.4150119350409054E-5	6.391239464447496E-6	3.4201328556843755E-6	3.1951901313670816E-7	1.1096131066676469E-6	0.0	1.1096131066676469E-6	1.4468610372804475E-10	5.2337324627169985E-11	1.4368459607606652E-9	3.121139417881113E-5
2.0888299385734166E-4	9.815407660882087E-5	3.2445350652607796E-7	3.053195756695634E-5	1.518282174569341E-9	1.3296582184675487E-4	3.4012918068427126E-5	4.317158863403743E-10	1.9859644310257839E-4	6.27040761325616E-5	1.2047369749242888E-4	1.0732650491852329E-6	1.093128197277683E-8	3.3084945197958194E-4	1.8002309767402488E-7	1.645981227806544E-8	2.923596864914222E-10	2.4883997568578616E-7	2.796938629418125E-13	4.575824269642501E-6	3.84411497924619E-5	1.5205598744157476E-5	2.852560851323667E-4	1.545583312741975E-5	6.205728366098668E-7	1.8322147490646153E-5	0.0	1.8322147490646153E-5	9.006259771220154E-11	3.208580943530825E-11	7.506706893348975E-10	1.6770554806308392E-5
1.7282515095197045E-4	1.5571873343404733E-5	2.174789268453211E-7	1.3011393780033301E-5	1.7503650669175892E-9	7.103830350888218E-6	1.2318712325526843E-4	2.2543736974400577E-10	2.3519963555803953E-4	8.891366498802707E-5	1.772546649035883E-4	1.601487046304552E-6	3.7520985057017645E-9	3.8073507715859113E-6	6.593949637804606E-8	1.0584815931532948E-8	1.6112271097503885E-10	1.2858332255225096E-8	1.6521704174910792E-13	1.704134704245241E-4	1.6826250370344565E-6	3.352347481927703E-6	1.9827830009325062E-6	4.710298633174688E-5	8.197571174312992E-8	6.675831012098586E-5	0.0	6.675831012098586E-5	1.5388304746337277E-10	5.2619443726721055E-11	4.5908348776990387E-10	6.165846343703488E-6
1.1546440574214484E-4	1.4495870806265239E-5	2.2787989641788055E-7	9.413068374621348E-6	2.01959540884306E-9	7.782379454977052E-6	1.0682846653317417E-4	4.503558603980613E-10	1.23320375909659E-4	5.923406624655399E-5	8.895431661733715E-5	9.689322093190563E-7	3.800766509566276E-9	3.25810529882377E-6	7.629358246069279E-8	9.903746553760929E-9	2.4794977732398206E-10	1.2844475818078257E-8	1.8363722969258057E-13	4.8697470552375684E-6	1.4569254102123902E-6	3.3483065446661527E-6	1.9010953875939778E-6	3.4692377005373554E-5	8.020012195369092E-8	9.031976891390141E-5	0.0	9.031976891390141E-5	3.350718569385407E-11	2.2858872666623758E-11	5.109398929667499E-10	7.433795124583075E-6
9.71677369586996E-6	4.068690589820848E-6	4.4138616988942093E-8	5.35825491815523E-6	1.378924117976354E-10	6.389021590918044E-7	1.1671446288282244E-7	7.119055714255102E-12	1.1701457234617473E-5	4.565100361024716E-6	8.75724456861669E-6	8.104926612745248E-8	3.8020763694580894E-10	2.57239706291129E-6	4.861411617464428E-9	4.7764455422175024E-9	1.463727529009891E-11	2.463817910890391E-9	2.265083672999195E-13	6.490729992746657E-8	4.1236348383816E-7	1.0453589786951862E-6	3.3423218223160287E-7	1.4356244404037308E-7	1.8989714187886626E-8	5.7592476944653716E-8	0.0	5.7592476944653716E-8	7.1353649357458206E-12	2.5570055379774133E-12	6.329333780871978E-10	5.110780990163265E-7
2.6251160216345226E-5	3.840532060279743E-6	5.113243442603268E-8	2.2945052513633614E-6	4.4382015635528926E-10	1.768352675082556E-6	6.786225299707463E-5	9.791223531299272E-11	3.025285092451935E-5	1.3458386924813984E-5	2.0533081709252037E-5	2.1921928266923543E-7	8.791555392242399E-10	7.598404633096443E-7	1.6884425017319158E-8	2.252731575403762E-9	5.426729201340212E-11	3.440475587079678E-9	4.116325745258842E-14	1.0627051791454138E-6	3.9302769890530017E-7	8.386784905416027E-7	4.6251154354817353E-7	2.5456736499526532E-5	1.905135816285767E-8	8.813167415959706E-5	8.806260643755451E-5	4.410030535822264E-5	7.972421832702786E-12	5.174096138236983E-12	1.1430113461345003E-10	1.6868922606020051E-6
7.880703046894272E-6	1.1542391725175023E-6	1.5411167463362384E-8	6.897464818183359E-7	1.3319589892075106E-10	5.326266018957206E-7	2.035870440010636E-5	2.9403923178096864E-11	9.082193278563585E-6	4.039888751006062E-6	6.164619255357331E-6	6.580829175339613E-8	2.65301862298884E-10	2.2864280958484071E-7	5.068591218988788E-9	6.769569940244147E-10	1.628795633652064E-11	1.033142279683683E-9	1.2357037234441275E-14	3.1883997110138954E-7	1.1811542082010512E-7	2.520267830617466E-7	1.3892117516243805E-7	7.637142754950601E-6	5.722087082288264E-9	2.075107892387841E-8	4.0783531736354116E-9	2.2036435479611116E-5	4.236251661336032E-9	1.339957271956043E-10	3.4312560131820537E-11	5.070879264266888E-7
2.4938500545956196E-5	3.6484905845195095E-6	4.857561469057304E-8	2.179771103152831E-6	4.216274298109367E-10	1.6799281932510789E-6	6.446887754559532E-5	9.30162443749245E-11	2.874009122187652E-5	1.2785415459968237E-5	1.950634810790226E-5	2.082574695927854E-7	8.351943576677682E-10	7.218454976054147E-7	1.6040138380260656E-8	2.1400862727628824E-9	5.1553717258604705E-11	3.268438484227915E-9	3.910493517218084E-14	1.009565804783242E-6	3.7337479193101846E-7	7.967413181696461E-7	4.3938417526038863E-7	2.3333195032420798E-4	1.809871647691235E-8	6.561406847059248E-8	0.0	6.561406847059248E-8	7.57376986727073E-12	4.9153712942527445E-12	1.0858563524312649E-10	1.6025411149560736E-6
1.1805756109806018E-8	1.6742748187846961E-9	5.769827926999317E-10	8.713863771604027E-10	1.2014384844878655E-13	1.7775647634213653E-9	5.449349232742534E-11	2.3743762268449047E-14	6.580721776517235E-9	3.9742692580305386E-9	5.905203644490349E-9	6.654660711474906E-11	4.334270674307441E-12	4.019113791083242E-10	9.537616799783331E-12	4.899600473136502E-13	5.96918885507912E-15	1.1018248561143374E-12	2.328766622978689E-15	3.5747805924545166E-11	1.6906914977220248E-10	4.3662705457400864E-10	1.8054812792373223E-10	1.5263401259529636E-10	2.983116375561919E-11	2.1922166581429957E-11	0.0	2.1922166581429957E-11	2.701759174135372E-15	1.2804604087317674E-9	6.515655537774218E-12	9.92272190971864E-10
2.228758295607472E-9	5.564733353591916E-10	8.217399676242537E-12	3.56065718490234E-10	3.204965687490737E-14	9.932511242749195E-10	2.016342447657825E-11	3.5150974803879708E-15	1.8332460942442517E-9	1.0589394124739652E-9	1.5993192702049742E-9	1.7764167995923493E-11	8.594638370133545E-13	2.232691943180231E-10	1.1286225269686615E-12	2.313722701014942E-13	1.6584625235779807E-15	4.288381780912076E-13	3.2880980544813003E-18	1.2158583908953366E-11	5.92914347503274E-11	2.5482452045934144E-10	5.5198526281241605E-11	7.852335215938669E-11	2.2394489671377112E-12	6.737499549143081E-12	0.0	6.737499549143081E-12	6.945858987718465E-16	4.4379834475757115E-16	9.065968189246076E-15	6.239066446452603E-10
2.5619998644897643E-8	1.5027854290329724E-7	5.178122680615579E-11	7.386972952271121E-9	1.518564227357678E-13	1.7643822187526694E-8	2.889100859422912E-10	8.17943163360523E-14	2.0491697998716585E-8	6.176448291758396E-9	1.1906806256764962E-8	1.0489917035513626E-10	1.2510936470639193E-11	4.080095740274134E-9	1.5751528751866833E-11	4.6907066867349775E-12	3.32218450541137E-14	1.573770047636699E-11	1.334022716943305E-11	3.336177453510919E-10	2.106875479932098E-9	5.6992517156698865E-9	1.4882122069108505E-9	5.373471404565952E-10	9.224407124970764E-11	1.3131838809228913E-10	0.0	1.3131838809228913E-10	1.6764240401015557E-12	3.1043709481914703E-15	3.73263474263462E-8	5.3344230020485285E-9
5.017220859959231E-4	2.5737054882045375E-5	4.5803547722671763E-7	3.521825595889389E-5	3.514332288141583E-9	1.2445591210228777E-5	4.043904628253887E-6	1.8107620238928392E-10	0.001572395102106219	2.9842146640018924E-4	5.723601785282892E-4	4.42655093856232E-6	7.897209782383252E-9	7.943278678891573E-6	1.1678256735773395E-7	1.6869141730852435E-8	1.8164348314901838E-10	2.3445646985595E-8	3.201750865202271E-13	1.190631120796661E-6	2.826072246830427E-6	6.355995512682157E-6	4.23413241946064E-6	4.389265665322248E-6	1.7281996617356922E-7	2.015393734504765E-6	0.0	2.015393734504765E-6	2.870896052763065E-10	1.001557261046784E-10	8.906173324441917E-10	1.1484043199465796E-5
