32
NULL,open@__open_nocancel,fstat@_fxstat,mmap@__mmap,read@__read,munmap@munmap,open@__open64,close@__close_nocancel,rt_sigprocmask@sigprocmask,exit_group@_Exit,rt_sigaction@__libc_sigaction,sched_yield@sched_yield,mremap@mremap,time@time,read@__read_nocancel,mprotect@__mprotect,madvise@madvise,lstat@__lxstat64,openat@__openat64_nocancel,write@__write_nocancel,syslog@__syslog,getpid@getpid,writev@__writev,close@close,stat@__xstat,socket@__socket,fcntl@fcntl,connect@__connect,getdents@__getdents64,lseek@llseek,getrlimit@__getrlimit,write@__libc_write
1.0064631163584983	0.002435776463236067	2.6523473648324114E-5	0.0019050309715654885	1.8071740377910948E-7	0.0015084727364614355	1.7915206186325323E-4	1.4520960314569745E-8	0.04648847775539245	0.011044951095770169	0.020736098967978855	1.7454589360612352E-4	6.778809860905559E-7	4.575271092068571E-4	1.703552618138896E-5	9.831901607309512E-7	1.489899597495814E-8	1.6202974630360571E-6	1.6801282182154037E-11	7.068140830194044E-5	3.498180843199023E-4	4.1669564723626027E-4	2.6344036957330445E-4	2.4665420886038945E-4	4.80631711663279E-5	8.635110609574225E-5	0.0	8.635110609574225E-5	1.1997626820762216E-8	4.451217090745569E-9	4.6566101485715675E-8	9.798805862931451E-4
5.144305328215413E-4	8.980662651775573E-4	4.4398739489480613E-5	5.542686156572691E-4	1.3419534300796364E-8	2.7635297166906937E-4	7.230750771652283E-6	2.366757823991402E-6	0.0010354043780769154	2.7953212853129344E-4	5.216140469089227E-4	4.555160454014449E-6	5.2655783200736616E-8	4.479112786141386E-5	4.4047399253364396E-4	1.571062508115888E-7	4.44041718680479E-9	2.561594098990014E-7	1.0720939683039779E-10	3.76519845148227E-5	0.0017523147505230992	5.466379495119363E-5	3.6273272170389846E-5	1.2685178035963957E-5	8.107835855102365E-6	3.3368860916008913E-6	0.0	3.3368860916008913E-6	3.5320216712935295E-10	1.2313722239006773E-10	2.319348671198548E-8	9.888285080264178E-5
1.5882120360754723E-5	5.8220887854068265E-6	1.9106650759508626E-7	1.092425428559E-5	1.8605319853029814E-10	5.064700578033587E-6	2.9182370849476775E-7	6.655617191664232E-11	2.072111584365825E-5	8.40420362404256E-6	1.563440077963237E-5	1.4796002991351395E-7	1.3619769498243428E-9	6.442254807551018E-7	7.145205139811867E-9	1.2189717143187136E-9	1.770049452243686E-11	4.10744897518799E-9	6.644425731468594E-14	1.0963147769169561E-7	6.194464834201061E-7	8.46802903220632E-7	1.2301433734512206E-6	7.884293898931063E-7	1.201508436870053E-7	1.4252964570385868E-7	4.9937744092001084E-8	1.4252964570385868E-7	1.87385821947846E-8	5.903275861855702E-10	1.8464742201391326E-10	1.9402510112488538E-6
2.6727889760892065E-4	3.373364462949135E-4	1.8107934809408045E-6	0.002651174627957453	1.2417968641800043E-8	0.003608416930857432	1.984860983196696E-5	7.512534530169813E-9	5.084088155943376E-4	1.4666973742419515E-4	2.800414281222312E-4	2.4569094332225295E-6	3.9591362994273985E-8	2.05408865250594E-5	4.36713006142234E-7	8.063471696343692E-4	1.627874643689067E-9	2.6857440108706573E-7	1.268659757318175E-12	1.6376074153216733E-5	1.8308043275604258E-4	3.947882810485851E-5	1.578395373638757E-4	1.4308701712762608E-5	7.322474477228735E-6	1.0361534124801833E-5	0.0	1.0361534124801833E-5	2.1206236609385318E-10	7.104965199926113E-11	3.4902780558722133E-9	7.951608216156075E-5
2.4487424499821657E-8	7.880920489633375E-8	8.81003076438713E-11	7.76120524715252E-9	3.031725142089398E-13	4.049089184501688E-7	4.2969218877487595E-10	4.4172628416867675E-13	5.479893754190055E-8	1.3482297605365534E-8	2.4831362749507793E-8	2.129592259317053E-10	2.5421139453295127E-12	1.2597967260539802E-9	3.4025010857179655E-11	2.6293777103299185E-12	2.881041533455355E-13	2.261617984571183E-11	9.721370976368444E-17	5.752463145446899E-10	7.406653515207822E-9	3.906295737450564E-9	5.533530752935339E-9	6.312184600935589E-10	5.667307800480806E-10	2.053845690340967E-10	0.0	2.053845690340967E-10	1.3930466112925226E-14	5.351565191337983E-15	2.636620429242737E-13	4.9533100458213575E-9
6.282764651198788E-4	3.5896967047127816E-4	3.7007525357195783E-6	9.817157741404776E-4	2.3131121311797896E-8	0.001014365065042085	9.007173880500973E-6	2.1040149088994353E-8	0.0011796220527600099	3.350342658904352E-4	6.237658402528654E-4	5.519288001127465E-6	3.71619025294373E-7	8.742312975664866E-5	2.4234838883359635E-6	0.0015051602699118602	1.982787476712885E-9	2.0208443344883295E-7	4.107565744367832E-12	1.0499940119737716E-5	1.0328193381593029E-4	1.3401497969083796E-4	3.855068917389515E-5	1.748335208874222E-5	5.4146766339776855E-6	4.065973683238925E-6	0.0	4.065973683238925E-6	4.293652350576349E-10	1.5231012972589077E-10	1.1442372087000349E-8	2.385484068163865E-4
1.2066103862273481E-4	4.8776699756515694E-5	1.0095739670594033E-5	2.0048142131318655E-5	2.0934747155356638E-9	1.4950692308186468E-4	4.5593128517085285E-6	2.361787981901608E-6	1.448320870589674E-4	6.436205130391402E-5	1.0242018378431724E-4	1.0684958805570693E-6	1.1706533264955506E-7	1.5012511560967184E-5	1.418776603385877E-7	1.5669406202971196E-8	3.2084719690610336E-10	2.6602886217719787E-8	6.1426314858804E-13	4.4882150579956385E-6	4.8819169012040655E-6	2.0812942088104203E-5	4.2690940258354965E-6	3.485981927697597E-5	2.1866414097715027E-6	4.661077812889151E-7	0.0	4.661077812889151E-7	4.9365020103420396E-11	2.6932662614980328E-11	1.7106623908320186E-9	4.128484396877203E-5
2.251629279054482E-7	1.201610686538512E-7	1.5090991919411193E-6	3.3819769825450836E-8	2.7730247886078955E-12	9.913554224344979E-8	2.9231253979461413E-9	1.985578192976923E-12	2.920608117028476E-7	1.192973895817617E-7	2.1762625306570327E-7	2.0827574848869395E-9	3.4005084637708224E-11	1.2011545679553317E-8	6.1854768494931E-10	1.8276348786639905E-11	4.094858546726913E-13	6.203638516084988E-11	6.641448956969531E-14	1.7071184627419438E-9	1.1937550847764863E-8	1.7129826008235453E-8	9.88667278470391E-9	5.339808203045332E-9	1.8032589786949526E-9	1.3467356998345098E-9	0.0	1.3467356998345098E-9	1.667277716796889E-13	6.221664286339826E-14	1.8580884759450338E-10	3.63754429051289E-8
0.02935756328408102	8.8991181968812E-4	1.8634954877352757E-5	0.0012044269318261175	1.6112122946963537E-7	4.5172598407195304E-4	9.869089617518931E-5	9.03066770818166E-9	0.011968363116906838	0.015401620011839139	0.027828232632748588	1.997723214916969E-4	3.1712117699359744E-7	2.80625601140124E-4	4.388147742822988E-6	5.299249391197315E-7	7.368512721788368E-9	9.390103995594525E-7	1.3965454032854282E-11	6.031684522099767E-5	9.789476824375044E-5	2.674130896788501E-4	1.5380752135878584E-4	1.4355930573715014E-4	2.520924217184246E-5	4.558042877433719E-5	0.0	4.558042877433719E-5	6.122495803205344E-9	2.683469130259713E-9	3.8876052032065174E-8	4.6412123127136595E-4
0.029833530439045273	4.301168546982724E-4	6.9853044004226E-6	7.751541602836507E-4	5.7099588198624696E-8	2.1058237700446176E-4	2.6231248458622705E-5	7.325710441717566E-9	0.0035802377848030433	8.824571513758334E-4	0.0016239058328036252	1.393936719542904E-5	1.3000181565650032E-7	8.675452819665158E-5	2.2926029892300686E-6	1.9986097975545587E-7	4.7991602255740764E-9	4.336842855551882E-7	5.477947566817169E-12	4.8268863029612584E-5	4.815383364995148E-5	1.1804285264223013E-4	6.728085957333896E-5	4.715013907233717E-5	1.2020411606249156E-5	9.231569104114788E-6	0.0	9.231569104114788E-6	9.703062838550768E-10	3.5197201017677427E-10	1.5220590453362374E-8	2.1280966831687566E-4
0.02782288049005725	6.021074556108646E-4	1.0737245747225753E-5	9.022185804704507E-4	8.909722118555905E-8	2.960687735731631E-4	6.199854589537956E-5	7.550011608187574E-9	0.007344747471040368	0.014601098828387624	0.01120412137557513	2.5097645518794477E-4	1.903898869992478E-7	1.5561747370057262E-4	2.990998751417684E-6	3.3618818350152066E-7	5.689665274010733E-9	5.962408547878644E-7	8.148040512614666E-12	4.983457051708343E-5	6.697631588866633E-5	1.6574812666101578E-4	9.588093375255857E-5	8.468257282815585E-5	1.627755333103086E-5	2.781764476769447E-5	0.0	2.781764476769447E-5	3.708616365837899E-9	1.3939240256515097E-9	2.2660000946382787E-8	2.9166153248906583E-4
3.019418620713904E-4	5.761189834650352E-6	1.0459115725492818E-7	9.157252476577653E-6	8.768406462039414E-10	2.8583367835495443E-6	4.970282886861099E-7	7.951344026367803E-11	6.241585579886167E-5	1.5846681269047374E-4	1.1094551625424931E-4	8.716766347651297E-5	1.8632717442203547E-9	1.4494516767007962E-6	2.9513091760679325E-8	3.0402255146154875E-9	5.669629699401736E-11	5.8803611990330405E-9	8.007656729796853E-14	5.258732416130102E-7	6.403559087289051E-7	1.6331523622342858E-6	9.365583291749636E-7	7.68234216457761E-7	1.6071562278641562E-7	2.1016383725909692E-7	0.0	2.1016383725909692E-7	2.6508045431194286E-11	1.072641744726704E-11	2.226933864368772E-10	2.891147416263907E-6
1.3689874114627896E-7	1.774854887277077E-7	4.761846846907957E-10	6.130833055622139E-8	1.7258386961770682E-12	2.9743519501659595E-8	2.7614994870922443E-9	3.5332426508491254E-13	2.7910042731979286E-7	7.623764053472274E-8	1.435930471708834E-7	1.2520176300152267E-9	1.7396303687178153E-11	1.5719403470259338E-8	1.6753615011620552E-10	3.234606303961185E-11	2.816184442858058E-13	1.606568169093319E-10	3.8767648325114646E-16	3.4479838872687142E-9	1.9934586599241207E-8	2.7712436655035758E-8	1.2961595902454797E-8	4.328965261974142E-9	4.077681581754157E-9	1.3016426043634868E-9	0.0	1.3016426043634868E-9	9.37139275676094E-14	3.444106419297851E-14	1.0239726888989868E-12	4.968880843398798E-7
2.6542847044289884E-4	4.3341633923972626E-4	1.0996051666128264E-6	3.54047236877429E-4	8.289018112671465E-9	4.546413851676885E-5	5.023024978751597E-6	4.896098512840307E-10	4.2351750155595615E-4	1.4207600969237672E-4	2.719195022013624E-4	2.4573184253416774E-6	2.9534540540941295E-8	2.015584483617212E-5	7.684145891002959E-6	4.0091678121632643E-8	1.0423693696364091E-9	2.0780684951424877E-7	5.910108945118216E-13	4.287668847739279E-6	2.3717832209123286E-5	9.923072775318968E-5	1.984308426333207E-5	7.844761981578688E-6	5.354356442413798E-6	2.3908119746966355E-6	0.0	2.3908119746966355E-6	2.1522988421357902E-10	7.46598071767128E-11	1.5811959106359508E-9	3.927221393784783E-5
3.525841531622773E-5	1.0640182352239977E-5	7.072344194678067E-8	2.414566159295845E-5	5.711812294923105E-10	2.305739702691523E-6	3.207033832400066E-7	5.517973505973604E-11	1.0962057919823127E-4	2.1162871981680517E-5	4.0596065552275504E-5	3.1625062891674645E-7	1.8036760646356448E-9	9.994318314389893E-7	1.8767278369077577E-6	2.8394083887974695E-9	4.3047684525187004E-11	3.508336531008976E-9	8.656937032927278E-11	2.0508591792442381E-4	4.0210969702368193E-7	1.0103138794277658E-6	4.2661429919591164E-7	5.117387128235495E-7	1.0741211852692124E-7	1.4986919235881931E-7	0.0	1.4986919235881931E-7	3.215594924836259E-11	7.2877128597192E-12	1.8715848025656358E-8	2.685770118271094E-6
1.387425838248237E-4	3.319436519919986E-5	1.1343668324165334E-6	3.551668677837887E-4	1.3051139625805605E-8	0.0011767063510671727	2.1614414032264074E-6	1.2254770164084543E-10	1.9119582982502707E-4	7.303160480648121E-5	1.4657745316428865E-4	1.3229877458309776E-6	1.9898041292665957E-8	1.0746921317284345E-5	2.0301430642880134E-7	3.419759690448177E-8	1.7016620893372732E-10	4.891074645492019E-8	1.9227916525518894E-13	6.647240242961439E-7	3.404295696716357E-6	1.5645507502058424E-5	3.33174194157996E-6	4.503441831736047E-6	1.2347022782971703E-6	9.524600796132301E-7	0.0	9.524600796132301E-7	1.4939368401878586E-10	4.45326145841162E-11	5.319853722532659E-10	2.7367475228211296E-5
8.064181008171664E-9	4.2536830942362505E-9	2.5462122333015175E-11	1.2620846577703844E-9	1.0757290495951309E-13	1.751828828852985E-9	8.237556194915476E-11	2.2371975178970023E-13	1.432523835302806E-8	4.327100767361965E-9	7.352955516951809E-9	6.903360890248788E-11	5.289625740415109E-13	2.9617179103266586E-10	2.6282659863371343E-11	5.335947319003935E-13	1.3207169000718624E-14	3.1133869969020893E-12	3.45746282237911E-17	8.050559387108724E-11	4.3578420009402207E-10	5.738399782059677E-10	3.618249432709405E-10	1.370957909167648E-10	7.694337415947032E-11	3.863413105539532E-11	0.0	3.863413105539532E-11	3.5361155504166593E-15	1.670288940699053E-15	9.568786683519217E-14	1.5412205163923878E-9
2.0072457040505875E-7	4.143082458426809E-7	2.271935482089925E-9	1.02971693374973E-7	2.996438671983064E-12	4.792411769192237E-7	5.436297157551368E-9	6.765206153432158E-12	3.907364278239994E-7	1.0952305062103621E-7	2.0917536428645658E-7	1.8229559181837483E-9	2.6811690225522274E-10	6.36024451095627E-8	9.240969265270833E-8	6.552320926292637E-11	1.307863067696796E-12	2.8410691794929587E-6	1.0653388323393314E-6	4.088380747177997E-9	3.654835778557766E-8	8.162789960895206E-8	2.7591621297746896E-8	2.1425901049484946E-8	6.237831134246212E-9	1.7945895143675473E-9	0.0	1.7945895143675473E-9	1.4544574409527106E-13	5.1838041642323923E-14	3.1775428165780386E-12	2.1219333929700732E-7
1.7782514626522546E-8	4.128879160389981E-8	5.479124122988309E-7	9.78604075353895E-9	2.456050032049677E-13	5.0067536924291107E-8	5.145673914318713E-10	8.937351464791205E-13	3.558354606699256E-8	9.838220864116979E-9	1.8908055348982492E-8	1.6377340246489433E-10	2.4276922460015927E-11	5.740066825065113E-9	2.0251198614536231E-10	5.983225686234805E-12	1.3464050736247488E-13	1.744422332163267E-11	4.058392248129066E-16	4.2782303893471056E-10	4.039572168115325E-9	7.646577791009056E-9	3.0311130589354854E-9	1.9518878749751553E-9	6.128207290227112E-10	1.7385327457588396E-10	0.0	1.7385327457588396E-10	2.2939023771734494E-11	4.676112318815844E-15	1.1292198851962348E-12	2.048554195260614E-8
4.559970245825569E-5	5.119089589480036E-4	1.0867977618147505E-7	1.0502143817097785E-5	4.664296502594508E-10	6.392095915657347E-6	6.972528435371126E-7	1.2526370555445242E-10	1.3356626970284464E-4	2.702289760928227E-5	5.159716114035796E-5	4.0963378300115896E-7	3.4834510968951874E-9	1.80905708682745E-6	4.151802102214537E-8	4.70198750335143E-9	8.45654421044734E-11	3.3419425561765065E-8	8.118862005730113E-14	2.058050075454767E-4	9.67962246637863E-6	5.785970813652368E-6	1.5282592849740705E-5	9.648375013965396E-7	8.422485660295923E-7	3.356670328470311E-7	0.0	3.356670328470311E-7	2.7515509403588317E-11	9.697961089919798E-12	2.1469514572604018E-10	5.0475231953400676E-6
2.7329961472832625E-4	9.358201336788656E-5	1.1513243744105742E-6	7.892962367076078E-5	6.736441059708561E-9	3.643986747108133E-5	2.9076910960051186E-6	3.484788671180936E-9	5.981911251638239E-4	1.5223398734346715E-4	2.8458157401049507E-4	2.446074353173023E-6	1.5581221367256122E-8	3.695788475513615E-5	5.232812076451865E-7	1.1619785328754864E-7	2.2945991812354236E-9	5.843050143413259E-8	6.472217263938658E-13	4.552677513151399E-5	9.036669582643683E-6	1.83154389639855E-5	8.23263463398893E-6	4.386918011776596E-6	1.6325316825134138E-6	1.3830477877284017E-6	0.0	1.3830477877284017E-6	1.7796822543722555E-10	6.444809347915494E-11	1.795476875851876E-9	3.9329240517603266E-5
1.5075695791831018E-4	1.3779194525666977E-4	6.399330044810744E-7	4.408266885279659E-5	2.030098840252396E-9	1.7261856659085486E-4	4.1880524144910965E-5	6.434226788925083E-10	2.5923373264353166E-4	8.160814207776886E-5	1.56364539592889E-4	1.3950835936058118E-6	1.936373104721461E-8	4.04960218658402E-4	2.3403377350841756E-7	2.2594120592660224E-8	4.046562650093318E-10	3.1838695146746175E-7	4.2199607955613815E-13	5.895879997917677E-6	4.8884635311246E-5	2.2067301186782932E-5	3.501686076967996E-4	1.987396179059446E-5	9.475060962668563E-6	2.250890129033894E-5	0.0	2.250890129033894E-5	1.1604274354371001E-10	4.151257492680765E-11	1.1364280620252814E-9	2.56823180285777E-5
2.05230144352393E-4	1.9719187091069788E-5	2.7539552596431573E-7	1.610422783243851E-5	2.156930667702106E-9	9.091165831971502E-6	1.5014493727076117E-4	2.7918901683692557E-10	2.866504249137131E-4	1.082547426112925E-4	2.1581288217505023E-4	1.950858933806897E-6	4.828133258607876E-9	4.732816458850107E-6	8.174891071385694E-8	1.2991436131147013E-8	2.061754415920921E-10	1.6297776601561657E-8	2.0441205274200372E-13	2.077017611867483E-4	2.129102507846021E-6	4.262269286941145E-6	2.5118089643825376E-6	5.744496772806322E-5	4.322568029647153E-7	8.136520734429018E-5	0.0	8.136520734429018E-5	1.8737884609846675E-10	6.408553281856071E-11	5.678420833566902E-10	7.745578987409628E-6
1.3542694865468634E-4	1.8438548593624526E-5	2.885628691483597E-7	1.1744067477600181E-5	2.493645886592698E-9	9.934490961086452E-6	1.3021237472053262E-4	5.53380924210737E-10	1.508135316131305E-4	7.227824702798329E-5	1.0859912672083887E-4	1.183179452043683E-6	4.895835499547863E-9	4.078341394116382E-6	9.484920422379827E-8	1.2181509020285025E-8	3.146506158533395E-10	1.6303520770767362E-8	2.270740263401875E-13	5.947139644701808E-6	1.856898047569507E-6	4.27253678668547E-6	2.4143547671683262E-6	4.2323968240736314E-5	4.165165582736821E-7	1.1008289827159252E-4	0.0	1.1008289827159252E-4	4.104155280561157E-11	2.7926655872979922E-11	6.316357126158942E-10	9.30637634057062E-6
1.0627210989593525E-5	5.145974777688577E-6	5.646872496810606E-8	6.599561025715067E-6	1.7634344580200175E-10	8.882682680688336E-7	1.4628194217178695E-7	9.78335921141413E-12	1.4438626072079499E-5	5.6223251684887196E-6	1.0773071658179233E-5	9.980338372490276E-8	5.278948151323519E-10	3.161783559361398E-6	6.389248966280384E-9	5.849768356916183E-9	2.0771545646647704E-11	3.1610923769279345E-9	2.7698222029644376E-13	8.218340764199292E-8	5.223765087416803E-7	1.3206243765612682E-6	4.3118970121218457E-7	1.8585454693622661E-7	9.936463201174895E-8	7.181607891307268E-8	0.0	7.181607891307268E-8	8.762897708798167E-12	3.1432248265750775E-12	7.739250641894686E-10	6.835726644180533E-7
3.060647739214741E-5	4.889112000705958E-6	6.522212741998953E-8	2.8708490018181537E-6	5.483634819200629E-10	2.276588726029383E-6	8.271120786331284E-5	1.2057358565938767E-10	3.7019384096122115E-5	1.6431829023545012E-5	2.5084496918663026E-5	2.6785447085913453E-7	1.1423462823436815E-9	9.533814358368937E-7	2.1018641483987697E-8	2.775361407980701E-9	6.897417180938769E-11	4.3680327246791225E-9	5.1059328274291E-14	1.298529665409965E-6	5.012042509598437E-7	1.0718329228296269E-6	5.903203542735679E-7	3.1037129472498594E-5	1.1203919328394445E-7	1.0741168119155982E-4	1.0732577208526697E-4	5.3748715220530324E-5	9.77353428224121E-12	6.3255664263574176E-12	1.4174123951076698E-10	2.121272790076741E-6
9.187491433772545E-6	1.4694343383499651E-6	1.9656240098285188E-8	8.630169049194906E-7	1.6457279457968065E-10	6.85658297502681E-7	2.481340078623431E-5	3.621000333447922E-11	1.1113687609970012E-5	4.9324845390656846E-6	7.531150298184831E-6	8.040890500022243E-8	3.4466245460521973E-10	2.8687400050481764E-7	6.309772965477137E-9	8.340182895921291E-10	2.0702694642236532E-11	1.3117664660129153E-9	1.5328358571632456E-14	3.895963868014179E-7	1.5063200067527645E-7	3.2210026707226585E-7	1.7732254246750116E-7	9.311296599564575E-6	3.369670042457295E-8	2.581174397416666E-8	4.970468407691326E-9	2.6857294729488916E-5	5.162923450095435E-9	1.6331240764169612E-10	4.2551465655382544E-11	6.376748578681214E-7
2.9076034996678364E-5	4.644637467220548E-6	6.196076847144726E-8	2.727295434150815E-6	5.209431842456623E-10	2.1627504734686295E-6	7.857532716483874E-5	1.1454443944623378E-10	3.516827153099582E-5	1.561017393888688E-5	2.3830174931148567E-5	2.544607100298034E-7	1.0852245444054962E-9	9.057086720044803E-7	1.9967628013534797E-8	2.6365825897880467E-9	6.55251961113043E-11	4.149614172913333E-9	4.8506164129527454E-14	1.2335981534866908E-6	4.761420974610859E-7	1.0182371259353774E-6	5.60802050500381E-7	2.843832020985211E-4	1.0643679973963227E-7	8.161331828885918E-8	0.0	8.161331828885918E-8	9.284819719390208E-12	6.009263608812759E-12	1.3465362863172907E-10	2.0152009357861413E-6
9.639640006264331E-9	2.901207354711503E-9	7.173427765325695E-10	1.3866298806584174E-9	1.5383580042800213E-13	2.6702015032024626E-9	8.620064753001898E-11	3.455768363089707E-14	8.827386775686413E-9	5.081540132143663E-9	7.639371458989982E-9	8.512044680467645E-11	5.640867229106773E-12	5.714396335145401E-10	1.2317169837208625E-11	7.171012917546138E-13	9.221476352782969E-15	2.0516487661294498E-12	2.843059244469174E-15	5.860782393480932E-11	3.0229834122528675E-10	6.979652509163374E-10	3.354397487539592E-10	2.347452815673196E-10	4.462821455105479E-10	3.495562225809106E-11	0.0	3.495562225809106E-11	3.589515765306398E-15	1.5605535360321188E-9	7.954339259692288E-12	1.458272190662083E-9
2.466824050637897E-9	7.193660333982956E-10	1.05669081867485E-11	4.4920251365737186E-10	3.9719780837898154E-14	1.2341895745729905E-9	2.5482023604235786E-11	4.544459119874201E-15	2.2686497481616233E-9	1.299505101015114E-9	1.966234664903371E-9	2.181341024300303E-11	1.061043348185301E-12	2.763865961451255E-10	1.4209601860616185E-12	2.8770587760060595E-13	2.2472616035174675E-15	5.56958903228313E-13	4.1883182353384626E-18	1.5519607296415705E-11	7.679650806192071E-11	3.190264107019272E-10	7.274919683075973E-11	9.789266311141954E-11	2.2103792599939585E-11	8.588730944296813E-12	0.0	8.588730944296813E-12	8.591149634424318E-16	5.454875406048662E-16	1.1543330807752768E-14	7.724760957343592E-10
1.5313353842382925E-8	1.8599396797030518E-7	1.008303906502651E-10	1.0074023734183948E-8	2.1485044052435222E-13	2.3174478484933727E-8	4.173702376059497E-10	1.1786823772519194E-13	2.769446075001408E-8	8.35616347593142E-9	1.6032088219079608E-8	1.417066278509468E-10	1.621250616713009E-11	5.250592856221324E-9	2.1610608393970066E-11	6.11403445200267E-12	4.860964830743788E-14	2.1538346972660375E-11	1.6264561414838338E-11	4.563895709648897E-10	2.8848248611193728E-9	7.5076368537077E-9	2.1928459562425434E-9	8.151691947371467E-10	1.447363949546309E-9	1.872430380300916E-10	0.0	1.872430380300916E-10	2.0449116016811914E-12	4.167029850727411E-15	4.550871968836716E-8	7.323412395988978E-9
6.02251038182362E-4	3.2587682175589934E-5	5.749529614645449E-7	4.3306200763810675E-5	4.311627869708673E-9	1.588100541984651E-5	4.944062535977156E-6	2.2806022179466024E-10	0.0019158328392901854	3.631646162893019E-4	6.966479023336063E-4	5.3895797457017996E-6	1.0043120513706813E-8	9.819206167079872E-6	1.4409712189840307E-7	2.069390938375425E-8	2.34775840872254E-10	2.9604497973302856E-8	3.9507353831727663E-13	1.4689774833094501E-6	3.573963434049466E-6	8.025684078375082E-6	5.318776457659195E-6	5.408016732018035E-6	7.890034151459827E-7	2.4614580100971322E-6	0.0	2.4614580100971322E-6	3.493787860401943E-10	1.2190315979854456E-10	1.0986832314097224E-9	1.4364758022019103E-5
