32
NULL,open@__open_nocancel,fstat@_fxstat,mmap@__mmap,read@__read,munmap@munmap,open@__open64,close@__close_nocancel,rt_sigprocmask@sigprocmask,exit_group@_Exit,rt_sigaction@__libc_sigaction,sched_yield@sched_yield,mremap@mremap,time@time,read@__read_nocancel,mprotect@__mprotect,madvise@madvise,lstat@__lxstat64,openat@__openat64_nocancel,write@__write_nocancel,syslog@__syslog,getpid@getpid,writev@__writev,close@close,stat@__xstat,socket@__socket,fcntl@fcntl,connect@__connect,getdents@__getdents64,lseek@llseek,getrlimit@__getrlimit,write@__libc_write
0.9663268207172581	7.734725811825171E-4	8.494142517397794E-6	6.095281044522326E-4	5.8016561514518826E-8	4.8132549855242336E-4	5.748630455886116E-5	4.5937575988341925E-9	0.015794374149311598	0.0034859199711306313	0.0066333631807333855	5.6603505228174875E-5	2.225505737397485E-7	1.4916034654443701E-4	5.340654498146965E-6	3.188549760734494E-7	4.72662965544537E-9	5.165545195443954E-7	5.3854016063761176E-12	2.2332701459353408E-5	1.1086528683528145E-4	1.3339451956788937E-4	8.376269233745191E-5	7.891272441068935E-5	1.5350475580334534E-5	2.7708548647404573E-5	0.0	2.7708548647404573E-5	3.852270242095908E-9	1.4320681486455063E-9	1.4927224941932074E-8	3.2463536438164756E-4
1.5086047459326906E-4	2.1172076515642548E-4	1.0889140780509546E-5	1.3170964615124436E-4	3.081707841147578E-9	6.209173399514641E-5	1.5696678971386291E-6	5.830007300478452E-7	2.2703636339938167E-4	5.725797793920398E-5	1.0817869257964997E-4	9.609726456108498E-7	1.2044730171867372E-8	1.0473609928916837E-5	1.083968466079142E-4	3.716283832144203E-8	1.0408582559481076E-9	5.858023259546068E-8	2.638719980534624E-11	9.091045833429908E-6	4.300881720135045E-4	1.2532589287597714E-5	8.166253098200368E-6	2.7790965487070777E-6	1.8666081292270175E-6	7.219959867228172E-7	0.0	7.219959867228172E-7	7.491095180691734E-11	2.5904916679425127E-11	5.648431053661891E-9	2.3072892847041474E-5
4.835231494590421E-6	1.3820044776546655E-6	4.6323077124361674E-8	2.6519234874361836E-6	4.140058429570702E-11	1.2202577964768791E-6	6.74423156310708E-8	1.6101652828710294E-11	4.51860784695034E-6	1.778810471155904E-6	3.3502057935612206E-6	3.2520558689565726E-8	3.2020188103892493E-10	1.4879976462650403E-7	1.50834660364229E-9	2.796065499027388E-10	4.0764850627501374E-12	9.71946130773772E-10	1.5916778222965495E-14	2.528018499550915E-8	1.4624873488144024E-7	1.982802155734902E-7	2.971370384463963E-7	1.8634175424342162E-7	2.820917412383695E-8	3.3004668988351405E-8	1.2302183617285768E-8	3.3004668988351405E-8	4.6159607190350005E-9	1.4531775802795468E-10	4.423498919417286E-11	4.6049514776906235E-7
8.154734860580805E-5	8.164318281297875E-5	4.3040225753181797E-7	6.523528131778835E-4	2.987421472423547E-9	8.886174087857292E-4	4.828148252645825E-6	1.8450924132908387E-9	1.1534270182117977E-4	3.12840861133476E-5	6.061745125158633E-5	5.410740874083595E-7	9.420744255562465E-9	4.8837591732939625E-6	1.0152951729195972E-7	1.9864358317424623E-4	3.9516671082655084E-10	6.528309821530829E-8	3.0533958435824646E-13	3.99898355961367E-6	4.4942147683334E-5	9.497174670927869E-6	3.887785074821612E-5	3.3818794214366154E-6	1.7616120380535565E-6	2.5256613475295153E-6	0.0	2.5256613475295153E-6	4.7285060737557225E-11	1.5711121490990295E-11	8.400050233478783E-10	1.9250906326183046E-5
7.493801138699496E-9	1.9166994305972736E-8	2.037398423058191E-11	1.82545631300434E-9	6.802728418463607E-14	9.967718182373013E-8	9.878594936869982E-11	1.0808023179663287E-13	1.2608642702328852E-8	2.88458006396547E-9	5.376352558231258E-9	4.6833399427677236E-11	5.948212797382468E-13	2.9315275714743913E-10	7.630285709644476E-12	6.104798771839177E-13	7.030193172562719E-14	5.433882354929903E-12	2.321593179279268E-17	1.3713076028672383E-10	1.795983288488245E-9	9.33813177428359E-10	1.3341627152806066E-9	1.429531988768196E-10	1.3450962342658475E-10	4.7306604487756277E-11	0.0	4.7306604487756277E-11	3.0226503139124415E-15	1.166657866428061E-15	6.294981653008197E-14	1.1838757179308993E-9
1.9282552805413564E-4	8.577049149955364E-5	8.783547948313563E-7	2.401585097570692E-4	5.53411062354044E-9	2.48435804226287E-4	2.0501412792622977E-6	5.169322957622603E-9	2.6858696002227963E-4	7.156035229585354E-5	1.349304681421579E-4	1.2160412391192248E-6	9.086319407345496E-8	2.1153351961215898E-5	5.815390808274947E-7	3.70796035442255E-4	4.748543937500446E-10	4.802917545565167E-8	9.96201250155446E-13	2.51302303814012E-6	2.5096341797558482E-5	3.257438819177203E-5	9.195174790498226E-6	3.995866170134253E-6	1.2739679502994208E-6	9.232818471392243E-7	0.0	9.232818471392243E-7	9.507052268592203E-11	3.357813297623683E-11	2.7754193580453312E-9	5.804673298289836E-5
3.6611158845623455E-5	1.1317147376608203E-5	2.449075622076958E-6	4.533097048420966E-6	4.768024171826636E-10	3.568469013307748E-5	1.0684102541683952E-6	5.818222191484318E-7	3.144650308421624E-5	1.3592597256573562E-5	2.1547673619119475E-5	2.3382621902638536E-7	2.8012810948475333E-8	3.552650917253519E-6	3.139295071423537E-8	3.665669041488668E-9	7.579304839350466E-11	6.125185326419898E-9	1.4675349369137524E-13	1.0887674422192953E-6	1.1161330163849277E-6	4.94246612595925E-6	9.80535258675756E-7	8.20881359627098E-6	5.261827007572923E-7	1.0077032216574755E-7	0.0	1.0077032216574755E-7	1.0350038988246988E-11	5.879665167615977E-12	4.087601860409158E-10	9.814350872026655E-6
6.857393524213848E-8	2.8771546481436933E-8	3.696637390600086E-7	7.759907459735659E-9	6.195012456845438E-13	2.4030895148627437E-8	6.575636888733636E-10	4.848223626990513E-13	6.37443576122962E-8	2.5263550267239735E-8	4.657340225207355E-8	4.578671987193345E-10	8.172839387865359E-12	2.821044582147288E-9	1.4738121756266478E-10	4.209742829865539E-12	9.668288360930439E-14	1.467878611768343E-11	1.6360961992010063E-14	3.9497927738328957E-10	2.838909873196035E-9	4.072989685660837E-9	2.334228074688379E-9	1.210517810347263E-9	4.233696131234386E-10	3.022554232564351E-10	0.0	3.022554232564351E-10	3.700820566111039E-14	1.3803046594695075E-14	4.5773486784628015E-11	8.714148932211755E-9
0.009377482876751851	1.767883910868795E-4	3.9590272863012284E-6	2.5597651858608964E-4	3.51541662755724E-8	8.71693744394693E-5	2.0333292828329022E-5	1.916636315547796E-9	0.0022841131034783317	0.003415527838480328	0.006248120559055636	4.508616211094953E-5	6.526855409509653E-8	5.952832389223262E-5	8.267859346438911E-7	1.1048146579349458E-7	1.52594168277392E-9	1.974642281039113E-7	3.029461106766888E-12	1.3069638554294202E-5	1.865082324960437E-5	5.676301010087617E-5	3.238977950105385E-5	2.9749009691289796E-5	5.213510685288246E-6	9.334625461213536E-6	0.0	9.334625461213536E-6	1.2455081517074346E-9	5.613321482112561E-10	8.435828042323758E-9	9.665632410083676E-5
0.010276301392415102	8.14781810233938E-5	1.439346148915413E-6	1.7210194281034417E-4	1.2246011426890606E-8	3.689197028804962E-5	4.6593511112288565E-6	1.659953679842993E-9	4.417155862315057E-4	1.0459045070944272E-4	1.9133980980063473E-4	1.6986757527006808E-6	2.5095064587911627E-8	1.6813799382926508E-5	3.9845864268083845E-7	3.950966680200695E-8	1.0347701669174284E-9	9.023430652059537E-8	1.180237759822282E-12	1.1172618332442039E-5	8.402098141843097E-6	2.4814084384832485E-5	1.3911077580858724E-5	9.008691668195606E-6	2.4499854157614313E-6	1.4111654910316648E-6	0.0	1.4111654910316648E-6	1.1939252566044583E-10	4.223347230961788E-11	3.280599723953528E-9	4.28008256595052E-5
0.009175227153924758	1.1628217517564856E-4	2.219811427458896E-6	1.9323691672195006E-4	1.8993242145040285E-8	5.4405128419491714E-5	1.242408208446436E-5	1.6374781289212468E-9	0.0012801632712469604	0.003342984017282505	0.0023422033112234504	5.897466820499221E-5	3.76433989758445E-8	3.1669893370868396E-5	5.370148579142054E-7	6.84060469443278E-8	1.1881735032283336E-9	1.2292832227980257E-7	1.7346016907059227E-12	1.1036635335073992E-5	1.2234162985549929E-5	3.450227980223906E-5	1.974364420378844E-5	1.69684851102454E-5	3.2961245758745945E-6	5.489756570736852E-6	0.0	5.489756570736852E-6	7.236403266478205E-10	2.7393975502220435E-10	4.825627132856028E-9	5.8948029539413334E-5
9.997870390556727E-5	1.0939406127764012E-6	2.1492124673456363E-8	1.9615319955449974E-6	1.8638515691585935E-10	5.14298144058573E-7	9.482473114843507E-8	1.7307824137307365E-11	9.962238851060651E-6	3.6429825860176625E-5	2.3083323911147347E-5	2.144528631555695E-5	3.644934239403344E-10	2.9026649957740343E-7	5.214814655870221E-9	6.055850150254864E-10	1.1804198722521268E-11	1.206358858695705E-9	1.6994950893771458E-14	1.1690508894687124E-7	1.1414338811329232E-7	3.3844689511190526E-7	1.9164849006163247E-7	1.5061445909717477E-7	3.235206986612114E-8	3.864066572745907E-8	0.0	3.864066572745907E-8	4.710323203137185E-12	1.9700226293070737E-12	4.7280199930627816E-11	5.800424261580826E-7
4.156541021260893E-8	4.271020828311721E-8	1.0923945103868017E-10	1.459652984695679E-8	3.8595907862898985E-13	6.8780402505302336E-9	6.369138122069898E-10	8.268721476685751E-14	6.342086930527747E-8	1.6219670023353383E-8	3.0968118550879525E-8	2.746119244020649E-10	4.092562021967523E-12	3.770891455893684E-9	3.6663584955034114E-11	7.747477524166251E-12	6.5378425673011E-14	3.881966908982879E-11	9.119402207601597E-17	8.236689457291287E-10	4.779462604471557E-9	6.6661195302581584E-9	3.101115123386733E-9	9.868023916164681E-10	9.736013510511708E-10	3.00533889063009E-10	0.0	3.00533889063009E-10	2.0528778580450156E-14	7.55167005945225E-15	2.40450460255222E-13	1.2219652844709782E-7
8.070612081074881E-5	1.052220031886646E-4	2.561462852023061E-7	8.643501294376251E-5	1.9644889339969575E-9	1.0589424706785797E-5	1.1554756036878586E-6	1.1445325301870725E-10	9.410198188882625E-5	3.008410271022992E-5	5.844783102472546E-5	5.390039542555803E-7	6.951576210363722E-9	4.774510228571272E-6	1.8625617112894315E-6	9.48401473831374E-9	2.4959989045424564E-10	5.013122767043113E-8	1.3793697251410828E-13	1.0180136521350789E-6	5.679027394603936E-6	2.420035971141208E-5	4.7530205867767275E-6	1.7909255478552317E-6	1.2767045384007856E-6	5.504976547244585E-7	0.0	5.504976547244585E-7	4.785740933997994E-11	1.6524808304977512E-11	3.6843249547481267E-10	9.320464935622986E-6
1.0891541815120682E-5	2.5403040626354058E-6	1.619551594734988E-8	5.885240444865962E-6	1.3321325060070644E-10	5.21633258823605E-7	7.086109232253015E-8	1.306689042991808E-11	2.58909294451472E-5	4.623625742171407E-6	9.002329019020958E-6	7.069271960305209E-8	4.1958840071116786E-10	2.2926690117278688E-7	4.6044961268590636E-7	6.628467305512263E-10	1.0078609555000429E-11	8.020611620730605E-10	2.1326300928504656E-11	5.051997113615965E-5	8.884870071717794E-8	2.3225782366603872E-7	9.501798692346894E-8	1.1407656438132422E-7	2.4515896316182757E-8	3.301670265823856E-8	0.0	3.301670265823856E-8	7.371377866936318E-12	1.5993351125699215E-12	4.610396985067175E-9	6.324396058276876E-7
4.2139956464699134E-5	7.726107295500826E-6	2.71101132101494E-7	8.71445742140666E-5	3.177376122949231E-9	2.89597007317549E-4	4.879429972911811E-7	2.748422113589606E-11	4.162183107794273E-5	1.5408444370546835E-5	3.152605521314215E-5	2.9015562256108606E-7	4.739632772177819E-9	2.557229702801827E-6	4.733451182770904E-8	8.232190424513466E-9	3.920493964809441E-11	1.1719506517672085E-8	4.376065023841429E-14	1.4899444686761203E-7	7.825066800042993E-7	3.7632218029537522E-6	7.664606361258525E-7	1.0303585144705196E-6	2.9260829602539043E-7	2.1372763140330347E-7	0.0	2.1372763140330347E-7	3.384333533344836E-11	9.930114982062619E-12	1.2105065819339252E-10	6.583014230327028E-6
2.4825598805805204E-9	1.0173011117511417E-9	5.92030344072241E-12	2.90790312045512E-10	2.4342933931735488E-14	4.168143826823008E-10	1.8473355761208945E-11	5.4954151795044974E-14	3.2721254147841715E-9	9.27854455302215E-10	1.585040345431375E-9	1.526300395354579E-11	1.2311830196661066E-13	6.828941281046654E-11	6.316890780151408E-12	1.2202910624552313E-13	3.104046080877266E-15	7.437920396268139E-13	8.315267561134872E-18	1.8898494573691118E-11	1.0344897937581738E-10	1.358189066632571E-10	8.56881079135534E-11	3.0682993499962496E-11	1.8139063945962857E-11	8.666417010837682E-12	0.0	8.666417010837682E-12	7.582481487564305E-16	3.663905133640575E-16	2.3013776882332317E-14	3.7094441638476997E-10
6.083495336456265E-8	1.0018312468290317E-7	5.368410270373411E-10	2.4600670878976913E-8	6.778413682321002E-13	1.1726734861580558E-7	1.2631497119541074E-9	1.659701351949484E-12	8.815290462043913E-8	2.3186735536521656E-8	4.495060748572028E-8	3.9827435038711944E-10	6.567833182679394E-11	1.5524354159907576E-8	2.2531032713301452E-8	1.5802393769853705E-11	3.151490737744313E-13	6.998974966512614E-7	2.624466556916106E-7	9.703200694706221E-10	8.78891325334686E-9	1.9904329726665045E-8	6.617091840413008E-9	5.014837961090398E-9	1.4919961193283747E-9	4.11720091301897E-10	0.0	4.11720091301897E-10	3.1920110475078874E-14	1.1355738923702382E-14	7.644162991994747E-13	5.1938462005849676E-8
5.382259734066373E-9	1.0000531503816647E-8	1.3497636116493194E-7	2.3397189648883903E-9	5.525299125376243E-14	1.2262225740048623E-8	1.1982289254531339E-10	2.1952627334777442E-13	8.04250522460643E-9	2.084706477896105E-9	4.0687454607157954E-9	3.580465051972631E-11	5.946560005360075E-12	1.4014995249478672E-9	4.876063964729534E-11	1.4432062956551522E-12	3.257725998673072E-14	4.194978454804464E-12	9.939750093482064E-17	1.0188002143522547E-10	9.740420575808978E-10	1.864292901796327E-9	7.286564782285768E-10	4.568691845811842E-10	1.4662201139914723E-10	4.005659910848543E-11	0.0	4.005659910848543E-11	5.650684848591988E-12	1.0249680385700369E-15	2.7659205996155624E-13	5.01578873457811E-9
1.400621843464077E-5	1.25884752198107E-4	2.4780490508103912E-8	2.4615429236948724E-6	1.0405997677279294E-10	1.4736597245368831E-6	1.5986276947127268E-7	2.981762345172456E-11	3.13449134304585E-5	5.8639204389938E-6	1.1361923891243883E-5	9.100786836893619E-8	8.131091490044123E-10	4.191331073584327E-7	9.168906179582328E-9	1.0999618640623022E-9	1.9854918579496623E-11	8.077449911795117E-9	1.8882980895432404E-14	5.069408815342258E-5	2.3560444651645453E-6	1.3901897457689594E-6	3.7418212440181814E-6	2.1820136871585062E-7	2.0107336264935127E-7	7.707569374890723E-8	0.0	7.707569374890723E-8	6.026452956529364E-12	2.119621670021266E-12	4.981173359048087E-11	1.1914362997536423E-6
8.399426640784179E-5	2.2214106740303893E-5	2.7198437967589506E-7	1.8823547813375834E-5	1.590844102235038E-9	8.55093621482567E-6	6.482785738369989E-7	8.537673525699109E-10	1.38170136642029E-4	3.277308877707044E-5	6.207675338971325E-5	5.419369572649957E-7	3.6166236220243077E-9	8.952385747775509E-6	1.2434651073957643E-7	2.830562855188839E-8	5.601479785524553E-10	1.3777259854899808E-8	1.5314059508171856E-13	1.1188296146632459E-5	2.1218618753648046E-6	4.352437927853191E-6	1.9259108260341165E-6	9.78036886954371E-7	3.818735034664707E-7	3.082072180218835E-7	0.0	3.082072180218835E-7	3.93254340229426E-11	1.4219288842183568E-11	4.248508172735929E-10	9.419894021216538E-6
4.5821503308399814E-5	3.304249552904117E-5	1.4910281145455167E-7	1.0330380134198676E-5	4.574393062153753E-10	4.218849209784426E-5	1.0316158061933937E-5	1.5410063769636705E-10	5.799166754396506E-5	1.730525905493226E-5	3.366334277225029E-5	3.0611239466870073E-7	4.577105619627779E-9	9.965730725823459E-5	5.2044668308063104E-8	5.337531781021794E-9	9.539765485613868E-11	7.807152478054492E-8	9.949368006874359E-14	1.4325315717150507E-6	1.1957382109246302E-5	5.297271731224365E-6	8.658186126826771E-5	4.826327270524944E-6	2.2993590927389255E-6	5.548532845073472E-6	0.0	5.548532845073472E-6	2.5675140103586104E-11	9.1740647893173E-12	2.676563342863822E-10	6.119614688825458E-6
6.24443144702982E-5	4.3251169645004385E-6	6.00849252883553E-8	3.48831313471659E-6	4.767380993229149E-10	1.9550462035537325E-6	3.692392649070642E-5	6.537754781394668E-11	6.269437879245532E-5	2.2889230535792703E-5	4.648449710795996E-5	4.2855784161157724E-7	1.0401717987413484E-9	1.0449130481351634E-6	1.7195528384127475E-8	2.9316553194027157E-9	4.725429521395049E-11	3.599389506136356E-9	4.53405844171886E-14	5.1147418495220876E-5	4.578654513378504E-7	9.387716768219538E-7	5.503334704504608E-7	1.4069298593491284E-5	9.416141195976481E-8	2.001440720386661E-5	0.0	2.001440720386661E-5	4.1886165317818404E-11	1.4279110462778562E-11	1.259577652493106E-10	1.7089651737568386E-6
4.1537639548164975E-5	4.227523454277131E-6	6.550094879932761E-8	2.605710857248025E-6	5.742107429654891E-10	2.272399753260284E-6	3.204930644509382E-5	1.3421338293589848E-10	3.3121255843180067E-5	1.5432478788601984E-5	2.301845208126857E-5	2.618271322710247E-7	1.1011213997036665E-9	9.274572920653249E-7	2.159174008336071E-8	2.860125765971095E-9	7.553749277293875E-11	3.741658777696291E-9	5.2460232978364796E-14	1.452276064176039E-6	4.1880414538293266E-7	9.774878109629964E-7	5.501647287375221E-7	1.037565971685333E-5	9.424536566496971E-8	2.710691936479394E-5	0.0	2.710691936479394E-5	8.496286222681874E-12	6.1530727477166626E-12	1.4593383540059882E-10	2.1585294232959693E-6
3.2336202539593486E-6	1.2289516783952246E-6	1.3402086684508953E-8	1.5986878332661361E-6	4.048417564496188E-11	2.0073989566018725E-7	3.293049374752031E-8	2.2082389426129686E-12	3.1538662309966568E-6	1.189287970720745E-6	2.313064585769716E-6	2.1924940621740084E-8	1.2066675598215973E-10	7.722360048886388E-7	1.3891286144595362E-9	1.42680327566137E-9	4.903017677157138E-12	7.499101178055103E-10	6.79807576146001E-14	1.9036346237616472E-8	1.2394474369180477E-7	3.1842759456695767E-7	1.01625683856667E-7	4.137236555709253E-8	2.3479970496063445E-8	1.6191642322910342E-8	0.0	1.6191642322910342E-8	1.9498889223744545E-12	6.988390240923105E-13	1.899544474846576E-10	1.5676276488534052E-7
9.38748684587429E-6	1.1307698238730785E-6	1.4804381670328643E-8	6.417400501887591E-7	1.2611233693592942E-10	5.20574307180425E-7	2.0368037336725138E-5	2.921546847245584E-11	8.201681143478644E-6	3.511575139559907E-6	5.331953665065331E-6	5.928332291099279E-8	2.5748364774013124E-10	2.1740663934261852E-7	4.772256294033138E-9	6.515329588057374E-10	1.6537423268598118E-11	1.0122269888673577E-9	1.1794313611566114E-14	3.169099346957219E-7	1.1443273801563379E-7	2.46821107934383E-7	1.3522140501343794E-7	7.63173433221242E-6	2.561529664895141E-8	2.645813493260149E-5	2.6439747711218826E-5	1.3238241386599137E-5	2.035474694568648E-12	1.393088575501343E-12	3.2739553200055106E-11	4.92098168396666E-7
2.8179311287680276E-6	3.3987452150549526E-7	4.463083335368957E-9	1.9294129917048063E-7	3.78478751799492E-11	1.5682220932785767E-7	6.110418905913767E-6	8.773869526508153E-12	2.4622259109372666E-6	1.0540924336540578E-6	1.6008330443009705E-6	1.77965248851505E-8	7.7722000644013E-11	6.543028917571242E-8	1.4325976657925787E-9	1.9579942265102113E-10	4.963684695492184E-12	3.0398700252841116E-10	3.540747239642755E-15	9.50815683911575E-8	3.4393807473189746E-8	7.417827064950705E-8	4.061963107226248E-8	2.289556041937794E-6	7.704858391075222E-9	5.5249496501031125E-9	1.2244769187547497E-9	6.615471722651281E-6	1.2717765096829265E-9	4.018247207499571E-11	9.828622586151671E-12	1.479416780453147E-7
8.91807614983907E-6	1.0742269536891205E-6	1.4064105255742313E-8	6.096505624932139E-7	1.1980623170972187E-10	4.945435758586537E-7	1.934955659314836E-5	2.775458190975695E-11	7.791565324684049E-6	3.335982783745823E-6	5.065335333424648E-6	5.6318927186362815E-8	2.4460846822853456E-10	2.065354654520954E-7	4.533624998413791E-9	6.189537877555746E-10	1.571048806276576E-11	9.616117194996372E-10	1.1204552256630511E-14	3.0106321070362653E-7	1.0871065796555714E-7	2.344790967045529E-7	1.284598111078108E-7	7.00443564295454E-5	2.433443261936105E-8	1.746778910766147E-8	0.0	1.746778910766147E-8	1.933693077312963E-12	1.3234287518870823E-12	3.1102448753695825E-11	4.674913542900498E-7
2.945430648229997E-9	6.837704472749245E-10	1.761475313301564E-10	3.1819560340631373E-10	3.493008889340543E-14	6.40705669976837E-10	1.911525420213067E-11	8.323790711021069E-15	1.8723346238568547E-9	1.0787434118727423E-9	1.6072452170279252E-9	1.876853790145182E-11	1.3783250401683534E-12	1.3473566489023416E-10	2.8647663573900736E-12	1.6550238020923025E-13	2.112158227215811E-15	4.801973729280749E-13	7.003707092305388E-16	1.3383083804897941E-11	7.068575858856452E-11	1.6550695611760118E-10	7.855426785788375E-11	5.3238374873508556E-11	1.0788714151229548E-10	7.664040805709007E-12	0.0	7.664040805709007E-12	7.610747896693177E-16	3.8444294517444676E-10	1.9595108353971446E-12	3.4797088014960867E-10
7.533588537667001E-10	1.6923421711330388E-10	2.4496812230406967E-12	1.0457477323720512E-10	9.022197352215264E-15	2.9950842123714107E-10	5.7084807135323E-12	1.0716218414063821E-15	4.807009028767689E-10	2.75697828105079E-10	4.136488952926141E-10	4.8070843626403685E-12	2.588275519809841E-13	6.661572671640827E-11	3.0552946786498713E-13	6.800790759838679E-14	5.100812242030766E-16	1.3086178144358397E-13	9.619000980641969E-19	3.5509053835549212E-12	1.7905816413368633E-11	7.706524915778816E-11	1.6930116582026373E-11	2.2591081689780446E-11	5.2170669473100135E-12	1.872827415694004E-12	0.0	1.872827415694004E-12	1.7953050278884553E-16	1.2024050003645192E-16	2.6498277932041032E-15	1.8747540705428804E-10
4.646714665683562E-9	4.571877792410217E-8	2.3737262282012676E-11	2.428566049934331E-9	4.852703273882835E-14	5.700492648477402E-9	9.772562512161107E-11	2.864262504668048E-14	6.2166254273725125E-9	1.7712094215398046E-9	3.450467211905073E-9	3.1052578150056625E-11	4.003414245725144E-12	1.2884920474675681E-9	4.812125173475003E-12	1.4833410244285573E-12	1.1541424596511433E-14	5.2335277879408975E-12	4.0082608388818575E-12	1.0975806806418145E-10	6.973660212482964E-10	1.8428271374132005E-9	5.301246275055078E-10	1.8945451029274034E-10	3.5072487091034255E-10	4.3836401928235734E-11	0.0	4.3836401928235734E-11	5.036503491315167E-13	9.18483544122531E-16	1.121523136701905E-8	1.7902374049031615E-9
1.8625321244891894E-4	6.808671115401108E-6	1.237805728053383E-7	9.523206086920451E-6	9.358380932502068E-10	3.245951493118435E-6	1.0840357025078844E-6	4.784337762748673E-11	4.532309874249047E-4	7.946984684014523E-5	1.5472588189442184E-4	1.206229092456647E-6	2.1229646740238753E-9	2.1418457132311977E-6	2.8566176492475877E-8	4.486487646174573E-9	4.953176209467085E-11	6.335870174452766E-9	8.571147648964015E-14	3.1300359160210703E-7	7.26303480127652E-7	1.7200407218267019E-6	1.1532157759427851E-6	1.16224844586863E-6	1.6626496325450337E-7	5.411208903046125E-7	0.0	5.411208903046125E-7	7.681070583958609E-11	2.673784841309593E-11	2.3840433825526756E-10	3.063169717067139E-6
