32
NULL,open@__open_nocancel,fstat@_fxstat,mmap@__mmap,read@__read,munmap@munmap,open@__open64,close@__close_nocancel,rt_sigprocmask@sigprocmask,exit_group@_Exit,rt_sigaction@__libc_sigaction,sched_yield@sched_yield,mremap@mremap,time@time,read@__read_nocancel,mprotect@__mprotect,madvise@madvise,lstat@__lxstat64,openat@__openat64_nocancel,write@__write_nocancel,syslog@__syslog,getpid@getpid,writev@__writev,close@close,stat@__xstat,socket@__socket,fcntl@fcntl,connect@__connect,getdents@__getdents64,lseek@llseek,getrlimit@__getrlimit,write@__libc_write
0.7164304796730339	0.007938487017022218	8.70306119774147E-5	0.006263394163644773	5.965284495488064E-7	0.004926897144005213	5.9062460908842E-4	4.7381209890760894E-8	0.15831296493376415	0.036387158199139166	0.06864596602487393	5.799951614073594E-4	2.259592291117809E-6	0.0015214581533951595	5.499946022460555E-5	3.2589911257911147E-6	4.865013925823531E-8	5.3071210460018955E-6	5.538747222683175E-11	2.3114982577696427E-4	0.0011373846343860634	0.0013693761148531843	8.6138008089835E-4	8.091595617478456E-4	1.574280907111655E-4	2.84666428095583E-4	0.0	2.84666428095583E-4	3.957220939354736E-8	1.4697011775428563E-8	1.5352483106349143E-7	0.0032872875884211207
0.001555731481311529	0.003185622614052187	1.6117930049325738E-4	0.0019798296610726678	4.7628877521596245E-8	9.534875479200395E-4	2.519199562913219E-5	8.613510009895986E-6	0.0037344559805800063	9.711572512566162E-4	0.0018205534116822306	1.5955377023758112E-5	1.8596593584858978E-7	1.5991706417401583E-4	0.0016022293605019858	5.617727972873008E-7	1.5711815810680996E-8	8.95549597714053E-7	3.90051195351859E-10	1.3558609326866827E-4	0.0063633958523985025	1.9183869849360657E-4	1.25683814086914E-4	4.396190794251958E-5	2.843891250388867E-5	1.1621891731143839E-5	0.0	1.1621891731143839E-5	1.2309013424786921E-9	4.284788849168178E-10	8.4026298259448E-8	3.5232514051811343E-4
4.9272255297682055E-5	2.106859859861083E-5	6.922967824547421E-7	3.970353012414813E-5	6.661855567687399E-10	1.8403427489204256E-5	1.0502043523430664E-6	2.4181584207242986E-10	7.74878768672733E-5	2.9928440265780988E-5	5.594537962272737E-5	5.314235478477833E-7	4.919515879884026E-9	2.3269860804177963E-6	2.6196400331331992E-8	4.403980667724302E-9	6.414038164875958E-11	1.483267589896255E-8	2.4036675832244116E-13	3.947051417901507E-7	2.247477590572053E-6	3.0524250968711816E-6	4.464704438566326E-6	2.8309284123940368E-6	4.314978908384848E-7	5.133747409786516E-7	1.8175110686850313E-7	5.133747409786516E-7	6.819928803725848E-8	2.148240019829114E-9	6.67983382376691E-10	7.056641781229516E-6
8.305326309054003E-4	0.0012199299107134153	6.498678473893552E-6	0.009647128019618319	4.50368593083721E-8	0.013135528553243264	7.221011890532432E-5	2.7331920441327704E-8	0.0018849672666990808	5.234742428075897E-4	0.0010040397660757818	8.84111557685219E-6	1.427139897996144E-7	7.435547695137297E-5	1.5754542561004224E-6	0.002934743148923947	5.910330220563317E-9	9.736826596846959E-7	4.597732962157603E-12	5.947159164520913E-5	6.657153142334358E-4	1.426461681661534E-4	5.754634880283407E-4	5.1340586612809536E-5	2.6364467553117876E-5	3.772517631276841E-5	0.0	3.772517631276841E-5	7.588967351561704E-10	2.542174533954885E-10	1.2649917079120046E-8	2.8890340132992515E-4
7.619529267429948E-8	2.848874901434956E-7	3.1373364954916277E-10	2.7889817337738673E-8	1.087279336727215E-12	1.4733349456330434E-6	1.5420770734159572E-9	1.604105190782802E-12	2.026569836754489E-7	4.8175734489014006E-8	8.918247704701944E-8	7.676547953157861E-10	9.111729378175765E-12	4.535557383078653E-9	1.2051602437458863E-10	9.459495978197306E-12	1.0457543841331556E-12	8.134022222529286E-11	3.511392532329447E-16	2.067051795050151E-9	2.674933304496711E-8	1.4039895043724188E-8	1.9909208559368362E-8	2.2334850410213974E-9	2.0227151075081914E-9	7.381556975395577E-10	0.0	7.381556975395577E-10	4.988059000329045E-14	1.9174520934483526E-14	9.524890739259877E-13	1.792035553274312E-8
0.0019583003830929806	0.001295530647165302	1.329171093354257E-5	0.003569376302248156	8.385127271394248E-8	0.0036869252120955965	3.236265659312107E-5	7.653712040983082E-8	0.004386401359898048	0.0011987532108637521	0.0022428559887216044	1.991497129279668E-5	1.3502041131361896E-6	3.1752270777823087E-4	8.78065357857048E-6	0.0054781105284292695	7.182463487370786E-9	7.289182881500346E-7	1.491385850109823E-11	3.798688219299003E-5	3.7463439760577084E-4	4.862018080384816E-4	1.390542616728071E-4	6.210657104481948E-5	1.942345722647153E-5	1.4625972259885358E-5	0.0	1.4625972259885358E-5	1.5407279915065906E-9	5.464476006680555E-10	4.1547039772158786E-8	8.676893048017323E-4
3.736783473146814E-4	1.7348862551963182E-4	3.631661183581583E-5	7.143729910108895E-5	7.486483524711295E-9	5.344089895153546E-4	1.6277879173698002E-5	8.595821072980593E-6	5.442150156899395E-4	2.2881639882846476E-4	3.664819330857673E-4	3.836986761841358E-6	4.185921988830464E-7	5.379419250142154E-5	5.013132160260588E-7	5.637913509714954E-8	1.1544380843146617E-9	9.464021460428669E-8	2.2132350759483658E-12	1.626362631141881E-5	1.73196610752811E-5	7.445359356373137E-5	1.5166143906006432E-5	1.2309981879620577E-4	7.891900978632893E-6	1.6696447028317982E-6	0.0	1.6696447028317982E-6	1.773252780074616E-10	9.64374260577708E-11	6.164055444111846E-9	1.479578033484355E-4
6.987509203857869E-7	4.346654435147467E-7	5.460153447280972E-6	1.2214539969570316E-7	9.930416528209283E-12	3.603815687501904E-7	1.0471334947532854E-8	7.219190572169086E-12	1.0932443325755088E-6	4.2496579486281504E-7	7.79161463528582E-7	7.484418964751113E-9	1.233785016072412E-10	4.3492799720077826E-8	2.2408263300407908E-9	6.605800426786886E-11	1.4846642220351438E-12	2.237196049367972E-10	2.4177262560901136E-13	6.140715192840095E-9	4.322171828945023E-8	6.192217024273185E-8	3.5610001463052196E-8	1.8967268104305318E-8	6.468354895534563E-9	4.827066193685497E-9	0.0	4.827066193685497E-9	5.968498638147903E-13	2.226189666549271E-13	6.76411681901798E-10	1.3233339760022905E-7
0.09375013406389203	0.0035600563822679	6.986632933400901E-5	0.004594719442761147	6.006037629282625E-7	0.0018597670248638636	3.7704435216594776E-4	3.448552207178105E-8	0.05162048764484788	0.05644703045945896	0.10266646902933119	7.439324347240948E-4	1.2397986733640098E-6	0.0010723343149560973	1.850280054305176E-5	2.0434890178555734E-6	2.8637902017863352E-8	3.5919397978718723E-6	5.22384663214884E-11	2.2545532959344672E-4	4.069775577506765E-4	0.0010153504879186856	5.880438573790392E-4	5.439711375334208E-4	9.684595678206812E-5	1.7463846995808283E-4	0.0	1.7463846995808283E-4	2.350030351704367E-8	1.0196004960950511E-8	1.4538480483686512E-7	0.0018256759420599538
0.09848238054157263	0.0020692821919316737	3.0790408679604015E-5	0.0032251950165199128	2.461273761809544E-7	0.0010810671612196383	1.3335567118926304E-4	2.969195610626828E-8	0.023638979144188138	0.005544084741141519	0.01034299896985262	8.836212967180467E-5	6.175822528268779E-7	4.1419542140379984E-4	1.1862532404359678E-5	9.386036814003265E-7	2.0587984548699308E-8	1.9138339499777416E-6	2.3491717187487436E-11	1.9037508107230046E-4	2.4781334504765174E-4	5.163948704698673E-4	2.996224173366385E-4	2.218979715074863E-4	5.349262603454073E-5	5.1907362045185054E-5	0.0	5.1907362045185054E-5	6.0799645171992546E-9	2.227389380606958E-9	6.525049407522937E-8	9.896544127176458E-4
0.09014188443502058	0.0025746228037826667	4.2631069393546816E-5	0.003566657566971537	3.4942813655380977E-7	0.001325510022481729	2.5084672661096247E-4	2.9604869175986448E-8	0.03540931698753453	0.05429110454358782	0.043304574757794215	9.384718018031935E-4	8.016916228437851E-7	6.367613885138063E-4	1.3708463580482194E-5	1.3738953429903212E-6	2.2973846858005874E-8	2.40880099453086E-6	3.200786241907976E-11	1.9072806702207884E-4	3.01065861037719E-4	6.638343103805861E-4	3.8781765481151387E-4	3.4193293018265993E-4	6.620784733842761E-5	1.1343429325798209E-4	0.0	1.1343429325798209E-4	1.5186298827785957E-8	5.707271073030746E-9	8.898799937008117E-8	0.0012265783321102248
9.804989835409364E-4	2.535205202548965E-5	4.225835442391857E-7	3.659784780462887E-5	3.487316283396639E-9	1.3209977171631758E-5	2.113091589175364E-6	3.137827836183854E-10	3.246398113846124E-4	5.905805308810043E-4	4.3386755623544236E-4	3.175460722137344E-4	8.021140901713511E-9	6.092015744520941E-6	1.392296464734553E-7	1.2819988800261061E-8	2.3243665599919E-10	2.4165059381985165E-8	3.191114906910746E-13	2.023194515001223E-6	2.980065370221479E-6	6.647859837852998E-6	3.859392402992625E-6	3.1969251328708447E-6	6.655232193187748E-7	9.125787581789063E-7	0.0	9.125787581789063E-7	1.1703728255485638E-10	4.6674391233294175E-11	8.871510650291866E-10	1.2391519254526877E-5
4.2401184455429785E-7	6.391906496024202E-7	1.6882240530906402E-9	2.2093358085931352E-7	6.172210551578211E-12	1.0583855636471346E-7	9.893649353910557E-9	1.2638957112057754E-12	1.0303164075941166E-6	2.7129628797067104E-7	5.134075741585468E-7	4.493019189846345E-9	6.236152596787721E-11	5.688503565306995E-8	5.870131795599602E-10	1.169966674636216E-10	1.0069680670565004E-12	5.794884162457793E-10	1.3940377668212768E-15	1.240166181989213E-8	7.171397090719509E-8	9.987093441999548E-8	4.664956141367144E-8	1.5300444017943527E-8	1.4594596605719178E-8	4.669657782819563E-9	0.0	4.669657782819563E-9	3.340062094498315E-13	1.2287214383138675E-13	3.681353420189647E-12	1.8077720833511747E-6
8.22989554179618E-4	0.0015691436932750028	3.925000806157619E-6	0.0012863972463195501	2.995902556583243E-8	1.6345958487790004E-4	1.8009669164900316E-5	1.7627330931987365E-9	0.001571948509136399	5.057346648360141E-4	9.722607115628071E-4	8.819599496546551E-6	1.0619171780415801E-7	7.282375061016427E-5	2.7732352719225177E-5	1.449318108401127E-7	3.76784466910258E-9	7.505034824739324E-7	2.1263405668277633E-12	1.5440849307658203E-5	8.563511865409685E-5	3.600153575581895E-4	7.165597546856399E-5	2.7819709705714853E-5	1.9196483965931184E-5	8.580788893715323E-6	0.0	8.580788893715323E-6	7.68255501016636E-10	2.6660050407684975E-10	5.6878616044377205E-9	1.4225030950723412E-4
1.1053793134123891E-4	3.883186310474723E-5	2.549786101596295E-7	8.803764165008088E-5	2.0770958793195662E-9	8.476747890656835E-6	1.1574531126717883E-6	2.0124061488169828E-10	4.054981267075755E-4	7.625608364425902E-5	1.469301580964482E-4	1.150113449850018E-6	6.577776028348894E-9	3.647954521399094E-6	6.8283976674306805E-6	1.0355964159521212E-8	1.5716438865782534E-10	1.2771044067584621E-8	3.1508094916830816E-10	7.464199660500741E-4	1.487694318118132E-6	3.673064912646303E-6	1.5529613417139326E-6	1.8358959905506474E-6	3.8972231833371633E-7	5.40914289045726E-7	0.0	5.40914289045726E-7	1.1633398685023907E-10	2.6333034940194398E-11	6.81371082389917E-8	9.865007755785453E-6
4.2954367292516037E-4	1.197800466270127E-4	4.076684291589792E-6	0.0012920645074288475	4.7410248263093144E-8	0.004281934277474577	7.707779071772503E-6	4.4082584832643685E-10	7.105051257498421E-4	2.595138679098143E-4	5.229964202885592E-4	4.73834980302796E-6	7.178848542823824E-8	3.890733236010865E-5	7.358769194545439E-7	1.2406417633674702E-7	6.146282270887278E-10	1.7714275825065135E-7	6.903332545143983E-13	2.3836840757322783E-6	1.2317764179707095E-5	5.6648288460552554E-5	1.1976613065973144E-5	1.594720816024257E-5	4.447839763211864E-6	3.3958995745500733E-6	0.0	3.3958995745500733E-6	5.334659860989525E-10	1.5878018909987934E-10	1.9099192872531357E-9	9.948418848302873E-5
2.5200110560168427E-8	1.537822566960418E-8	9.134828772026973E-11	4.563031868218256E-9	3.869658540818421E-13	6.352911762452396E-9	2.976858129359737E-10	8.139350860894493E-13	5.3580524048448044E-8	1.552278931885435E-8	2.6556778614775553E-8	2.500666264563681E-10	1.9121572799082113E-12	1.072374895056011E-9	9.555249997474646E-11	1.9353905575950656E-12	4.787866945885191E-14	1.1241331806298482E-11	1.2538671090973846E-16	2.902464153043113E-10	1.5754992882606527E-9	2.070200544559638E-9	1.305544489409558E-9	4.89135435926273E-10	2.759442945093577E-10	1.3982483936663901E-10	0.0	1.3982483936663901E-10	1.2811940249304258E-14	6.029892221142219E-15	3.470338719584398E-13	5.6083939889968025E-9
6.207451343158254E-7	1.4940303059577568E-6	8.079670646357142E-9	3.713151520743769E-7	1.071846343947542E-11	1.7396084849082642E-6	1.9428888070841318E-8	2.4585278882565832E-11	1.4405747813275088E-6	3.89000768552078E-7	7.464098677970614E-7	6.528421842963458E-9	9.73722615731371E-10	2.3109852556006506E-7	3.341559326328467E-7	2.372680215509253E-10	4.722924736828607E-12	1.0340217064680032E-5	3.8773580081937195E-6	1.4671581973387694E-8	1.315576190538024E-7	2.960139001599508E-7	9.916631522993163E-8	7.57153707925209E-8	2.2348784531236904E-8	6.423617826178023E-9	0.0	6.423617826178023E-9	5.174535297616621E-13	1.8457600081860477E-13	1.1487655885313012E-11	7.711052267918555E-7
5.4954374314004964E-8	1.4897726292321818E-7	1.9941392031203156E-6	3.5277363818585947E-8	8.780216267744671E-13	1.817963823999367E-7	1.839192522189909E-9	3.2491665222227023E-12	1.3108047979052134E-7	3.493007151974659E-8	6.743864806477974E-8	5.862445247571092E-10	8.815935229567443E-11	2.0858450874627337E-8	7.290731904169576E-10	2.166149542704086E-11	4.869943373564242E-13	6.27661104963312E-11	1.4747138047233494E-15	1.536058865577692E-9	1.4550822189545602E-8	2.7721177288275055E-8	1.0898356802038382E-8	6.896331677241732E-9	2.1949817213265417E-9	6.223939091850983E-10	0.0	6.223939091850983E-10	8.348669408068386E-11	1.6640046403523394E-14	4.103518192939465E-12	7.444130599723382E-8
1.424595997220932E-4	0.0018626260574895514	3.884638959684158E-7	3.798327415483701E-5	1.6840981254746801E-9	2.2986928534479628E-5	2.5137025564374215E-6	4.532224710169483E-10	4.934417383342628E-4	9.704864313014289E-5	1.861492013833419E-4	1.4842276420138263E-6	1.2574881963765804E-8	6.556751313969963E-6	1.4852581094131705E-7	1.704348972574151E-8	3.0566445904532234E-10	1.2107330314121908E-7	2.933571231828913E-13	7.490196070202616E-4	3.516285606614334E-5	2.0947742957194987E-5	5.561340307326559E-5	3.4383803404453367E-6	3.0283844777610693E-6	1.2112982615652093E-6	0.0	1.2112982615652093E-6	9.884968135307879E-11	3.4897345544471633E-11	7.756303087233252E-10	1.835942866488405E-5
8.532645678549832E-4	3.390817886796544E-4	4.1455739187173575E-6	2.86852973661685E-4	2.4402080668100964E-8	1.3257232126235276E-4	1.045630852788816E-5	1.2679577966278007E-8	0.002221782681071872	5.459650620315811E-4	0.0010256518338395383	8.848013999624018E-6	5.647842207007055E-8	1.343762534388734E-4	1.90730918867502E-6	4.226970628058556E-7	8.345259357948E-9	2.112942314926501E-7	2.345234592344334E-12	1.656476931246777E-4	3.2813889871738795E-5	6.631154379518494E-5	2.971805548960017E-5	1.5657770463274742E-5	5.877729651998267E-6	4.975388487871408E-6	0.0	4.975388487871408E-6	6.396847027689346E-10	2.317388390187306E-10	6.506152591510966E-9	1.4337192857448206E-4
4.6739505637442716E-4	4.965040733394933E-4	2.2835796939946403E-6	1.5840224626351604E-4	7.2787755697306306E-9	6.275502037610578E-4	1.528238472653982E-4	2.3227004040764354E-9	9.604271305972124E-4	2.9054383508209493E-4	5.5924783054316E-4	5.008370394972986E-6	6.96600178496373E-8	0.0014736081302539317	8.218782112430556E-7	8.16354206926305E-8	1.4549321369381559E-9	1.1584828491321458E-6	1.5209213214156363E-12	2.1394026015089207E-5	1.7769832693178146E-4	7.966072781778226E-5	0.001278840731622938	7.207264446400763E-5	3.4221189187487714E-5	8.215489032871519E-5	0.0	8.215489032871519E-5	4.1406709496091425E-10	1.4826241640755081E-10	4.095357189647049E-9	9.304177293654268E-5
6.361985259574842E-4	7.163072417056732E-5	9.829366540008973E-7	5.816261695668804E-5	7.730592306193793E-9	3.339786103089369E-5	5.462758501978185E-4	1.014755169110008E-9	0.0010669012851437592	3.851971501783396E-4	7.710625876311264E-4	6.99621208721478E-6	1.7572428265021817E-8	1.7062465213878495E-5	3.0307840830815215E-7	4.68563226188143E-8	7.481491601272058E-10	5.87661045580945E-8	7.332767265002581E-13	7.559094653103965E-4	7.81034932739125E-6	1.534002015053729E-5	9.043582681063438E-6	2.0887045844544754E-4	1.5550175659993583E-6	2.960384454009446E-4	0.0	2.960384454009446E-4	6.678319771264895E-10	2.286815603555494E-10	2.0368690822581955E-9	2.8383942256382066E-5
4.2264162133049597E-4	6.739273485824654E-5	1.0330871549135213E-6	4.2763680572680396E-5	8.968871814746181E-9	3.6505086355957755E-5	4.739223423081773E-4	2.0148251368828782E-9	5.758672402209266E-4	2.589525935200996E-4	3.926425884715437E-4	4.2850995335742305E-6	1.7771756027282266E-8	1.4772020259395766E-5	3.509491892554853E-7	4.440404476515879E-8	1.1473725377763657E-9	5.9014574544461634E-8	8.185892405036718E-13	2.1629997948491783E-5	6.853603742046163E-6	1.543241860575512E-5	8.73468436316419E-6	1.5394286000425069E-4	1.5026490595134432E-6	4.006604223286282E-4	0.0	4.006604223286282E-4	1.5097361681171925E-10	1.0113076415780433E-10	2.2769021808214214E-9	3.399917955840718E-5
3.298501924498648E-5	1.862218869492468E-5	2.0321293285203918E-7	2.397845698469797E-5	6.351115830064186E-10	3.2179885322400807E-6	5.235342881161802E-7	3.5312921923895725E-11	5.3872431332040996E-5	2.003091505031072E-5	3.854438628876195E-5	3.5850507825930313E-7	1.9067057032491094E-9	1.1496242400100073E-5	2.324069039795275E-8	2.12666091347691E-8	7.522828853882416E-11	1.1417881193663524E-8	1.007720415405768E-12	2.959782919264395E-7	1.8928490391100345E-6	4.795612474832141E-6	1.5552328450993834E-6	6.610661942086417E-7	3.573778202052185E-7	2.570738310994244E-7	0.0	2.570738310994244E-7	3.128411684195113E-11	1.1235429948248241E-11	2.8157302127080847E-9	2.487715277768202E-6
9.55269576960658E-5	1.7834792981712188E-5	2.3350631858375027E-7	1.0448720217924472E-5	1.97255347219696E-9	8.35796952732179E-6	3.01032695250381E-4	4.389545564534083E-10	1.40779165354455E-4	5.8881841161673925E-5	9.068451176092034E-5	9.701532553794633E-7	4.14511431049311E-9	3.4539224197264995E-6	7.775442268026173E-8	1.0114200630722949E-8	2.514831344298667E-10	1.580805560283391E-8	1.8408840035883815E-13	4.722391389617141E-6	1.8427987736926397E-6	3.871986157816724E-6	2.1356086510737135E-6	1.1293842967619909E-4	4.038122260565375E-7	3.9093189712681144E-4	3.9061792290970716E-4	1.9562264476825916E-4	3.587036556229784E-11	2.2899994234360016E-11	5.110047305543461E-10	7.748273757324199E-6
2.8675265877128218E-5	5.360187569890671E-6	7.037636919052441E-8	3.1409981558716954E-6	5.919942750556043E-10	2.5171297199925353E-6	9.030994220950088E-5	1.3182413551853195E-10	4.2262996042953875E-5	1.767498647805349E-5	2.7226058968937087E-5	2.912342960928164E-7	1.250646160591084E-9	1.0392989666780323E-6	2.3341396707409827E-8	3.0393744318759337E-9	7.548269578563327E-11	4.747297700280998E-9	5.5264534002872205E-14	1.4168518498283174E-6	5.538172993924033E-7	1.1635880615315483E-6	6.414965806492457E-7	3.388208574424347E-5	1.2144883082770324E-7	9.433148918071527E-8	1.809028724021851E-8	9.774895766845666E-5	1.8790827057220603E-8	5.943474960352616E-10	1.534061502335272E-10	2.3291840228222495E-6
9.075023987600896E-5	1.694298426606335E-5	2.2183009838396451E-7	9.92624374358153E-6	1.873918159726978E-9	7.940038684096633E-6	2.8597989471634437E-4	4.170051287465471E-10	1.337396619089366E-4	5.593752107927787E-5	8.6149934990353E-5	9.216418356198016E-7	3.937842542704773E-9	3.281212923168535E-6	7.386640043645971E-8	9.608451431192073E-9	2.3890800382121775E-10	1.5017591604820337E-8	1.7488326744486452E-13	4.48625353232415E-6	1.7506516986326004E-6	3.678371855371305E-6	2.0288199482165765E-6	0.0010350062377849556	3.8362005096080987E-7	2.982742903604147E-7	0.0	2.982742903604147E-7	3.4076708373522537E-11	2.175490584070991E-11	4.854525151227766E-10	7.360830063691177E-6
3.000256298540347E-8	1.0487126023804063E-8	2.6071297515918927E-9	5.016351837028671E-9	5.510775220906901E-13	9.692993002284022E-9	3.114738047446429E-10	1.253787601349741E-13	3.388077304900515E-8	1.815247454040425E-8	2.7518146799630875E-8	3.0734058841954497E-10	2.0472583654903402E-11	2.0687302124458362E-9	4.4788940195528174E-11	2.6024065194145417E-12	3.3505256997194163E-14	7.38334661141145E-12	1.0349718033101957E-14	2.1062257517914296E-10	1.095932666787851E-9	2.520249892760621E-9	1.207381525470762E-9	8.328160640013523E-10	1.6066814868337308E-9	1.268500374630829E-10	0.0	1.268500374630829E-10	1.3094429770307632E-14	5.679718504489732E-9	2.8956567238989367E-11	5.297130209829558E-9
7.675423817395172E-9	2.600605246296185E-9	3.7578693752919073E-11	1.6266354824805536E-9	1.4227614745082989E-13	4.4856189335424945E-9	9.192642205061001E-11	1.645816306652098E-14	8.69844106408935E-9	4.640702232336297E-9	7.079141719922248E-9	7.87311510217642E-11	3.855023378140287E-12	1.0041036584322994E-9	5.150177511211161E-12	1.0453106860766575E-12	8.14113822471602E-15	2.007649128221967E-12	1.503383569948782E-17	5.5792768888951996E-11	2.7811887916806066E-10	1.1575982611420195E-9	2.62022370932108E-10	3.470142534867493E-10	7.942251846135284E-11	3.11703070267337E-11	0.0	3.11703070267337E-11	3.1294581584988404E-15	1.9670993975009286E-15	4.143088135626749E-14	2.8100997634974592E-9
4.742135360342093E-8	6.763429395763496E-7	3.5970778750280193E-10	3.646631245496099E-8	7.700301913634562E-13	8.455283902476718E-8	1.5000309344797565E-9	4.2764575342824896E-13	1.0238992215192763E-7	2.9719536449023248E-8	5.727949273214511E-8	5.081849072200025E-10	5.925400107108046E-11	1.9146531606699963E-8	7.620443149249373E-11	2.219602467639736E-11	1.7513501051078393E-13	7.796461755041626E-11	5.921364478753958E-11	1.6473460753356183E-9	1.0424164441321524E-8	2.7344798699102762E-8	7.928370935071464E-9	2.8904232336412004E-9	5.216239781732637E-9	6.739689925272692E-10	0.0	6.739689925272692E-10	7.443912685996269E-12	1.4863222590594484E-14	1.656815143225256E-7	2.6692991369755183E-8
0.001889517315091284	1.2171542310263855E-4	2.085702972588704E-6	1.5896793395964005E-4	1.566900137893746E-8	6.046432670075288E-5	1.7876557519808897E-5	8.435023504348505E-10	0.007087172534867206	0.0013095149282157977	0.0025231405652620963	1.961719928997267E-5	3.7431932625438506E-8	3.60166017266155E-5	5.585395994664974E-7	7.578164687196513E-8	8.688592028864491E-10	1.087639354190889E-7	1.4366730593484117E-12	5.352309559450778E-6	1.3617135005735397E-5	2.93955527999003E-5	1.9507493560161035E-5	1.9592866151533385E-5	2.900272224046174E-6	8.894196264180135E-6	0.0	8.894196264180135E-6	1.2609264747869921E-9	4.4091978054263794E-10	3.994891420235088E-9	5.3954268493014814E-5
