32
NULL,open@__open_nocancel,fstat@_fxstat,mmap@__mmap,read@__read,munmap@munmap,open@__open64,close@__close_nocancel,rt_sigprocmask@sigprocmask,exit_group@_Exit,rt_sigaction@__libc_sigaction,sched_yield@sched_yield,mremap@mremap,time@time,read@__read_nocancel,mprotect@__mprotect,madvise@madvise,lstat@__lxstat64,openat@__openat64_nocancel,write@__write_nocancel,syslog@__syslog,getpid@getpid,writev@__writev,close@close,stat@__xstat,socket@__socket,fcntl@fcntl,connect@__connect,getdents@__getdents64,lseek@llseek,getrlimit@__getrlimit,write@__libc_write
0.8798304187109958	0.006058469668434732	5.26982516739795E-5	0.0037811288325052617	3.497862941847635E-7	0.0029591152137847976	3.398724705140584E-4	3.3518437630523894E-8	0.08376306901316583	0.019859813084362	0.03724366726973064	3.134294162227309E-4	1.3806966888462054E-6	9.219369850612127E-4	3.1733299446525535E-5	1.9144526015562245E-6	3.7351055147044743E-8	4.4698531519749995E-6	5.7055978750349686E-8	1.5735740859419074E-4	8.041529449912384E-4	0.0010570752571846694	5.929582004327812E-4	4.7466856216232724E-4	1.441453581450934E-4	1.632215062761972E-4	0.0	1.632215062761972E-4	7.189982933170673E-8	7.992758239048196E-9	1.5910992090873588E-4	0.001977752065003225
0.001550337291332437	0.0019064938545195068	1.0554123011978144E-4	0.0012865952263428247	2.770175936224945E-8	6.151983198920902E-4	1.513306162528485E-5	5.74695957060265E-6	0.0025644138447968403	6.727273203353699E-4	0.0012604316445731822	1.0906242812365023E-5	1.0132858260040633E-7	9.58301821123162E-5	0.0011567607111704647	3.640655500088517E-7	8.920824813695262E-9	3.640300038461954E-7	9.806576145268693E-8	8.628965582076744E-5	0.004212722022314938	8.412751115036137E-5	6.807069295273875E-5	2.5684282091852325E-5	1.2587402354196162E-5	7.022277722957079E-6	0.0	7.022277722957079E-6	1.4830050843455028E-8	2.9359588712888793E-10	1.7619824968859212E-5	2.0523251189074164E-4
3.63259517554725E-5	1.0596837984801268E-5	4.5114795914367407E-7	2.554251749269117E-5	4.342920958997809E-10	1.1885753558214298E-5	6.818721795664048E-7	1.5851680631276636E-10	5.32765039263015E-5	2.081284713875567E-5	3.873745451665504E-5	3.643487760550903E-7	2.9807610788088113E-9	1.4566587900518752E-6	1.699513105778279E-8	2.7805443439326303E-9	3.493408120104783E-11	6.425940675261153E-9	6.212577770976237E-12	2.013084882137629E-7	1.1252450553131361E-6	1.4638892406082122E-6	2.7232442021305545E-6	1.8464815410616262E-6	1.8448911253456407E-7	3.3411452450496697E-7	1.1954450969734745E-7	3.3411452450496697E-7	4.491741453107007E-8	1.4134213664674966E-9	1.6717218985577395E-8	4.314096499787788E-6
8.64930518154237E-4	6.34721668313999E-4	3.919445500565559E-6	0.006417083563473484	2.8255674435204917E-8	0.008715386486824336	4.6711665094042524E-5	1.830232773941826E-8	0.001269946948595144	3.5729227395665185E-4	6.83303220305112E-4	5.955534397084428E-6	7.888275729526817E-8	4.2786446647082065E-5	9.734612642269832E-7	0.0019630555800983925	3.315860349778423E-9	4.7374760860235903E-7	1.5247436068375233E-10	3.636727227225397E-5	4.239611778284132E-4	6.51299225106639E-5	3.711924468618471E-4	3.146293220413984E-5	1.2087013069010834E-5	2.4506686152202424E-5	0.0	2.4506686152202424E-5	1.7338828208714668E-9	1.7145491675506365E-10	3.9653150688431645E-7	1.7047998589620625E-4
9.357462299504644E-8	1.6349429028742032E-7	1.6001755082604528E-10	1.3584827230034609E-8	6.046669697177095E-13	9.643297638281936E-7	8.047973831822079E-10	1.0361752916199324E-12	1.3394901492640174E-7	3.228772235018046E-8	5.9522550453474817E-8	5.072554053072867E-10	4.026384794949189E-12	2.2074216961062966E-9	7.359240417206033E-11	4.7625637484220076E-12	6.386493143533606E-13	3.015102861037541E-11	1.550687199132719E-14	9.174784626282751E-10	1.5008335390008398E-8	5.3346305426045785E-9	1.1431745993068243E-8	1.0993795794616286E-9	6.757412799099219E-10	3.892217149939892E-10	0.0	3.892217149939892E-10	1.0267475843098537E-13	1.2650966121887728E-14	3.9215027825200975E-11	9.199778531665812E-9
0.0015395861027589276	7.145928390286432E-4	8.483737821551272E-6	0.002359481932179306	5.308108323158202E-8	0.002438467645814064	2.074730158786921E-5	5.9690878098109E-8	0.0029709743252424297	8.254800864780053E-4	0.001540737980717069	1.3545155492469586E-5	8.751191982748909E-7	2.043817792797123E-4	5.750004745141343E-6	0.0036643312894565068	3.796627447188946E-9	3.40934890338697E-7	2.8250762303699924E-10	2.2768340661685143E-5	2.3386531566685635E-4	2.968657622712928E-4	8.230130685762588E-5	3.934355895085076E-5	8.701105453947392E-6	9.401230413424516E-6	0.0	9.401230413424516E-6	3.5044804962824254E-9	3.7281950858864154E-10	7.640846905947308E-7	5.53543776096818E-4
2.726805015091189E-4	9.445752421201403E-5	2.421698786244685E-5	4.4109602105269005E-5	4.762182732715428E-9	3.546619153698086E-4	1.0884255445679125E-5	5.732943869346207E-6	3.752476803860077E-4	1.5925385088378762E-4	2.5522953913624915E-4	2.633561734823449E-6	2.7751096368466504E-7	3.5310104628613417E-5	3.292610038988676E-7	3.6685558579946194E-8	6.493816294657841E-10	4.155113798000255E-8	5.1158310485856334E-11	1.0456703062802701E-5	9.316900109811136E-6	4.619506961990315E-5	8.664376150981087E-6	8.298667512385536E-5	4.5689431451606674E-6	1.066962914734771E-6	0.0	1.066962914734771E-6	4.0044360140552707E-10	6.634804805963062E-11	1.3890279446683885E-7	9.616697270781958E-5
5.83492541058939E-7	2.3940538194148186E-7	3.6336947640933508E-6	7.465324809149613E-8	6.544815297765084E-12	2.3686705110826878E-7	6.847750482914514E-9	4.7502542431324286E-12	7.723279052325406E-7	3.017286906405444E-7	5.515429569644164E-7	5.2359492023100616E-9	7.850121103389579E-11	2.8870611552189853E-8	1.5394093101245939E-9	4.413709315664195E-11	8.682543761147345E-13	9.37450678215163E-11	1.087993959011034E-11	3.1191874594936684E-9	2.3048753915273555E-8	3.228973900009609E-8	2.0269983398081457E-8	1.2518183452391599E-8	3.1906723733271294E-9	3.1496612366950878E-9	0.0	3.1496612366950878E-9	2.555174475462512E-12	1.5559306342291495E-13	3.0431263307559547E-8	8.259902458699515E-8
0.0541602900668685	0.00220570873794208	4.765337765903225E-5	0.0031286122400027328	4.04660481692169E-7	0.001276598352926486	2.6310402057714384E-4	2.7755388366743356E-8	0.0364041130599193	0.0384808796507754	0.0696738884470525	5.034177852114325E-4	8.277643834013284E-7	7.323480955683444E-4	1.2996606391389224E-5	1.4192433368557538E-6	1.7624978543461372E-8	2.1708959270884713E-6	8.702244726968996E-9	1.508495516255248E-4	2.572601446096102E-4	6.46160283471148E-4	3.8811306065456984E-4	3.757261610740969E-4	5.9415679356082395E-5	1.2214271051309443E-4	0.0	1.2214271051309443E-4	5.172471373386471E-8	7.082618001894038E-9	2.4183403810020502E-5	0.0012226617033722592
0.05463354870838843	0.0014265540724624308	2.133166877478488E-5	0.0021917187036477304	1.671783113702893E-7	7.676273272285362E-4	9.527327287634064E-5	2.4070715928337403E-8	0.01703149844504356	0.0040947496108336345	0.007609257065885035	6.456102067407151E-5	4.2527010975996645E-7	2.8997233240590027E-4	8.476801579467634E-6	6.611253099558405E-7	1.3750509768878351E-8	1.2743596619911487E-6	8.629415816055125E-9	1.285659330261814E-4	1.7327481791591721E-4	3.4970467157566183E-4	2.0602360792026708E-4	1.5617217166897333E-4	3.725852432485998E-5	3.7701788365848816E-5	0.0	3.7701788365848816E-5	1.539971825412909E-8	1.6365783216676208E-9	2.402287504922306E-5	6.782932030799756E-4
0.05111113364612222	0.0016806983066949045	2.938786074582665E-5	0.0024373385038413695	2.372644752736479E-7	9.273510656091255E-4	1.765008505770482E-4	2.4036029616178856E-8	0.025207389812317856	0.036601141344565706	0.030035855904756333	6.263355353048855E-4	5.442895531764112E-7	4.405839988096331E-4	9.751073472086874E-6	9.628592589751007E-7	1.4773132498171767E-8	1.520356428915157E-6	8.142735951060664E-9	1.288026990289601E-4	2.0022036562311192E-4	4.3446833336116276E-4	2.6131586214023006E-4	2.3872543096999953E-4	4.3084061434856506E-5	8.013268854115012E-5	0.0	8.013268854115012E-5	3.381333602394369E-8	4.021362043096185E-9	2.265089297395098E-5	8.331999297811015E-4
5.541490954878314E-4	1.6867815813687475E-5	2.9259704793250386E-7	2.506831863656468E-5	2.374976838733967E-9	9.317512585922891E-6	1.503215116296088E-6	2.5559491964390236E-10	2.3329794723964755E-4	3.976250305619723E-4	3.0133158096381417E-4	2.0832386240561535E-4	5.485265079328587E-9	4.241503142478197E-6	9.954319749747819E-8	9.040005873885286E-9	1.5188078149842973E-10	1.554582683888514E-8	8.798527974636045E-11	1.3717145420418224E-6	2.0179453952084796E-6	4.409765663419563E-6	2.6244246108886425E-6	2.2459177105669027E-6	4.4299682737613606E-7	6.54034371319446E-7	0.0	6.54034371319446E-7	2.732372847307695E-10	3.333991807398779E-11	2.4481113103668506E-7	8.467774001863072E-6
6.031719644312061E-7	2.4763141662402204E-7	7.848643140897856E-10	1.1053408042817206E-7	3.4551767827928475E-12	4.9722788028033277E-8	4.967361512833622E-9	6.437900630691752E-13	6.808016730507861E-7	1.8161411579903182E-7	3.420281474932811E-7	2.964799790941463E-9	2.69417286244376E-11	3.205304666462844E-8	3.5130507085072213E-10	6.633931266945216E-11	3.9595187404777654E-13	2.1074866241758232E-10	9.719942205741011E-14	4.9168854916369684E-9	2.838357739095291E-8	3.757301773510254E-8	1.8501847871577242E-8	7.3933636757844254E-9	4.819324696262014E-9	2.3609396945938894E-9	0.0	2.3609396945938894E-9	6.817397634644866E-13	8.091241446917871E-14	2.4153643093870115E-10	1.1706258116707622E-6
9.937659049883598E-4	8.355494615329385E-4	1.9677165541685506E-6	8.144354194224576E-4	1.602579834473639E-8	7.704633968041447E-5	1.0061182831133363E-5	9.158551223060056E-10	0.0010552669579220683	3.377816486038018E-4	6.509970750902245E-4	5.8100624055343986E-6	4.8420681577240256E-8	3.694697205086357E-5	1.853982224525408E-5	8.135872615259752E-8	1.0324466123702127E-9	2.8489601945974267E-7	1.913713108885236E-10	6.309434098881161E-6	3.374959237942853E-5	1.9901642908489494E-4	3.20483236313153E-5	1.4550023840351263E-5	6.747485460912345E-6	4.85855446146083E-6	0.0	4.85855446146083E-6	1.6315827079354938E-9	1.7615863810710856E-10	4.987968750281455E-7	6.55831847075019E-5
9.679018744412164E-5	2.7899236414436762E-5	1.837639612639421E-7	6.066668110811054E-5	1.3961919002923673E-9	6.57152762216138E-6	8.648669763826205E-7	1.6590922246578044E-10	2.842717935957267E-4	5.575825046083406E-5	1.0691968517408168E-4	8.378383395918829E-7	4.740920305201877E-9	3.3932465663867875E-6	4.618517246895999E-6	8.548494797293813E-9	9.169721610831678E-11	7.793402399662952E-9	8.012770825176906E-8	4.965979333930241E-4	1.0420338205157298E-6	2.3694893708475273E-6	1.164437042421237E-6	1.3542775203732043E-6	5.124979613206201E-7	4.0513300992509057E-7	0.0	4.0513300992509057E-7	1.0191961763229369E-8	1.9607962864946122E-11	1.6822001520873565E-5	6.961392908275591E-6
2.995907092796426E-4	6.399951883277188E-5	2.668610866947432E-6	8.617438639430062E-4	3.083754668790742E-8	0.0028617759541082056	5.177802419857839E-6	3.014055582799742E-10	4.934432634440698E-4	1.8167476625314042E-4	3.643665061680879E-4	3.2702903542699585E-6	4.574025758467126E-8	2.5072844199192105E-5	4.7635493085537807E-7	8.246003648020185E-8	2.4330416060215947E-10	1.0092122581920494E-7	5.290447959157652E-11	1.3320635655734589E-6	6.571804304607366E-6	3.4455903571473124E-5	6.9062660384304555E-6	1.0508487246462051E-5	2.4480243279507063E-6	2.2922322226129436E-6	0.0	2.2922322226129436E-6	1.3185053121669824E-9	1.0941335707291361E-10	1.4475076032367355E-7	6.350720509563928E-5
2.17768966649205E-8	7.225838898316678E-9	5.506153430703899E-11	2.4644371533428215E-9	2.3827723252911757E-13	3.840018442791982E-9	1.7550046513857242E-10	6.48588853244368E-13	3.615714602761477E-8	1.0666274010255146E-8	1.820644564693252E-8	1.696059392193185E-10	1.0165874005391349E-12	6.12607865929562E-10	6.259972450585044E-11	1.1200139687193742E-12	2.2581142535929837E-14	4.531710757850131E-12	3.7627910611877425E-15	1.3906378197248377E-10	7.256638886919342E-10	8.754276388678255E-10	6.600462279201666E-10	2.827690869897035E-10	1.0107123890335634E-10	8.280565517623409E-11	0.0	8.280565517623409E-11	2.771043316716208E-14	4.0998600728011886E-15	9.984461090643286E-12	3.371064673631872E-9
7.482863381749856E-7	8.080362759309316E-7	4.934069410465458E-9	2.0840075208561035E-7	5.302274098003889E-12	1.121533802435402E-6	1.1297703674440858E-8	1.5989135968989448E-11	9.557567477751587E-7	2.5956322676849677E-7	4.973961996514384E-7	4.29530037009931E-9	6.23546158278634E-10	1.453600429105717E-7	2.239180687809734E-7	1.4461128173581057E-10	2.4059540794734E-12	6.800974074384595E-6	2.5502836981386507E-6	6.396985282339253E-9	6.764440148779864E-8	1.6513936041088376E-7	5.271899971737664E-8	4.7456942825512845E-8	9.256962306397153E-9	3.5234864307598152E-9	0.0	3.5234864307598152E-9	1.0466376023520137E-12	1.2151602589988996E-13	3.306062601632632E-10	4.857884099576594E-7
1.0357986502222933E-7	8.87061836064429E-8	1.3116334510185682E-6	3.6698023767949444E-8	8.347177745486216E-13	1.1916457914501285E-7	1.5232715330005644E-9	2.1404168392230613E-12	1.3898643693247514E-7	4.2716711160416045E-8	8.356939504244108E-8	7.344970335142674E-10	5.725555068130022E-11	1.0589127848693044E-7	4.967327811698507E-10	2.897194320233317E-11	3.0206351368513624E-13	2.6597804281738695E-11	2.602657046969641E-13	8.039150068967696E-10	8.470923108731253E-9	1.6120791445459748E-8	6.669358470518514E-9	4.781297055138794E-9	9.829233569376726E-10	5.717942862665083E-10	0.0	5.717942862665083E-10	2.1271479488099983E-8	2.2397460116459893E-14	7.247408257528238E-10	4.81549227680404E-8
1.5824183653940035E-4	0.0012050974682390747	1.9416645961081877E-7	1.8296542693005683E-5	1.0146516789646352E-9	1.1303100183867489E-5	1.3751771401872657E-6	2.91916935914958E-10	3.314560549708261E-4	6.647698654769422E-5	1.2684521828964875E-4	1.0040659785273196E-6	5.520695452031243E-9	3.3086068213773075E-6	9.294901229253592E-8	9.272194943850056E-9	1.5170662629019297E-10	4.564350157118702E-8	2.5600039802653574E-11	4.976610062791321E-4	1.9660550635845624E-5	8.20283219870706E-6	3.474518388611652E-5	1.7608432892054622E-6	1.0354661747738948E-6	6.693314789500758E-7	0.0	6.693314789500758E-7	2.057062607557436E-10	2.363716652624962E-11	6.519669267342671E-8	8.435468743133243E-6
6.543344391485708E-4	1.7727711761286093E-4	2.521329803427634E-6	1.8129911570628312E-4	1.3925843757847708E-8	7.812602925393963E-5	6.698050753353864E-6	1.0082740915021676E-8	0.0015005689890353578	3.7246329342100403E-4	6.995065713241857E-4	5.958843188884083E-6	3.062591360154104E-8	8.473088004652185E-5	1.1631604313895291E-6	2.7831028430173546E-7	4.658692000404122E-9	9.291799350950247E-8	1.1111354502582979E-10	1.0943126919821539E-4	1.6985564303258273E-5	3.272357663570975E-5	1.6297486526911095E-5	9.440789203316492E-6	2.568446920451524E-6	3.2201304951016423E-6	0.0	3.2201304951016423E-6	1.3693650055461123E-9	1.566155164206069E-10	3.027819965894291E-7	8.600994888900744E-5
5.41667548442213E-4	2.0274393863576982E-4	1.235244355691621E-6	7.927091868705525E-5	4.336596981664054E-9	4.040138108225738E-4	1.0079696855084456E-4	1.5331006321311464E-9	6.4724989172245E-4	1.9851167709340176E-4	3.803903933888843E-4	3.3752827628000756E-6	3.477399239096599E-8	9.761304187503394E-4	5.251011944402521E-7	4.646930684761313E-8	7.466355955271473E-10	6.382324183032227E-7	8.85958132873393E-11	1.1852751886797184E-5	1.0459283976581601E-4	3.168886153293729E-5	8.43752674884895E-4	4.598099259029946E-5	1.7690840120705908E-5	5.427963795596046E-5	0.0	5.427963795596046E-5	8.540440216961627E-10	9.988372013530925E-11	2.2556735179794898E-7	4.7148733619970494E-5
3.9965325617813966E-4	3.92668200731383E-5	6.523558546543694E-7	3.852810294506086E-5	5.114189433930022E-9	2.1684140489519264E-5	3.636315438737587E-4	7.859489190541311E-10	7.384675842017455E-4	2.698978432261616E-4	5.369384682012201E-4	4.832460316900854E-6	1.1077529082607597E-8	1.13202517840236E-5	2.0295347144122602E-7	3.18177497253502E-8	4.277311384105528E-10	3.0215920325434206E-8	6.752123628968067E-11	5.027972738046122E-4	4.346865916732832E-6	8.648611124032665E-6	5.546695228574495E-6	1.3908144416594298E-4	7.871119265638392E-7	1.9705649603561393E-4	0.0	1.9705649603561393E-4	1.3676742388804956E-9	1.576914041330928E-10	1.8642696403156927E-7	1.8118195044388794E-5
2.7532700414658234E-4	3.562730507826908E-5	6.708781832755853E-7	2.741722373217571E-5	5.7994536272102305E-9	2.315175081677551E-5	3.1530880808293096E-4	1.5592827741842288E-9	3.9717943236313634E-4	1.8026979942210075E-4	2.7393056007835156E-4	2.942001614223532E-6	1.0927532291887709E-8	9.47535160950854E-6	2.2612782172917846E-7	2.9491141398256867E-8	6.5941202720396E-10	2.996516042278111E-8	4.559689280564961E-11	1.4259267046824946E-5	3.6152907682231054E-6	8.46309189431552E-6	5.242923262308123E-6	1.023802254158038E-4	7.382967022892084E-7	2.665651279994631E-4	0.0	2.665651279994631E-4	3.587235058113131E-10	6.967658896619017E-11	1.2543217557492775E-7	2.1418722876914842E-5
2.8220692821575633E-5	9.368066748739103E-6	1.261177307710446E-7	1.5401346737803814E-5	3.6107525928530973E-10	1.7199363951660505E-6	3.3141022736636E-7	2.1601202266727074E-11	3.7266988004667376E-5	1.3875795739456796E-5	2.6650445643193514E-5	2.448108983794339E-7	9.551935583719208E-10	7.497525207935546E-6	1.2503417180852365E-8	1.4002428536313023E-8	2.388295425487672E-11	4.508049597800675E-9	2.4156462222919436E-10	1.4262511278627568E-7	9.341122319219582E-7	2.589053834110502E-6	8.206373544042751E-7	3.9292099387114406E-7	1.6102842988574677E-7	1.6422491647848228E-7	0.0	1.6422491647848228E-7	9.382613090142275E-11	7.673850324263187E-12	6.753412323434646E-7	1.246837092743005E-6
6.382532279020401E-5	8.968356644193305E-6	1.5018574156654286E-7	6.547987493901778E-6	1.273983111467326E-9	5.213156205495024E-6	2.00269781457278E-4	3.380229370565164E-10	9.679221886552117E-5	4.095880572481947E-5	6.317167911047193E-5	6.656672540944942E-7	2.4919209487818183E-9	2.19542848421391E-6	4.9981969818119673E-8	6.664957804217809E-9	1.437079227432257E-10	7.612783003593404E-9	1.0553607481919281E-11	3.096630001766359E-6	9.230523071027088E-7	2.0398975661066643E-6	1.2343694460635632E-6	7.511513089432865E-5	1.8695798298359174E-7	2.600829013478836E-4	2.598755993275744E-4	1.3014490814773158E-4	8.413652234027327E-11	1.576724679521872E-11	2.8901072378650268E-8	4.79976395400344E-6
1.9160535930538E-5	2.695680100414113E-6	4.5267009211941114E-8	1.968366687447183E-6	3.8233079600885097E-10	1.570200062516507E-6	6.0081015736339054E-5	1.0149694027828087E-10	2.9057547174999988E-5	1.2294802687963057E-5	1.8965650461524235E-5	1.9982762433371348E-7	7.521491015205525E-10	6.606346714491367E-7	1.5003922834581584E-8	2.0027911143577513E-9	4.3130388510376475E-11	2.28579813691382E-9	3.1682740865357652E-12	9.290554427743479E-7	2.7742672877166137E-7	6.130598145642384E-7	3.707587494998997E-7	2.2534891417964812E-5	5.624069052158565E-8	6.227998282150629E-8	1.1898659412185807E-8	6.503127658289765E-5	1.2377617576971607E-8	3.911362392773659E-10	8.676220660183992E-9	1.4428674103070583E-6
6.0633809482380866E-5	8.519904081355045E-6	1.4267587288275332E-7	6.220562761637759E-6	1.2102790222995394E-9	4.952478206884857E-6	1.9025551682477985E-4	3.211204811847083E-10	9.195223308717343E-5	3.8910706822554816E-5	6.0012850517919216E-5	6.323813135437839E-7	2.3673152511933873E-9	2.0856485580430083E-6	4.7482677768315524E-8	6.331684103461759E-9	1.3652197008643766E-10	7.232114372344945E-9	1.0025886238192861E-11	2.9417865097478852E-6	8.768961171588131E-7	1.9378947881461782E-6	1.172646193572833E-6	6.885620351886529E-4	1.77609359825708E-7	1.969361165017347E-7	0.0	1.969361165017347E-7	7.99293703983147E-11	1.497882339562104E-11	2.745590683816389E-8	4.559757168860114E-6
6.179161839596479E-8	1.1195912136651041E-8	1.7893641378409074E-9	6.644613544971373E-9	9.792169958067679E-13	1.0352266873714303E-8	4.1383105888669293E-10	1.0557563395290531E-13	5.90367172703011E-8	3.3351517441247945E-8	4.953025268586368E-8	5.5460020760488E-10	1.473411940705281E-11	2.639564228411646E-9	4.416836509762756E-11	3.674885484961343E-12	4.1821033759640786E-14	6.471144820054714E-12	2.552142360866895E-12	2.4626470817053304E-10	1.0702334966420767E-9	2.3323603291524745E-9	1.3841200807863734E-9	1.0034458010920736E-9	1.1182957097325699E-9	1.754297065634778E-10	0.0	1.754297065634778E-10	3.8414883269118144E-13	3.7357720494267205E-9	7.140395850520659E-9	4.992906367992596E-9
5.5152569362097305E-9	1.2432919176235492E-9	2.4131575639821286E-11	9.900753990860698E-10	9.162242440960103E-14	2.9009927809188644E-9	5.8144362724731874E-11	1.0784919704969942E-14	5.968403743507083E-9	3.1950947192973857E-9	4.881272231849817E-9	5.3419709375248425E-11	2.4941710680342465E-12	6.498251048744872E-10	3.3112890883949945E-12	6.669563511452655E-13	3.790714378051724E-15	8.537450088960261E-13	9.100000123262873E-16	2.8533013512476096E-11	1.3288543628720998E-10	6.86894983949593E-10	1.4062229154962844E-10	2.254537007739674E-10	3.691636755302042E-11	1.933385267945575E-11	0.0	1.933385267945575E-11	7.090134137179656E-15	1.3366583639833579E-15	2.4541663117721624E-12	1.7974475454377915E-9
6.485035204733195E-5	1.5238253099553054E-4	3.90936272688671E-8	4.716218672575078E-6	1.2795748483161917E-10	2.635591489733454E-6	1.7588283620140165E-7	1.989560194612439E-11	2.4812295780473524E-5	6.937369483652117E-6	1.3294749210368917E-5	1.1559634786574654E-7	1.18048938326341E-9	2.0089835040455586E-6	9.293894867719607E-9	3.839725744810971E-9	1.544087395783706E-11	2.2691237145310984E-9	1.4651626320064427E-8	7.11954997976951E-8	4.995381815553791E-7	5.95698294489348E-7	5.535836977810835E-7	2.7827771458144486E-7	7.553721520595298E-7	8.255162331529923E-8	0.0	8.255162331529923E-8	1.8591776347751408E-9	3.308323528724478E-12	4.0995412378674804E-5	1.2878834297259078E-6
0.0011262004372085232	7.096016572168189E-5	1.4068641450881368E-6	1.0664433250891263E-4	1.0510705027118283E-8	4.0387504520617387E-5	1.2281398632187687E-5	6.630216558107593E-10	0.004732925103216123	8.992206342281665E-4	0.0017232440379312758	1.3346883639928907E-5	2.4415010849309134E-8	2.428180169438561E-5	3.854268341752839E-7	5.1985689712810244E-8	5.048677558463353E-10	6.098848783466559E-8	2.109323615786544E-10	3.4840690317672393E-6	8.08653022372755E-6	1.7755031674816055E-5	1.2516042670526709E-5	1.3377322687008171E-5	1.6226897001466714E-6	6.1127874975084095E-6	0.0	6.1127874975084095E-6	2.5907325842315067E-9	3.027272141545531E-10	5.855128278904911E-7	3.537881125913827E-5
