32
NULL,open@__open_nocancel,fstat@_fxstat,mmap@__mmap,read@__read,munmap@munmap,open@__open64,close@__close_nocancel,rt_sigprocmask@sigprocmask,exit_group@_Exit,rt_sigaction@__libc_sigaction,sched_yield@sched_yield,mremap@mremap,time@time,read@__read_nocancel,mprotect@__mprotect,madvise@madvise,lstat@__lxstat64,openat@__openat64_nocancel,write@__write_nocancel,syslog@__syslog,getpid@getpid,writev@__writev,close@close,stat@__xstat,socket@__socket,fcntl@fcntl,connect@__connect,getdents@__getdents64,lseek@llseek,getrlimit@__getrlimit,write@__libc_write
0.9877241697460474	0.002371122110120443	2.612466692836888E-5	0.0018178049311134614	1.6979178301874274E-7	0.0014662761190776489	1.6980392478597664E-4	1.4190446753069652E-8	0.04364611300266807	0.010358900727918738	0.019451604167329762	1.6379225778900657E-4	6.666503941760116E-7	4.370529832807952E-4	1.598598976848393E-5	9.331175909821155E-7	1.410390815005753E-8	1.592820227147163E-6	1.612743017342192E-11	6.776094517644075E-5	3.375416121999701E-4	4.0783274354768556E-4	2.592088229867975E-4	2.3629234451450368E-4	9.06169466462149E-5	8.169809343601498E-5	0.0	8.169809343601498E-5	1.125614716520145E-8	4.176694298518502E-9	4.4681462566319925E-8	9.448012814151681E-4
5.465459832298079E-4	8.404802401725302E-4	4.202489172254329E-5	5.215285704041506E-4	1.264316745537627E-8	2.553376304541566E-4	6.600650322803912E-6	2.2471074380387197E-6	9.734614093907846E-4	2.6192001884349985E-4	4.889258304106467E-4	4.268436352367153E-6	4.6299372087188254E-8	4.147384267857825E-5	4.1818100095963835E-4	1.4751955132339853E-7	4.189865616311816E-9	2.3355236478320978E-7	1.0173677213110541E-10	3.553859141439165E-5	0.0016623531368251787	4.969858729216512E-5	3.2883625959352924E-5	1.1403947009381637E-5	2.357776087270889E-6	3.0574409625300693E-6	0.0	3.0574409625300693E-6	3.310804568235055E-10	1.1529686854646788E-10	2.1867963998540145E-8	9.064674470194781E-5
1.602916696811492E-5	5.331305305199647E-6	1.7881260596931348E-7	1.0299418715419495E-5	1.7517929096605772E-10	4.700489695035947E-6	2.7260396391796764E-7	6.193017670344958E-11	1.9562880052800457E-5	7.926244523577E-6	1.474969003326353E-5	1.3963423384840622E-7	1.2322502913262975E-9	5.944528697740522E-7	6.663548777318181E-9	1.1312317443058034E-9	1.6457253262199253E-11	3.735830961259374E-9	6.217042110184335E-14	1.0065408410247964E-7	5.662681641535215E-7	7.671337145237846E-7	1.1417690943782143E-6	7.37926530118434E-7	1.811908989807467E-8	1.3345684273478847E-7	4.741479326383211E-8	1.3345684273478847E-7	1.7791806726294557E-8	5.604778372513551E-10	1.7281265699906707E-10	1.7892613012041052E-6
3.23674267876791E-4	3.0794507569449793E-4	1.5562750700126011E-6	0.0025125890171408104	1.1695518984575285E-8	0.003418966354269517	1.8565078877568965E-5	7.053418696631628E-9	4.720790385753679E-4	1.3572583350620989E-4	2.5942482362532985E-4	2.274665982276407E-6	3.356271559298656E-8	1.837348668307533E-5	4.0577043097021005E-7	7.656072665739522E-4	1.5230310212632136E-9	2.448112268651042E-7	1.1490309174673562E-12	1.533325231317343E-5	1.7245123073703888E-4	3.513885243249362E-5	1.4824113499286562E-4	1.289233455949338E-5	1.0319408343830712E-6	9.721372654008977E-6	0.0	9.721372654008977E-6	1.9702980317655347E-10	6.581798754425148E-11	3.1622616801858433E-9	7.201755637707523E-5
2.87460329787127E-8	7.382908688971876E-8	7.06729238998433E-11	6.998201658322551E-9	2.8029947102727445E-13	3.8388896256979586E-7	3.85561991890671E-10	4.1307857147200156E-13	5.120404471384585E-8	1.2522439694931682E-8	2.3068757284201955E-8	1.9763636699391273E-10	2.0929232355535763E-12	1.1062188912686208E-9	3.157468984477106E-11	2.361398876988395E-12	2.7173555048185393E-13	2.0654697604600057E-11	8.788823180286908E-17	5.28998185379139E-10	6.920826434627932E-9	3.5212864669401346E-9	5.121671772061991E-9	5.441294092006793E-10	6.800260281303576E-11	1.8567467411752105E-10	0.0	1.8567467411752105E-10	1.2889358891420421E-14	4.952439516947286E-15	2.382881917400596E-13	4.42568315702667E-9
6.372154055190237E-4	3.324019400896091E-4	3.404029998245324E-6	9.289806369429647E-4	2.1900406584759354E-8	9.583215887188741E-4	8.361694201109544E-6	1.992308817454979E-8	0.0011151502843464198	3.1587895388275914E-4	5.88286299774901E-4	5.205010672787204E-6	3.5011836291126764E-7	8.224487741178424E-5	2.295072349121413E-6	0.0014291155435280402	1.8673485755332173E-9	1.8490588938429646E-7	3.860055235720957E-12	9.822876701483567E-6	9.712142312811973E-5	1.256454859950872E-4	3.5478398505774706E-5	1.6133795971732373E-5	1.0988845417668625E-6	3.781335344444151E-6	0.0	3.781335344444151E-6	4.0493417600005707E-10	1.435717916689851E-10	1.0754924399410394E-8	2.241522360784225E-4
1.2112203335649066E-4	4.493964828595409E-5	9.585909570557706E-6	1.8522352405725457E-5	1.977149263174402E-9	1.4120689811619557E-4	4.297851159970987E-6	2.2424571091326672E-6	1.3684952675260966E-4	6.0748333887935734E-5	9.662960250987763E-5	1.0088948239271734E-6	1.1073130539669395E-7	1.4135495653214216E-5	1.337988433682924E-7	1.4694461713804259E-8	3.0218348172369326E-10	2.4115893696670773E-8	5.772781905493115E-13	4.237460698076357E-6	4.482008006616759E-6	1.9508936916500505E-5	3.8683230814712375E-6	3.302903546184004E-5	1.422955196003295E-6	4.298362652359184E-7	0.0	4.298362652359184E-7	4.6477342077235044E-11	2.5411076345361848E-11	1.6079993429292626E-9	3.882127534378973E-5
2.2823591648288186E-7	1.1112763264601611E-7	1.433045253529815E-6	3.101278529155495E-8	2.6105959679434146E-12	9.25035119943717E-8	2.7081415716462514E-9	1.8662878658097416E-12	2.7557828118993665E-7	1.1246567642720367E-7	2.052047007234642E-7	1.9647049136816914E-9	3.1377142493830855E-11	1.1146353515590604E-8	5.852189551198196E-10	1.6958992518190877E-11	3.835255855137836E-13	5.6436324946051306E-11	6.29977937489485E-14	1.5692539433344644E-9	1.1004402052645857E-8	1.571186437015306E-8	8.990289055358415E-9	4.907252139118969E-9	2.728387483415362E-10	1.2505591442779115E-9	0.0	1.2505591442779115E-9	1.5731560359530808E-13	5.869577706986954E-14	1.7625078086637077E-10	3.373990054906258E-8
0.027630415256211488	8.231092227721801E-4	1.737954335637763E-5	0.0011388688741137587	1.533084852976579E-7	4.171599344214363E-4	9.36040874608925E-5	8.42538004025066E-9	0.011535247855445808	0.014643560554464093	0.026468242162669808	1.9011891184334464E-4	2.935458363152592E-7	2.6520661210408956E-4	4.2137336774745045E-6	5.024182486829546E-7	6.994709376600388E-9	8.713832493040224E-7	1.3166881769052034E-11	5.6951591466533497E-5	9.086123792208611E-5	2.493938589331385E-4	1.4281636457778014E-4	1.3544250076755982E-4	9.059074750270116E-6	4.327610373348982E-5	0.0	4.327610373348982E-5	5.843566724564353E-9	2.558752024007712E-9	3.665947441349095E-8	4.356719398282015E-4
0.02800747585703309	4.0763753839099214E-4	6.599799030754847E-6	7.408610089766799E-4	5.500074314128625E-8	2.0016695825932345E-4	2.5495997645858394E-5	6.945638922259219E-9	0.003620501350479761	8.881713184924247E-4	0.0016368323579062055	1.4032672135569867E-5	1.227089449269072E-7	8.346839097893932E-5	2.25034160354387E-6	1.9286393865624612E-7	4.606346601604567E-9	4.092044523118319E-7	5.225450849660747E-12	4.595387530627708E-5	4.601495152404916E-5	1.1171749658819986E-4	6.351072095747477E-5	4.5278590414266755E-5	5.625795689386166E-6	9.068357560213925E-6	0.0	9.068357560213925E-6	9.755801466002076E-10	3.5428724460198716E-10	1.4521134870627296E-8	2.033675136930861E-4
0.026140119918919034	5.626179923796783E-4	1.0053057799045725E-5	8.572518634989578E-4	8.513939366391389E-8	2.7659781509184147E-4	5.912099390746137E-5	7.1034872154507815E-9	0.007158842160360461	0.013895399752575897	0.01070268540260756	2.3887975817106106E-4	1.7740862686199133E-7	1.4783997317542447E-4	2.8976797828775375E-6	3.2050544973736136E-7	5.427136216280488E-9	5.567426162324379E-7	7.712248713214864E-12	4.724978898426E-5	6.29220689564032E-5	1.5539220589693057E-4	8.956237060916633E-5	8.032419869245272E-5	6.510930096517828E-6	2.6563111877554096E-5	0.0	2.6563111877554096E-5	3.560629029463818E-9	1.33812915921931E-9	2.1451584567730797E-8	2.756477993830052E-4
2.835694630377253E-4	5.3984989808094435E-6	9.811800967716227E-8	8.712914819761437E-6	8.389281336148444E-10	2.68007983945884E-6	4.7563437969059473E-7	7.496107676455763E-11	6.133681371172407E-5	1.5083257197951553E-4	1.0608929449142097E-4	8.277053148141894E-5	1.7411506156263474E-9	1.3800254160658685E-6	2.8682131705965407E-8	2.9056773916392524E-9	5.416589102671301E-11	5.503565724564742E-9	7.59093056750773E-14	4.990970985759832E-7	6.037627948856995E-7	1.5342801297626933E-6	8.768046118997258E-7	7.302902996774802E-7	6.707044622057081E-8	2.0161547041376022E-7	0.0	2.0161547041376022E-7	2.5634079288161568E-11	1.035641357709744E-11	2.1113722762712532E-10	2.7389625837715656E-6
1.7035706943785746E-7	1.613830074381722E-7	3.580455065790237E-10	5.552475945189263E-8	1.5834859344653947E-12	2.4156943729892702E-8	2.4591306524601002E-9	2.8965488476006144E-13	2.587661400131777E-7	7.033798097853141E-8	1.3258917973560387E-7	1.155062693510793E-9	1.4189677879777423E-11	1.42723218108084E-8	1.5372617568445E-10	2.973076636576435E-11	2.542499875990577E-13	1.4663137546329343E-10	3.363578868317346E-16	3.149683017461439E-9	1.8127490565770236E-8	2.4955527434268442E-8	1.1364319909848602E-8	3.709815952032352E-9	4.704618791756073E-10	1.168057726637915E-9	0.0	1.168057726637915E-9	8.648595749829011E-14	3.1751610505515237E-14	8.855971667425738E-13	4.6977174469994216E-7
3.0216401591005724E-4	4.024463039886501E-4	9.24345181252434E-7	3.327578378404452E-4	7.800659622297784E-9	3.798318522553592E-5	4.561918395768205E-6	4.0663717887080893E-10	3.946579443693925E-4	1.3233034811599434E-4	2.534870913027537E-4	2.2910495699386034E-6	2.5079113727171894E-8	1.830625948529537E-5	7.286363578685998E-6	3.682178274922803E-8	9.730267275190339E-10	1.8980234418067483E-7	5.207598750553119E-13	3.9136417792458565E-6	2.1507513688596125E-5	9.249796706061852E-5	1.7641289661469326E-5	6.939408834173894E-6	7.414965763345688E-7	2.18366481307445E-6	0.0	2.18366481307445E-6	2.0118467258826982E-10	6.968700303369117E-11	1.3910182037850805E-9	3.473123602627876E-5
3.387817415043507E-5	9.948851296747674E-6	6.513658133099391E-8	2.2867208455747916E-5	5.414400377358321E-10	2.1036953019399123E-6	3.0116953588073697E-7	5.141320545961077E-11	1.0412886723108579E-4	2.0065488751590105E-5	3.85011384894647E-5	2.999245596583748E-7	1.66282850388258E-9	9.354871885081372E-7	1.7804506789680974E-6	2.676392577623971E-9	4.062231294360944E-11	3.203059725458024E-9	8.219024358117355E-11	1.947219550265532E-4	3.651507486766666E-7	9.299682912461542E-7	3.845394743792396E-7	4.775817827980395E-7	2.6089540108416984E-8	1.4092439828817886E-7	0.0	1.4092439828817886E-7	3.049489886476141E-11	6.906595017106087E-12	1.7755012828005328E-8	2.5081422946153437E-6
1.3932412863665918E-4	2.9900090003057468E-5	1.05589643770944E-6	3.366184233377816E-4	1.2379606170202455E-8	0.0011163334798294931	2.014434407699189E-6	1.0592039397933353E-10	1.8059978140316877E-4	6.889190995330844E-5	1.3835827046993024E-4	1.2489039221773643E-6	1.836519683962722E-8	1.005535317780801E-5	1.9169480945434937E-7	3.224867088352357E-8	1.5865501941968195E-10	4.5095096144588364E-8	1.7523772071137045E-13	6.027277979426334E-7	3.0522369707821623E-6	1.454473855124101E-5	2.9457850602578875E-6	4.185302921770137E-6	3.875815721427566E-7	8.88512075679166E-7	0.0	8.88512075679166E-7	1.412494442975011E-10	4.206211108437247E-11	4.850948256909849E-10	2.553156042391461E-5
8.30381540270172E-9	3.910327810566155E-9	2.2485564799410194E-11	1.150460016666172E-9	1.0117569088674257E-13	1.5900884932238706E-9	7.533694337309084E-11	2.115916521354683E-13	1.3522184639027387E-8	4.074348100485184E-9	6.921349354033669E-9	6.500392661298713E-11	4.603671267846466E-13	2.695415867822221E-10	2.4868383829216447E-11	4.892995006522456E-13	1.2309048787847993E-14	2.8494156562016345E-12	3.2235994851221235E-17	7.420731418815064E-11	3.9943079790008097E-10	5.203672806339798E-10	3.264879133031034E-10	1.2301521905566842E-10	1.1268287648332175E-11	3.548983789273434E-11	0.0	3.548983789273434E-11	3.317940617094102E-15	1.5703981924706678E-15	8.923626155615136E-14	1.4273620129092995E-9
2.523798179499196E-7	3.824991437270549E-7	2.0140379408582914E-9	9.368404816460573E-8	2.760959974844528E-12	4.489910352210825E-7	4.912775366139436E-9	6.3539952311404746E-12	3.6145006623565555E-7	1.0087064826948087E-7	1.9289159617207323E-7	1.6794790158563407E-9	2.5117160622527285E-10	5.9421001699177745E-8	8.770308486020999E-8	6.072515585030792E-11	1.2217480843252483E-12	2.697523933318439E-6	1.0115158665519224E-6	3.692443638931263E-9	3.348418282929746E-8	7.5483337658512E-8	2.4749838160443417E-8	1.9738061256130194E-8	7.313089630603631E-10	1.6001645441876022E-9	0.0	1.6001645441876022E-9	1.3429350715707718E-13	4.7771854370684246E-14	2.8839334403745073E-12	1.984506560220847E-7
2.2995511110492754E-8	3.8132644297909634E-8	5.202167413478463E-7	8.889253728507235E-9	2.2492785906334265E-13	4.6942330600494264E-8	4.6406713843169044E-10	8.417448108957232E-13	3.283662593256435E-8	9.033505367091873E-9	1.7388384530810643E-8	1.5042605978911244E-10	2.2714560536970114E-11	5.354599406958301E-9	1.9142533640277135E-10	5.534385161386476E-12	1.2587152750749523E-13	1.5679490173649458E-11	3.8032623464020315E-16	3.8756255658420903E-10	3.715472471879422E-9	7.060994224853065E-9	2.7353759209032226E-9	1.793631862136641E-9	7.105540907460553E-11	1.5485377961783366E-10	0.0	1.5485377961783366E-10	2.1779724725186584E-11	4.297093133844948E-15	1.058474177887207E-12	1.9152622443202507E-8
5.126279769883873E-5	4.8431720272071007E-4	8.378939834189667E-8	9.402909373011837E-6	4.3138980738406016E-10	5.222765253927381E-6	6.278245358688486E-7	1.0938394174906502E-10	1.2558031901587603E-4	2.523298008205839E-5	4.821625476204493E-5	3.8203243654679824E-7	2.8247346383764484E-9	1.5815233447269675E-6	3.8303384628593644E-8	4.257563910156943E-9	7.750572101414773E-11	3.044093587604706E-8	7.04723258408269E-14	1.95380096639841E-4	9.001832520663512E-6	5.202669731006448E-6	1.4276612044483771E-5	8.327994371883234E-7	1.0133209052132851E-7	3.0441602799695715E-7	0.0	3.0441602799695715E-7	2.5609104850012137E-11	9.01235578495394E-12	1.8581110396146395E-10	4.37207974541966E-6
2.6925608511634035E-4	8.654536525615313E-5	1.06295810303509E-6	7.40918280797986E-5	6.3798327337288515E-9	3.328889747122266E-5	2.70892223928743E-6	3.2938897507936467E-9	5.671850840457219E-4	1.4397228837402756E-4	2.6921777616174147E-4	2.3137932050078562E-6	1.4042387857233376E-8	3.48820739483983E-5	4.954963962997425E-7	1.1002000704777854E-7	2.17458068170438E-9	5.35566147465639E-8	6.038875924803175E-13	4.31865187273051E-5	8.324104965430164E-6	1.6948085555068954E-5	7.507533003838273E-6	4.0374325624836124E-6	4.268237327606086E-7	1.291638911037313E-6	0.0	1.291638911037313E-6	1.6827493612971077E-10	6.09251218094095E-11	1.6757071093753462E-9	3.6700976543177544E-5
2.4055209031762027E-4	1.1426228486767544E-4	3.8696746062087735E-7	3.557444514997827E-5	1.7978848288873114E-9	1.5434254148862588E-4	3.93882233245881E-5	5.037573009411792E-10	2.3068523509940802E-4	7.26423628156859E-5	1.3955564856218586E-4	1.244384922436818E-6	1.2926166277748689E-8	3.829704414972655E-4	2.0981130400141485E-7	1.91570259579786E-8	3.5357565078462263E-10	2.8863622451910365E-7	3.267738643567727E-13	5.307422129741871E-6	4.4561765517585976E-5	1.779497651415116E-5	3.3032144975593834E-4	1.793247750298824E-5	1.0262968626292579E-6	2.121566936398493E-5	0.0	2.121566936398493E-5	1.0428996938904634E-10	3.7171712444788456E-11	8.772001500219414E-10	1.9669752530005938E-5
1.952936033382664E-4	1.8135745062015774E-5	2.536305664455524E-7	1.507974400598258E-5	2.044186436703482E-9	8.30350487989803E-6	1.4254462346592855E-4	2.612730078087171E-10	2.725561682009238E-4	1.0265324600574826E-4	2.0469268976073835E-4	1.850470343377304E-6	4.392416929290292E-9	4.441068099878925E-6	7.749229767256452E-8	1.2257900093089337E-8	1.9480676202829276E-10	1.497589021064821E-8	1.9129338021589392E-13	1.9719796403585373E-4	1.9579014110430556E-6	3.9325164401679365E-6	2.3048407592220273E-6	5.450877024602782E-5	1.1218030972565307E-7	7.724853423900487E-5	0.0	7.724853423900487E-5	1.7768110740481358E-10	6.076888722786971E-11	5.315247983655723E-10	7.195114926480205E-6
1.3004940244744836E-4	1.6936678179256722E-5	2.6632762845990046E-7	1.0944648722701192E-5	2.3633418287789494E-9	9.110146589125904E-6	1.2362144266875013E-4	5.217166220249654E-10	1.434165839472233E-4	6.850763804238013E-5	1.0296021335063556E-4	1.1219170301109418E-6	4.460077610399261E-9	3.8206721424169745E-6	8.986413692084937E-8	1.1493749346361372E-8	2.978282604168477E-10	1.4995811176188362E-8	2.1284985481140618E-13	5.6366602492568355E-6	1.7007648868372497E-6	3.94526661060868E-6	2.214598746147779E-6	4.0153381262358225E-5	1.0813442178742505E-7	1.0451649807980543E-4	0.0	1.0451649807980543E-4	3.8894453361537374E-11	2.647159358064523E-11	5.921998952639876E-10	8.677760530373253E-6
1.0791302085796945E-5	4.7438274914784805E-6	5.1740685583531885E-8	6.213127997447873E-6	1.6641163177048484E-10	7.618345332035639E-7	1.3563330254326114E-7	8.369834846510788E-12	1.3625362803134334E-5	5.300810872659039E-6	1.0160934847031276E-5	9.416034648063834E-8	4.5452258068714267E-10	2.9890474265985575E-6	5.975250836571765E-9	5.534896824299136E-9	1.9465926119357305E-11	2.883580686158271E-9	2.621592651569829E-13	7.556940394676815E-8	4.801566147596434E-7	1.2274943268473106E-6	3.9042185527806956E-7	1.6848562580166894E-7	2.5097754508545342E-8	6.683049943336276E-8	0.0	6.683049943336276E-8	8.271310838815269E-12	2.9663680933032255E-12	7.325473403023964E-10	6.090620485946267E-7
2.9583073666120534E-5	4.480805900630525E-6	5.977054106244902E-8	2.667048998069438E-6	5.194382788352951E-10	2.0701959592359215E-6	7.852868974078791E-5	1.1343617353746742E-10	3.5166981699230027E-5	1.5565260285105712E-5	2.376481338010202E-5	2.538274030367556E-7	1.0314998031595761E-9	8.905867400145905E-7	1.988879152719354E-8	2.6143008790416725E-9	6.522000293475363E-11	4.011141103128085E-9	4.771605107917131E-14	1.230076218071237E-6	4.581642876225566E-7	9.863534346455508E-7	5.386585785444174E-7	2.945945740541739E-5	2.6088883991952587E-8	1.0198363803912627E-4	1.0190346776436013E-4	5.10318282666865E-5	9.250763652305285E-12	5.991496310894404E-12	1.3249290522391615E-10	1.969149276688802E-6
8.880959202014347E-6	1.3466588280910265E-6	1.801376914779096E-8	8.017325756521313E-7	1.5589087956476861E-10	6.235204086661603E-7	2.355864000686269E-5	3.406590383317283E-11	1.0557451596437434E-5	4.672323408739662E-6	7.134875036883915E-6	7.619743756023192E-8	3.112476639948642E-10	2.6797860001937927E-7	5.970497754221267E-9	7.856085168479705E-10	1.9575646337246433E-11	1.2045091998676227E-9	1.4324184129004803E-14	3.6905588845880086E-7	1.3768989004812453E-7	2.964007204725397E-7	1.6179289293182955E-7	8.837978712436517E-6	7.837151906849456E-9	2.408670443790772E-8	4.7193507888723934E-9	2.549999159065783E-5	4.9020738817630425E-9	1.5505718381807704E-10	3.9773699004024814E-11	5.919306039640164E-7
2.810380542015992E-5	4.256748253344652E-6	5.6781782543457644E-8	2.533686219820218E-6	4.934643533301349E-10	1.9666781442861935E-6	7.460195114555271E-5	1.0776392557056933E-10	3.3408496427514455E-5	1.478693699322147E-5	2.2576480680088335E-5	2.411350499194075E-7	9.799208184418368E-10	8.460539541504249E-7	1.88942749300084E-8	2.4835757110148575E-9	6.19587502187004E-11	3.810568514529217E-9	4.533006374125356E-14	1.168567643605968E-6	4.352542989661248E-7	9.370319431861855E-7	5.117235636217602E-7	2.700064802969163E-4	2.478433876120995E-8	7.616145056260963E-8	0.0	7.616145056260963E-8	8.788189645419261E-12	5.691898292834288E-12	1.2586774687408365E-10	1.8706841871772282E-6
1.3509992269694785E-8	1.9590897884207838E-9	6.655244541462014E-10	1.0165914176634896E-9	1.3981490004829857E-13	2.067048673242763E-9	6.356274841332498E-11	2.755439811627379E-14	7.65598655888023E-9	4.592960492367165E-9	6.829662630894903E-9	7.69941869685852E-11	4.955381635711472E-12	4.674622927469556E-10	1.10606381356168E-11	5.695150986429137E-13	7.282582368171127E-15	1.2963438012748657E-12	2.6938504418704165E-15	4.1744143935128655E-11	1.981036817629033E-10	5.106963631741125E-10	2.1222470756582716E-10	1.7769740325506993E-10	4.8061679673019194E-11	2.558557936814409E-11	0.0	2.558557936814409E-11	3.130688106305119E-15	1.481711264882481E-9	7.537116220346454E-12	1.1536906041305495E-9
2.524174543443575E-9	6.467850219060597E-10	9.549951980720055E-12	4.129363443068943E-10	3.742929925262296E-14	1.1517566905244593E-9	2.337764286315327E-11	4.081626723660516E-15	2.1325337927469705E-9	1.2239811401505662E-9	1.849862607470709E-9	2.055562913799835E-11	9.960754459544468E-13	2.591984608440346E-10	1.3255525254529975E-12	2.6827678143302644E-13	2.068829225210748E-15	4.986065616535354E-13	3.8117503825480385E-18	1.4099957123674453E-11	6.887267548777425E-11	2.961171210921199E-10	6.420037535788111E-11	9.092751453601756E-11	3.3377571428835237E-12	7.816583721836978E-12	0.0	7.816583721836978E-12	8.0492487592394395E-16	5.135356741960852E-16	1.050951587909921E-14	7.233657457901537E-10
2.9504138480222314E-8	1.7396568523607804E-7	6.171586292893431E-11	8.5791133418795E-9	1.8354785608017797E-13	2.046318294534621E-8	3.3627147601595354E-10	9.520226311945967E-14	2.381259040935254E-8	7.168384949559118E-9	1.3810954225328741E-8	1.218474497986088E-10	1.4503381123006696E-11	4.7379892702082555E-9	1.8573392320132872E-11	5.441922250513938E-12	4.1334657410424904E-14	1.8271484650227175E-11	1.5431040492810736E-11	3.8714540563322083E-10	2.4444412103917214E-9	6.618631786048412E-9	1.7350247657325372E-9	6.275882023207265E-10	1.535318644014074E-10	1.5270679529260025E-10	0.0	1.5270679529260025E-10	1.9391933803131425E-12	3.6021626260148534E-15	4.3176504496364885E-8	6.207318464404531E-9
5.689120891067539E-4	3.0015673205820554E-5	5.332941927693653E-7	4.0819693336161036E-5	4.093019059634605E-9	1.4568420660299634E-5	4.675937751468484E-6	2.1044165538392922E-10	0.001821496041094837	3.448358966424876E-4	6.616271823903824E-4	5.1196968204539785E-6	9.229941794879817E-9	9.248088166602756E-6	1.3722126204257021E-7	1.954901477169185E-8	2.217846978621493E-10	2.7303723397104572E-8	3.7081895445516487E-13	1.3791667820736962E-6	3.2965492590719874E-6	7.437020149665317E-6	4.920937680714301E-6	5.086923956989267E-6	2.3629731520783578E-7	2.3297124045691642E-6	0.0	2.3297124045691642E-6	3.317277890427785E-10	1.157564506753951E-10	1.0314566533204833E-9	1.3400065734405514E-5
