32
NULL,lstat@__lxstat64,openat@__openat64_nocancel,fstat@_fxstat,time@time,open@__open_nocancel,read@__read_nocancel,mmap@__mmap,munmap@munmap,mprotect@__mprotect,rt_sigprocmask@sigprocmask,exit_group@_Exit,rt_sigaction@__libc_sigaction,sched_yield@sched_yield,write@__write_nocancel,syslog@__syslog,getpid@getpid,writev@__writev,close@close,open@__open64,read@__read,close@__close_nocancel,mremap@mremap,stat@__xstat,socket@__socket,fcntl@fcntl,connect@__connect,getdents@__getdents64,lseek@llseek,getrlimit@__getrlimit,write@__libc_write,madvise@madvise
0.5358780263363556	8.3485986141067E-5	5.169951647076808E-10	5.146738860851995E-4	0.018694068438523375	0.047298091189147975	4.841708125667891E-5	0.059128978154915676	0.053889737367209894	4.0315992715271446E-5	0.07139853506713614	0.023460964017659184	0.046160253989465494	4.166975902267063E-4	9.285910509798575E-4	0.00558232438368456	0.007740381975915301	0.00530377241732984	0.005497999540332297	0.002477066316846429	6.786026932420653E-7	3.659730162311096E-7	6.92136279818317E-5	0.0012643473792827967	0.0010649284524165067	0.0	0.0010649284524165067	3.32611859620977E-7	1.162768282652999E-7	1.4176034808527956E-6	0.09079323703767597	1.0472655211010312E-7
5.604063321728896E-6	2.2954607475316472E-4	8.607139962867258E-5	1.1518000346354402E-7	4.845948114189401E-6	2.7038971857237764E-5	2.373016611419484E-5	1.4868903073547409E-5	4.364860599609533E-5	8.765227070084192E-9	2.1580890529380716E-5	6.227430488170327E-6	1.2064526533211564E-5	1.0692996178085709E-7	2.866766542921348E-7	2.7452565659451483E-6	3.50592613401699E-6	2.2388928943440992E-6	1.1393314317645654E-6	5.850864937547237E-7	1.778488759292385E-10	2.8649050081168996E-10	2.900108972509156E-8	2.9685791133400163E-7	2.627366587166141E-7	0.0	2.627366587166141E-7	7.883293011791125E-11	2.8065423499809436E-11	4.2014638629922433E-10	2.0857737342969217E-5	8.68647782760559E-11
5.732251413372078E-7	2.459277413332085E-9	4.0205194206823395E-14	4.426099546148677E-5	4.5771850370431967E-7	3.02082973674189E-6	4.672404825932265E-8	1.4698337447157216E-6	4.63826024472965E-6	8.500588319037438E-10	2.3105951233519894E-6	6.409924653959485E-7	1.2389884273535994E-6	1.089764341973692E-8	3.097152727782115E-8	3.177752294971249E-7	3.433702507472353E-7	2.5733311182581625E-7	1.0801608661156421E-7	5.885858314613762E-8	1.7983721411626723E-11	3.388463158688663E-11	2.626325981596685E-9	3.077126016682926E-8	2.6737953709977702E-8	0.0	2.6737953709977702E-8	2.05390971706718E-9	2.8100132796622314E-12	1.1163394175267677E-10	1.9718084215226645E-6	1.0628368711720616E-11
2.2458738880169158E-4	5.15199504449689E-7	8.265451534882653E-12	1.43342095966398E-5	6.824448484497728E-5	3.594537842711793E-4	3.806003299887624E-7	6.999006039494531E-4	3.139372140993295E-4	1.6790794912384736E-7	6.033306486029354E-4	2.4332269203287005E-4	4.479482611095615E-4	4.329850147377906E-6	6.828585683386533E-6	3.506796633534755E-5	4.231533729770488E-5	5.092977990228253E-5	3.551470153680062E-5	1.955824326002786E-5	7.817263433895523E-9	3.706257402829434E-9	1.4728847198938877E-7	5.203327796853867E-6	9.725250203660287E-6	4.034595750058352E-6	9.725250203660287E-6	1.5159585226020546E-6	4.849469720983797E-8	2.2972184507901494E-8	1.9758767707669388E-4	1.033663111058154E-9
0.0032662874510556374	1.3883827554206654E-5	7.944215650644347E-11	3.8184044011463235E-5	0.0011035324827324	0.0315315675608669	2.2302122953098396E-4	0.02367591092710442	0.0025130441166340126	3.1962717608073993E-6	0.010856103089744478	0.003588482037195099	0.006973518595698553	6.341226003478786E-5	1.3718684027936976E-4	6.606169654968482E-4	0.002853436853155125	7.957665333963566E-4	3.7270797642198944E-4	3.265625589922252E-4	1.5118495087990843E-7	4.2429478100226936E-8	2.547309335655331E-6	1.3492281951488783E-4	1.632192393919074E-4	0.0	1.632192393919074E-4	4.942800537441176E-8	1.745019135869194E-8	2.176948055004778E-7	0.0033148604886378457	1.293421658643594E-8
0.006691048110418323	2.4478796337919728E-5	9.674581029223177E-9	0.0018456555508691572	0.002602212294130402	0.03886441802529053	0.017516626446602093	0.037737005091636175	0.006875775369279509	1.3390243348411496E-5	0.027406640292701533	0.007345280288389806	0.01345764349576828	1.2053094162246469E-4	0.0014184679905885253	0.05710358019101542	0.0019439577861889463	0.0015448273792706033	6.834205222122857E-4	5.092496793512351E-4	3.438622559489422E-7	7.612672381022729E-5	5.677484927281362E-6	2.7763549579334695E-4	2.4802864541622374E-4	0.0	2.4802864541622374E-4	7.352656150903634E-8	2.817299070272225E-8	2.368229828880218E-6	0.011458771646653019	1.083815820251732E-7
5.012355389533631E-4	5.558443979136316E-7	7.731850343211579E-9	3.5174448654061396E-6	9.501395343353904E-5	6.666838582524219E-4	3.1257041799702466E-4	0.001885465658771784	1.7083061342739364E-4	3.2124823204641215E-7	0.0033229577634024147	6.153486343060502E-4	0.0011817447858749393	9.239219165921528E-6	0.0064872467616977625	2.7005915464330884E-5	5.247084675778757E-5	3.7191299851474444E-5	3.3093239111642504E-5	2.946329347863716E-5	1.4682349839571445E-8	6.711758276451021E-9	1.9930048207008302E-7	5.377846719188648E-6	1.4604559638662155E-5	0.0	1.4604559638662155E-5	6.234658456205763E-9	1.8476629416029134E-9	1.6867133258048783E-6	2.8645303212139955E-4	1.299869416547201E-9
0.006308920918044382	2.7263168855708715E-5	1.679506032744415E-10	8.835251595480503E-5	0.002059760041859779	0.02500434941829995	1.9219015689267502E-5	0.1750742530000381	0.2632611597964771	0.05124160212172134	0.024934813812487407	0.006983285937502159	0.013415669019550425	1.1860711136431742E-4	6.664413726710983E-4	0.007129430863821017	0.0019717410277870387	0.0052016588577870875	7.992753146310674E-4	9.051899787381006E-4	3.099880472678923E-7	3.4023705064807065E-7	5.113899447473589E-6	2.7898745866233876E-4	4.6420045740539585E-4	0.0	4.6420045740539585E-4	8.549124120044525E-8	3.044861035765761E-8	4.6137694792449036E-7	0.007974216574376832	9.49344925758637E-8
0.010490608903923842	2.6795743819945053E-5	4.92471918544767E-10	1.97490576095914E-4	0.005101231221921534	0.019244159478908264	4.8712640754976635E-5	0.07251879327995427	0.06400763664207233	0.0956490202134954	0.03755563127654677	0.010981375645406417	0.021363544779855914	1.8949905658305412E-4	5.50774701585062E-4	0.00443551885440053	0.004958144193933477	0.00245693174201484	0.001155807697930654	9.189766222204232E-4	5.031724974480672E-7	1.7522276324219304E-6	3.563099166669E-5	2.6461009898717173E-4	4.5189203853494457E-4	0.0	4.5189203853494457E-4	1.4410719157060834E-7	5.032760432800503E-8	1.3708264858885356E-6	0.024344247924325362	7.465761159437734E-8
0.003588100430448002	7.636522812711014E-6	7.154241081033149E-11	4.974665829715703E-5	0.0011064077560900296	0.0031209622278138343	6.553282990472323E-6	0.026230673529363986	0.07580455043704282	4.243426396244181E-6	0.00965522897957154	0.0038427204713432886	0.00771022955384131	7.112029337913511E-5	8.389752918667732E-5	3.4140500404333644E-4	7.501948959252775E-4	4.190043912477142E-4	4.0376257046341425E-4	3.4446314859660945E-4	2.603181217224458E-7	3.1326065490208946E-8	2.8178663114333586E-6	6.868731160215317E-5	1.708343914160879E-4	0.0	1.708343914160879E-4	6.344348163643907E-8	2.1279978900198934E-8	1.9877153884092578E-7	0.0038097516875372495	1.0486894085108306E-8
0.12683890737764722	7.310186417290326E-5	1.1501582638105692E-9	4.4877302435890787E-4	0.011909857214507285	0.02828004716193615	6.0293449442676096E-5	0.0870869581826102	0.019916347563890248	3.065854463973702E-5	0.11254548475567556	0.1338845700915137	0.2449160360432598	0.001748746912569918	0.0018290012973793263	0.003189337387651099	0.006846723100183517	0.00524187241171986	0.004058413456559704	0.003047904813645069	1.84921165646599E-6	6.894489874783699E-7	2.2957551164241116E-5	6.936680484391617E-4	0.0014294332359789117	0.0	0.0014294332359789117	4.809396538455477E-7	2.0437471320706344E-7	3.2012850822435157E-6	0.03314812628212068	1.3056677373292774E-7
0.14284606499079205	4.403768714084186E-5	6.096444209200645E-10	2.3183416311867974E-4	0.00470421838136264	0.016217128085203144	3.7206197190628303E-5	0.07068442468049711	0.010711312076021908	1.5504570009096048E-5	0.0707621492519697	0.016469260969622507	0.03033606957865666	2.609707312952303E-4	0.0016769509154559753	0.0018669409462107403	0.004015122101005098	0.002982376056014106	0.0018426746200550339	0.0012609809961118678	8.415703759182132E-7	6.591109291066139E-7	1.1887586914709182E-5	4.330108248298695E-4	5.153138384291282E-4	0.0	5.153138384291282E-4	1.5038815988890584E-7	5.710533062294019E-8	1.6943327702856169E-6	0.01917349137263935	9.896767130519447E-8
0.12720613273964182	5.1769735413483066E-5	7.629403916916868E-10	2.953846223564255E-4	0.007225326149018894	0.0201587037530489	4.2940228879210823E-5	0.07267818807309033	0.013301783551783833	2.1354083200267072E-5	0.08727424128969727	0.13394756214289397	0.10563177562836762	0.002317011923358583	0.0016189204876927903	0.002281770581496742	0.004788921841380323	0.0036419821195992504	0.0026560135249379525	0.002100766560664998	1.1357477832504102E-6	6.258057439986517E-7	1.5010426424868408E-5	5.006961990041282E-4	9.615481432499372E-4	0.0	9.615481432499372E-4	3.195421017497259E-7	1.2114212841161752E-7	2.1219111741058567E-6	0.02281563200523908	1.0680006218782669E-7
0.001393811782977982	5.276281694608112E-7	7.693937363208067E-12	2.9604985053192038E-6	6.848901634608341E-5	1.992445825929743E-4	4.4110316387150096E-7	7.610652543870109E-4	1.343497414088058E-4	2.0221154585036594E-7	8.438812531777961E-4	0.0014670027370235561	0.0010782051359395732	7.895122421428662E-4	1.7342094169342694E-5	2.2721329885917402E-5	4.863272687044813E-5	3.662045194015294E-5	2.5166237750028933E-5	1.8319048244453742E-5	1.1350088869333823E-8	6.731999483116437E-9	1.5144787243488448E-7	5.11727952395516E-6	8.076861358958847E-6	0.0	8.076861358958847E-6	2.5675048060698674E-9	1.0233305405566675E-9	2.1396403153176417E-8	2.3315938356230028E-4	1.0936699308374806E-9
6.484926068398593E-4	2.222027544317765E-6	1.196721801351008E-11	5.103119031703919E-6	1.4869909868254873E-4	0.01593809144220674	1.0561088261694775E-6	9.265796143978887E-4	3.402559262095198E-4	4.6224612156191696E-7	0.004092656363162358	7.870151171128349E-4	0.001505324834082306	1.1958292522850357E-5	0.006505480880702795	2.914240405071246E-4	1.534939280074612E-4	5.041966002854646E-4	5.029662249090732E-5	4.645151767668464E-5	1.572553608856106E-8	1.2441834323163395E-8	3.254151147818175E-7	2.1626720693153175E-5	2.3163776233739837E-5	0.0	2.3163776233739837E-5	6.858677873765217E-9	2.4501491243397415E-9	3.269995509729923E-8	4.7217613772478425E-4	2.228809873822398E-9
0.003464207146237845	6.465378904784452E-6	9.615991650927159E-11	5.082014766736467E-5	0.001438419132744607	0.003205729321216962	8.068662588405801E-6	0.0052275798119500675	0.0017196233281937562	6.404519154345428E-6	0.01592323372173538	0.00388933513330765	0.007200565122589232	6.26419664162502E-5	0.0014804910230015304	3.4910229010479853E-4	6.558154122830315E-4	4.527968665672393E-4	2.814054413791091E-4	2.2473569291858668E-4	1.5185248138320014E-7	3.168576412829896E-7	1.9445387977451245E-6	6.233317931454105E-5	1.1036095386677782E-4	0.0	1.1036095386677782E-4	3.706419119546643E-8	1.4208723453508601E-8	2.674758806156512E-7	0.0043651749599768214	4.47879205626032E-8
0.002149357621953034	1.4528414804218E-5	6.186538815722662E-11	2.6040186653589027E-5	0.0132439090764943	0.005247073023361413	6.740778090507722E-6	0.004458071431134359	0.005091582643475472	2.2036737740980353E-6	0.008534413867742695	0.0024062971407436034	0.004606766709372986	4.085915838824252E-5	1.9787264095790606E-4	0.0014362865959625278	8.468882517481553E-4	0.008294589269448977	5.871346096248735E-4	0.0010926749763783428	6.873958903614071E-8	6.074820295919534E-8	1.7816315307073166E-6	1.8395127468231296E-4	5.841699733048168E-4	0.0	5.841699733048168E-4	2.878911659721061E-8	1.044898837872361E-8	1.6853155396033693E-7	0.0024821825054000845	1.1077755595622069E-8
0.002665642302665751	3.2471208152934753E-6	5.0431466214842955E-11	2.059374966819318E-5	6.561387096485869E-4	0.0015692963613567743	2.62515528561073E-6	0.003187051792906527	9.486973932385565E-4	2.002016088711552E-6	0.007279373946048353	0.0028577310500664905	0.005695956908647623	5.2612173317060875E-5	0.0065983987490789734	1.6975135583248812E-4	3.0286723121024996E-4	2.4768655263409197E-4	0.0019501904539437835	0.004896741726467163	8.074322284887197E-8	3.3856274388055635E-8	1.001644159350599E-6	3.057661485334237E-5	0.0026527076597386823	0.0	0.0026527076597386823	4.490571979766475E-8	1.5542382723564945E-8	1.4033490452119863E-7	0.0014535702277046372	7.669399511045618E-9
0.0017001721403409914	2.9144551389837194E-6	4.699936548404062E-11	1.9118871944336855E-5	4.838501697609823E-4	0.001247577314311185	2.7361109818248477E-6	0.0021775780651046932	0.001001805137656312	1.3531481741394678E-6	0.004002234575480477	0.001849123326293208	0.0028546852974542123	3.1045100337586985E-5	2.137880212041371E-4	1.3791302503830813E-4	2.6726037581280255E-4	2.1144998585690599E-4	0.0014141281192252195	0.004162317673545464	8.073686777520349E-8	5.1986415664999654E-8	9.634618307921848E-7	2.6823964938349185E-5	0.00350378524841631	0.0	0.00350378524841631	1.0954789645323446E-8	6.785808421981684E-9	1.3086376042715303E-7	0.0015229556221634964	8.462447300448067E-9
0.001489793211008775	3.220306577208634E-6	6.7807955112926E-11	2.8031446259907725E-4	6.396054654187513E-4	0.0019642810603092125	4.447618347949259E-6	0.0023926248937034744	0.005770613918262389	1.4232869060261434E-6	0.0037803845632429843	0.0016185576398433654	0.002625202885159008	2.744829435419231E-5	1.64668972949308E-4	2.5019528490125204E-4	4.838710504515018E-4	2.498206669092863E-4	5.347414185370859E-4	1.2782630892660976E-4	6.690524074055662E-8	7.541490727443239E-5	5.041024549594548E-6	7.473973123221068E-5	3.956818982936198E-5	0.0	3.956818982936198E-5	1.2033709667630129E-8	6.312875993536865E-9	1.8887680320763271E-7	0.0025259226290760134	9.32872224058749E-9
1.4816289227527634E-7	6.653640606982815E-10	7.142894456975633E-15	3.0257525845998547E-9	4.5614330250618725E-8	1.0005382212568475E-6	1.4517116354131634E-9	3.261830724810905E-7	5.699671577820087E-6	1.1875980721325077E-10	7.653187178404412E-7	1.7371418605428036E-7	3.269301249497837E-7	2.763780298932117E-9	9.035897227620111E-9	9.642867938657038E-8	4.53299586793329E-8	8.55278593236782E-8	1.4533220946826747E-8	1.2713750990257136E-8	4.474856412929594E-12	3.685005193362979E-11	1.1065444792296018E-10	6.387900390722097E-9	6.343933180504318E-9	0.0	6.343933180504318E-9	1.6570915500251951E-12	6.184035757289817E-13	1.975648169242252E-11	2.859740088808437E-7	3.776784285437897E-12
3.3414612112197683E-6	8.177766483555946E-9	5.956221549723793E-12	5.0863021535910713E-5	1.1665662179734771E-6	7.274810749172729E-6	1.2350129310632836E-7	5.207461753290024E-6	7.949683458677585E-6	2.693424984082955E-9	9.486837526291767E-6	3.6311053637639317E-6	6.737960193160992E-6	6.433563926029548E-8	1.105061312438432E-7	7.519927630020311E-7	7.975656674479533E-7	7.406649892280841E-7	3.611761475075826E-7	2.775522753319828E-7	1.1481168315814313E-10	9.014686787133882E-11	3.782126604717098E-9	8.540958983720256E-8	1.363449609192083E-7	0.0	1.363449609192083E-7	4.5609208787390524E-11	1.729228823443636E-11	1.6663166675162394E-8	3.7310695898075204E-6	2.5479373129501664E-11
5.550350246313479E-6	2.971095203139426E-8	1.362374402737919E-13	5.7190728774624334E-8	2.4191507073660793E-6	1.2517975856326426E-5	1.3741452417997787E-8	1.1832303093106356E-5	4.392643560769391E-6	6.078536695626598E-9	2.4659999728493832E-5	6.3475565481279845E-6	1.202888080712074E-5	1.0491585990877248E-7	2.9991370107941534E-7	1.6099793653453468E-6	1.9983599870479146E-6	1.5087687131501975E-6	5.72333957269458E-7	5.046711598914802E-7	1.6812556227522985E-10	1.0102769983233761E-10	4.108207578033529E-9	2.9132382269630114E-7	2.5100473383988465E-7	0.0	2.5100473383988465E-7	6.882172878786851E-11	2.5412732576837838E-11	3.7040568298217264E-10	4.786461955704229E-5	2.1311322543585626E-11
9.771905566817343E-5	2.279995827689302E-7	2.5640597561566895E-11	1.6336718437945226E-6	8.32739673050215E-5	1.2996410332517873E-4	1.2772431691889982E-7	2.3942697509068446E-4	4.8768970652164505E-5	1.733617184728402E-7	2.649749454149285E-4	1.0559190842012336E-4	1.9991292308977232E-4	1.9005636723125713E-6	2.930383692235606E-6	1.40460956932753E-5	3.568843470705084E-5	1.6353787920293918E-5	9.202641961237913E-6	8.417395441883658E-6	3.985696276490779E-9	9.605111249640768E-10	5.009022098147298E-8	2.5025496043645635E-6	4.2230960022217735E-6	0.0	4.2230960022217735E-6	1.4234402564933817E-9	5.290889879542968E-10	7.1673822214394E-8	6.685403555519024E-5	3.340868220377589E-10
3.852483516093182E-4	6.832007914293854E-7	1.0403438493523092E-11	4.240421136768705E-6	1.0850281616985262E-4	2.9165337810624104E-4	6.046320322716994E-7	4.946624102117987E-4	2.2351094267363038E-4	3.027616643148492E-7	9.978479443391653E-4	4.219856511080297E-4	6.617231347582859E-4	7.040329119615205E-6	4.6423999573847304E-5	3.2366172016165446E-5	6.143019406176881E-5	4.842456919338504E-5	9.918553056207369E-4	0.0026218505904823373	1.7737833128098698E-8	1.1314220278779559E-8	2.1517388602836287E-7	6.330580300727233E-6	0.0034003182339015807	0.003391885689832944	0.0017043728629563908	2.577084299856265E-9	1.5330369506466788E-9	2.8950949987530785E-8	3.380313170041243E-4	1.8556165507539406E-9
1.1575744337852969E-4	2.052837428424635E-7	3.124739546170391E-12	1.2796436710148497E-6	3.264859045646885E-5	8.774520978274797E-5	1.8187527315237648E-7	1.4873219061798813E-4	6.7337528110987E-5	9.104991062546013E-8	2.9986086048528523E-4	1.2679234190039252E-4	1.9890600969157428E-4	2.115700074726622E-6	1.3932024698026755E-5	9.736623071717579E-6	1.8466522336559658E-5	1.4555615632717805E-5	2.975756951765558E-4	7.865707346778337E-4	5.32702921909906E-9	3.3969263081077897E-9	6.479766852931875E-8	1.903989528192598E-6	2.53827375385572E-6	4.0157662461734854E-7	8.50510959226452E-4	4.176644013863988E-7	1.3501927714665695E-8	8.695567667234433E-9	1.0160150219471515E-4	5.575355838782896E-10
3.6598444212593734E-4	6.490381061120023E-7	9.883226280757068E-12	4.028383658583811E-6	1.0307725517612868E-4	2.770695797515151E-4	5.743980891755678E-7	4.6992737408420814E-4	2.123345299771878E-4	2.876224086320278E-7	9.479516828817744E-4	4.008847343817866E-4	6.286344154482817E-4	6.688285399435929E-6	4.410261981476133E-5	3.0747738074947116E-5	5.835844646568175E-5	4.60031532059675E-5	0.008997966372922502	0.002490747907646667	1.6850872780614783E-8	1.0748465449680458E-8	2.044143584500561E-7	6.014026770047485E-6	8.01088420955242E-6	0.0	8.01088420955242E-6	2.448220104912692E-9	1.4563791663146514E-9	2.750329037344567E-8	3.21128442102484E-4	1.7628285372030423E-9
2.9904974433344007E-7	6.109234183447399E-10	2.608290752351579E-13	5.879526731674994E-8	1.0379980158689514E-7	3.07670913249261E-7	2.473668377066144E-9	4.4000122312948896E-7	3.420078258383634E-7	1.9978280909262742E-10	5.54943504268534E-7	3.217097336962194E-7	4.954803121786676E-7	5.547882263376277E-9	8.562101039060607E-9	3.475994520151357E-8	6.189046022213996E-8	4.784077201140454E-8	2.9344801018680698E-8	1.5987211956116147E-8	1.3740425697851737E-11	3.714238468916848E-12	6.178665176886427E-10	1.8844831295264773E-8	7.343646070474295E-9	0.0	7.343646070474295E-9	2.1728586929320197E-12	1.2608214777557416E-7	7.296515067953995E-10	3.1145068396292637E-7	9.292483470913134E-13
7.667186568568221E-8	1.469793946687888E-10	2.054952947088672E-15	1.0086018230513601E-9	3.425675176416288E-8	7.035436973751738E-8	1.3996045761144475E-10	1.2147675423472588E-7	1.4016211060914794E-7	6.152101087862358E-11	1.3999329405867332E-7	8.229600811860889E-8	1.2743096304950068E-7	1.4243915763140051E-9	2.153442552888909E-9	8.579457610920116E-9	2.03246681306323E-8	1.0813763460377834E-8	8.884992786120926E-9	4.208034636619088E-9	3.528979000959588E-12	9.139205062218158E-13	1.4089504300208696E-10	1.6720684295245424E-9	1.8600383998098552E-9	0.0	1.8600383998098552E-9	5.677973051352923E-13	3.318241662752369E-13	5.713633098215557E-12	1.1835599130655233E-7	2.1744467221911511E-13
6.079073984260335E-7	3.8551519614170836E-9	1.4551019894917641E-9	8.316573459802059E-9	4.732941424606826E-7	1.6162138677128814E-5	1.6758937552082084E-9	1.6367617442869753E-6	2.399904290792281E-6	9.271966624806688E-10	2.3831567160888275E-6	6.789465389388302E-7	1.3098886667442261E-6	1.1600899980419156E-8	3.776520010379689E-8	2.3127289842274243E-7	3.9922127795333185E-7	2.285866479550508E-7	7.886459492146707E-8	6.553888570818207E-8	1.9060053331511715E-11	1.4526308389440646E-11	1.974862939781044E-9	7.11154178839804E-8	3.233461494281631E-8	0.0	3.233461494281631E-8	1.9030359499171888E-10	3.0125390036344885E-12	4.0714173359099315E-6	1.1091973657562505E-6	3.5924613369383425E-12
0.033015100499672	1.8304878901704497E-5	2.892511088326912E-10	1.1598119098630071E-4	0.003597035243089183	0.00819111482799069	1.4922473144015533E-5	0.021377588230941515	0.005010915418895614	1.0213880431599442E-5	0.16048201497008585	0.028645105267147038	0.055077676526613474	4.2416504086801324E-4	3.823393171419406E-4	8.965660206195959E-4	0.0017283607011770337	0.0013907473269704797	0.001291718571196312	0.0012792508401626192	4.604498146227559E-7	1.415239091427574E-7	5.713036516169201E-6	1.733330471305696E-4	6.418363980085445E-4	0.0	6.418363980085445E-4	2.3357601939067636E-7	8.197206073321585E-8	8.050381875718621E-7	0.008011107078985367	3.482211484175814E-8
6.454122496419517E-8	1.6347161547697122E-10	3.4438968284922324E-15	1.2906888604929313E-9	1.6350236160346808E-8	6.775602079204984E-8	3.104690139781685E-10	8.687945235517032E-8	3.597930007408306E-8	3.793835637992559E-11	2.51699925713748E-7	6.542269652588481E-8	1.1611527569859586E-7	1.04841668247145E-9	2.4281514536141103E-9	8.07190436772787E-9	1.1829301062548547E-8	1.1778551877773113E-8	5.0695467854286654E-9	3.908276871012501E-9	1.8844153810160918E-12	1.9453515575831897E-11	3.9041049234810035E-11	1.5075230351721892E-9	1.9234294553736164E-9	0.0	1.9234294553736164E-9	5.291561906817784E-13	2.2781384630340524E-13	9.587327638019899E-12	1.321036093400311E-7	1.6457926733226902E-13
