32
NULL,open@__open_nocancel,fstat@_fxstat,mmap@__mmap,read@__read,munmap@munmap,open@__open64,close@__close_nocancel,rt_sigprocmask@sigprocmask,exit_group@_Exit,rt_sigaction@__libc_sigaction,sched_yield@sched_yield,mremap@mremap,time@time,read@__read_nocancel,mprotect@__mprotect,madvise@madvise,lstat@__lxstat64,openat@__openat64_nocancel,write@__write_nocancel,syslog@__syslog,getpid@getpid,writev@__writev,close@close,stat@__xstat,socket@__socket,fcntl@fcntl,connect@__connect,getdents@__getdents64,lseek@llseek,getrlimit@__getrlimit,write@__libc_write
1.0593354710460199	0.005751298674457884	6.24890305471192E-5	0.004490458711196884	4.2560101537613E-7	0.003556963427218495	4.219472436395911E-4	3.431980002337238E-8	0.10797343775920748	0.026135771739773644	0.04890165911607511	4.1012719514748735E-4	1.5876387598883886E-6	0.001073491283843385	4.034949222365849E-5	2.3098821841819235E-6	3.518757293968359E-8	3.822362075560122E-6	3.9583315022119754E-11	1.6713173444980427E-4	8.262961087733742E-4	9.81990939977742E-4	6.218916396035613E-4	5.812459601715644E-4	1.1333802912201528E-4	2.0337547605055436E-4	0.0	2.0337547605055436E-4	2.8252342460134883E-8	1.0476558358728498E-8	1.0970628656651618E-7	0.0022902219328118805
0.0014059408370747624	0.0022874497485075064	1.1193800702694206E-4	0.0014090585650418834	3.442672157325578E-8	7.120657156627824E-4	1.8807634896757277E-5	5.960327248599559E-6	0.0026868757480636414	7.379355348092365E-4	0.0013726845462773245	1.1933585453703358E-5	1.3515442632819457E-7	1.1436447518604139E-4	0.0011095600210924705	3.9991066679577826E-7	1.1326087663623073E-8	6.574658467658683E-7	2.700515976527326E-10	9.532645136240553E-5	0.004417148636326282	1.4022443585003254E-4	9.346002305184773E-5	3.290652142036932E-5	2.0775333877373082E-5	8.686684967710992E-6	0.0	8.686684967710992E-6	9.240324718884387E-10	3.227338254515408E-10	5.8591214901587805E-8	2.5257794852950557E-4
4.299057549888762E-5	1.4807806619420761E-5	4.831879677248065E-7	2.762105647679524E-5	4.80841791875263E-10	1.2830845338152145E-5	7.472180970755591E-7	1.6844222779231654E-10	5.381198680199549E-5	2.199759677148845E-5	4.0794552366907974E-5	3.835667879291147E-7	3.47130374466792E-9	1.6496900265176825E-6	1.8727665931080347E-8	3.127296215349911E-9	4.538125617667327E-11	1.0454395029717103E-8	1.6857245327092557E-13	2.8095417499344665E-7	1.5779020730341652E-6	2.160997815281277E-6	3.114470156227303E-6	2.0067865121603054E-6	3.063654861694273E-7	3.6477828134240674E-7	1.2575785266817715E-7	3.6477828134240674E-7	4.7190054950037783E-8	1.4869207638695262E-9	4.684528048766829E-10	4.934468390377442E-6
7.231623319048971E-4	8.534905295104295E-4	4.601665596032739E-6	0.006678569412271833	3.1472211801088725E-8	0.009087991900915235	5.015889241042739E-5	1.8934615936092695E-8	0.0013078837580785814	3.8323178094500055E-4	7.290019009040733E-4	6.366851066770153E-6	1.0058484151159411E-7	5.2212766662544173E-5	1.1170858245223776E-6	0.0020306191597125245	4.115894872325764E-9	6.787602277200552E-7	3.2148190620431205E-12	4.1338128568540074E-5	4.6149277429117656E-4	1.0003905450077573E-4	3.975378348494401E-4	3.6416638516770156E-5	1.8551506275868304E-5	2.617043175723361E-5	0.0	2.617043175723361E-5	5.477823247811949E-10	1.8389327203921555E-10	8.84457109109629E-9	2.0117010284693155E-4
6.621467547047804E-8	1.991293028341601E-7	2.2545332698898645E-10	1.9784398095120885E-8	7.820744563311884E-13	1.0198765997407791E-6	1.1017319480452042E-9	1.1144369261155343E-12	1.404886356506847E-7	3.5205664502685536E-8	6.464702101246003E-8	5.521369001119771E-10	6.48615883994128E-12	3.2198779070966054E-9	8.780366290949348E-11	6.724795230196143E-12	7.273989237292712E-13	5.732355412563308E-11	2.468383536452677E-16	1.4611991253230573E-9	1.8729458980399528E-8	9.914050769519415E-9	1.4013159595378136E-8	1.6236009935846924E-9	1.440691101631394E-9	5.263886959709079E-10	0.0	5.263886959709079E-10	3.622885351104842E-14	1.3901259035519641E-14	6.695218393012908E-13	1.2573208628519306E-8
0.0016975313879590633	9.113458426781546E-4	9.408392241517854E-6	0.0024769721311220447	5.8708311422679044E-8	0.0025584387747029595	2.3150361402621974E-5	5.3024170868086984E-8	0.003031923960220778	8.751125184819384E-4	0.0016240782573354897	1.4301332274914088E-5	9.376753620735179E-7	2.212138296306224E-4	6.147500297317163E-6	0.0037904362638278024	5.0313397344952485E-9	5.137490824810392E-7	1.0387709561956612E-11	2.664840263696329E-5	2.610574313580172E-4	3.3869640175734423E-4	9.791660514035868E-5	4.486296651176125E-5	1.3798885242133922E-5	1.0457365279495745E-5	0.0	1.0457365279495745E-5	1.1110624911826363E-9	3.9451726031438307E-10	2.8935983168480514E-8	6.027153017459513E-4
3.268895013720978E-4	1.2471379685234464E-4	2.5515708883761887E-5	5.160462957640322E-5	5.379037551139518E-9	3.793603202891933E-4	1.1626212065075017E-5	5.947686962654367E-6	3.766048997265496E-4	1.6856198630196153E-4	2.684586246341048E-4	2.773159156696195E-6	2.968290835230853E-7	3.818278099197188E-5	3.6730307098538485E-7	3.9990822982103905E-8	8.16947986949544E-10	6.815510513788581E-8	1.559133889525396E-12	1.1349492776551146E-5	1.2529734642033028E-5	5.288590152716823E-5	1.094418923671385E-5	8.872441335021206E-5	5.5397445565559E-6	1.2133860864654088E-6	0.0	1.2133860864654088E-6	1.2945651972861245E-10	6.99360702884546E-11	4.341854668312058E-9	1.0487629698043642E-4
6.09437241972031E-7	3.0490883444987656E-7	3.805158174023304E-6	8.677562696816777E-8	7.1596935033303085E-12	2.5074163221505555E-7	7.534611358238243E-9	5.012493667374834E-12	7.583429088692152E-7	3.1221868831131063E-7	5.680393234763272E-7	5.39911641013597E-9	8.618791614260466E-11	3.062983703639793E-8	1.5719656494811584E-9	4.68400968901907E-11	1.0430809849137194E-12	1.5789460024534506E-10	1.6725331132346913E-13	4.370923104895366E-9	3.034815824569313E-8	4.3543427967696584E-8	2.517859302961772E-8	1.3731263545565188E-8	4.597927767693404E-9	3.4734385404006524E-9	0.0	3.4734385404006524E-9	4.31160690169099E-13	1.6089844760689986E-13	4.679267157107824E-10	9.228701511193449E-8
0.07855073237325075	0.00236382052519921	4.870257735405597E-5	0.003149212761443587	4.184783745044176E-7	0.0012071491546224798	2.598397923820542E-4	2.362719257630276E-8	0.03197932930222688	0.03986108334866519	0.07180260788418423	5.14712034924115E-4	8.346202421414504E-7	7.336411881007958E-4	1.1801160796231808E-5	1.3912860559245458E-6	1.9389352713361476E-8	2.4612618908844397E-6	3.6325678410054405E-11	1.570050266583291E-4	2.624557413931953E-4	6.992484267451878E-4	4.030462637606486E-4	3.7740135162808334E-4	6.63265092286664E-5	1.2017065251217604E-4	0.0	1.2017065251217604E-4	1.6165485894367612E-8	7.039551015357885E-9	1.0111296023101041E-7	0.0012182681413415181
0.07828727109732742	0.0011501656880465673	1.8349161490883298E-5	0.002003377988276789	1.487231274643094E-7	5.710248151364604E-4	7.094101022014332E-5	1.884658941987855E-8	0.010133190835985973	0.0025350349284272034	0.004659463242308297	3.975921591798107E-5	3.456171006585377E-7	2.3060251835972426E-4	6.236445366039026E-6	5.293716782231779E-7	1.249044074388993E-8	1.137372018485117E-6	1.4254156503511444E-11	1.2353645180846148E-4	1.307587501047832E-4	3.0882505522539786E-4	1.7671960830155855E-4	1.257798295653942E-4	3.1656626684484305E-5	2.5586374657375225E-5	0.0	2.5586374657375225E-5	2.767512974076795E-9	1.0064964225931613E-9	3.960190416912488E-8	5.610816804520155E-4
0.07385140276189056	0.0016077763735426265	2.8230493586911824E-5	0.0023540771237573347	2.3266251456183196E-7	7.982749603615873E-4	1.6414661509656865E-4	1.964685431553399E-8	0.01992403594623936	0.03748800361145127	0.029391979235639847	6.400069962200184E-4	5.050782527862475E-7	4.1044505573592245E-4	8.11293808783173E-6	8.869644771959917E-7	1.4936420201338107E-8	1.5693468958215376E-6	2.1285309815671278E-11	1.290200955366329E-4	1.8089785838188222E-4	4.352354217290935E-4	2.5246350741525437E-4	2.2419359364699796E-4	4.3009115385260104E-5	7.388869277855435E-5	0.0	7.388869277855435E-5	9.873687936037643E-9	3.705175718478274E-9	5.919041797555077E-8	7.70062367716891E-4
8.006135711182097E-4	1.543677435238128E-5	2.7536004338057E-7	2.389220705802499E-5	2.2912461157000327E-9	7.737188330952013E-6	1.3296673394065885E-6	2.0672629463444873E-10	1.7174395560972845E-4	4.064319693732998E-4	2.913487600057266E-4	2.1959338966643358E-4	4.953316912575512E-9	3.83606441297221E-6	8.028819573448163E-8	8.057865011169036E-9	1.4893993795376795E-10	1.549434411940001E-8	2.0933566284054662E-13	1.360187950364453E-6	1.7375315051446507E-6	4.2926943997289906E-6	2.4694818597639663E-6	2.0433507816998367E-6	4.251763006942075E-7	5.663783096749019E-7	0.0	5.663783096749019E-7	7.189974550551917E-11	2.8905952243274115E-11	5.821134445328286E-10	7.644349333488516E-6
3.7085875204446425E-7	4.496871806134764E-7	1.2208600614270153E-9	1.5579121966681842E-7	4.455639644638765E-12	7.612119644034818E-8	7.074168756454138E-9	9.01752393798522E-13	7.177417954910865E-7	1.9933976350601015E-7	3.741676110314346E-7	3.247964535592694E-9	4.43227190108285E-11	3.986490075339506E-8	4.34832608352212E-10	8.206738385991236E-11	7.202743292499769E-13	4.0660547504125776E-10	9.881726877157747E-16	8.753483240074997E-9	5.055664420398262E-8	7.02195765870277E-8	3.2892244223277E-8	1.111550643789186E-8	1.0349835567075641E-8	3.3337526372359278E-9	0.0	3.3337526372359278E-9	2.431353419840825E-13	8.933297072109681E-14	2.611256547588678E-12	1.2518865601675628E-6
7.187621532088362E-4	0.001095710667278413	2.808777755724845E-6	8.937850671165564E-4	2.109007591499122E-8	1.1616812762755253E-4	1.2875656415870892E-5	1.2501986660508447E-9	0.0010950193295574168	3.718778999312855E-4	7.090453670926367E-4	6.37396671131174E-6	7.524511531918689E-8	5.128321123348079E-5	1.9434889639122086E-5	1.0205106293289675E-7	2.6449752830128066E-9	5.261922566479115E-7	1.5095508000708457E-12	1.0903681814704408E-5	6.017942150705711E-5	2.5055920703042196E-4	5.034466506713436E-5	2.013714202158376E-5	1.3595967793971285E-5	6.127248378188586E-6	0.0	6.127248378188586E-6	5.563243078323781E-10	1.9319205387238055E-10	4.040370534969184E-9	9.987018799510842E-5
9.51097452857849E-5	2.7026758318581223E-5	1.8148339155970638E-7	6.098832806745575E-5	1.4594995727976418E-9	5.937812297859663E-6	8.303016417811244E-7	1.404654516311547E-10	2.791592673916896E-4	5.4976719958936086E-5	1.0506403371850788E-4	8.166570220684249E-7	4.610347356988855E-9	2.5642247376407544E-6	4.731870505285104E-6	7.253411852905766E-9	1.0990966276455487E-10	9.01079851467611E-9	2.1800746006416333E-10	5.164749800304844E-4	1.042022577658269E-6	2.590926796166918E-6	1.1029138688532277E-6	1.3216752134296136E-6	2.7595358280899164E-7	3.882889655860855E-7	0.0	3.882889655860855E-7	8.250883156471393E-11	1.889830842602042E-11	4.7133203439767394E-8	6.84561862498457E-6
3.757690522014317E-4	8.486015893920371E-5	2.8787021335708118E-6	8.954033190941291E-4	3.2972021520824726E-8	0.0029640707172370693	5.565286733129848E-6	3.162499836506898E-10	4.966802711500114E-4	1.913020789082588E-4	3.82097866729072E-4	3.4313258339568767E-6	5.053979479529428E-8	2.7312040437489486E-5	5.18969918457584E-7	8.665349431811611E-8	4.361943983412125E-10	1.240926952251049E-7	4.942553847603442E-13	1.7157828686368818E-6	8.732164225467591E-6	3.965018153663902E-5	8.542443301997626E-6	1.155155159836706E-5	3.1410460355831605E-6	2.4561161714950276E-6	0.0	2.4561161714950276E-6	3.8434801994089375E-10	1.1501099805136187E-10	1.3675375797235637E-9	6.935759307974092E-5
2.177184967622425E-8	1.079650351987327E-8	6.507748010670679E-11	3.234647989711479E-9	2.7686431166814586E-13	4.452585849790342E-9	2.1254948142434674E-10	5.638390278260571E-13	3.6793156803902315E-8	1.129148884757507E-8	1.916206111676051E-8	1.7873102670926653E-10	1.3516464957179091E-12	7.587471484214027E-10	6.664584887930566E-11	1.3700617768390953E-12	3.3681108699237974E-14	7.903851201769929E-12	8.762840033708502E-17	2.0534380131878393E-10	1.1082797621003995E-9	1.4602889998257106E-9	9.207203019083352E-10	3.5371739463507E-10	1.9596577031689498E-10	9.96854547575595E-11	0.0	9.96854547575595E-11	9.223543849114925E-15	4.332202378466355E-15	2.425166261213848E-13	3.905324509305955E-9
5.440190363250707E-7	1.048417714690147E-6	5.779840373730519E-9	2.614291359652076E-7	7.714473238367261E-12	1.208934031956021E-6	1.3896836495758336E-8	1.7055557420770946E-11	1.006603527467048E-6	2.867161342064082E-7	5.455309991587759E-7	4.733570254412649E-9	6.761190023903531E-10	1.6056085904606247E-7	2.3334862757204236E-7	1.659418917901901E-10	3.3129828770943647E-12	7.1546463969346266E-6	2.6828349248839E-6	1.0397055945870604E-8	9.262059096996829E-8	2.0610838000119724E-7	6.997197332625894E-8	5.462666266777116E-8	1.5825951238534225E-8	4.603581509136416E-9	0.0	4.603581509136416E-9	3.771733722249399E-13	1.3448577388900432E-13	8.052461263859965E-12	5.352589115952667E-7
4.8209696142471883E-8	1.0443550974902965E-7	1.3798091100671396E-6	2.4839866024886324E-8	6.331865567705354E-13	1.2627139937830588E-7	1.3146555715121155E-9	2.2524384690735885E-12	9.162746447142712E-8	2.5749258569943497E-8	4.9295547103344734E-8	4.251882919706637E-10	6.122064613291905E-11	1.448922395090053E-8	5.130973197419059E-10	1.5152157316320137E-11	3.4069317488146457E-13	4.420406399317616E-11	1.0236212144746585E-15	1.087010706437031E-9	1.022973568193861E-8	1.9307968237938255E-8	7.681981277072267E-9	4.976365820096624E-9	1.554637971073691E-9	4.454910580352248E-10	0.0	4.454910580352248E-10	5.7768157085610234E-11	1.2129480093212884E-14	2.848089500453904E-12	5.1670592472637716E-8
1.2318528154426213E-4	0.001289771945328836	2.7913118142407476E-7	2.6800167745882632E-5	1.2050904668415852E-9	1.6376370154188405E-5	1.7890658996368877E-6	3.183702290729804E-10	3.4071304535110815E-4	7.032205428724978E-5	1.33775478374562E-4	1.0594539372794153E-6	8.894657485548205E-9	4.629503216972153E-6	1.0756947171775525E-7	1.2004116822729861E-8	2.1571051893135235E-10	8.458888252195777E-8	2.0758170279187006E-13	5.18294212567249E-4	2.4456678446371173E-5	1.4667855427956018E-5	3.85532178844353E-5	2.482925641608039E-6	2.1381916120049706E-6	8.60991304743312E-7	0.0	8.60991304743312E-7	7.139200986757378E-11	2.5175133185294275E-11	5.492735552539422E-10	1.2855312664000948E-5
7.381396384810984E-4	2.3802159925279427E-4	2.9309350177610037E-6	2.0052004751032446E-4	1.715549360442103E-8	9.296171194127429E-5	7.5116007066018356E-6	8.789095627268711E-9	0.0015320174823527022	3.96876856973452E-4	7.394530008307448E-4	6.329652061347036E-6	3.9845303591656747E-8	9.349247586955419E-5	1.3310794137513462E-6	2.935132588860504E-7	5.792882673721049E-9	1.488635811176848E-7	1.6474696404607977E-12	1.1472674515858364E-4	2.305192743211918E-5	4.656563772626777E-5	2.101768342357545E-5	1.1329399715057483E-5	4.167095689142636E-6	3.5733725407247683E-6	0.0	3.5733725407247683E-6	4.607389275148641E-10	1.6690143304271068E-10	4.570241971503891E-9	9.978981321053856E-5
4.082847409768651E-4	3.4946004483801265E-4	1.6343937076756317E-6	1.124798221123277E-4	5.231542124332192E-9	4.3564606431256285E-4	1.0548209149030488E-4	1.6325304178227258E-9	6.691797623415448E-4	2.1353882237616132E-4	4.075890636828464E-4	3.618497206487008E-6	4.927772516727676E-8	0.0010200967896303295	6.050357738794431E-7	5.753249173090616E-8	1.0309652269495559E-9	8.028254679348918E-7	1.0750607674530403E-12	1.490366875446103E-5	1.2334767859910223E-4	5.5949443470231026E-5	8.810487543416049E-4	5.0238423455992E-5	2.395067214035409E-5	5.668088886886801E-5	0.0	5.668088886886801E-5	3.0031437587080024E-10	1.0746303695994172E-10	2.8959033211144172E-9	6.524267948277892E-5
5.55603471238719E-4	5.118155039000116E-5	7.151504338498391E-7	4.191227498994789E-5	5.58422510804031E-9	2.3710588447656415E-5	3.782868923643041E-4	7.128499669835839E-10	7.438362022328208E-4	2.8341956299999025E-4	5.623851026001713E-4	5.057789260535122E-6	1.2576576623000215E-8	1.2255296139972725E-5	2.1453142636853648E-7	3.346467790014282E-8	5.292882632094118E-10	4.221788234317993E-8	5.287923124588799E-13	5.231108383098755E-4	5.5540723342350285E-6	1.1046486785186107E-5	6.519222699591036E-6	1.4489281908755818E-4	1.1233888509269146E-6	2.0498386276008486E-4	0.0	2.0498386276008486E-4	4.836195082177907E-10	1.6553854429682372E-10	1.4689282876733033E-9	2.006474514804898E-5
3.659188710336755E-4	4.733221525441994E-5	7.419459543739729E-7	3.0387850161981906E-5	6.389446891413978E-9	2.5515745903578583E-5	3.279942162518964E-4	1.3996085247715272E-9	3.911218398874843E-4	1.8878555471657778E-4	2.841540646791898E-4	3.0624598758872303E-6	1.2617900200933116E-8	1.0483501847847058E-5	2.4406685064130023E-7	3.1072784768867576E-8	7.980464891489485E-10	4.182449602597831E-8	5.814154231992068E-13	1.5012889339114726E-5	4.787735494185998E-6	1.09675701256681E-5	6.204949950971453E-6	1.0672558660538164E-4	1.0722071057394294E-6	2.772553430952094E-4	0.0	2.772553430952094E-4	1.079814250168321E-10	7.236060144930251E-11	1.6172525393504024E-9	2.3807691767524287E-5
2.8771926544257757E-5	1.3067544039572378E-5	1.4358314511168092E-7	1.6696142768558376E-5	4.523309742205374E-10	2.28785823657405E-6	3.76982078406742E-7	2.5211523442860777E-11	3.7482058387976106E-5	1.4719217573961652E-5	2.8097422307501024E-5	2.5877085895736446E-7	1.3552167200866158E-9	7.980790342284822E-6	1.6626425091714976E-8	1.4771248016864079E-8	5.291224491666923E-11	8.040787934290725E-9	6.982368111808527E-13	2.1037912690306446E-7	1.328888216774958E-6	3.345212652055116E-6	1.0987183748876733E-6	4.801862542873539E-7	2.5296191654566225E-7	1.8500624753099517E-7	0.0	1.8500624753099517E-7	2.264474773522905E-11	8.124309265780171E-12	1.9509463021378957E-9	1.753856654753829E-6
8.269867535283784E-5	1.2521881440371427E-5	1.677002326161663E-7	7.41482073786547E-6	1.4055375437200654E-9	5.847544771430136E-6	2.0831356442701582E-4	3.050324357802237E-10	9.580480043565334E-5	4.291031347276963E-5	6.559123344052913E-5	6.932789876619857E-7	2.942577504059549E-9	2.4490779589672513E-6	5.412151514762449E-8	7.079697813513617E-9	1.7499847133309787E-10	1.1178032404388163E-8	1.3074273192921966E-13	3.2785239509605217E-6	1.2881875250767132E-6	2.7469168795079426E-6	1.5151636668454202E-6	7.82005526718404E-5	2.876564751397751E-7	2.7050195803810743E-4	2.702777003408789E-4	1.353629065845777E-4	2.567756427893295E-11	1.6391891793236627E-11	3.629466419800372E-10	5.426441729640271E-6
2.4824629702910873E-5	3.763425998715751E-6	5.0536524792496656E-8	2.2289256213299143E-6	4.2182607306163957E-10	1.761046142942848E-6	6.249417093769453E-5	9.160556535570344E-11	2.876186958258207E-5	1.2880783010068956E-5	1.9692495413798994E-5	2.0812003069700913E-7	8.877202499123124E-10	7.368975815505194E-7	1.624729619949601E-8	2.127481400305601E-9	5.25261635658582E-11	3.3568684641564093E-9	3.924982492029234E-14	9.836534089093536E-7	3.8714559399690815E-7	8.254711653620869E-7	4.551264658973982E-7	2.3460571407072933E-5	8.651259454810852E-8	6.737783293040853E-8	1.2517093935094237E-8	6.763690355969519E-5	1.300207185030485E-8	4.1140722403853145E-10	1.0895839988238737E-10	1.631206112770421E-6
7.856342132842052E-5	1.1895738876435E-5	1.5931457155372563E-7	7.044050986527019E-6	1.3352552234853123E-9	5.555144887806284E-6	1.9789707949588242E-4	2.897796327304021E-10	9.101418940265054E-5	4.076463162574848E-5	6.231141776156936E-5	6.586123535044074E-7	2.795437233506178E-9	2.326614576782213E-6	5.1415229800647614E-8	6.725685506181225E-9	1.6624787007183807E-10	1.0619087496406313E-8	1.242050890217983E-13	3.114585057084481E-6	1.2237731602208084E-6	2.6095603978924824E-6	1.4393996159190779E-6	7.161980999248795E-4	2.7327253741167686E-7	2.1304394391257105E-7	0.0	2.1304394391257105E-7	2.4393586626707486E-11	1.5572233724753807E-11	3.4479790434315083E-10	5.155098628858778E-6
2.6069554456799625E-8	7.3917019047667054E-9	1.8079368599069136E-9	3.557367046079464E-9	3.9552112077014803E-13	6.770982315645306E-9	2.2303350600342641E-10	8.755191449207263E-14	2.3078300388089128E-8	1.3290712297860314E-8	2.0022825782672992E-8	2.2050579521363558E-10	1.4233791614496111E-11	1.4555260769980604E-9	3.1504762435098486E-11	1.836970202765045E-12	2.3674903249274394E-14	5.2355895580133304E-12	7.159757634799744E-15	1.505402195739078E-10	7.718640018705075E-10	1.7751638247630302E-9	8.559327990641859E-10	6.034669766404564E-10	1.129024588511218E-9	9.071230989272903E-11	0.0	9.071230989272903E-11	9.39127368115553E-15	3.929930613832798E-9	2.0031622285614464E-11	3.702970289565784E-9
6.672249898862262E-9	1.833814928411638E-9	2.7015305492541893E-11	1.1482940313805123E-9	1.0211465544658107E-13	3.120339505017217E-9	6.576289506721306E-11	1.1578376976437116E-14	5.932642190960014E-9	3.39940222575694E-9	5.153663846402922E-9	5.651627551158076E-11	2.678696099669006E-12	7.000541429007037E-10	3.70610620237512E-12	7.325485230200997E-13	5.782530508170719E-15	1.4200648824184834E-12	1.0738891066188761E-17	3.984674135040582E-11	1.9624162633903795E-10	8.07574227999291E-10	1.8595289932893808E-10	2.5052536528660417E-10	5.628095618296259E-11	2.2318970398393005E-11	0.0	2.2318970398393005E-11	2.255154089027893E-15	1.4132084888978436E-15	2.9600590249050824E-14	1.953018141987744E-9
4.1487225272705925E-8	4.6865762756811054E-7	2.567921296208093E-10	2.5515856767289195E-8	5.533235200310388E-13	5.8385891488405086E-8	1.065011330758986E-9	2.9791280853698596E-13	7.142771874486265E-8	2.186671435762731E-8	4.1792162938764696E-8	3.6765951387650774E-10	4.080318924209098E-11	1.3236953418525962E-8	5.5852198292449733E-11	1.546005180731113E-11	1.2361038966239314E-13	5.443250607482118E-11	4.0955192081279946E-11	1.1566271350651553E-9	7.300711608103941E-9	1.8924887733397928E-8	5.549640750386772E-9	2.082502361518317E-9	3.6596836452501985E-9	4.778602647624673E-10	0.0	4.778602647624673E-10	5.150049775958268E-12	1.0793648257364135E-14	1.1459382811690693E-7	1.8480771050529805E-8
0.001624110858956079	8.558372975180697E-5	1.4980668262406696E-6	1.1232096061151135E-4	1.1213033705215549E-8	4.191930458132133E-5	1.2824498009191178E-5	5.98358619481798E-10	0.004876792786467094	9.430529032080627E-4	0.001802248480559341	1.3913410922280807E-5	2.628031008840141E-8	2.5504646040498297E-5	3.834169658234491E-7	5.383123257002249E-8	6.150762429229765E-10	7.72821413989647E-8	1.0276157137209795E-12	3.839138364938267E-6	9.44919672229907E-6	2.093974013769699E-5	1.3842505130960852E-5	1.4096233681500743E-5	2.0671236587974296E-6	6.3805659850196276E-6	0.0	6.3805659850196276E-6	9.055942533390185E-10	3.1615735453020016E-10	2.85761871886847E-9	3.751524896705637E-5
