32
NULL,open@__open_nocancel,fstat@_fxstat,mmap@__mmap,read@__read,munmap@munmap,open@__open64,close@__close_nocancel,rt_sigprocmask@sigprocmask,exit_group@_Exit,rt_sigaction@__libc_sigaction,sched_yield@sched_yield,mremap@mremap,time@time,read@__read_nocancel,mprotect@__mprotect,madvise@madvise,lstat@__lxstat64,openat@__openat64_nocancel,write@__write_nocancel,syslog@__syslog,getpid@getpid,writev@__writev,close@close,stat@__xstat,socket@__socket,fcntl@fcntl,connect@__connect,getdents@__getdents64,lseek@llseek,getrlimit@__getrlimit,write@__libc_write
0.567830379640512	0.012542844090768269	1.3710334922629536E-4	0.00985646727870061	9.370282622419829E-7	0.007779287841707123	9.283351625843861E-4	7.479728187363106E-8	0.24573354119404617	0.05713679808181634	0.10762957194891631	9.085725298683864E-4	3.5375453262376252E-6	0.00238347496998457	8.724466757756311E-5	5.111951766485665E-6	7.678831856824149E-8	8.365798014710606E-6	8.7051520480003E-11	3.644160648596439E-4	0.0017991143520611013	0.0021555705306339702	0.0013587657900471129	0.001274731082669827	2.481911703993984E-4	4.474446702333223E-4	0.0	4.474446702333223E-4	6.21865494926234E-8	2.308676880786036E-8	2.4128223855292375E-7	0.005132459330497964
0.0023135838961744234	0.00476833570474736	2.3896822532413226E-4	0.002955231116657825	7.135320947453965E-8	0.0014440749919218804	3.8077251964754814E-5	1.275639531497429E-5	0.00558234594210282	0.0014701180881143386	0.002752130710296362	2.409644964713979E-5	2.79224983554936E-7	2.3894409874979235E-4	0.0023733261746768947	8.384779736230238E-7	2.3543315578302933E-8	1.348992291751492E-6	5.777380494310642E-10	2.0169190140744745E-4	0.009432503454830635	2.8856542789480174E-4	1.9003411688900575E-4	6.656725318819426E-5	4.2782183416106E-5	1.757058657491434E-5	0.0	1.757058657491434E-5	1.8621301637265797E-9	6.487902683942521E-10	1.2469296927519292E-7	5.268780248759247E-4
7.252467406520411E-5	3.132527404440181E-5	1.0276535180998945E-6	5.886817972780075E-5	9.962893168235892E-10	2.730584752544227E-5	1.5656457568510867E-6	3.586479383814348E-10	1.1450011618547492E-4	4.486036888966641E-5	8.373565639595278E-5	7.943086708481783E-7	7.322348752585366E-9	3.465474196598809E-6	3.905489371039153E-8	6.560209932565059E-9	9.545258990639978E-11	2.206748261243143E-8	3.5715595070226367E-13	5.883327965025459E-7	3.3402195071275813E-6	4.546101068860593E-6	6.624450735420893E-6	4.220674352042605E-6	6.434941099958003E-7	7.650431589862014E-7	2.6916330874486494E-7	7.650431589862014E-7	1.0100005143460713E-7	3.181677431626882E-9	9.925344356843767E-10	1.0473391634322841E-5
0.0012216359035496845	0.001812180977302876	9.68960207972633E-6	0.014288638710003921	6.68457707781889E-8	0.019451780328369694	1.0700520650128476E-4	4.0487381992480816E-8	0.002787379417090878	7.838192248270729E-4	0.0015012150681186066	1.320528275527156E-5	2.1243074549246213E-7	1.1050789416701599E-4	2.3474391115216625E-6	0.004346192604582383	8.766299638734084E-9	1.444741847574578E-6	6.825653237483383E-12	8.817169619175219E-5	9.863772822491523E-4	2.120080931000491E-4	8.516680122750507E-4	7.655515422454313E-5	3.923396431049287E-5	5.588354754826489E-5	0.0	5.588354754826489E-5	1.1352322830835395E-9	3.804536297896054E-10	1.8779250688006332E-8	4.284839103862418E-4
1.1201733550494683E-7	4.231515947801122E-7	4.696434395314775E-10	4.1573234771799315E-8	1.6248335507645099E-12	2.182189527863971E-6	2.3019211626997836E-9	2.378166150575951E-12	2.997315794829359E-7	7.210253742175522E-8	1.3327252413510657E-7	1.146120851980911E-9	1.3600858570808688E-11	6.760431405672058E-9	1.809934641829125E-10	1.4104444879545418E-11	1.5508384318208865E-12	1.2109443400752456E-10	5.220873108761619E-16	3.07903999818433E-9	3.9750756081863224E-8	2.0911373597716513E-8	2.963100035661959E-8	3.3535835862981674E-9	3.0212130710519806E-9	1.1012340643916307E-9	0.0	1.1012340643916307E-9	7.470471990914285E-14	2.870547760316357E-14	1.416142077889252E-12	2.6634739672873334E-8
0.0028770970979375967	0.001927199298083058	1.981456535954658E-5	0.00528965485513251	1.2450751244862798E-7	0.005464410583241224	4.831011501847964E-5	1.1338208563903411E-7	0.006479441121743921	0.0017934190307001701	0.003350447159929155	2.971995898417197E-5	2.001562748519354E-6	4.709835210448687E-4	1.3039997524284423E-5	0.00811277936901342	1.0668749165269471E-8	1.0846917128085941E-6	2.2119946060572913E-11	5.64419588712312E-5	5.558712128868747E-4	7.212941876634033E-4	2.0688712473580556E-4	9.309089723565298E-5	2.8974869366961596E-5	2.182648333549947E-5	0.0	2.182648333549947E-5	2.30362286414481E-9	8.17240427798178E-10	6.162048479985516E-8	0.0012861123294440975
5.503908868887763E-4	2.597617140074145E-4	5.405602653468154E-5	1.0699019481706057E-4	1.1189930324092344E-8	7.976721839846998E-4	2.4326291619308966E-5	1.2729956768521602E-5	8.033337650542107E-4	3.4318788778831655E-4	5.488890005468947E-4	5.736987881689527E-6	6.246313820911623E-7	8.025225366076326E-5	7.541100364646023E-7	8.403512950043539E-8	1.7199162038278805E-9	1.4171291680184806E-7	3.2935239106422417E-12	2.413771825110342E-5	2.5977641352927877E-5	1.1111800858221899E-4	2.2722892177345667E-5	1.8464763752691212E-4	1.1736224981760724E-5	2.5013152418432626E-6	0.0	2.5013152418432626E-6	2.657645794587003E-10	1.4440203551917095E-10	9.172463701477454E-9	2.2068571863754854E-4
1.0283684893220118E-6	6.460462524193856E-7	8.106932552214952E-6	1.8196604002915502E-7	1.484788098133749E-11	5.344356179902403E-7	1.5654096062002315E-8	1.0699653051350725E-11	1.6149069252227788E-6	6.369017600702108E-7	1.1660317392786924E-6	1.1184860659783639E-8	1.8315083818751674E-10	6.466832341160568E-8	3.329731655327848E-9	9.836940266385134E-11	2.2062977139215805E-12	3.330026245641654E-10	3.580211315738504E-13	9.154809976928744E-9	6.425294138244166E-8	9.206934315201018E-8	5.3032694110455615E-8	2.8438914199985336E-8	9.65030735449265E-9	7.215426862257922E-9	0.0	7.215426862257922E-9	8.929488938035376E-13	3.3311649555826437E-13	1.0016417236216725E-9	1.9629498505039975E-7
0.13642860070363813	0.005179675143152641	1.0327269255435076E-4	0.006749647283500251	8.875587020933005E-7	0.0026882238497780916	5.544621046381365E-4	5.064954836489383E-8	0.07348772208777268	0.08365868122765638	0.15185216973312746	0.0010979151591944795	1.8117238786851181E-6	0.0015750961842820636	2.6608423178621644E-5	2.9952569651864184E-6	4.1903749277717306E-8	5.27812029678275E-6	7.713446611072568E-11	3.328055892324274E-4	5.870496191864775E-4	0.001494476327987111	8.642104234690087E-4	8.022908365861011E-4	1.4227146614922663E-4	2.566725483289345E-4	0.0	2.566725483289345E-4	3.452958611599926E-8	1.5012095730981717E-8	2.146834887754944E-7	0.0026603160969040905
0.14169853802839735	0.00287127581946405	4.3558940403675286E-5	0.004617845217548023	3.494080983559048E-7	0.0014798663713072168	1.826129242085058E-4	4.280003484805113E-8	0.030619713291266573	0.007286284807180986	0.013551366202537723	1.158443014548283E-4	8.5755609394132E-7	5.742516579165174E-4	1.622791167462005E-5	1.3062372661532257E-6	2.928013992736012E-8	2.7048695639188558E-6	3.33925968171254E-11	2.762305621709944E-4	3.392130312436019E-4	7.31090356888632E-4	4.225722973260573E-4	3.093671026812581E-4	7.551193105881307E-5	6.967306899672784E-5	0.0	6.967306899672784E-5	8.000686809182682E-9	2.925665260688768E-9	9.27574009094159E-8	0.0013788857473194182
0.13051500919290682	0.0036806467457167376	6.20327770673038E-5	0.005184406655313266	5.091531190715348E-7	0.0018755614361330496	3.6316490470085337E-4	4.312006442475319E-8	0.04903707818574824	0.08005713540057874	0.0633090725103501	0.001381224636164778	1.1484758253266773E-6	9.18302648995704E-4	1.9308994187349608E-5	1.9820627133301593E-6	3.3242950939792563E-8	3.487020441802828E-6	4.662042379473675E-11	2.7941486978026535E-4	4.2574601584939803E-4	9.627983068886009E-4	5.61279407607471E-4	4.957031819476244E-4	9.57566610554515E-5	1.6396012763267737E-4	0.0	1.6396012763267737E-4	2.1932973332857617E-8	8.241699707695619E-9	1.29622448041737E-7	0.0017552107426754527
0.0014184182675167003	3.597958257860016E-5	6.119214595943556E-7	5.3026013906940246E-5	5.060944995873774E-9	1.8546542520957725E-5	3.0214174446488325E-6	4.5609193303315725E-10	4.4192100404121405E-4	8.701103382388668E-4	6.320991922186045E-4	4.7016158896278E-4	1.142343904025009E-8	8.723396416234353E-6	1.9473223783730322E-7	1.8343709905133854E-8	3.3489855025205176E-10	3.4816763244858445E-8	4.628827607630902E-13	2.958793095687772E-6	4.178943958778851E-6	9.598060989755339E-6	5.5571055055547935E-6	4.598447566191914E-6	9.578207029499236E-7	1.2989087128161855E-6	0.0	1.2989087128161855E-6	1.6599592911812314E-10	6.640490751878552E-11	1.286941464457888E-9	1.764099617675308E-5
6.244980764187019E-7	9.511127065024155E-7	2.5320007109951946E-9	3.288168532442163E-7	9.233392282685622E-12	1.5847278083231103E-7	1.4773961382385177E-8	1.8873509516307763E-12	1.5256702956020316E-6	4.066858239170164E-7	7.684936687277843E-7	6.718589624528578E-9	9.305446699732212E-11	8.451595372638526E-8	8.859009353981949E-10	1.7386381835295577E-10	1.5045113448641985E-12	8.616077868158587E-10	2.077219486109001E-15	1.8465029544337587E-8	1.0677204666846339E-7	1.4856779466168893E-7	6.944222338107342E-8	2.297478086020249E-8	2.177167705020416E-8	6.96947398631971E-9	0.0	6.96947398631971E-9	5.007426659979931E-13	1.8414756739436156E-13	5.4862542955890235E-12	2.677791729847847E-6
0.0012115986904243222	0.0023295314531076063	5.868332604280993E-6	0.0019069775549567039	4.454402330967148E-8	2.438362959163694E-4	2.6887163487632586E-5	2.6266740966720097E-9	0.002326062049720609	7.581264826207287E-4	0.0014554079493312722	1.3186100713277015E-5	1.582864838032157E-7	1.0831133727010637E-4	4.120951113909124E-5	2.1553085946336058E-7	5.599966855488254E-9	1.1154579672938406E-6	3.168650202186898E-12	2.298553877267619E-5	1.273580987086817E-4	5.339666259329004E-4	1.0653698258564764E-4	4.171895982251049E-5	2.8621240862541676E-5	1.2805336854796246E-5	0.0	1.2805336854796246E-5	1.1503145881532352E-9	3.9921112670590523E-10	8.477029312494752E-9	2.1140491999377815E-4
1.6199634752646296E-4	5.755641975072852E-5	3.802757897680503E-7	1.303596250411433E-4	3.0844209118670307E-9	1.257721506634842E-5	1.7273870147653835E-6	2.984072108187101E-10	5.988089345217186E-4	1.1370390816183126E-4	2.1877530349323073E-4	1.7107867874687072E-6	9.765032276732975E-9	5.416038159319311E-6	1.0112612815573008E-5	1.5365741439576556E-8	2.3311850197017093E-10	1.8983337791103405E-8	4.666135748019573E-10	0.0011054100832667928	2.2058065673467858E-6	5.4602249421367474E-6	2.3113371719289042E-6	2.7457359962453206E-6	5.800678408710081E-7	8.073578698925316E-7	0.0	8.073578698925316E-7	1.731972933163288E-10	3.929828852295938E-11	1.0089652765874811E-7	1.4599715145410798E-5
6.328169605637149E-4	1.7845586166667792E-4	6.074107514365757E-6	0.001914141290923666	7.029377336947243E-8	0.006342061516772835	1.1537704213845105E-5	6.584382937905399E-10	0.0010520231393513649	3.8935980269351044E-4	7.835112744108577E-4	7.089796426361184E-6	1.0682727426618705E-7	5.782213100346055E-5	1.0947820720941277E-6	1.841339327673799E-7	9.156146213481381E-10	2.6313816727232356E-7	1.0306481085981293E-12	3.5622063589371233E-6	1.8352120132509443E-5	8.414322722898999E-5	1.7871200715076933E-5	2.392684397437834E-5	6.62336315432766E-6	5.084608644284173E-6	0.0	5.084608644284173E-6	7.979902679085137E-10	2.3780599861391547E-10	2.851488519145371E-9	1.4758082884900464E-4
3.698330453530062E-8	2.2862553347901767E-8	1.3635379843856995E-10	6.794322032191452E-9	5.774135085056361E-13	9.438985411240296E-9	4.4386351835870644E-10	1.2057183529060799E-12	7.899194886755255E-8	2.3197118038323837E-8	3.961321041427758E-8	3.726407002931158E-10	2.8468793471883797E-12	1.5959726970858039E-9	1.4173773933383773E-10	2.879961231361602E-12	7.117002442401004E-14	1.6718112412587715E-11	1.8611150300449287E-16	4.321202116331358E-10	2.3434678818781235E-9	3.0809583286669367E-9	1.942847104537513E-9	7.327681504741295E-10	4.11634975298119E-10	2.0838218842619587E-10	0.0	2.0838218842619587E-10	1.9125273072375062E-14	9.00218056452712E-15	5.1509216901218E-13	8.316470993249747E-9
9.148485132784463E-7	2.2214950396266012E-6	1.2088847923988128E-8	5.524151631662113E-7	1.6025211764587E-11	2.5794834664075893E-6	2.902951375521745E-8	3.643520913153203E-11	2.134807859290836E-6	5.836359345216634E-7	1.1182027273167647E-6	9.770610863528181E-9	1.443517584494375E-9	3.425878967855715E-7	4.961267762723364E-7	3.52339584760208E-10	7.020038495741741E-12	1.531329262820228E-5	5.742152158845945E-6	2.1867912787445645E-8	1.9580030238953023E-7	4.3912883644679633E-7	1.4767612109285095E-7	1.1357083316252273E-7	3.332448998205601E-8	9.597123046276536E-9	0.0	9.597123046276536E-9	7.761544468326174E-13	2.76810773556409E-13	1.7069347404926756E-11	1.1429390149489024E-6
8.101341331946098E-8	2.2146266346573958E-7	2.9532209512774514E-6	5.248701077461262E-8	1.3133553826131273E-12	2.6952716593724475E-7	2.7476495613650542E-9	4.814328588327146E-12	1.9428655452142736E-7	5.241231976708972E-8	1.0104178547509354E-7	8.775022550910225E-10	1.3069817517843396E-10	3.0920027160302355E-8	1.0847770046455418E-9	3.216924571725731E-11	7.233475003906954E-13	9.342295996349722E-11	2.1857085567655086E-15	2.288778575581536E-9	2.1648186474831972E-8	4.112819956592398E-8	1.622573166502718E-8	1.0344964525404415E-8	3.2732303046198624E-9	9.296543293670828E-10	0.0	9.296543293670828E-10	1.2364007147158112E-10	2.4959579283995172E-14	6.081779949390229E-12	1.1033723543379147E-7
2.0906637132740933E-4	0.002758806547090285	5.810858925058443E-7	5.6491775414532766E-5	2.5114248279727303E-9	3.429994027311338E-5	3.7461653907175613E-6	6.735443371316241E-10	7.291962447839462E-4	1.449017723198759E-4	2.7753561916664924E-4	2.210945800004474E-6	1.8724377504633107E-8	9.751437013538831E-6	2.225114838958494E-7	2.53344456992842E-8	4.54742154465136E-10	1.797041911104774E-7	4.365620822320418E-13	0.001109270662986861	5.212808755059367E-5	3.1107939246355346E-5	8.236727001645652E-5	5.149646504192729E-6	4.509592447141622E-6	1.8044800395505195E-6	0.0	1.8044800395505195E-6	1.4779478392657537E-10	5.2156303634533733E-11	1.1544481893812076E-9	2.7250908316286726E-5
0.0012526873418197812	5.039622996074616E-4	6.176040234362227E-6	4.256902008551305E-4	3.6263073167107555E-8	1.969421828611365E-4	1.5618060138959183E-5	1.8784712254289525E-8	0.003280653244340623	8.15869716537593E-4	0.0015303737566892473	1.3189894073678382E-5	8.402731472458056E-8	1.9923823764127495E-4	2.8290324384197185E-6	6.264452477829607E-7	1.23675779284666E-8	3.142885990527112E-7	3.484601885495578E-12	2.453660122290283E-4	4.877364887043769E-5	9.855424274568037E-5	4.424751595928332E-5	2.345737333252515E-5	8.760173564134626E-6	7.4307058783420355E-6	0.0	7.4307058783420355E-6	9.55963479070012E-10	3.4630591296244417E-10	9.666851457111923E-9	2.125337680621322E-4
6.881035510312205E-4	7.3872692429717E-4	3.414579615342695E-6	2.3613028426014516E-4	1.0874674025900201E-8	9.300447611787234E-4	2.2609942086069325E-4	3.453643352374433E-9	0.0014214544794821722	4.3548402570554645E-4	8.369960833784003E-4	7.4871261970360615E-6	1.0378872397105132E-7	0.0021825728091000004	1.2381781438380447E-6	1.214248901381003E-7	2.1679302074548268E-9	1.7160244536934733E-6	2.2641117829957317E-12	3.1731317819068844E-5	2.633466300471153E-4	1.1843540362238927E-4	0.0018911882709811924	1.0692889464049387E-4	5.0848781621407075E-5	1.2153412994372105E-4	0.0	1.2153412994372105E-4	6.201580691711876E-10	2.2200685242587974E-10	6.0970254247225266E-9	1.38232374199057E-4
9.367709374826172E-4	1.0682579564930456E-4	1.4739612550066443E-6	8.687116817102837E-5	1.156142882455148E-8	4.970209922242328E-5	8.091485766576373E-4	1.5072259175914546E-9	0.0015785499534973174	5.776000731816725E-4	0.001154529300882974	1.0462687988654344E-5	2.6204252171195445E-8	2.547880081632859E-5	4.5037861577005146E-7	6.988648898389912E-8	1.1131127660041025E-9	8.776880247425898E-8	1.0962073375363413E-12	0.001119494968115095	1.1628808359007127E-5	2.292458984908491E-5	1.3518277088207825E-5	3.0949385277030173E-4	2.3263031289359413E-6	4.3849274065767724E-4	0.0	4.3849274065767724E-4	1.0001854188665096E-9	3.42413482301219E-10	3.0450392370825637E-9	4.21762746562807E-5
6.205387594118891E-4	1.0007946084714953E-4	1.5446546518603317E-6	6.36279777893184E-5	1.3372290915266334E-8	5.413920637240197E-5	7.018727218153904E-4	2.985767528163667E-9	8.452032734468471E-4	3.871505523403668E-4	5.857331353569444E-4	6.385147179879159E-6	2.646587737557445E-8	2.199362593373704E-5	5.194962603307552E-7	6.588260321674828E-8	1.700449369992122E-9	8.786051151266826E-8	1.2194642335103566E-12	3.205197715068461E-5	1.0159060234627894E-5	2.299298850283817E-5	1.3010811681087073E-5	2.2807004086989636E-4	2.2415992656341745E-6	5.933655877589738E-4	0.0	5.933655877589738E-4	2.2463551911269526E-10	1.5079430697690219E-10	3.391962836362991E-9	5.044209555526948E-5
4.853733670105245E-5	2.7674570984866677E-5	3.0270468892048954E-7	3.555855365606684E-5	9.465927982536112E-10	4.7963873250391905E-6	7.827112193616012E-7	5.265403589447449E-11	7.964152820734427E-5	3.001636955135803E-5	5.7682763463712505E-5	5.357492856756798E-7	2.8416526122188816E-9	1.703768989846187E-5	3.467115655808056E-8	3.152110295138515E-8	1.1182226739115746E-10	1.6980333229744208E-8	1.4927776905363117E-12	4.4096971462290065E-7	2.813082254165367E-6	7.112331889788389E-6	2.3148255697802026E-6	9.91274411459062E-7	5.324301685080371E-7	3.84288926051159E-7	0.0	3.84288926051159E-7	4.683446737790731E-11	1.681333296259973E-11	4.171036941325322E-9	3.6971575012118716E-6
1.4024811726112555E-4	2.6488275776117757E-5	3.491299553958137E-7	1.554367617652376E-5	2.9409875278287433E-9	1.2398805979209499E-5	4.4581500528269313E-4	6.505223852333615E-10	2.0678938394015265E-4	8.802220539127784E-5	1.3526990958680074E-4	1.445533717069745E-6	6.172994173592678E-9	5.141382757759315E-6	1.1511851946410395E-7	1.500748956146109E-8	3.727367348174653E-10	2.3525320475044284E-8	2.7422573794069885E-13	6.997986200250141E-6	2.732874800036345E-6	5.766873204310401E-6	3.180293708448119E-6	1.6727072455443657E-4	6.022756131380056E-7	5.789509124908327E-4	5.78483478846113E-4	2.897087422555339E-4	5.339501995201109E-11	3.41488526686693E-11	7.612246651719216E-10	1.1495943177446405E-5
4.209974193401216E-5	7.96098736122689E-6	1.0522070163284919E-7	4.672585873622566E-6	8.826376394484672E-10	3.734089103390285E-6	1.3374470433524552E-4	1.9536100479727185E-10	6.2080114745466E-5	2.642231477642996E-5	4.0611989260862424E-5	4.3394186108003043E-7	1.862445739032417E-9	1.5470454902709072E-6	3.455808873424913E-8	4.509837490134423E-9	1.1187718802328437E-10	7.0648697453543086E-9	8.232437447536976E-14	2.0995965792775805E-6	8.213175731110007E-7	1.7330217224487453E-6	9.553014624258064E-7	5.018205416916065E-5	1.8113739376003267E-7	1.404384614867226E-7	2.6790712054618298E-8	1.4476152357913643E-4	2.7828254872162252E-8	8.802663496386514E-10	2.285234842298666E-10	3.4557557399372806E-6
1.3323516827679665E-4	2.5163759409492446E-5	3.3167210559428543E-7	1.4766432173654679E-5	2.79392676224421E-9	1.177881766495004E-5	4.2352252856676963E-4	6.179937467753395E-10	1.9644911393586456E-4	8.362075424917218E-5	1.2850589026466792E-4	1.3732514332793485E-6	5.864320559533663E-9	4.884293709483954E-6	1.09362147685864E-7	1.4257056965767714E-8	3.5409845462584423E-10	2.2348963347737586E-8	2.605133890840835E-13	6.6480597900152245E-6	2.59622047677346E-6	5.478507211449179E-6	3.0212667071016247E-6	0.0015328012486168965	5.72159500123967E-7	4.4406015231248876E-7	0.0	4.4406015231248876E-7	5.072506217822165E-11	3.244127779126221E-11	7.231604840141525E-10	1.0921101499678499E-5
4.409985205026974E-8	1.560638669631046E-8	3.86361871991089E-9	7.46935695597808E-9	8.232313179752631E-13	1.4391079856568278E-8	4.647455237965037E-10	1.8609348579059056E-13	4.973323538341311E-8	2.7172932628220183E-8	4.111523200907343E-8	4.585067072299529E-10	3.036368237241935E-11	3.075673181945774E-9	6.657891280947866E-11	3.870276825246271E-12	4.9837247654867714E-14	1.100418868991227E-11	1.532606697601781E-14	3.1427842157204214E-10	1.6303772996937263E-9	3.749311773699227E-9	1.7993184076128348E-9	1.2493434406372132E-9	2.3908900362227893E-9	1.8910235475334769E-10	0.0	1.8910235475334769E-10	1.951613832187798E-14	8.411348179459931E-9	4.2879436936092604E-11	7.863236373605998E-9
1.1283248160708203E-8	3.869978163446283E-9	5.62707036503262E-11	2.4195172113691714E-9	2.1254118154382456E-13	6.652080237060004E-9	1.371694276848871E-10	2.4466495427727087E-14	1.2772702092302425E-8	6.947662830370238E-9	1.0578809750902556E-8	1.1747160766454924E-10	5.715434655135728E-12	1.4894720026437042E-9	7.697663568872707E-12	1.5521095426671419E-12	1.2125751801436755E-14	2.9897735372071903E-12	2.2435110782974283E-17	8.322940668487912E-11	4.139098804036356E-10	1.7176892839805523E-9	3.90480469054607E-10	5.202960937157999E-10	1.183932655619981E-10	4.647394376613854E-11	0.0	4.647394376613854E-11	4.669173587177669E-15	2.9370690702975686E-15	6.183025313907994E-14	4.165532693447239E-9
6.984778318457275E-8	1.0020251857228667E-6	5.376880618623292E-10	5.415644091838166E-8	1.1505218135973377E-12	1.2511724380260724E-7	2.2358760542713567E-9	6.343677233247966E-13	1.5162354118155787E-7	4.4563219508477604E-8	8.576246100047946E-8	7.600438939762777E-10	8.76120782813331E-11	2.8340130683736625E-8	1.1464533229518357E-10	3.2922002961239674E-11	2.60699567106801E-13	1.157425274112814E-10	8.768070062461763E-11	2.4489151104736686E-9	1.5489370650956466E-8	4.048926288867519E-8	1.1777126195012249E-8	4.331403417740022E-9	7.757354875988993E-9	1.004040405547444E-9	0.0	1.004040405547444E-9	1.1023330802517088E-11	2.2269318220738187E-14	2.4533317113415737E-7	3.952478652074542E-8
0.002768308550183526	1.8036821413670796E-4	3.1130681102495055E-6	2.360068568164501E-4	2.3345700769332074E-8	8.9216111254122E-5	2.6671620907063458E-5	1.2518420747415796E-9	0.01046479380179502	0.0019520128002282731	0.003755802185584513	2.9170917528720627E-5	5.5445664579012675E-8	5.3514039661240807E-5	8.212352110779745E-7	1.1267926582935309E-7	1.2895302579153005E-9	1.6169910908920448E-7	2.140216320480342E-12	7.970256281526613E-6	2.0095153602911193E-5	4.3734136836016725E-5	2.900058967685935E-5	2.9254349969238405E-5	4.315403367533568E-6	1.3271711745282913E-5	0.0	1.3271711745282913E-5	1.8822240497710767E-9	6.578194680834286E-10	5.951319919983644E-9	7.96664453046943E-5
