32
NULL,open@__open_nocancel,fstat@_fxstat,mmap@__mmap,read@__read,munmap@munmap,open@__open64,close@__close_nocancel,rt_sigprocmask@sigprocmask,exit_group@_Exit,rt_sigaction@__libc_sigaction,sched_yield@sched_yield,mremap@mremap,time@time,read@__read_nocancel,mprotect@__mprotect,madvise@madvise,lstat@__lxstat64,openat@__openat64_nocancel,write@__write_nocancel,syslog@__syslog,getpid@getpid,writev@__writev,close@close,stat@__xstat,socket@__socket,fcntl@fcntl,connect@__connect,getdents@__getdents64,lseek@llseek,getrlimit@__getrlimit,write@__libc_write
0.6527727055910899	0.016805475040320282	1.1894529931640668E-4	0.009016601300743122	7.292353335070919E-7	0.006790055504517609	7.771477427423515E-4	6.960109244458204E-8	0.1836336703589117	0.04470873206955156	0.08336199632612405	6.944662435506715E-4	3.2864359434122586E-6	0.0020276543471866968	6.717372842960875E-5	4.348051165369834E-6	6.466363121591206E-8	1.3424248224934026E-5	7.738125920819782E-11	4.156239408168576E-4	0.0021569290235033435	0.0028116030741148676	0.0015504954170700413	0.0010862637438090704	4.743259899059412E-4	3.729721321571121E-4	0.0	3.729721321571121E-4	4.759211969780496E-8	1.7638513590968575E-8	2.120445104513329E-7	0.004660342620723936
0.0035471471542942758	0.003420386081176112	2.1450657362902148E-4	0.0024970870984091227	6.302847718530467E-8	0.0012051527365328383	2.5897496084933416E-5	1.1549377812403656E-5	0.004926266497040009	0.0013519334884061476	0.0025023079275737275	2.159196028973825E-5	1.789743866356717E-7	1.8952035571865867E-4	0.002149557629644075	7.021958203837943E-7	2.0618366023026293E-8	3.4779095273701023E-7	5.217629702987173E-10	1.6581256944141055E-4	0.008443691842113219	1.1717377542688854E-4	1.0894290217535336E-4	4.523678901062592E-5	9.881232235760071E-6	1.1946189203769548E-5	0.0	1.1946189203769548E-5	1.6561092675851091E-9	5.778006281488996E-10	1.0940268991628256E-7	3.804062974862105E-4
7.599593992296043E-5	1.4874669994200413E-5	9.011868432755524E-7	5.057233993517522E-5	8.950292790206385E-10	2.294598096194583E-5	1.3017574142271985E-6	3.022424596718114E-10	1.0453077680298689E-4	4.255573959718976E-5	7.859456342583526E-5	7.335842679434179E-7	5.378689922019231E-9	2.718199895007635E-6	3.310845162501358E-8	5.065550349044699E-9	7.538692539077365E-11	7.035808028856255E-9	2.458536267944276E-13	2.862552908237978E-7	1.5488712510871132E-6	1.9757640815961454E-6	5.049775485635754E-6	3.5757706635496356E-6	5.95410956234703E-8	6.409924410607283E-7	2.4372502757386894E-7	6.409924410607283E-7	9.145537890940104E-8	2.881273729623147E-9	6.867751151374701E-10	7.851448760088536E-6
0.0023490112023146523	9.817968943149978E-4	7.16389537833127E-6	0.01279717856033975	5.895746963476834E-8	0.017528779712847612	9.0481201306963E-5	3.545629986883285E-8	0.002384816103516166	7.000074670930367E-4	0.0013264566530067218	1.1503611671303243E-5	1.321139193587417E-7	7.85491707067769E-5	1.9588872497229327E-6	0.0039353947065343805	7.333785288281711E-9	6.782155444243008E-7	5.158105283447191E-12	6.75297879960578E-5	8.210431936829988E-4	8.624814925080013E-5	7.258755927516554E-4	5.7349104139316876E-5	3.044783641712622E-6	4.768396741931682E-5	0.0	4.768396741931682E-5	9.872013210065838E-10	3.3025128203954107E-10	1.4387252644580533E-8	3.1255842637022374E-4
2.852247337623767E-7	2.9070036893196064E-7	2.4526817636665205E-10	1.822173385317478E-8	1.2258893392576556E-12	1.9645141651399235E-6	1.1511028147204753E-9	1.999988455574141E-12	2.464562788564904E-7	6.124908815889444E-8	1.115913237088686E-7	9.447256709992849E-10	4.764044203685981E-12	3.2597714481780903E-9	1.3944768852988937E-10	6.5634711450213E-12	1.3201123895200791E-12	2.0630511218366497E-11	3.1975890433306025E-16	1.044110160866817E-9	2.584302493047589E-8	4.22210784254922E-9	2.0343261205521864E-8	1.457609010337944E-9	1.3493734802377909E-10	5.639811220640295E-10	0.0	5.639811220640295E-10	5.974323123568317E-14	2.3248846567955897E-14	8.88623651144071E-13	1.4061500406694422E-8
0.0029909599438603957	0.001207460496284359	1.6792486235213163E-5	0.0046830928443541645	1.1239773938432336E-7	0.004880222349812962	3.912400025675459E-5	1.0176895661898352E-7	0.005890486183372036	0.0016978291411464154	0.003138334211701962	2.7417441338106186E-5	1.7674566044251563E-6	4.1114688306629406E-4	1.1755441886277224E-5	0.007346018626496332	9.232139352151307E-9	4.6409822496682193E-7	1.927235650180927E-11	4.1241801742107085E-5	4.445194579027647E-4	5.676139856262219E-4	1.492746882420835E-4	7.550072582403838E-5	4.260305130639717E-6	1.765241192639791E-5	0.0	1.765241192639791E-5	2.1103641933341194E-9	7.497824212585369E-10	5.387952531624204E-8	0.0011072086991406203
5.285705835325178E-4	1.516438102298752E-4	4.8614475372684114E-5	8.075738107928836E-5	1.0166942382407605E-8	7.130192971696509E-4	2.1334090692541614E-5	1.1526729898108672E-5	7.383969416897556E-4	3.2792252271078066E-4	5.212923409805265E-4	5.3312784728278484E-6	5.594960133326521E-7	7.054334989399246E-5	6.763425279089177E-7	7.127789184825631E-8	1.4943512429208215E-9	4.7697051263530366E-8	2.8572650233627668E-12	2.0338939275203576E-5	1.4396234730612821E-5	8.758494453454672E-5	1.467869000298481E-5	1.6509967040573666E-4	7.083536540620578E-6	1.946038884314706E-6	0.0	1.946038884314706E-6	2.46038239085833E-10	1.3336744992232191E-10	7.987216080417394E-9	1.912557141474116E-4
1.1796953522645131E-6	3.5927709737863096E-7	7.304706297216708E-6	1.1638155196050615E-7	1.31974979658564E-11	4.51417130843707E-7	1.2004097019207156E-8	9.307457958086115E-12	1.4596994404392997E-6	5.995989925362002E-7	1.0859239109250224E-6	1.024999969447962E-8	1.4075894262499134E-10	5.0082709462627084E-8	2.975431135217663E-9	7.178852252194421E-11	1.8015697711988662E-12	8.581031792049665E-11	3.2112644988544385E-13	4.1547543612424955E-9	3.3472299146237965E-8	4.739935450277712E-8	3.17713174938861E-8	2.0934557839661818E-8	8.588605361870135E-10	5.588636497031361E-9	0.0	5.588636497031361E-9	8.105650884996438E-13	3.0318090661535493E-13	8.985034213664306E-10	1.4410397960299922E-7
0.08091394642451429	0.0038321611970539068	9.611432909158522E-5	0.006318323027871995	8.513292583011533E-7	0.0025036301497961245	5.332405405842468E-4	4.7067383299089346E-8	0.07444850605395748	0.08092290932450814	0.14553439909849475	0.0010427038194718375	1.651344237074932E-6	0.001488546121112445	2.6774273293197587E-5	2.852827397663076E-6	4.0214123974356784E-8	3.879953558242271E-6	7.225090341918703E-11	2.9861434374582244E-4	4.473745230689746E-4	0.0012392244165084043	7.443279247223936E-4	7.575089533053854E-4	5.699703518086449E-5	2.474852093137417E-4	0.0	2.474852093137417E-4	3.416377682364872E-8	1.4664779388386364E-8	2.0152472687463464E-7	0.0024577135994274606
0.0775206566149115	0.002608226741179934	4.140055459579024E-5	0.004353013193836736	3.3857984023515626E-7	0.0014578545309006797	1.8444943714616586E-4	3.985263039492898E-8	0.03298592821388543	0.008169660203673228	0.015069413491248164	1.2675338123003876E-4	8.21878911275553E-7	5.644057890781685E-4	1.6609878554882988E-5	1.281731934600977E-6	2.8046411598200456E-8	2.385028473507706E-6	3.1835105008791406E-11	2.539678464880386E-4	3.169611721242076E-4	6.672911862095583E-4	3.915328873675032E-4	3.0289399174227374E-4	4.2137462755640746E-5	7.2377868972229E-5	0.0	7.2377868972229E-5	8.722051126627017E-9	3.1961174556352117E-9	8.851037900854488E-8	0.0013263310566056065
0.07459544193072407	0.003013680546871797	5.872844135182224E-5	0.004911014717752004	4.955098677016953E-7	0.001805219114331713	3.5542467309446083E-4	4.047017863287262E-8	0.05088667784440905	0.07608199573954241	0.06303487756228839	0.0012862921020463864	1.0769501115809257E-6	8.872693074294437E-4	1.975663391165676E-5	1.9218812641114043E-6	3.212585308213842E-8	2.777602340197372E-6	4.435623416222424E-11	2.560473741021314E-4	3.595573141226044E-4	8.344597678448132E-4	5.013909465475923E-4	4.777130566105114E-4	4.504897161682312E-5	1.6130521797263594E-4	0.0	1.6130521797263594E-4	2.2076564324034383E-8	8.26734674457266E-9	1.23547436023739E-7	0.0016633876492352204
8.056951695225096E-4	3.0546949767789754E-5	5.836291973664646E-7	5.056955661382133E-5	4.945552932312387E-9	1.8104827579821395E-5	3.020959982575683E-6	4.3040177765407613E-10	4.6886641916466643E-4	8.258283676085785E-4	6.324944678375355E-4	4.260996798308195E-4	1.084772503817954E-8	8.520696948705272E-6	2.0082110502205018E-7	1.801779701924466E-8	3.257495919689959E-10	2.8790091167554735E-8	4.435350623787661E-13	2.736113419618921E-6	3.658799091942721E-6	8.505526363215119E-6	5.05204562108113E-6	4.486613647651843E-6	4.753718755446165E-7	1.313182240767573E-6	0.0	1.313182240767573E-6	1.7307830819164905E-10	6.842618052290979E-11	1.2350129728503166E-9	1.690404059223547E-5
1.9711968933228486E-6	1.8464710017134382E-7	9.791289721565821E-10	1.5522013137895556E-7	6.484144493415404E-12	5.981001985254419E-8	6.497601442981691E-9	5.835857911568107E-13	1.1867273170305104E-6	3.3084084839428904E-7	6.172677925529685E-7	5.327227307695869E-9	2.92720155301411E-11	5.556425642928421E-8	6.175520586131095E-10	1.1189540397023137E-10	7.418959783045429E-13	1.2881064662783424E-10	8.964520679210719E-16	3.937855964496412E-9	2.2381216745346837E-8	2.6848137347124124E-8	1.536433320598411E-8	9.242572259088181E-9	8.391478867793356E-10	3.1135012144361207E-9	0.0	3.1135012144361207E-9	3.914211989532767E-13	1.4503113450041824E-13	2.4647133022519748E-12	2.351446554267854E-6
0.0026225682900473456	0.0013086365739755797	3.737400737747835E-6	0.0015590911446909488	3.839752075515753E-8	1.2090921643769733E-4	1.6393934342651213E-5	1.039779736327663E-9	0.001915247420810861	6.637588784100512E-4	0.0012603709602285564	1.129472407006957E-5	7.783975509988052E-8	7.357887110564303E-5	3.723230718849564E-5	1.4210254536118528E-7	4.356747155632062E-9	2.377897905080198E-7	1.7130507050357112E-12	5.716634921474839E-6	2.721498901164547E-5	3.561151890514536E-4	4.007276381815689E-5	2.4188229871919984E-5	1.8994544873560026E-6	7.908834512568724E-6	0.0	7.908834512568724E-6	9.857580145806714E-10	3.4221502033538496E-10	4.7393774720989695E-9	1.0476686068032305E-4
1.1239993244407732E-4	4.516867862409007E-5	3.3275520212242907E-7	1.1716815830512903E-4	2.845227301439038E-9	1.0641437587881722E-5	1.5533080632281656E-6	2.607062008209143E-10	5.516303188076338E-4	1.0962703372445922E-4	2.0856270853923382E-4	1.6125265413299543E-6	8.323044948215493E-9	4.802000763490089E-6	9.19644274893893E-6	1.3725511051866972E-8	2.0890579975351143E-10	1.0385818496658589E-8	4.2250274491500204E-10	0.0010008256946095575	1.2408340567853164E-6	3.854418196756486E-6	1.6137329800186058E-6	2.420042123889675E-6	1.23480712250504E-7	7.276775588825822E-7	0.0	7.276775588825822E-7	1.6097014994131586E-10	3.706654747141485E-11	9.133067105799875E-8	1.2617042592922775E-5
5.267656021454382E-4	1.0067893536480052E-4	5.330090279241346E-6	0.0017218190791482766	6.376626228456227E-8	0.005733973433737916	1.0057027111671881E-5	4.853133214053148E-10	9.82328087583364E-4	3.748643375255396E-4	7.449630852576707E-4	6.641299792693842E-6	9.107239129257192E-8	5.0712957403741E-5	9.910798910574135E-7	1.6359090906910922E-7	7.87585921972372E-10	1.7981534107642706E-7	8.489998660051116E-13	2.1511613999102535E-6	9.971707895184247E-6	6.643527769428092E-5	1.172372003867116E-5	2.0669363146708415E-5	1.7685738972321499E-6	4.435971281694249E-6	0.0	4.435971281694249E-6	7.381824013378814E-10	2.2085873195158565E-10	2.3690665575975668E-9	1.2698523685999817E-4
4.884100425461568E-8	9.270671594533738E-9	1.0195709610170932E-10	3.8330622670353086E-9	5.047247150030887E-13	7.166148974596374E-9	2.9491993261037144E-10	1.0732615627518352E-12	7.008636863100481E-8	2.1537084693969888E-8	3.635946638700233E-8	3.3668571544237934E-10	1.664170092428192E-12	1.112918482833454E-9	1.261916170210288E-10	1.8852387087653674E-12	5.468477343211992E-14	4.1205838684680306E-12	1.5272524164024797E-16	1.7846757738554717E-10	8.686213633342776E-10	9.765996306500394E-10	9.611577675630308E-10	4.78469269007941E-10	3.3049175022473224E-11	1.3911581591759652E-10	0.0	1.3911581591759652E-10	1.6968618069824665E-14	8.061416091432745E-15	4.264777958058623E-13	6.3238473683234405E-9
2.1910309446574317E-6	1.3345451763997984E-6	9.380701806184235E-9	3.5565481522191097E-7	1.2748594526273916E-11	2.2474596219815067E-6	1.9314151638699822E-8	3.178471583789607E-11	1.7626310647572067E-6	5.031451115953112E-7	9.53814198360407E-7	8.217755260190035E-9	1.25008619039643E-9	2.8886604092898423E-7	4.4995314388068964E-7	2.729791270057447E-10	5.736766901668915E-12	1.3865401976718E-5	5.199468677566686E-6	7.054179831919063E-9	1.0287975709423513E-7	2.8987388251108045E-7	8.48918643066543E-8	9.030521900394511E-8	1.6625372608676522E-9	5.474379198641204E-9	0.0	5.474379198641204E-9	6.497286270170222E-13	2.3200247096321794E-13	1.280757608444465E-11	9.592780795278666E-7
2.1860204560786744E-7	1.3014289803662957E-7	2.673956395418029E-6	3.2506904097181966E-8	9.988455526281158E-13	2.3493847557291904E-7	1.7613869953346196E-9	4.234989946877449E-12	1.5711393942811505E-7	4.4228418651395155E-8	8.442518630251736E-8	7.227375072853519E-10	1.1245037263148687E-10	2.5776097807664857E-8	9.653979075594071E-10	2.43320151604214E-11	5.899918384910985E-13	1.6982905100885047E-11	1.871672091304411E-15	7.467832873641028E-10	1.187304930522599E-8	2.604803133040024E-8	9.637765543238641E-9	8.075614220303507E-9	1.5471549614936302E-10	5.062062908956475E-10	0.0	5.062062908956475E-10	1.1194906968436846E-10	2.0508361372073246E-14	5.232382404938498E-12	9.207563627434619E-8
4.538865086982535E-4	0.0023630600542221677	2.6179342031304457E-7	2.240872782123591E-5	1.928400214941926E-9	1.4160256586856068E-5	2.0235657925670005E-6	3.8308066648855887E-10	6.269649950977682E-4	1.274704723871969E-4	2.4147770836474146E-4	1.8858161748903195E-6	5.802299431310961E-9	4.624612307631237E-6	1.666042154516974E-7	1.38240678116754E-8	2.880810250907772E-10	2.9736720883783576E-8	1.9748634718512047E-13	0.0010018409966504962	3.2311140896080315E-5	6.2112959274198635E-6	6.548746111671209E-5	2.3429357124958815E-6	2.097465102415735E-7	9.987146629971815E-7	0.0	9.987146629971815E-7	1.2371516489274782E-10	4.368927102703216E-11	5.432299295140469E-10	9.84159855067292E-6
0.0011200938748408256	2.9630211538030446E-4	5.282324946826579E-6	3.5528441909350386E-4	3.293369908502319E-8	1.5920629706758796E-4	1.2947327662456871E-5	1.675692378894992E-8	0.003007070959250317	7.792949287703884E-4	0.0014464023572788795	1.2283640797271215E-5	6.33174436552975E-8	1.7626814537551643E-4	2.5521461021952854E-6	5.584756615461931E-7	1.1085258712196242E-8	1.3009457815635466E-7	2.9515463729829845E-12	2.1928765656137493E-4	2.6672293706802946E-5	6.39285463840991E-5	2.8910157516620803E-5	1.8887494887549042E-5	1.8511466279956807E-6	6.185911825296565E-6	0.0	6.185911825296565E-6	8.854597446799736E-10	3.210489010171726E-10	8.243362959067364E-9	1.7613120939446856E-4
0.0017321558827235156	1.6847389156771325E-4	1.4158693836751294E-6	9.997470861727054E-5	8.460687313609158E-9	7.554100204595528E-4	1.9990334685282375E-4	2.006116057534252E-9	0.001166857562564062	3.747587239110301E-4	7.136008865726728E-4	6.293756723845675E-6	3.790086253229341E-8	0.0019574673190026893	9.839101972574337E-7	7.318040889309903E-8	1.4697947140616603E-9	1.0837617826714525E-6	1.1506846058986637E-12	1.948038671448453E-5	1.841565984246094E-4	2.561158801559504E-5	0.0016801624402350507	8.639692820779904E-5	2.4725270987727366E-6	1.0793265712920528E-4	0.0	1.0793265712920528E-4	5.211254581962195E-10	1.864720459217642E-10	3.1862652079040633E-9	6.060068162539401E-5
6.351517119089034E-4	6.135361504094146E-5	1.300481294924699E-6	7.450195089139047E-5	1.0832057639212584E-8	4.196863628195011E-5	7.328318205502942E-4	1.325536075063846E-9	0.0014924881485934352	5.617250253139759E-4	0.0011084879280198645	9.893081111299685E-6	2.1472039764289307E-8	2.280351680220963E-5	4.2267878239619786E-7	6.282660923404714E-8	1.0023397271059013E-9	4.483590818423949E-8	9.723451695993885E-13	0.0010131355596236743	6.718325068993166E-6	1.5332786627091754E-5	9.943447185260333E-6	2.8023660343678687E-4	5.603363163236216E-7	3.970965874855306E-4	0.0	3.970965874855306E-4	9.356029561561782E-10	3.2074377902617397E-10	2.7143985980249334E-9	3.551030124077479E-5
4.493025453511788E-4	5.558885290947959E-5	1.3491642416937184E-6	5.229869899807476E-5	1.2346491711890197E-8	4.5354757029637294E-5	6.354511699340849E-4	2.6565160458031377E-9	7.973857959105143E-4	3.757562342452223E-4	5.682155408946994E-4	6.025627617199318E-6	2.1472476920909564E-8	1.935470355012147E-5	4.767843446034795E-7	5.837959256606997E-8	1.5237758004098792E-9	4.570936355206625E-8	1.0753625474073529E-12	2.8439853379335262E-5	5.394438865398899E-6	1.5410010447889945E-5	9.43362774577591E-6	2.0627834165046595E-4	5.084492195864216E-7	5.372201828916358E-4	0.0	5.372201828916358E-4	2.1559512957403277E-10	1.4183061170310788E-10	3.004060429886713E-9	4.262616384059834E-5
5.6399513458303E-5	1.3465954606439288E-5	2.516692119638679E-7	2.9892143659291343E-5	8.469892223411244E-10	2.9374450558262147E-6	6.086167234651292E-7	2.893330390592594E-11	7.195663176586709E-5	2.8318433235096326E-5	5.37946922284352E-5	4.92542811223735E-7	1.6440255453069008E-9	1.5102432006585954E-5	2.9291514914218283E-8	2.784256450047368E-8	9.183375039750195E-11	4.203010328382489E-9	1.3359440675859626E-12	1.8519266476247048E-7	1.276848055548219E-6	4.628000959248977E-6	1.2877550361285992E-6	7.164188967327138E-7	1.030144792110595E-7	3.019822653132741E-7	0.0	3.019822653132741E-7	4.273930657822403E-11	1.537026665269207E-11	3.73709437513114E-9	2.1349081164536284E-6
1.0910300378924498E-4	1.2886441379592131E-5	2.9871741036888E-7	1.2193872083124434E-5	2.7063805410885455E-9	1.0002038973487613E-5	4.0366123652288855E-4	5.731784934937781E-10	1.9340727689136985E-4	8.510241589159094E-5	1.30491999682822E-4	1.3592445025580811E-6	4.766330810391847E-9	4.42791217714558E-6	1.0472550669061321E-7	1.3083646652773375E-8	3.309659846039906E-10	1.0589582431552482E-8	2.3707349371582353E-13	6.14586940788812E-6	1.265081678053759E-6	3.4920888390843376E-6	2.125283608972578E-6	1.5141874589592953E-4	1.158586288937035E-7	5.24204461768905E-4	5.23811742730653E-4	2.6229820030685194E-4	5.076160174223451E-11	3.198833455834381E-11	6.620533434738632E-10	9.373241928099434E-6
3.275835455775314E-5	3.874184128643645E-6	9.003492996391683E-8	3.6657217485102904E-6	8.122193132382098E-10	3.012913674016505E-6	1.2109850947087183E-4	1.7212846985117587E-10	5.8061682079134986E-5	2.5545537339688756E-5	3.917662097687076E-5	4.080330960184151E-7	1.4389039666849988E-9	1.332407979671425E-6	3.143720141475391E-8	3.9316530489486546E-9	9.933644978759175E-11	3.1788107240212364E-9	7.116552989985224E-14	1.843853659868334E-6	3.80307255705235E-7	1.04952196905853E-6	6.38313112895825E-7	4.542628761419702E-5	3.478900417834504E-8	1.179843037197078E-7	2.4258756012041325E-8	1.3107111503474634E-4	2.5198966126251143E-8	7.973936531661581E-10	1.987372613670767E-10	2.817701141074758E-6
1.0364743109028022E-4	1.2242069406909166E-5	2.837803830450315E-7	1.1584131257291004E-5	2.571051033374041E-9	9.501898291172879E-6	3.834766114885622E-4	5.445173491427129E-10	1.8373616406272664E-4	8.084696553157188E-5	1.2396689435869988E-4	1.291277013654675E-6	4.527995811901443E-9	4.206499420868838E-6	9.948882579876333E-8	1.2429413652739254E-8	3.144164036833824E-10	1.0060062301028727E-8	2.252189009452829E-13	5.838552137157005E-6	1.2018226950281144E-6	3.3174708737561807E-6	2.0190111982049924E-6	0.001387896892908071	1.1006524877785481E-7	3.730815655063014E-7	0.0	3.730815655063014E-7	4.8223325077041944E-11	3.038879395322021E-11	6.28948112449322E-10	8.904543533117465E-6
5.04460285602856E-8	6.950879244415519E-9	3.422562520689651E-9	4.798313293693501E-9	7.381408443186011E-13	1.0416502260949584E-8	3.1884991721544324E-10	1.382366578664993E-13	4.5641656777051465E-8	2.5715566098315823E-8	3.8696033965981663E-8	4.211513211918209E-10	2.5453070003166617E-11	2.368971835606111E-9	5.833948279931185E-11	2.849749460893209E-12	3.658189198307481E-14	3.567534609735923E-12	1.3855235462415688E-14	1.60882520182715E-10	6.866973910923288E-10	2.1400330746664562E-9	8.823220925287425E-10	8.781834958349765E-10	1.356217307624243E-10	1.285527351820761E-10	0.0	1.285527351820761E-10	1.7677223150742675E-14	7.616402429655781E-9	3.8766747428371185E-11	5.709648607678059E-9
1.1234459043610723E-8	1.6462326764247128E-9	4.6713805823952384E-11	1.8230051110015811E-9	1.9275140888663877E-13	5.786748276254529E-9	1.0792338086149305E-10	1.8925262603122563E-14	1.1729042190226635E-8	6.628359061263045E-9	1.0043474969926163E-8	1.0891672499946563E-10	5.022767278581869E-12	1.297640793707739E-9	6.721617105872595E-12	1.2942792666139305E-12	9.493120478194451E-15	9.239506469590998E-13	1.7763982391324465E-17	4.161015662155668E-11	1.7144132789960658E-10	1.2628185862362233E-9	2.2017094939144422E-10	4.392552225132634E-10	1.1374406693231769E-11	3.463548576687541E-11	0.0	3.463548576687541E-11	4.307122767716123E-15	2.7044106907504106E-15	4.954220900387382E-14	3.5734153751652343E-9
2.7844577897482914E-7	8.157210388257246E-7	2.0873992947861898E-10	2.8387645527326335E-8	7.625418652595519E-13	9.875619090466538E-8	9.944263855797601E-10	3.813111423980593E-13	1.1044997776570182E-7	3.4257855215271086E-8	6.541744847817949E-8	5.720994105232599E-10	7.02633540269029E-11	2.2412024773617005E-8	7.694352868276332E-11	2.3116351125184105E-11	1.4549730513170282E-13	1.7662736935729828E-11	7.93805788185033E-11	4.990166187520151E-10	3.954033111543072E-9	2.1944500612953128E-8	3.6593598470560605E-9	2.030128172878893E-9	3.4287816131507514E-10	4.4022380359682266E-10	0.0	4.4022380359682266E-10	9.970545753575065E-12	1.6828008839429014E-14	2.2210922044314855E-7	2.4512227174286016E-8
0.0017328841821005084	1.1806113342723778E-4	2.8307242050013183E-6	2.1353111409813715E-4	2.224511550530157E-8	7.918603382952133E-5	2.479087312505554E-5	1.1186849722094279E-9	0.009661684863977112	0.0018887304679055985	0.003593086718113115	2.7610017127601805E-5	4.8350289478504776E-8	4.926602010348122E-5	8.000145406771999E-7	1.0408505042858672E-7	1.2009251099091278E-9	1.0111075429652402E-7	1.959010781268245E-12	6.682624854739263E-6	1.3441541095693336E-5	3.295391323869977E-5	2.36108081129221E-5	2.6870607374955376E-5	1.3387327747056014E-6	1.2339306054524748E-5	0.0	1.2339306054524748E-5	1.7837055759509093E-9	6.240382845885475E-10	5.466535048059033E-9	7.051927980839476E-5
