32
NULL,open@__open_nocancel,fstat@_fxstat,mmap@__mmap,read@__read,munmap@munmap,open@__open64,close@__close_nocancel,rt_sigprocmask@sigprocmask,exit_group@_Exit,rt_sigaction@__libc_sigaction,sched_yield@sched_yield,mremap@mremap,time@time,read@__read_nocancel,mprotect@__mprotect,madvise@madvise,lstat@__lxstat64,openat@__openat64_nocancel,write@__write_nocancel,syslog@__syslog,getpid@getpid,writev@__writev,close@close,stat@__xstat,socket@__socket,fcntl@fcntl,connect@__connect,getdents@__getdents64,lseek@llseek,getrlimit@__getrlimit,write@__libc_write
0.9664160142448339	0.0033905602493668283	3.787062473410599E-5	0.002611457894670738	2.6883809234339497E-7	0.002095946096759821	2.4427852810431306E-4	1.9936538186198035E-8	0.06310191765896012	0.01509189908717392	0.028263779032228695	2.3781037575111572E-4	9.6004390784056E-7	6.60691386074426E-4	2.409859221004431E-5	1.3547741237918229E-6	2.900772261373399E-8	2.2886202485990227E-6	2.3194343084650044E-11	9.688733601764564E-5	4.789381303096799E-4	6.196370847194087E-4	3.656215474427118E-4	3.4028562452796484E-4	6.751558337648355E-5	1.1746156982472678E-4	0.0	1.1746156982472678E-4	1.6310357425983612E-8	6.0556483592571215E-9	6.428402826694209E-8	0.0013809196479078617
8.089343156600374E-4	0.0012381502191368909	6.191434276861153E-5	7.69598889303597E-4	1.5343775635610714E-8	3.7473452992982555E-4	9.768097025084006E-6	3.3188911613505036E-6	0.0014282969114465867	3.789205605150474E-4	7.109532553194502E-4	6.145386899288067E-6	6.71713988283952E-8	5.6709910235670456E-5	6.175072435299562E-4	2.1605581208418871E-7	4.9543230059142095E-9	3.4228828470853644E-7	1.5026738597154247E-10	5.251578134055496E-5	0.0024551674346635207	6.81488453785698E-5	4.8960248847639386E-5	1.6513124867559342E-5	1.0904546322939927E-5	4.5408432907866835E-6	0.0	4.5408432907866835E-6	4.790293700889033E-10	1.660630846722851E-10	3.231743512758394E-8	1.303789876935446E-4
2.191953494821719E-5	8.0891693308286E-6	2.663857032168829E-7	1.5298969710988904E-5	2.459263273358441E-10	7.059201874043581E-6	4.0796641722837273E-7	9.313602663510975E-11	2.9164185264192463E-5	1.1800477607260096E-5	2.194804818526994E-5	2.0702742638403876E-7	1.8801061637145582E-9	8.773810233574201E-7	9.299132846157205E-9	1.694754684937596E-9	1.9270019029070732E-11	5.692745032634415E-9	9.281987902336254E-14	1.5297858607439934E-7	8.631175321702761E-7	1.1509376931428817E-6	1.7183065805644459E-6	1.0979774679799176E-6	1.6640632797049852E-7	1.99470136425816E-7	7.00290440884363E-8	1.99470136425816E-7	2.627756966538936E-8	8.278113644315619E-10	2.579494376745138E-10	2.687685996298568E-6
3.9861645912625293E-4	4.6735061233450884E-4	2.4325504595834826E-6	0.0037159753485086844	1.6309553281887557E-8	0.005057596188054191	2.775175923173785E-5	1.0519270278430149E-8	7.087141191614379E-4	2.0253222550434914E-4	3.8790992972845224E-4	3.3802285687315655E-6	5.3377433674756046E-8	2.6870858535240664E-5	5.572175790046211E-7	0.0011307611658257092	1.879212096024499E-9	3.7174585601082877E-7	1.7568618885055385E-12	2.2897283652004494E-5	2.563026783553316E-4	5.26886760109828E-5	2.2099707165207526E-4	1.9650666576058344E-5	1.0119611103857815E-5	1.4505419191142031E-5	0.0	1.4505419191142031E-5	2.9290126526828475E-10	9.779131022851334E-11	4.8331997243584955E-9	1.0895510369011163E-4
3.563549845752388E-8	1.0999939072150907E-7	1.1623041875992096E-10	1.0741715136781479E-8	3.4895479614303445E-13	5.67578096147353E-7	5.949301276316663E-10	6.18115427325375E-13	7.660197807129362E-8	1.8716665120198482E-8	3.4532240687408455E-8	2.943222386868639E-10	3.4138532427209398E-12	1.6322943978619858E-9	4.376359141427021E-11	3.6006553414218287E-12	3.7609205909086335E-13	3.1318414803487E-11	1.3471128191910298E-16	8.006567729686435E-10	1.0342155115569418E-8	5.285804590768743E-9	7.706995706386115E-9	8.554023713906718E-10	7.827131850243208E-10	2.8529851968448825E-10	0.0	2.8529851968448825E-10	1.9236111258150845E-14	7.380118346125653E-15	3.653023868411523E-13	6.764446398538818E-9
9.163569104532653E-4	4.933579497354715E-4	4.995318880714808E-6	0.001373414830692804	3.044006039991449E-8	0.0014165690236073258	1.2444528584115187E-5	2.9474531035403274E-8	0.001648816287161926	4.6492208714071293E-4	8.673348330786574E-4	7.629101866147717E-6	5.172646654715869E-7	1.1910616205418102E-4	3.302842540849134E-6	0.0021107246645763683	2.048747485857599E-9	2.744988151996913E-7	5.7205525471697706E-12	1.4604968968327141E-5	1.440277939098399E-4	1.831131875691302E-4	5.310800605036506E-5	2.3745994023322208E-5	7.3438442454941634E-6	5.637449224657618E-6	0.0	5.637449224657618E-6	5.944166386634021E-10	2.1038293446248968E-10	1.5936614537663783E-8	3.299310292962988E-4
1.713635483410243E-4	6.691570754889121E-5	1.4080779342325721E-5	2.7637863189123484E-5	2.678690872008555E-9	2.0815475756166436E-4	6.348651090370422E-6	3.311992876222716E-6	2.0283475632544383E-4	8.97781140410193E-5	1.429365701923666E-4	1.484793190798447E-6	1.6307654889595723E-7	2.055245455473245E-5	1.8547053142016937E-7	2.1670111467431145E-8	3.5594170758295564E-10	3.608571132129109E-8	8.552619339705316E-13	6.276777630549343E-6	6.721440002176589E-6	2.849020891606996E-5	5.851895521987468E-6	4.84406122112954E-5	3.0316347929922605E-6	6.454610269527774E-7	0.0	6.454610269527774E-7	6.832180806180133E-11	3.7362094803742774E-11	2.3819571611749576E-9	5.7132477751278135E-5
3.1225033038124216E-7	1.6715766169275223E-7	2.1108484258625603E-6	4.70567322889204E-8	3.633885856619197E-12	1.382986371164023E-7	4.0767915495997095E-9	2.7809106448366583E-12	4.1080197869515324E-7	1.6735083836149073E-7	3.052928640057872E-7	2.911527592607897E-9	4.720167208738777E-11	1.640484500472536E-8	8.545317868690264E-10	2.5375129190767323E-11	4.800844451116899E-13	8.582474682126212E-11	9.314109292842393E-14	2.3796942649054098E-9	1.663566051219331E-8	2.3404417255433975E-8	1.3734695455374133E-8	7.375440526384495E-9	2.4932532035345076E-9	1.881284220855895E-9	0.0	1.881284220855895E-9	2.329768926964088E-13	8.68879428240621E-14	2.605824835939901E-10	5.044649738825133E-8
0.0398818545000364	0.001243334666621716	2.5764429124278036E-5	0.0017023109142074444	2.2141922180998856E-7	6.308906072154718E-4	1.3980832620330035E-4	1.2755042868221927E-8	0.017294158805608154	0.02178272425259305	0.039332387480454915	2.8193505703077445E-4	4.395534806668195E-7	3.8709353958506497E-4	6.014686596230146E-6	7.474269846506596E-7	8.118837523551024E-9	1.3064868007832457E-6	1.964630604759013E-11	8.518448707724085E-5	1.3864332072167573E-4	3.6391761925663626E-4	2.1568521343798803E-4	2.013600732783863E-4	3.507708086853907E-5	6.466556269256189E-5	0.0	6.466556269256189E-5	8.692610257909128E-9	3.799640583699844E-9	5.469047462660239E-8	6.471379731211456E-4
0.04024355059537182	6.195203004086805E-4	9.860098784380187E-6	0.001105724263242238	7.978033126789795E-8	3.056458506792392E-4	3.869002839207993E-5	1.0407448734002926E-8	0.0055728884304152545	0.0013665736176520383	0.00252003769996607	2.1505103520011348E-5	1.8552099957128254E-7	1.2279505534740928E-4	3.2917337793751327E-6	2.893509075576235E-7	6.010025210643024E-9	6.163185056654769E-7	7.833601696549465E-12	6.838561903989098E-5	7.063647854117668E-5	1.6449417530054586E-4	9.632273980958357E-5	6.8046142143732E-5	1.7103116788634135E-5	1.3893547449068129E-5	0.0	1.3893547449068129E-5	1.494009283097127E-9	5.425748961374782E-10	2.176538693651244E-8	3.0447747098657905E-4
0.037682422420374215	8.513418300282893E-4	1.4949381982902822E-5	0.0012814611544824065	1.2296971893359294E-7	4.197144782783355E-4	8.856746882380151E-5	1.0703929998466106E-8	0.01080714532546416	0.02063780110551923	0.015991012223042392	3.5381392066410503E-4	2.666932702768487E-7	2.1624015584864056E-4	4.177149308610732E-6	4.782518908069358E-7	6.670655035151394E-9	8.365661515082959E-7	1.1539926432650026E-11	7.055544046073724E-5	9.615681250940456E-5	2.273712175886139E-4	1.3556947675932168E-4	1.1986536083216393E-4	2.285507924821448E-5	3.9831603533877895E-5	0.0	3.9831603533877895E-5	5.316663943702053E-9	1.9965019378637753E-9	3.2092824359345944E-8	4.1086794282076946E-4
4.08764133859884E-4	8.195529651963E-6	1.4624826161274945E-7	1.3035654136735934E-5	1.2156355039270544E-9	4.081083610188215E-6	7.163341464119653E-7	1.1291232395670789E-10	9.318878258902744E-5	2.240417388210609E-4	1.5872426224423014E-4	1.2225896377078104E-4	2.6244233017714393E-9	2.024525660737851E-6	4.158209054776801E-8	4.3488134954614096E-9	6.779797408055393E-11	8.286066274950367E-9	1.1373365566746828E-13	7.45372756333891E-7	9.258412877340263E-7	2.2528169758012094E-6	1.3294988744700892E-6	1.0930917407052615E-6	2.2666290018445E-7	3.0440892795687653E-7	0.0	3.0440892795687653E-7	3.8538067465939393E-11	1.5533014880013474E-11	3.1628980499568146E-10	4.092622472786615E-6
1.973504457801331E-7	2.466828544003464E-7	6.31091586710791E-10	8.526871720391021E-8	2.0454705272916692E-12	4.050790531247922E-8	3.833728959662095E-9	4.888055422175546E-13	3.9028858691635946E-7	1.0601779948659887E-7	1.9997926175566391E-7	1.7343927046995754E-9	2.3637431537946874E-11	2.138172477103937E-8	2.151181150847471E-10	4.493192677821747E-11	2.5754953974662843E-13	2.233518904096037E-10	5.356307711038712E-16	4.805714307570789E-9	2.7762515916452075E-8	3.7916992329705343E-8	1.7980797119132433E-8	5.914123690035117E-9	5.655613838436129E-9	1.811581483777578E-9	0.0	1.811581483777578E-9	1.2988236922229373E-13	4.7666091723011306E-14	1.4138901031337277E-12	6.959035416071017E-7
4.600109452966656E-4	5.938240847718014E-4	1.2758000038062973E-6	4.91588200103852E-4	8.679038376291164E-9	5.543248186060445E-5	6.7610806034292776E-6	6.419343761586472E-10	5.766935240527933E-4	1.8857628970898895E-4	3.6505946143275473E-4	3.254949659796446E-6	3.58951771907013E-8	2.3143035607491868E-5	1.0627729066325605E-5	5.300971113383214E-8	3.899000136965486E-10	2.7847029053354555E-7	7.687221746810534E-13	5.832935575270436E-6	3.214487412112346E-5	1.32161738764633E-4	2.650221360179285E-5	9.976797784004424E-6	7.148358193406279E-6	3.2509164917441683E-6	0.0	3.2509164917441683E-6	2.8936027034511716E-10	9.958321455099117E-11	2.0513735932380884E-9	4.8278015840263414E-5
4.917035018887694E-5	1.472960494609657E-5	9.503039213746501E-8	3.3823393894449946E-5	7.570257652717219E-10	3.11526007161632E-6	4.4665215184017755E-7	7.685442827559235E-11	1.5396767414123093E-4	2.971629461650081E-5	5.6996996601114996E-5	4.423740320939596E-7	2.4485865235747635E-9	1.3259487755765142E-6	2.632384651851861E-6	3.942006375830195E-9	4.38151342525571E-11	4.7358497164703284E-9	1.213989456602703E-10	2.8759565915657565E-4	5.498957488694668E-7	1.3112070012906019E-6	5.799735614306475E-7	7.018757093034724E-7	1.455455338819207E-7	2.092163170114292E-7	0.0	2.092163170114292E-7	4.498329535957937E-11	1.017201732074267E-11	2.624684316652873E-8	3.6728812005276024E-6
1.9957565904157767E-4	4.4783053760137795E-5	1.5528262164948114E-6	4.974802759147041E-4	1.793492319639654E-8	0.0016490361981435899	2.994476276656467E-6	1.6641833061157719E-10	2.6724174404477635E-4	1.0153307952416306E-4	2.041672181075068E-4	1.834299179564261E-6	2.7173872338981594E-8	1.4421143741274766E-5	2.663668997304793E-7	4.756331699094153E-8	1.0433519495265935E-10	6.699191050567729E-8	2.6230234177557036E-13	9.114361863735904E-7	4.637860366260758E-6	2.1045831113550563E-5	4.5061187339014E-6	6.161840348487945E-6	1.6863114344279596E-6	1.3229011341913428E-6	0.0	1.3229011341913428E-6	2.0791638614246047E-10	6.181406104841707E-11	7.257459498922968E-10	3.753553628931436E-5
1.1467206565768435E-8	5.8798617122099875E-9	3.410100916420622E-11	1.7434215399815603E-9	1.3392434388022186E-13	2.4082629705181053E-9	1.1412118647084288E-10	3.1348061660687237E-13	2.009153820950992E-8	6.044138618556471E-9	1.0279054717536816E-8	9.60379585877151E-11	7.097422535260243E-13	3.8598218463075563E-10	3.6082469804223446E-11	7.308759277477951E-13	1.2296530446479062E-14	4.2888601486222265E-12	4.815666866468271E-17	1.1189415902189819E-10	6.043276118209784E-10	7.63709616641388E-10	4.99457315225353E-10	1.861259384389951E-10	1.0565840655665459E-10	5.371458872660847E-11	0.0	5.371458872660847E-11	4.906797951910441E-15	2.31890352459068E-15	1.3328029023648035E-13	2.1228960568285705E-9
3.1671400660322156E-7	5.738089639774755E-7	3.0493307842397374E-9	1.4203642342272404E-7	2.8608902130565266E-12	6.680640439761529E-7	7.480845746919678E-9	9.465111238338199E-12	5.406698261932455E-7	1.490178423839081E-7	2.8631882754962837E-7	2.4705019673576336E-9	3.733939012687263E-10	8.6867503961436E-8	1.2940772987760802E-7	9.038755907537054E-11	1.3452316100596995E-12	3.984101659959648E-6	1.4939533495979562E-6	5.643452216472807E-9	5.0661040405056673E-8	1.1126314831320221E-7	3.801091128288274E-8	2.9399307423680043E-8	8.565232549657094E-9	2.4686127083791624E-9	0.0	2.4686127083791624E-9	1.9824266535282708E-13	7.034800343390983E-14	4.378377214600004E-12	2.944271502936256E-7
2.6790829947699633E-8	5.741791159274607E-8	7.683433457715215E-7	1.3571664580618324E-8	2.6201434625547347E-13	6.995701423953592E-8	7.122859780987907E-10	1.2518871004781271E-12	4.950365822700245E-8	1.3538101848482902E-8	2.61155745003409E-8	2.2450626522666118E-10	3.38804901652189E-11	7.90658127278056E-9	2.794805550868705E-10	8.296766767051565E-12	1.5872225649392136E-13	2.4061260895018447E-11	5.674087017954289E-16	5.93947284721836E-10	5.62379429335632E-9	1.052354931895556E-8	4.204177603966166E-9	2.691275628187437E-9	8.470500234599077E-10	2.4075242150428636E-10	0.0	2.4075242150428636E-10	3.2167657132205216E-11	6.412876393600585E-15	1.5788229776990585E-12	2.853215333215736E-8
6.404162529421789E-5	7.176179065807436E-4	1.455463638131705E-7	1.46233526864235E-5	5.828299253753761E-10	8.75158211235377E-6	9.72195599671758E-7	1.7464162024813858E-10	1.874791272326989E-4	3.7874262732613826E-5	7.233168749164599E-5	5.718342773497259E-7	4.748153511752563E-9	2.4136533249236657E-6	5.4567756942010266E-8	6.523148349796881E-9	9.206050583410222E-11	4.656773319281949E-8	1.1253034094992168E-13	2.886023342267702E-4	1.3555366602876096E-5	7.944235226082411E-6	2.1418336219081768E-5	1.3253825453433634E-6	1.1708677531629443E-6	4.6895289195929317E-7	0.0	4.6895289195929317E-7	3.836699147482645E-11	1.3507335015983692E-11	2.974167001401205E-10	6.919538661486643E-6
4.345449526067078E-4	1.2227496921931664E-4	1.4427638641457333E-6	1.076271841924754E-4	7.551437991102314E-9	4.582496699976647E-5	3.902640044649834E-6	4.858970194509927E-9	8.296070804236632E-4	2.073014650272404E-4	3.897239605847808E-4	3.3135536918999854E-6	1.8335670726849802E-8	4.8537694315643594E-5	6.40780086399094E-7	1.609152889410618E-7	2.526680216587211E-9	7.376982419055025E-8	8.698280953858153E-13	6.373396024756374E-5	1.1978609865440232E-5	2.1192454711029548E-5	1.0701571883206628E-5	5.5088927774407615E-6	2.067671401378205E-6	1.8771284183913144E-6	0.0	1.8771284183913144E-6	2.4191391209188894E-10	8.720572692303102E-11	2.4133968871367643E-9	5.082447377058978E-5
2.1526253662556427E-4	1.9131162059557065E-4	8.625254437273131E-7	6.11846551747502E-5	2.496476495106162E-9	2.4112328567009968E-4	5.8755877054267044E-5	8.964501621449508E-10	3.6292106197852934E-4	1.1373346338234892E-4	2.1818282647261176E-4	1.937668567512328E-6	2.6452246440408498E-8	5.67272233849485E-4	3.092229539855508E-7	3.1302734596377965E-8	4.385480794335287E-10	4.451421968661885E-7	5.843053567002882E-13	8.24890441608564E-6	6.84354720173701E-5	3.0087892035831766E-5	4.913760628765651E-4	2.7746979524083028E-5	1.322643125103851E-5	3.158417565470569E-5	0.0	3.158417565470569E-5	1.6134261512856364E-10	5.7644012673854753E-11	1.5730283152444095E-9	3.5196014799751275E-5
2.825915555508977E-4	2.686878747364569E-5	3.698021094130497E-7	2.2367886139125817E-5	2.8488263973526768E-9	1.2293953772633147E-5	2.1054687764889072E-4	3.8954875584071934E-10	4.03376178484611E-4	1.5203440806336037E-4	3.029409126152368E-4	2.7303865562521885E-6	6.455592865565615E-9	6.3350604565148404E-6	1.0638881603187066E-7	1.8051233598154572E-8	2.2364354623029032E-10	2.212022352586469E-8	2.8352222011242166E-13	2.9125895331596276E-4	2.9312580281293796E-6	5.55813433831993E-6	3.4489088785785455E-6	8.051424924037858E-5	5.858863041011591E-7	1.1409511273984289E-4	0.0	1.1409511273984289E-4	2.620612712913883E-10	8.959781883600738E-11	7.876519509585195E-10	1.0491577308923733E-5
1.9077612117662085E-4	2.4817888311934745E-5	3.832841922291288E-7	1.6155437382850983E-5	3.2658544968936196E-9	1.3317468469596203E-5	1.8259179720521036E-4	7.731207345187705E-10	2.12103467487261E-4	1.0120833667468535E-4	1.5218495969632648E-4	1.6504491169635347E-6	6.442626993429234E-9	5.322681644005289E-6	1.2207528963334313E-7	1.6862682311033785E-8	3.5647397469040603E-10	2.1890327969080314E-8	3.141032985748318E-13	8.329127690556922E-6	2.528714152061467E-6	5.4440600987206065E-6	3.2876161270066478E-6	5.928801782423575E-5	5.573885127977041E-7	1.5436747143319623E-4	0.0	1.5436747143319623E-4	5.703647767737991E-11	3.88895231439553E-11	8.737956503797785E-10	1.2543652380291525E-5
1.6228871821547566E-5	6.956609788116775E-6	7.414712505904913E-8	9.1672794762457E-6	1.9267252330098273E-10	1.0931561467558102E-6	2.000636623612727E-7	1.2920866872761941E-11	2.001167201141972E-5	7.7173215407142E-6	1.4852137402996722E-5	1.366755755256953E-7	6.388792004121913E-10	4.338942243449978E-6	6.244900032678197E-9	8.14485200708126E-9	9.164209206103236E-12	4.1976741682333835E-9	3.873820422875302E-13	1.1211285592669912E-7	7.124701046872509E-7	1.7242751984861956E-6	5.802898648319695E-7	2.419449751144179E-7	1.3283988084439797E-7	9.889356137907401E-8	0.0	9.889356137907401E-8	1.2063269583175722E-11	4.316211347587054E-12	1.0824297076808187E-9	8.34207034495115E-7
4.309010695760377E-5	6.623987699645641E-6	8.670942375954336E-8	3.956325625457368E-6	7.177015270336859E-10	3.0558828054207323E-6	1.1599009744069481E-4	1.6845210757874098E-10	5.2059119107133306E-5	2.301462778324315E-5	3.5159813412149736E-5	3.737283040482162E-7	1.5078326036777242E-9	1.248885134166544E-6	2.7044077372568122E-8	3.843381134940258E-9	7.787772916261499E-11	5.9083054945535166E-9	7.064611373926856E-14	1.8187373815627204E-6	6.859883259372808E-7	1.381228795315771E-6	8.059919145466049E-7	4.351759299483845E-5	1.5110214310915392E-7	1.5062523998802803E-4	1.505058220358919E-4	7.537221688433879E-5	1.35909526985415E-11	8.810714144487263E-12	1.9612661120646383E-10	2.862173752585477E-6
1.293500239154941E-5	1.990911490643998E-6	2.613707100424107E-8	1.189345673356968E-6	2.1538548909703097E-10	9.204845219379924E-7	3.479708168395952E-5	5.058860400790573E-11	1.562874229949397E-5	6.908471636929871E-6	1.055602655677538E-5	1.1219138928923732E-7	4.5506884819572103E-10	3.758460556438141E-7	8.118367415676636E-9	1.1549759974818983E-9	2.3372704876751252E-11	1.774330002230967E-9	2.1208353484984997E-14	5.456729308314168E-7	2.061704637367089E-7	4.1510617465641295E-7	2.4210826891324467E-7	1.3055493133690191E-5	4.5447790343278065E-8	3.5879592519379914E-8	6.970221774958991E-9	3.7662391144364036E-5	7.2400721841651406E-9	2.2899942553687587E-10	5.887798340402675E-11	8.604326261323769E-7
4.093543474007728E-5	6.2927626627779765E-6	8.2373616782869E-8	3.758494023019053E-6	6.818136713294206E-10	2.903076831016085E-6	1.1019014338837492E-4	1.6002884985647999E-10	4.94559615489632E-5	2.1863807268221983E-5	3.340168658254796E-5	3.5504044155513205E-7	1.4324351342998535E-9	1.186436041057582E-6	2.5691768773737242E-8	3.651197194413739E-9	7.398354111718177E-11	5.612867339473064E-9	6.711353446997163E-14	1.7277934692887088E-6	6.516862530995679E-7	1.31216200663867E-6	7.656891975555973E-7	3.987919474478385E-4	1.435464507994007E-7	1.1344659207449776E-7	0.0	1.1344659207449776E-7	1.2911352431638546E-11	8.370144317116611E-12	1.8631952113124144E-10	2.7190539809753206E-6
1.3313226662540528E-8	4.0217119026747724E-9	1.0048030199730534E-9	1.9320934574243252E-9	2.0665971830875833E-13	3.7174049666783777E-9	1.202613998067335E-10	4.8325606307366497E-14	1.2463923320468657E-8	7.1416404980304126E-9	1.0744136474149763E-8	1.1919072251513672E-10	7.888381812129391E-12	7.855996994445353E-10	1.682923155368846E-11	9.971464847336104E-13	9.588691695266161E-15	2.834858177382719E-12	3.987201772855998E-15	8.17158029047972E-11	4.203903034321362E-10	9.56484613174371E-10	4.658382117199626E-10	3.2469653525253296E-10	6.231423364312582E-10	4.887428177540788E-11	0.0	4.887428177540788E-11	5.02413509652134E-15	2.1884062639532386E-9	1.1155439942924461E-11	2.0243614430745865E-9
3.4380889574243953E-9	9.929717664579938E-10	1.4460836882395956E-11	6.253278361129622E-10	5.2477937037107386E-14	1.721639407023801E-9	3.547588319213807E-11	6.3284111046520205E-15	3.1967494239727087E-9	1.8226358642349395E-9	2.7596203529809543E-9	3.048243950748063E-11	1.48175410393857E-12	3.821167258480711E-10	1.833706145295705E-12	4.0036273290893903E-13	1.9681321000320975E-15	7.666942434343377E-13	5.81011995390652E-18	2.159310803554499E-11	1.0647781211076219E-10	4.397497575691167E-10	1.0054473972626807E-10	1.3547037632709416E-10	3.055971532150548E-11	1.197961727004768E-11	0.0	1.197961727004768E-11	1.1983019026268337E-15	7.612859527681513E-16	1.6012853346269807E-14	1.0761162926277675E-9
2.2949139480362437E-8	2.604768150318967E-7	1.3480504987133916E-10	1.4011707365744867E-8	2.3436688766513417E-13	3.2339256881219546E-8	5.785840420685965E-10	1.6427746195283838E-13	3.854794212463086E-8	1.1517680666286355E-8	2.217437499213186E-8	1.9465573525084056E-10	2.2637521866889737E-11	7.252545440826892E-9	2.6859026486959894E-11	8.501606239759332E-12	4.371656806563422E-14	2.9895144259484726E-11	2.2811027103274713E-11	6.355013000678597E-10	4.016707072907821E-9	1.0375854972608865E-8	3.042935507383109E-9	1.1149155341785228E-9	2.017572377959844E-9	2.602493919703891E-10	0.0	2.602493919703891E-10	2.8677049522600485E-12	5.729173664343917E-15	6.382592267068009E-8	1.0122874203522038E-8
8.210513676727184E-4	4.496462459300029E-5	7.870029103357734E-7	6.0726315096857136E-5	5.8371279707690815E-9	2.1848271044607126E-5	6.935238383663226E-6	3.1943165177656254E-10	0.0026946886028625227	5.121943011490603E-4	9.81526787345529E-4	7.5766255625875315E-6	1.3746110470755913E-8	1.3426370468774432E-5	1.9324386953759205E-7	2.8926726174845325E-8	2.44369039337714E-10	4.0752168324649544E-8	5.521337183486904E-13	2.062361497881023E-6	4.982890182474126E-6	1.0751467376035354E-5	7.3951815305575015E-6	7.5265375772944194E-6	1.0853687763737777E-6	3.4549112336887104E-6	0.0	3.4549112336887104E-6	4.904401703653359E-10	1.7111107371760297E-10	1.5355182385566647E-9	1.978462192527874E-5
