32
NULL,open@__open_nocancel,fstat@_fxstat,mmap@__mmap,read@__read,munmap@munmap,open@__open64,close@__close_nocancel,rt_sigprocmask@sigprocmask,exit_group@_Exit,rt_sigaction@__libc_sigaction,sched_yield@sched_yield,mremap@mremap,time@time,read@__read_nocancel,mprotect@__mprotect,madvise@madvise,lstat@__lxstat64,openat@__openat64_nocancel,write@__write_nocancel,syslog@__syslog,getpid@getpid,writev@__writev,close@close,stat@__xstat,socket@__socket,fcntl@fcntl,connect@__connect,getdents@__getdents64,lseek@llseek,getrlimit@__getrlimit,write@__libc_write
0.7504910964528037	0.016502044257143536	1.0718413578187455E-4	0.008062862841752158	5.755166715012863E-7	0.006523765166780531	7.010072525989209E-4	1.4490569251592238E-7	0.1466259930431744	0.03442653414251407	0.06472632050671814	5.445427890048932E-4	2.7055789479946563E-6	0.0019229004922834867	5.836358601863737E-5	4.172419843774142E-6	5.983253104926914E-8	1.142139458175371E-5	1.0689397707369836E-6	3.815426613229258E-4	0.002042742598885035	0.0026074511834636113	0.001460900409008939	9.770274292929878E-4	5.219958002873129E-4	3.3607228379618374E-4	0.0	3.3607228379618374E-4	8.897097187284176E-7	1.4253847190390802E-8	0.00297713460372854	0.003869385127148327
0.004424917586294156	0.003117271160145235	1.7353674741056759E-4	0.0023019277215606845	5.1955808072385554E-8	0.001034527027933305	2.5966849421800088E-5	1.0415301419892551E-5	0.004396036928609251	0.0011652964714078714	0.0021755886565809133	1.897325003912528E-5	1.6735660466341547E-7	1.8993362838813096E-4	0.0032582482317820858	6.810033568808682E-7	1.8210680182650053E-8	2.9412240706732746E-7	1.474432089570823E-6	1.4761275112808132E-4	0.007441878109975126	1.0970830010198395E-4	9.747317974158573E-5	4.607759052610128E-5	1.5388335503506588E-5	1.189715306973168E-5	0.0	1.189715306973168E-5	2.1489548188975522E-7	5.243180948766503E-10	2.630076083602876E-4	3.406299335426131E-4
8.188913798172098E-5	1.3228091205524455E-5	7.405908971590928E-7	4.0600760282920636E-5	7.446477598098821E-10	2.0417517591921496E-5	1.1743835989942527E-6	2.9624893801638126E-10	8.737644838845614E-5	3.448811978894642E-5	6.422901838427934E-5	6.068671166551462E-7	4.517643151128684E-9	2.523074958315307E-6	3.017003671656361E-8	4.786464576719152E-9	6.924011398562898E-11	5.3830109901398445E-9	4.195846238818013E-11	2.546165567505867E-7	1.364480504237599E-6	1.7567791983227776E-6	4.251884083105689E-6	3.217841946241166E-6	1.4936932768527328E-7	5.75124689971079E-7	1.9376157483752056E-7	5.75124689971079E-7	7.364275614613854E-8	2.2919722274326106E-9	1.144290159394084E-7	6.6938285315287345E-6
0.0022572873646053283	8.061063031237908E-4	6.511578161285336E-6	0.011777142645755563	4.6990312932132805E-8	0.015386973916604891	8.165405893495186E-5	3.6840560539658055E-8	0.0020753936859206484	5.9202515348861E-4	0.0011316502326367927	9.930433641131633E-6	1.1129637327683288E-7	7.193876816429853E-5	1.7413734095193478E-6	0.0036228730583332397	6.204597847792065E-9	5.364688544076106E-7	1.0895821782786784E-9	5.950613408682058E-5	7.183778149996312E-4	7.703642560604522E-5	6.413348655558658E-4	5.2530594252992273E-5	1.1744602848501899E-5	4.296967241762085E-5	0.0	4.296967241762085E-5	1.9986113130713516E-8	2.949045138050183E-10	2.9240167751285528E-6	2.5605174233396104E-4
2.402494816090119E-7	2.2546351892027727E-7	2.1359951849295998E-10	1.4943656867397364E-8	9.427032099392662E-13	1.5324332813077163E-6	9.980557505688751E-10	1.791375276434001E-12	1.9751974981355598E-7	4.7152467247198464E-8	8.668925859024144E-8	7.40404516998403E-10	3.853836483342179E-12	2.8309202297184384E-9	1.1940134770298172E-10	5.810017832322322E-12	1.0260943296663898E-12	1.5453397878698228E-11	1.0610461967041541E-13	8.512487108289005E-10	2.0121198254519437E-8	3.5236054393762615E-9	1.5751671699643075E-8	1.2803642334316642E-9	2.7110526515866183E-10	4.872729383159491E-10	0.0	4.872729383159491E-10	9.790317429988557E-13	1.877274534340955E-14	2.807430363550907E-10	1.1543588582821699E-8
0.004159382946193375	9.79900557756831E-4	1.5097017081072757E-5	0.004288320757933109	8.84932428606482E-8	0.0043476250353848755	3.643475023133328E-5	2.247078427657142E-7	0.004883546689466507	0.001367203336072517	0.0025577464432253298	2.258010594992615E-5	1.4095330821086677E-6	3.6239055986623316E-4	1.0092319922585037E-5	0.0067626406286106664	7.648922035252156E-9	3.6636950259462307E-7	2.1667841319358357E-9	3.64644904749612E-5	3.847864143739155E-4	4.987023231232614E-4	1.2742547688158218E-4	6.774836762970935E-5	8.937523937015688E-6	1.6540242559147986E-5	0.0	1.6540242559147986E-5	4.066883674683357E-8	6.427712201621423E-10	5.940472171115822E-6	8.844675022781966E-4
6.22684901147666E-4	1.323498366594356E-4	4.3802877226268546E-5	7.257690433837775E-5	8.56586869323448E-9	6.116979950521806E-4	2.054398939094893E-5	1.0357574921897678E-5	6.295731287893772E-4	2.7145960337437915E-4	4.331486195360874E-4	4.507614266019994E-6	4.749781500632948E-7	6.521404318645649E-5	6.176162854608489E-7	6.565559229060462E-8	1.3093637926110455E-9	3.8779691145311035E-8	3.915968259269242E-10	1.7991841942980477E-5	1.2606087487770605E-5	8.116402970823657E-5	1.3192484863355678E-5	1.5598228168257861E-4	6.8665132062152515E-6	1.8555643152156077E-6	0.0	1.8555643152156077E-6	4.654527062674677E-9	1.1650821302109343E-10	1.0755346789815303E-6	1.6223014475741764E-4
2.1301879265623363E-6	4.1646326770040096E-7	6.448190062870134E-6	1.5878008861355183E-7	1.2891334371378342E-11	4.5128820518384105E-7	1.4168754167199796E-8	8.59590877813867E-12	1.5070178989652513E-6	5.75393332866168E-7	1.0569946703569818E-6	1.0004950520777262E-8	1.4204901592005952E-10	7.077202275580707E-8	3.483170083187257E-9	1.133873833204606E-10	1.916173835212005E-12	8.189815870977049E-11	1.6322578240670198E-10	4.404931821097704E-9	3.503265851856171E-8	4.919117932566749E-8	3.441113856595047E-8	2.8549826825654492E-8	6.933294788172662E-9	6.334725890147911E-9	0.0	6.334725890147911E-9	3.5833300351798085E-11	3.055557382733685E-13	4.56651019591371E-7	1.4127576383968013E-7
0.09756271045456329	0.0026674736154781286	7.9324345961862E-5	0.0048882516773112745	6.280453845915362E-7	0.0018919570807684894	4.35707482049779E-4	9.703090052807231E-8	0.05353497928669673	0.059381179486779935	0.10760477801794747	7.755410040627922E-4	1.2007187500802496E-6	0.0012435658269976317	2.1142704882932244E-5	2.413369132315929E-6	3.2269370735617974E-8	2.4935611166455337E-6	5.162998455816099E-8	2.4002820764035067E-4	3.0967129793516365E-4	9.507784422049205E-4	5.865706460595893E-4	6.174464165120062E-4	7.155225822563087E-5	2.018049371582148E-4	0.0	2.018049371582148E-4	5.224969022295189E-7	1.0966846482958363E-8	1.433390209908802E-4	0.0017987899845287596
0.09835052863928248	0.001698258863248368	3.440362157875589E-5	0.003371150859470559	2.530556980804303E-7	0.0011007999254226348	1.4866468095053688E-4	8.844313567643563E-8	0.023842281916184593	0.005700331698131604	0.010578578906850449	8.999913703573037E-5	5.881325468764929E-7	4.6299669318725415E-4	1.3257613608204942E-5	1.0816574183582863E-6	2.3089127193759223E-8	1.4000560652293421E-6	5.145112353163806E-8	2.1059179173110843E-4	2.0757751223731604E-4	4.881065495984884E-4	2.989307639411721E-4	2.4486356239668614E-4	4.4612337418107444E-5	5.722966376791812E-5	0.0	5.722966376791812E-5	1.4493423774743755E-7	2.3318456542582516E-9	1.42997738654927E-4	9.650505512173412E-4
0.09192532942836887	0.0020245184177184574	4.8231191048264705E-5	0.003775413928742008	3.645447249568511E-7	0.0013503950857515587	2.887913787524889E-4	8.628398070829098E-8	0.03650085607474295	0.05676678177059041	0.04558342615432323	9.743337650248148E-4	7.712196324324676E-7	7.315279003881986E-4	1.555278011273799E-5	1.616849764374351E-6	2.592312675785926E-8	1.6921623010009906E-6	4.83780670847291E-8	2.0777319993175409E-4	2.4149458197006294E-4	6.211983681542557E-4	3.8627506241385295E-4	3.861077956482135E-4	5.125142787941046E-5	1.305175559009948E-4	0.0	1.305175559009948E-4	3.3533336974035636E-7	6.126366285387848E-9	1.3439403554950304E-4	0.0012042956829601856
9.961020742434634E-4	2.0185752095627046E-5	4.782452784178931E-7	3.8718239163113675E-5	3.6344541878721575E-9	1.3515108626678582E-5	2.4216414400255874E-6	9.230380805530104E-10	3.3398329127455254E-4	6.172037361290514E-4	4.5683087397231984E-4	3.2876567483645697E-4	7.733157714210167E-9	6.978663460911469E-6	1.5781937513426224E-7	1.5045206015882794E-8	2.6262844001207635E-10	1.7335225906119304E-8	5.229438140715682E-10	2.2220339879765966E-6	2.420025313586049E-6	6.2818001483351615E-6	3.86742407376412E-6	3.600443060691591E-6	5.29945869579645E-7	1.0435543754679006E-6	0.0	1.0435543754679006E-6	2.6769939879001198E-9	5.0089330204144846E-11	1.4529527816248448E-6	1.2196379766785791E-5
1.6451320472447767E-6	1.5484794219729805E-7	8.958570085875485E-10	1.2877563199119605E-7	5.194779930229101E-12	5.040264512663833E-8	5.884731262455595E-9	1.237213941299912E-12	9.92200434188403E-7	2.641588083597135E-7	4.968202133709585E-7	4.322349125418943E-9	2.383147678773966E-11	4.6046708741137995E-8	5.442949140408899E-10	9.353188899694839E-11	6.291761387041206E-13	9.842283643218194E-11	6.923864565004764E-13	3.3935310058052233E-9	1.90264134861661E-8	2.3004405541509763E-8	1.2939928243478218E-8	8.3300866498856E-9	1.7992423650877645E-9	2.8172658319400652E-9	0.0	2.8172658319400652E-9	6.514673992598355E-12	1.2080484792313598E-13	1.8188030959831302E-9	1.8745155368372277E-6
0.0025730412251151083	0.0012990670487822219	3.4462904970708823E-6	0.0014349114657142984	3.073115678104694E-8	1.0917781849341755E-4	1.5889572246592024E-5	2.0456523260558553E-9	0.0017230186921515264	5.691680983710107E-4	0.0010897060157855991	9.848457693607857E-6	6.560248454085751E-8	6.71009478914373E-5	3.562184853472081E-5	1.336950599790096E-7	3.6957824646567663E-9	1.9665928674898604E-7	1.59465226376495E-9	5.424229021128747E-6	2.5476555435849646E-5	3.146385959955296E-4	3.637672965250838E-5	2.288154584154831E-5	4.2463339955502505E-6	7.680060135017574E-6	0.0	7.680060135017574E-6	1.8848454759370173E-8	3.068258611042878E-10	4.300518038832239E-6	8.86001177664689E-5
6.362783036143205E-4	8.88039109595488E-5	5.072530775260284E-7	1.3426590707378357E-4	3.053976265129922E-9	2.4291774713288528E-5	2.4672342651468657E-6	7.570075900500496E-10	6.101291261750427E-4	1.2870229526178848E-4	2.4733547389011037E-4	1.99350071890618E-6	1.2771247847598084E-8	1.963250690674175E-5	9.15434153629247E-6	3.674794751643364E-8	3.127407969807619E-10	1.5273800523038872E-8	1.2064524926293068E-6	8.810214233311659E-4	3.497322777273238E-6	5.959602862269772E-6	4.018655652563113E-6	3.883819739828419E-6	2.9828897687423486E-6	1.15298041316273E-6	0.0	1.15298041316273E-6	1.5374917268303744E-7	5.0901921719107725E-11	2.558378424228246E-4	1.7938566042473825E-5
6.830382798944702E-4	9.381806091805465E-5	4.770422654239028E-6	0.0015865505330348879	5.039770199814493E-8	0.005274591703468635	9.968317863929222E-6	8.948075906060392E-10	8.71936270705535E-4	3.2400505831866363E-4	6.499353009388917E-4	5.859428668608226E-6	7.389951992693091E-8	4.6404567446561654E-5	8.847018695234588E-7	1.5414137781264528E-7	7.396179852365099E-10	1.4404352955809762E-7	3.7405949045826204E-10	2.0447194501692996E-6	9.307451311142252E-6	5.8900884193330134E-5	1.1258507086101261E-5	1.9055911367117315E-5	3.54302636846754E-6	4.468485121799392E-6	0.0	4.468485121799392E-6	1.629438971828362E-8	2.0138310643777118E-10	1.0295028636217054E-6	1.034739441254419E-4
6.145099363764136E-8	7.663966544967286E-9	9.534460709442835E-11	3.3795357191980154E-9	4.1007220865384795E-13	5.730145246385471E-9	2.7515625059804616E-10	2.6196473506919816E-12	5.8464981325068175E-8	1.7312890496653767E-8	2.9453970426075473E-8	2.7612229743203333E-10	1.3762488438102649E-12	1.030516104199062E-9	1.0870998831942577E-10	1.7860035026081635E-12	4.465592241732087E-14	3.3270469599345085E-12	2.949992779112517E-14	1.6233703475555495E-10	7.356072509510698E-10	8.7728445644163E-10	8.32517011672985E-10	4.4365686173423334E-10	6.448925761213937E-11	1.2974292722798925E-10	0.0	1.2974292722798925E-10	3.0145305043486717E-13	6.833980496055699E-15	8.008933133461104E-11	5.090955672610064E-9
1.848024819620209E-6	1.065311536680316E-6	8.055311402617737E-9	2.875666991548992E-7	9.538785766340688E-12	1.7770318685382849E-6	1.69328358393018E-8	2.6347608806910552E-11	1.4166439505132303E-6	3.8857325159622663E-7	7.424119718040464E-7	6.4574779810225086E-9	9.760521693825892E-10	2.405903616977631E-7	4.084616664430015E-7	2.2165463333274417E-10	4.477017521426867E-12	1.1022996945545217E-5	4.133582252070741E-6	5.851057413068687E-9	8.221357324184234E-8	2.4761002877913693E-7	6.776252580677614E-8	7.748762506752449E-8	6.285759087241035E-9	4.806943262447432E-9	0.0	4.806943262447432E-9	1.0486449483415453E-11	1.8759666407176178E-13	2.2911703800605923E-9	7.58740760057612E-7
7.648627206530147E-7	2.1627651015486882E-7	2.1266722182090733E-6	2.83277037979867E-7	7.155269047985684E-12	2.1243312293015568E-7	9.04516044641542E-9	4.1225012489247344E-12	8.811001954315303E-7	3.179387009652103E-7	6.309357757369147E-7	5.690938173925375E-9	1.0087321814434545E-10	1.422608530527522E-6	1.1405587237321545E-9	2.617784899048395E-10	1.304747991712691E-12	4.031351148803072E-11	4.073879002097471E-12	2.2748595068489314E-9	2.003737116877001E-8	3.390940135533954E-8	1.8376017882214885E-8	1.465353157213117E-8	1.372166442643899E-9	4.223310531144051E-9	0.0	4.223310531144051E-9	3.2002226302323536E-7	1.895495158480716E-13	1.137188812426391E-8	9.129574661603428E-8
4.4763778416468135E-4	0.002080597698777618	2.6055729940117105E-7	2.1028420136702083E-5	1.6778610522462143E-9	1.299725823022093E-5	1.9798613825947397E-6	9.272736281480587E-10	5.613332636282037E-4	1.1041159259801102E-4	2.1076724716376092E-4	1.6628160907477693E-6	5.208133668597306E-9	4.571579755420335E-6	1.57984378075129E-7	1.3610086906550746E-8	2.6283147512289155E-10	2.5032995228140584E-8	1.9622837928879517E-10	8.81657314464E-4	2.8651441433288995E-5	5.879655821186364E-6	5.756753441413639E-5	2.309230377955458E-6	4.609734665033319E-7	9.75044216453334E-7	0.0	9.75044216453334E-7	2.2203518060809656E-9	3.964003142978474E-11	5.209559610677985E-7	8.707133444278598E-6
0.0014808067554350358	2.5218366614892824E-4	4.7694492929455735E-6	3.1115217189215495E-4	2.654360193615681E-8	1.3052866756200652E-4	1.224081407039424E-5	4.074859567232813E-8	0.0025605473248060816	6.397694821475917E-4	0.0011969717392320254	1.026974455323292E-5	5.201806531254132E-8	1.5549353625244036E-4	2.2003440419515525E-6	5.042208215783091E-7	9.623516191492037E-9	1.0367651119026441E-7	7.592415649696225E-10	1.931150932733336E-4	2.2907181199055546E-5	5.653309843905716E-5	2.5449604658359925E-5	1.748247539976112E-5	2.9929735998981103E-6	5.861652800533523E-6	0.0	5.861652800533523E-6	1.608750826307905E-8	2.7654551214170176E-10	2.0835297303908707E-6	1.4226326193491313E-4
0.0014810864224630291	1.6803424919997165E-4	1.6993424711239635E-6	9.650822725068743E-5	7.29525859288945E-9	7.032392896301229E-4	1.7856962917625578E-4	4.699446385548298E-9	0.0010337753679607378	3.2020222690153116E-4	6.142139511736411E-4	5.476478404208004E-6	3.956070135429321E-8	0.0017257775676536192	9.270359235303775E-7	7.14735633503296E-8	1.4251582115379365E-9	8.544628122607932E-7	6.538535223382819E-10	1.7441337527787425E-5	1.6573189459698852E-4	2.448771786015172E-5	0.001495888955387883	7.865832212436732E-5	1.8934508935885573E-5	9.633450949969367E-5	0.0	9.633450949969367E-5	9.233868435880831E-9	1.6721543409110622E-10	1.739442504239191E-6	5.720398113587521E-5
8.32054339171467E-4	5.328237750275151E-5	1.2311961221924225E-6	6.764888198773954E-5	9.111208819851471E-9	3.641915609946942E-5	6.457029690281166E-4	2.907060122067648E-9	0.001259009288776483	4.623805977907267E-4	9.212768682346701E-4	8.317462390138462E-6	1.8112798588536782E-8	2.205548003388948E-5	3.8018663897491433E-7	6.122857031854823E-8	9.002820347835672E-10	3.517730075665183E-8	4.512826551866344E-10	8.916137615255751E-4	5.822697090424326E-6	1.3901247202812192E-5	9.138933191528336E-6	2.4712360904742564E-4	9.381388911431879E-7	3.499506251843272E-4	0.0	3.499506251843272E-4	1.5707267575947406E-8	2.794583441272205E-10	1.2479699924320412E-6	2.9836900487706117E-5
5.907315881982041E-4	4.8364225280080967E-5	1.2739431535058713E-6	4.746510180551868E-5	1.0361056860943595E-8	3.9726488271806754E-5	5.592754424498872E-4	5.7892702989919165E-9	6.721962170955393E-4	3.0850375875131835E-4	4.669390556293149E-4	5.053384572184923E-6	1.8180719410427587E-8	1.8589673608657698E-5	4.2334823668107674E-7	5.5125961330986116E-8	1.3383551042357682E-9	3.6980590553938756E-8	3.101654409942804E-10	2.510899472532351E-5	4.692880573988078E-6	1.4126880865523418E-5	8.726403615611327E-6	1.8174759651796703E-4	9.213075659312203E-7	4.728360941768951E-4	0.0	4.728360941768951E-4	4.2464842611566516E-9	1.2271436968067257E-10	8.55868426588803E-7	3.551577916815005E-5
8.057134776810889E-5	1.3677753276992186E-5	2.3144669925587562E-7	2.720546884865135E-5	7.354030526265544E-10	3.1823314280544736E-6	6.176956783544852E-7	6.756261681827366E-11	6.637921501534904E-5	2.4765788385927337E-5	4.745351524022567E-5	4.3796638202423123E-7	1.5900390559533613E-9	1.371194212281487E-5	2.836753741300582E-8	2.540166363452804E-8	8.519302750360758E-11	3.6503997794605165E-9	3.640170322479456E-9	1.8109136809643865E-7	1.2172263676745406E-6	4.14613483072849E-6	1.244424840560224E-6	7.338205216144779E-7	2.5111854200743043E-7	3.05653256592707E-7	0.0	3.05653256592707E-7	1.218369499182321E-9	1.4063086777657614E-11	1.0182508200834371E-5	2.056024939202096E-6
1.3952785884934727E-4	1.1268135075068167E-5	2.8216978222217314E-7	1.1054536304092059E-5	2.2718195909976486E-9	8.781666375000996E-6	3.5516435601204937E-4	1.2491487248725976E-9	1.639671417630341E-4	6.999860998907366E-5	1.075433134937556E-4	1.1415714684400421E-6	4.042129629236832E-9	4.241969992257067E-6	9.318514088484009E-8	1.2347590671561826E-8	2.9085725703745916E-10	8.586525508589024E-9	7.229422048471399E-11	5.425434927319054E-6	1.1077536876074988E-6	3.2035279196516894E-6	1.9663283819728593E-6	1.3315533025515128E-4	2.1186976358293045E-7	4.6130755230337295E-4	4.6093738877685177E-4	2.3083851464244688E-4	9.892823890260765E-10	2.7710665275525432E-11	1.9897432920058584E-7	7.82130575360898E-6
4.1885247718010814E-5	3.387095747824198E-6	8.499691027357627E-8	3.3224766160596513E-6	6.817789586192962E-10	2.6444142991548354E-6	1.0654942755819947E-4	3.749016842911223E-10	4.922068197312283E-5	2.1010709140431693E-5	3.2284984152773827E-5	3.42670501343982E-7	1.219880756386604E-9	1.2759111261081427E-6	2.797223877651791E-8	3.7096445886211263E-9	8.729518752329789E-11	2.5773634164538823E-9	2.170197268355084E-11	1.6277074033370646E-6	3.329598780005661E-7	9.626762007964604E-7	5.90503123638755E-7	3.994717449502038E-5	6.369882800834512E-8	1.1119670980794274E-7	1.9285728738168598E-8	1.153457155402711E-4	2.0318225530641196E-8	6.346124918420972E-10	5.972966746192475E-8	2.350942412459691E-6
1.3255092557486168E-4	1.0704684684623013E-5	2.6806020038758144E-7	1.0501766679372859E-5	2.1582198136573135E-9	8.342549048594308E-6	3.374047628110445E-4	1.1866864512075589E-9	1.5576814969992217E-4	6.649840841479291E-5	1.021657313495821E-4	1.0844884741975635E-6	3.840007494327154E-9	4.029855065299695E-6	8.85255229742044E-8	1.1730163321019858E-8	2.763132678192103E-10	8.157165981200458E-9	6.867922949572876E-11	5.154142170552542E-6	1.0523617133685205E-6	3.0433391177688057E-6	1.868004348121206E-6	0.0012212205144353592	2.0127545492235544E-7	3.516539167097337E-7	0.0	3.516539167097337E-7	9.39814438505091E-10	2.632502470013545E-11	1.8902484219765746E-7	7.430210177339872E-6
7.712606045422012E-7	8.107958807062732E-8	3.921911983666444E-9	5.7679596819744505E-8	9.832118618054315E-12	7.038577953160832E-8	3.6222196730793766E-9	8.298162350352051E-13	5.377115113937693E-7	3.2007581639615763E-7	4.6714369821928625E-7	5.335782932663456E-9	3.889997221794152E-11	2.3318430489154985E-8	2.8181375545368133E-10	3.4625805857590586E-11	4.592872080775085E-13	3.598414628123257E-11	3.903271566056017E-11	2.015429653618678E-9	6.852634907177156E-9	1.471154097244095E-8	1.0839842420725633E-8	8.172428567356534E-9	2.8609157793388104E-9	1.5735883158622758E-9	0.0	1.5735883158622758E-9	8.924408201089056E-12	6.0551689574344474E-9	1.0920106312793538E-7	2.8446666477740822E-8
1.1496385465333979E-8	1.323795897997314E-9	4.057076106690104E-11	1.4881072452408787E-9	1.48696026214855E-13	4.601790838121412E-9	9.362520935368707E-11	2.304151647824105E-14	9.026148223887317E-9	4.95425643455022E-9	7.525118012431071E-9	8.31805904006073E-11	3.921154235681441E-12	1.0958358042295363E-9	5.6696398234953265E-12	1.0759494550537928E-12	7.822982076804535E-15	6.823846161002488E-13	5.796365836161506E-15	3.487930234277564E-11	1.387375437533357E-10	1.0788775386574585E-9	1.8550537439596913E-10	3.770611430359922E-10	3.18031565267512E-11	2.9900657412751034E-11	0.0	2.9900657412751034E-11	7.47116238597863E-14	2.1342554329801667E-15	1.5823731265904932E-11	2.8219399805347907E-9
0.0011720354218584148	0.002277878072004073	4.48279449719457E-7	6.476037009896535E-5	1.7972168497521065E-9	3.539798998840493E-5	2.2749157594663955E-6	3.457390596629226E-10	3.1124507166624545E-4	8.795916392937858E-5	1.6966845270070344E-4	1.479317877709868E-6	1.196333044659559E-8	2.9366746554340926E-5	1.3025944125598512E-7	5.6432867114339343E-8	3.047419583534319E-10	1.519871775910299E-8	2.230988703269456E-7	6.997383204363936E-7	5.5629429702928535E-6	5.573822881860814E-6	6.006945923308926E-6	3.4902296165395205E-6	6.730386822029408E-6	1.0719129623629793E-6	0.0	1.0719129623629793E-6	3.031444690512447E-8	4.410384372539592E-11	6.24223954638728E-4	1.4617852261185889E-5
0.0021007781708928313	9.012852330202063E-5	2.427518402471268E-6	1.729951489619355E-4	1.694398099019808E-8	6.186961482364576E-5	2.1407624176362113E-5	2.269827434211525E-9	0.00757709995414795	0.0014234162726157991	0.0027306446552223863	2.113148978719253E-5	3.66502128285897E-8	4.295942983734908E-5	6.581667349526905E-7	9.230291359827579E-8	9.98334223846701E-10	6.956692245458093E-8	1.5168301987099271E-9	5.514442411361859E-6	1.0157162576467237E-5	2.659442564942444E-5	1.9659097651016335E-5	2.294746590123273E-5	1.895260265720683E-6	1.06655704080738E-5	0.0	1.06655704080738E-5	2.7137939434485668E-8	4.889415770388383E-10	4.215276891423411E-6	5.378157518600938E-5
