32
NULL,getrlimit@__getrlimit,open@__open_nocancel,read@__read_nocancel,stat@__xstat,open@__open64,close@__close_nocancel,munmap@munmap,rt_sigprocmask@sigprocmask,exit_group@_Exit,rt_sigaction@__libc_sigaction,sched_yield@sched_yield,time@time,mmap@__mmap,mprotect@__mprotect,write@__write_nocancel,syslog@__syslog,getpid@getpid,writev@__writev,close@close,fstat@_fxstat,read@__read,mremap@mremap,socket@__socket,fcntl@fcntl,connect@__connect,lstat@__lxstat64,openat@__openat64_nocancel,getdents@__getdents64,lseek@llseek,madvise@madvise,write@__libc_write
0.9536089441752204	0.010360333304271987	0.0073203360044102215	9.129191792604923E-7	4.7702166422743347E-4	1.8123678096075067E-4	1.1420196497803671E-7	0.004456531700087153	0.002874097816563263	7.572357834205378E-4	0.0014768779031516135	1.2835178700359745E-5	7.66586944895822E-4	0.0018759658108661802	1.6675871655324018E-6	8.075129412897251E-5	6.411599585607708E-4	5.458483334558328E-4	5.556690566756859E-4	2.3557849852577723E-4	2.6567826372159417E-5	2.0340507228098682E-8	2.200636728825171E-7	8.734932974590355E-5	0.0	8.734932974590355E-5	7.771365640609606E-7	3.710164199920587E-6	1.7959044646488875E-6	1.1029629359230875E-9	2.519728081434925E-8	3.283772952803769E-4
0.0046128731046069845	0.001951663930863779	0.007172801342764936	6.818375843585919E-8	9.174954218961082E-6	2.026121487743396E-5	8.718507986538753E-9	9.912373383175999E-5	2.3967160546362935E-4	8.183195320807101E-5	1.6297438100787366E-4	1.4784111399591047E-6	1.1508203527971873E-4	2.4068037473959564E-4	2.433961173107586E-7	5.693647739214665E-6	2.6923505948855728E-5	3.8567467343359085E-5	2.5367613494781902E-5	2.4116584936349273E-5	2.3743659419059624E-6	2.394040704303396E-9	2.03097000869153E-8	9.937335233253475E-6	0.0	9.937335233253475E-6	4.5556567623874964E-8	6.978895916636912E-7	2.602165488113302E-7	1.4189766876715803E-10	1.2929797509071412E-9	3.3083913012927396E-5
0.004484087958831121	8.123168837545872E-4	0.0020951534015818665	0.0050930820965802825	1.2657324414036382E-5	5.2390216874796806E-5	5.181063880548228E-6	1.9727138843599493E-4	0.0011176601783844298	2.766815365253055E-4	5.163006210354052E-4	4.512101058465487E-6	2.266933184922685E-4	0.0018939543402515563	7.565528989983485E-7	9.481486793080802E-5	0.0033431147015254466	2.053096114906222E-4	8.929632535371179E-5	8.346484565725074E-5	3.810145531325647E-5	1.0765689974985182E-8	9.661244330981226E-8	2.426683643771911E-5	0.0	2.426683643771911E-5	2.734281240012907E-7	4.579875474704993E-6	9.82798693744563E-7	3.5087669617576915E-10	1.0977132888081082E-8	1.8344109257865468E-4
0.0019213677685362908	7.996583534119956E-4	2.4832457844869353E-4	1.0551438156305696E-5	4.110999558316576E-6	1.2584903217258683E-5	7.145110974079617E-9	4.849585649844654E-5	2.905839928368243E-4	6.62987470399463E-5	1.29601063024569E-4	1.0832528198649826E-6	6.615382749683588E-5	1.737164024870026E-4	1.2685001904223782E-7	3.754169780011836E-4	1.6377376390306163E-5	2.6838930610748716E-5	1.4951691423149549E-5	1.5710671226489803E-5	1.5796715416887586E-6	1.5916693322252516E-9	1.4067379181583814E-8	6.104014479986858E-6	0.0	6.104014479986858E-6	3.289143377014322E-8	3.7490592201247024E-6	5.750840307944126E-7	8.73807189508274E-11	7.567626779998209E-10	2.3344358077473545E-5
8.875274025278497E-5	3.170401467564502E-5	2.117491002347899E-5	6.0795735587842414E-9	2.749935107328963E-7	1.5804067254045648E-6	7.313235298956212E-10	3.4851609878225937E-6	1.915370136763667E-5	6.936790044973284E-6	1.3428863567951746E-5	1.2483157429167908E-7	9.254323082105475E-6	1.8994118101026993E-5	1.9049449822694076E-8	4.903192485056765E-7	1.9081967768400754E-6	4.389883391145566E-6	1.8262135969529262E-6	1.7325192663644566E-6	2.3324626379537423E-7	2.619347406688154E-10	1.14615713197618E-9	7.866852583169545E-7	0.0	7.866852583169545E-7	4.033827741805387E-9	1.1364060627376376E-8	1.5221344795192948E-8	1.1725107187480743E-11	8.737405660638797E-11	1.800371739763525E-6
2.660024810385651E-4	2.3675552315060496E-6	1.3243948494440298E-4	1.5919392182286423E-7	3.9056258437703495E-6	2.5500850535942047E-5	4.9509339297348435E-6	2.0265396483023742E-4	1.6712890391575746E-4	6.66452082610682E-5	1.0930617428226081E-4	1.1286491904501203E-6	6.467403800424391E-5	8.739678018981354E-5	8.18057261658927E-8	1.1269164399524486E-5	1.47518211844774E-5	7.642088122601259E-5	1.6605793000835856E-5	1.473682926405833E-4	2.6684022160321867E-5	2.709450970355516E-9	1.312343066524858E-7	4.375227864372895E-6	0.0	4.375227864372895E-6	3.364327841484162E-8	1.0711636591792303E-9	7.732193133241993E-8	8.667282134877796E-11	8.76292546149161E-10	5.177345794650322E-5
3.7266394332224764E-6	1.4239368157577538E-6	6.961837548212253E-7	5.811807013170517E-9	9.425090203127935E-9	4.8570833811841675E-8	2.228702781440799E-11	3.214498421896061E-7	5.457703753806662E-7	2.0464248903183596E-7	3.873795311949845E-7	3.663792563192201E-9	1.6814608666844256E-7	3.501198414135285E-7	3.452836526852667E-10	1.3727663916434042E-8	5.700381119521369E-8	1.0569365254252136E-7	5.716339318200567E-8	8.731270463228204E-8	2.7950537769736E-6	6.561362435488815E-12	7.482443032612034E-11	2.1889366482692597E-8	0.0	2.1889366482692597E-8	1.0496322264975538E-10	5.097131911726911E-10	4.483562248236696E-10	3.3721732796434937E-13	2.7415282219206854E-12	7.719400626218051E-8
0.004612795082746502	5.348359402666469E-6	3.7662160415499724E-4	4.98517561564752E-7	5.188966599275151E-6	4.718314654561998E-5	4.6919902888188995E-7	0.0019750699463627623	6.105298105069043E-4	1.9557383281745285E-4	3.845838486272944E-4	3.470648652370888E-6	2.0453653759647838E-4	0.0023648032067473948	0.0036539615896774187	2.350497494622471E-5	1.6622332650600852E-4	2.554558207991036E-4	6.465369573422603E-5	5.530093724374234E-5	9.220503584295037E-6	9.836992607624464E-9	2.0932470710294293E-7	2.3257447988875354E-5	0.0	2.3257447988875354E-5	1.1134883742859497E-7	2.5642774319027426E-9	4.0811075973249977E-7	3.226856945030412E-10	2.8897253938682535E-9	1.4037969642581507E-4
0.0029666385034859974	4.370248293327689E-5	9.640843792088311E-4	6.873406041272333E-7	1.627925376604989E-5	1.2664313255365378E-4	1.6019285939682843E-7	2.4134172822334817E-4	0.0019670344262782296	0.0023761970954448352	0.004374477655521761	3.0031568807026197E-5	3.7577136351413606E-4	9.410601743166207E-4	8.512273617086902E-7	8.716357078789761E-5	1.0324923071418386E-4	3.157962330780756E-4	1.747985690532781E-4	1.6601040676123468E-4	2.16341724536893E-5	2.7727341137065475E-8	1.0132603667224609E-7	5.8244654496076625E-5	0.0	5.8244654496076625E-5	3.1963855622169735E-7	1.7616665249674347E-8	1.0363894609383588E-6	9.725236378357249E-10	8.863455673052369E-9	1.6697166102423293E-4
0.0026123804768125904	5.0874880086138346E-5	6.46605090642494E-4	5.089700342680825E-7	1.0465093685454421E-5	6.0885378613711106E-5	1.7873959228588426E-7	1.5578172286349133E-4	0.001477200415025875	3.165274753559418E-4	5.759390520711975E-4	4.882316391681016E-6	1.913212834022318E-4	6.59296100000827E-4	5.140949753858437E-7	9.122839725179075E-5	6.933522441855974E-5	2.1692975019742887E-4	1.1855438879294718E-4	9.026847529315916E-5	1.3553066042997052E-5	1.4539522612992589E-8	6.1903287528584E-8	2.3874444761512798E-5	0.0	2.3874444761512798E-5	2.1198161630941257E-7	1.9667566354129197E-8	4.111868891482632E-7	3.30129615615893E-10	7.948739615029505E-9	1.096053979095733E-4
0.00254970503177376	4.462575712808596E-5	7.397022276127401E-4	5.38726277044574E-7	1.1808748751272704E-5	9.186687882037028E-5	1.5930231425561644E-7	1.765439287437949E-4	0.0016384094695753779	0.0024995971399723086	0.0018757220698682258	4.312854559491219E-5	2.5170840015069866E-4	7.322394569413653E-4	6.394435974131523E-7	8.334088425524113E-5	7.912105489136943E-5	2.3923518374973412E-4	1.3174410951038738E-4	1.1746520607356044E-4	1.5599032349731212E-5	1.8168498989353E-8	7.223566238531722E-8	4.079685609612409E-5	0.0	4.079685609612409E-5	2.383643504151857E-7	1.7548138682692598E-8	7.185273126530063E-7	6.089191250764276E-10	7.90801927539235E-9	1.2331669565179243E-4
2.7275832357023545E-5	4.910086905265452E-7	7.452099179514434E-6	5.631226806310287E-9	1.2185494170498817E-7	8.200059594841206E-7	1.7442996380656647E-9	1.8129600462962266E-6	1.6407588083135175E-5	2.765424213220941E-5	1.9607899404600317E-5	1.5239621867066608E-5	2.4642373533669066E-6	7.4667889825706235E-6	6.20245191993587E-9	9.058836941707168E-7	7.984619410852531E-7	2.4677993361425383E-6	1.355343524796022E-6	1.135081554074623E-6	1.5956862810551637E-7	1.837787681741372E-10	7.361523888413501E-10	3.489406866355488E-7	0.0	3.489406866355488E-7	2.444125388237042E-9	1.9194356733974446E-10	6.111480477477985E-9	5.276963908181059E-12	8.287927738267879E-11	1.267683278187628E-6
4.0892036456883043E-4	7.075054183652704E-6	0.0015601206366902874	4.2833944797052595E-6	3.2655134197265717E-6	3.059730108399127E-5	1.8096711627843525E-8	6.096082762515222E-5	4.306025997876355E-4	1.3184496029490698E-4	2.5680833647992966E-4	2.308221494278271E-6	7.054446920919765E-5	8.803796698860269E-4	1.8235089243188785E-7	1.3783850839981849E-5	5.7698145269341785E-5	2.081455315298632E-4	4.372559018913094E-5	3.545185907949068E-5	3.7775161025698114E-6	4.724498379559825E-9	2.7670809846672E-8	1.5122026696687999E-5	0.0	1.5122026696687999E-5	1.5232485085747117E-7	3.979071819788595E-9	2.5485369477932313E-7	2.0888167714782474E-10	1.490985289155434E-9	4.4903811818199165E-5
6.866017572011647E-4	3.222464551944088E-6	3.7495135545376115E-4	2.2133271477406191E-7	5.9916843002027974E-6	6.032349083304969E-5	4.143059790771742E-8	0.006391532853376481	5.045130104836021E-4	1.4232681826306662E-4	2.7537396885697596E-4	2.4407810653457256E-6	7.731377955361142E-5	0.006441364949525701	0.001957538262592591	3.246254971328286E-5	3.1389517162371683E-4	7.941174688142852E-5	3.0347153658672946E-4	4.7208367989244585E-5	4.84123794616456E-6	6.4219822148431395E-9	3.0601570069658104E-8	3.1176832275827074E-5	0.0	3.1176832275827074E-5	1.2275945501369684E-7	1.8434866867661367E-9	2.6407516547054073E-7	2.1298473460287702E-10	2.601790965674012E-9	6.205379226838059E-5
3.713023351833286E-4	2.2778996294945436E-6	1.658060333377674E-4	1.1019318978260086E-7	3.048270509966378E-6	2.60754287823476E-5	9.464931088724595E-9	0.0028496849370576675	2.762008784348234E-4	1.039469880636311E-4	2.088368963212542E-4	1.9164751230210414E-6	6.095029175034228E-5	9.380456300075669E-4	1.892213475984455E-7	5.948319145447035E-6	1.745520883885342E-5	5.401574443584148E-5	2.1086177609877266E-5	2.7644037810363898E-5	3.7788456837424845E-6	6.170205617203061E-9	1.9256084133558204E-8	1.3031842508150796E-5	0.0	1.3031842508150796E-5	5.473677823029114E-8	1.0903158618304185E-9	2.475123602581148E-7	1.9032025225658195E-10	1.0606379985468672E-9	2.982808383762114E-5
7.724094785604982E-5	6.527121251714648E-7	9.433381490372382E-4	2.6909687008397313E-8	4.6293916042721E-7	4.461241477089515E-6	5.064882291279029E-9	8.55537207412314E-6	2.0649188449160227E-4	3.482373626931983E-5	6.645677774557697E-5	5.038497031408961E-7	1.0031695486976532E-5	3.3203541671288336E-5	2.776322931523089E-8	3.7410126032197784E-4	2.006394996656769E-5	1.652749343231748E-5	2.7987655983963728E-5	5.201745468831445E-6	5.447142284654709E-7	5.903703383688176E-10	4.043998784634326E-9	2.17675157258481E-6	0.0	2.17675157258481E-6	2.5311779815641004E-8	4.843669374849789E-10	3.620494701048095E-8	3.0091349151214406E-11	2.8515907123734807E-10	6.968902943259429E-6
0.0010732364647173794	2.996778240823456E-6	2.1597094662815394E-4	1.4254594699689036E-7	2.632405099029767E-6	2.2857004955400024E-5	9.637370406771363E-8	4.0346087618284186E-5	7.050926192134922E-4	1.5138303435229659E-4	2.8547697961994625E-4	2.381702446477077E-6	1.0211705522490429E-4	2.057561814728082E-4	3.3337271427186727E-7	8.766355509212621E-5	2.2935867653140466E-5	5.830881067998278E-5	2.643318202434221E-5	2.5924015214878095E-5	4.024503776109151E-6	4.885125350935977E-9	1.7501210131790677E-8	1.1276416872182778E-5	0.0	1.1276416872182778E-5	5.777767899838018E-8	1.46345339287982E-9	2.0330254712557232E-7	1.733209926967274E-10	4.34622852189575E-9	3.5679174395465213E-5
3.843437361983199E-4	1.695173099307424E-6	2.2121507715830327E-4	1.3780179821962377E-7	7.654327342642792E-6	9.500692062801479E-5	1.910920192613225E-8	3.4215518356544173E-4	2.6079486792475616E-4	7.648869873200959E-5	1.4786190788527317E-4	1.322238446751148E-6	7.549679687225715E-4	1.1800457076621723E-4	1.0637060795422061E-7	1.2966210395463217E-5	9.700379030425088E-5	4.0778983481094227E-5	7.046877658262769E-4	4.980252853509076E-5	2.1237287553487733E-6	2.228875355857514E-9	1.5634672185190643E-8	5.07785579245708E-5	0.0	5.07785579245708E-5	1.2392231376420492E-7	1.0939644949359713E-9	1.3842943534919602E-7	1.1669533070785027E-10	1.2349470350521189E-9	2.6527565658600406E-5
2.9039931647423337E-4	2.4787139584440897E-6	1.3932940156362813E-4	7.488705821644267E-8	1.8345291507461196E-6	2.95096273259131E-4	1.4046990401727752E-8	3.0602800830797715E-5	3.257163509045738E-4	1.1848946345456068E-4	2.3658661407273992E-4	2.166305245131027E-6	5.5259079211397675E-5	1.1965810765433714E-4	1.4677710194967856E-7	3.8138165653431533E-4	1.477225865573412E-5	3.720952607662286E-5	2.070182334725074E-5	1.2502255401318024E-4	2.5893558403192243E-6	3.366929806754249E-9	1.2482621988165335E-8	1.5941725123481577E-4	0.0	1.5941725123481577E-4	3.977636152174081E-8	1.1450733702217202E-9	2.5707753817659196E-7	2.1164633860582194E-10	1.1217932136192609E-9	2.0211327803047243E-5
2.949339571518104E-4	1.5437216660852725E-6	8.893750237430362E-5	6.367914180876074E-8	1.5683383774676118E-6	2.418387622466982E-4	1.6896449042593146E-8	2.8471667984356643E-5	1.7592670726978047E-4	7.111373816565998E-5	1.1054967614292548E-4	1.1794928807512734E-6	3.7117456493873325E-5	7.340735405739414E-5	7.73933737502107E-8	1.4079585976608596E-5	9.567937201089213E-6	2.8645293127663067E-5	1.5619154807384967E-5	8.673023180287382E-5	2.0858028753392248E-6	3.0653458039935873E-9	1.0050444050100551E-8	2.0235116705481226E-4	0.0	2.0235116705481226E-4	3.0595723589388354E-8	7.251576167878494E-10	6.453117045242938E-8	8.377010495596265E-11	8.887516243525855E-10	1.6920816617087618E-5
1.7582147676327457E-5	1.627207258151859E-7	1.4620028757929539E-5	6.7259035196699116E-9	1.331567118498909E-7	1.6306497823464279E-6	7.299719727601E-10	9.761199098663217E-6	1.9269814093787897E-5	7.26907712677373E-6	1.3742231290448868E-5	1.3018575868231534E-7	3.7469960155079126E-6	1.1756858343591134E-5	8.56940084950199E-9	4.5828420344560677E-7	1.5246913053547375E-6	2.9482963374735765E-6	2.2231812485236696E-6	2.6687615966928685E-6	2.819259656728544E-7	2.2969266492098292E-10	1.4757988696728887E-9	8.023343743514219E-7	2.6138403674350648E-8	8.023343743514219E-7	3.3559106362243827E-9	8.270000129140989E-11	2.3426689076700903E-8	3.1859926106402887E-10	7.57466819005391E-11	2.509371288051561E-6
4.184251108930483E-9	4.757913696290042E-11	1.62551354728632E-8	1.1230099658074998E-11	3.092254238856581E-11	2.670718524619202E-10	6.405941639754728E-13	1.1836416928366129E-7	8.224273319105133E-9	1.6124508951480497E-9	3.0461965151148697E-9	2.4626492173227292E-11	6.690042190814267E-10	2.3945696487041457E-9	1.6208034928481907E-12	1.93718972473424E-10	1.6097823200907773E-9	1.1483516112748555E-9	1.1542788590898684E-9	3.42162899357202E-10	5.535685193737698E-11	3.689839653146419E-14	4.739346844412896E-13	1.2922564396073906E-10	0.0	1.2922564396073906E-10	2.008900379768022E-12	3.484000836354018E-14	1.9644315181519006E-12	1.6771140658916422E-15	6.293781322883338E-14	2.3249581172900807E-9
5.096820078742361E-8	4.089569853714873E-10	8.034643857509131E-8	2.444232506892438E-11	3.77474949745791E-10	3.3599429486238452E-9	2.986639133023216E-12	7.566086710089316E-9	7.494552830031262E-8	1.76975571613466E-8	3.366098552178417E-8	2.8776625003358325E-10	1.2147566977151948E-8	3.570058009215412E-8	2.8280942232415104E-11	2.088329440034968E-9	9.748103783339177E-9	1.4635119756330141E-8	5.544887859560165E-9	4.288410441745886E-9	4.399583216754237E-10	4.574322630841489E-13	3.927655429806032E-12	1.6253024165406635E-9	0.0	1.6253024165406635E-9	2.2930433748606128E-11	3.785136993505526E-13	2.6480806878708454E-11	2.2543360770168088E-14	2.0120600544775373E-13	2.6718924924315534E-7
6.504177486652244E-5	3.5227242938718626E-7	2.1463754223606615E-5	1.421618853788539E-8	3.500127090409437E-7	1.5101183001549166E-4	3.718194801288776E-9	6.343000464149631E-6	4.5056927817686826E-5	1.644116673878042E-5	2.601706790781554E-5	2.700510039042424E-7	8.31067913133632E-6	1.6749996980272947E-5	1.7483104885634074E-8	3.094499820404682E-6	2.319535504648507E-6	6.609413347541743E-6	3.538606368506085E-6	5.8053819272636556E-5	4.637789935760049E-7	6.74863616251745E-10	2.2694604854737418E-9	1.9527871301252411E-4	1.9444103468932076E-4	9.805805086238299E-5	7.254146584284444E-9	1.6992009796501953E-10	1.5109558274269704E-8	1.8983853861109768E-11	1.973919754321743E-10	3.818902822691839E-6
1.951473833149806E-5	1.0570215247473293E-7	6.441100276357588E-6	4.267463381835859E-9	1.0502479391694683E-7	4.530368743073082E-5	1.1155643952148563E-9	1.904253398942352E-6	1.3519593395623044E-5	4.9332552479450845E-6	7.806915711063655E-6	8.103176790939827E-8	2.4941175940386616E-6	5.0265782295158075E-6	5.2465761842393724E-9	9.28406156583694E-7	6.960714901186157E-7	1.9835258364666354E-6	1.0617958308723563E-6	1.7416424641788716E-5	1.392016739302263E-7	2.0248541746075576E-10	6.817265303557832E-10	2.514122138310205E-7	2.601641544950227E-9	4.886174328890162E-5	2.176670101457687E-9	5.098654864175306E-11	7.235629783157556E-9	9.018352488324725E-11	5.922812375163973E-11	1.146332620001267E-6
6.178943424408224E-5	3.346574437166253E-7	2.0390483392440547E-5	1.3505324057742932E-8	3.3251071813863035E-7	1.4346065371016576E-4	3.532270662238233E-9	6.0258258772007575E-6	4.280390694049599E-5	1.5619044732199523E-5	2.471611375939292E-5	2.5654740791641825E-7	7.895112991046022E-6	1.591243226564934E-5	1.660888193672747E-8	2.939762845703574E-6	2.203549746842203E-6	6.2789170847195425E-6	3.361662346564248E-6	5.169471662331893E-4	4.4058824787853405E-7	6.41117821979575E-10	2.155978672545414E-9	7.957911630714859E-7	0.0	7.957911630714859E-7	6.891411162847664E-9	1.6142343503854245E-10	1.4354021847667237E-8	1.8034587651667284E-11	1.875216122454493E-10	3.6279428925718355E-6
8.493516923812815E-8	8.347865048801339E-10	1.7044472401738974E-7	1.605612625143656E-7	7.767856575743021E-10	8.089642408982315E-9	7.64924774222374E-12	2.160635825016705E-7	1.0961527400847812E-7	2.821418303659187E-8	5.4365914130414114E-8	4.725300923698286E-10	6.326855950305399E-8	6.582979658791962E-8	5.5110039774151505E-11	2.967212434239558E-9	1.81315655391099E-8	8.456612561117234E-8	1.2883356373584352E-8	2.564063421683021E-8	2.468543318198241E-9	7.707210049194461E-13	1.068556599595211E-10	2.8652485906122406E-9	0.0	2.8652485906122406E-9	1.4870124920917255E-6	5.576199922473066E-7	4.6970803710466364E-11	3.945777933741763E-14	6.223918772729454E-13	1.002337835689027E-7
1.3032260303602684E-6	4.3744671081478286E-8	9.781679263268782E-7	6.814626305507328E-10	9.025003532934065E-9	1.3063332458802034E-7	5.019228507314665E-11	1.7509282762385319E-7	1.4346917648151561E-6	5.389999231954227E-7	1.0746881356868773E-6	9.897929989356483E-9	4.570869046731383E-6	1.2399894381823704E-6	1.3102245571272877E-9	3.1321497851024136E-8	1.0125844045629649E-7	2.012771893878979E-7	1.1380079389073101E-7	1.2754336683431803E-7	2.99067039090192E-7	1.5977521070696264E-11	7.180352953816168E-11	6.606238553082779E-8	0.0	6.606238553082779E-8	2.1656878027113918E-10	1.7176615298265073E-11	9.950648809862315E-7	9.720898427058033E-13	5.997293973538571E-12	1.078424092630772E-7
2.287881547468174E-6	3.496070320658908E-7	7.532681976183587E-7	4.49594508426469E-10	1.3146216453250143E-8	5.4800134221858976E-8	4.8261961283089644E-11	2.9389009862642145E-7	8.311662601091492E-7	4.927167298386173E-7	7.32010539000471E-7	8.435744824092496E-9	2.9166859217053515E-7	5.740269682813125E-7	4.759385721044751E-10	3.169775107843282E-8	7.634817440637701E-8	2.1298451315895667E-7	1.2225738805103163E-7	1.0519550409341145E-7	1.580668348543254E-8	2.3094048068534675E-11	7.88374961323696E-11	2.4649889650413082E-8	0.0	2.4649889650413082E-8	2.2693383459287396E-10	1.2622436972527782E-10	4.613806185859958E-10	8.174478493456362E-10	3.9940534255230054E-12	1.193807594886238E-7
1.1508975959680968E-9	8.697148738482688E-12	6.352075099839236E-10	4.717226785036533E-13	9.406456656204526E-12	5.6941916620416705E-11	4.1746840509331704E-14	6.837255514409167E-10	7.009239118501576E-10	3.6694985651527787E-10	5.723143216920828E-10	6.316854615416442E-12	3.95736129761409E-10	5.280309053346412E-10	4.4430402255538264E-13	2.563689168065462E-11	7.306726018927381E-11	4.286243048486108E-10	9.484031234039705E-11	1.5385588779586995E-10	1.7617670766767795E-11	1.6233343485008918E-14	4.4855831712753273E-13	2.228731232287086E-11	0.0	2.228731232287086E-11	1.9653137249077132E-13	4.4151321991424585E-15	3.9358039610342255E-13	4.862617949864609E-16	3.1300116985288926E-15	3.9897098056206384E-10
5.5113298570393364E-8	5.905944757086175E-11	6.023611636515618E-9	4.940029308137197E-12	4.879763369782765E-11	3.116548611557214E-10	5.784803530877044E-12	9.073544572916664E-10	7.38974084813388E-9	2.2045604043515265E-9	3.7230541622821258E-9	3.581908336051119E-11	1.1149981677197165E-9	2.8153401864312965E-9	2.2020013703098715E-12	2.1176305858069363E-10	7.167857929508075E-10	1.336699691218111E-9	6.58520886550202E-10	4.843205353030565E-10	8.435328560495629E-11	7.638133784874941E-14	4.2998205746789635E-13	1.4641802099192918E-10	0.0	1.4641802099192918E-10	1.9151084072398218E-12	3.781401486201048E-14	2.3794114385236633E-12	2.5704949437760393E-15	1.8977488843516284E-14	1.0520259902371927E-9
2.104853453590248E-4	5.8915122360006075E-6	9.143613314745935E-5	6.285228222122794E-8	1.2933035601299736E-6	1.7177375149414678E-5	9.57186735472931E-9	2.0039413697934202E-5	9.584024168326972E-4	1.5524513551430058E-4	2.9708195891605234E-4	2.2091917646724935E-6	3.689343524733347E-5	8.864219042118046E-5	9.044587576226471E-8	5.5118248625863764E-6	9.565820536739866E-6	2.5846654505138793E-5	1.559052892293983E-5	1.7442664648693823E-5	1.8434510339349966E-6	2.2598609379854617E-9	8.623147343683361E-9	8.551660563161273E-6	0.0	8.551660563161273E-6	2.7035208662879465E-8	2.2787201203641517E-9	1.5155551168259117E-7	1.2601264475155448E-10	7.14592260554402E-10	1.3930182982495576E-5
