32
NULL,rt_sigprocmask@sigprocmask,exit_group@_Exit,rt_sigaction@__libc_sigaction,sched_yield@sched_yield,time@time,open@__open_nocancel,read@__read_nocancel,mmap@__mmap,munmap@munmap,mprotect@__mprotect,write@__write_nocancel,syslog@__syslog,getpid@getpid,writev@__writev,close@close,open@__open64,fstat@_fxstat,read@__read,close@__close_nocancel,mremap@mremap,stat@__xstat,socket@__socket,fcntl@fcntl,connect@__connect,madvise@madvise,lstat@__lxstat64,openat@__openat64_nocancel,getdents@__getdents64,lseek@llseek,getrlimit@__getrlimit,write@__libc_write
0.9736832627039571	0.013102213138994312	0.0036921918080054417	0.006794421687526891	6.207940324086163E-5	2.4903012785680833E-4	7.701295297097377E-4	2.539906940224023E-7	6.027188368893582E-4	8.971172321898185E-5	6.623188859624165E-7	1.9965740143429282E-5	8.372212391085405E-5	1.2011854384703521E-4	6.648177710612288E-5	5.4985047530964404E-5	4.0828040384678264E-5	4.510572768747343E-6	8.33297328524201E-9	1.244795725494429E-9	6.114413842548718E-8	1.09484249895867E-5	2.0014968856206914E-5	0.0	2.0014968856206914E-5	6.09318870899924E-10	2.708715857749404E-7	1.932784786480642E-12	1.101324500402479E-9	4.3676856763728397E-10	5.318436924470648E-9	9.59407516006019E-5
0.009333609451213044	0.0029279398364252195	0.0033510303103645245	0.006201716579299688	4.2145564507206636E-5	7.081057603801856E-5	6.910605041897788E-5	7.481866827361641E-8	1.7676534741064217E-4	1.668855915513336E-5	1.982431695736025E-7	6.648901710956415E-6	6.411279834710309E-6	1.2339042507643935E-5	1.4963552707503962E-5	1.3094288827222178E-5	1.0208821676129763E-5	1.1852498923216422E-6	2.549870950358795E-9	4.881239477658558E-10	9.510170335853552E-9	2.5155709866801765E-6	4.7607648523611674E-6	0.0	4.7607648523611674E-6	2.1632281129793364E-10	1.57850287262112E-8	6.174161320492625E-13	2.698028997328234E-10	1.1280393654193458E-10	1.727324790992028E-9	1.5591421148499975E-5
0.00724201786112115	0.002208785306840453	3.6885819683466696E-4	7.121014103307227E-4	5.385855657059876E-6	3.294772969557573E-5	3.7321376796768216E-5	5.300092380088535E-8	1.0852261280837614E-4	9.815987459908138E-6	1.1781946433291986E-7	7.171534772797971E-6	3.3078271471452143E-6	7.681758182529208E-6	9.159233770221601E-6	6.107851456805895E-6	4.432953116112063E-6	7.340373571713044E-7	8.02674863884725E-10	5.11348205706891E-10	4.700977638568196E-9	2.7887316310515413E-6	1.708944624288289E-6	0.0	1.708944624288289E-6	1.8612677030229286E-10	6.8468616214872E-9	3.602003435380979E-13	8.430361366384015E-11	2.874596790973345E-11	1.0076447007601871E-9	8.726995958877406E-6
0.007676323924218533	0.0024220983958978455	0.0035146399319979397	0.0025892175858369154	6.072940335562777E-5	4.5135253692517894E-5	4.882012522981061E-5	5.665716894094611E-8	1.2741260813137434E-4	1.152516852769714E-5	1.4619574532522348E-7	6.430734088631774E-6	4.43300517931814E-6	8.763281337767282E-6	1.0675102546524456E-5	8.705014450416133E-6	7.330549438604984E-6	8.446498471845559E-7	1.3297819679863885E-9	4.6497915477568427E-10	6.014921560991719E-9	2.4752197164358243E-6	3.301673165933441E-6	0.0	3.301673165933441E-6	1.878656984026592E-10	9.327117778032822E-9	4.22239673823279E-13	1.8453915259987944E-10	6.626911819035829E-11	1.1812429938586355E-9	1.043751942061406E-5
7.89482158502321E-5	2.4395399997329993E-5	3.891275773367669E-5	2.6974125513791837E-5	2.1953056544834842E-5	4.400767974682699E-7	4.6958282023861306E-7	5.932938482953072E-10	1.2868628503186833E-6	1.1797933151927126E-7	1.4243579028830414E-9	7.03888140055101E-8	4.244148576550331E-8	9.02786234093088E-8	1.0858172173504335E-7	8.206247826143788E-8	6.281778384608985E-8	8.652496952776262E-9	1.2965125046199698E-11	5.061142712168404E-12	6.075020057417922E-11	2.717149375604702E-8	2.686481053655578E-8	0.0	2.686481053655578E-8	1.9602577257150955E-12	9.378654521227452E-11	4.339595228406517E-15	1.439913684076899E-12	5.435465793454233E-13	1.2140197754431865E-11	1.0691269252861594E-7
1.7564870991291934E-4	3.061383868374957E-5	1.017689584372086E-5	2.054492668911358E-5	1.8515812191779534E-7	1.2765372008299096E-6	2.17469097906799E-4	5.638737138378479E-7	1.46046609368859E-4	1.2977717648155046E-6	6.408020913973871E-9	3.6843858382540504E-8	3.051138746237783E-7	9.802943673341774E-6	6.953205393807609E-7	3.38776512380695E-7	2.09893956560079E-7	3.027035034758847E-8	1.3915200985280803E-10	8.69472293386205E-12	5.176186396555198E-10	3.101159990133081E-8	1.0317667327362068E-7	0.0	1.0317667327362068E-7	7.2612647509248695E-12	7.703462654760074E-10	9.642947902048512E-15	5.01057404811617E-12	1.5770619139729286E-12	2.6970127463752168E-11	7.041688854047381E-7
3.6570553455221805E-4	1.0465279995524868E-4	2.7891263665356876E-5	4.968499880197292E-5	4.5550984021488234E-7	8.664041659105036E-6	2.2432786562650892E-4	9.714881034563486E-5	1.8141346200033274E-4	1.3453570703357686E-5	8.237184381317088E-8	6.4030781319735535E-6	2.894962793848003E-4	3.017176376150119E-6	2.849458379525315E-6	4.058003843669163E-6	7.598692965818393E-7	3.63856535330111E-6	4.3130034688370825E-10	3.5532254068286746E-7	1.045343708885072E-8	4.293226622023691E-7	2.1027994246636798E-7	0.0	2.1027994246636798E-7	2.1644365740062582E-10	2.827900913512899E-9	7.409069344950997E-12	9.083400392356435E-12	2.9981758918057426E-12	1.635583199456389E-9	2.0107187215295552E-5
1.399947246829138E-5	1.6759134551022898E-5	2.810378469398036E-6	5.48486452158001E-6	4.137619277937004E-8	3.491373238840341E-7	3.4258774806483594E-6	2.1581194763797067E-6	1.087880801044992E-5	4.898105044829529E-7	1.2412565356057476E-9	3.309303775977885E-5	4.590140727588451E-8	1.354839908993572E-7	4.5330097432314893E-8	2.56120432458718E-7	4.5769449882178844E-8	2.5029511062998078E-8	1.2766392999715628E-11	4.972411477886307E-12	6.534530567532762E-10	1.2778255848242651E-8	1.1541942205768288E-8	0.0	1.1541942205768288E-8	1.5074560540214935E-12	7.262451632843876E-11	5.972220134059923E-12	1.4513211218812227E-12	2.289707135131359E-13	1.2859507349883812E-9	1.0508409560993964E-6
2.1663649045203882E-4	7.748807779330889E-5	2.284460640297132E-5	4.526201945860817E-5	4.023908535724824E-7	2.9993786680615553E-6	1.7433457793574818E-5	2.470512643467084E-8	0.0013026232699580801	0.0012511169550750323	4.043780729220544E-4	2.1566572520517414E-6	2.622217145374867E-5	1.3337974355522906E-6	2.700685669301302E-5	1.914289935064453E-6	3.3117488444920704E-6	1.6029712983933806E-7	3.515454014030118E-10	6.536277546518638E-10	1.8600404954681259E-9	3.4423611142649924E-7	1.76269742419215E-6	0.0	1.76269742419215E-6	7.940887259159202E-11	6.049995455041091E-9	8.637386238349246E-14	1.0322222152332148E-11	3.2418248697041595E-12	2.4166776979881954E-10	5.197005157367716E-6
3.2301198743980896E-4	1.2363217298880626E-4	3.759076801857477E-5	7.615129254163512E-5	6.737868750666717E-7	1.3704473413308294E-5	1.8027663891152697E-5	6.789047442676643E-8	4.512117629733461E-4	3.9050140150892644E-4	7.54829637115724E-4	1.426080409303795E-6	1.3012622970481565E-5	1.610020859953486E-5	4.660512473566562E-6	1.8624448780588371E-6	1.011433479075913E-6	7.331431458518684E-7	5.919585852575185E-10	1.5267495150822812E-9	2.4043192091546696E-8	1.2506053379033726E-7	4.782656798087829E-7	0.0	4.782656798087829E-7	6.395420767096401E-11	4.067683539249053E-9	2.692606916616746E-13	1.8425973735131098E-11	5.642293792247309E-12	7.533882601167615E-10	1.5410913997641857E-5
1.799132250173593E-4	6.574027885313574E-5	2.222429170618941E-5	4.603631079038739E-5	4.107894686629686E-7	2.562019616334183E-6	6.874930368795755E-6	6.242668321691852E-9	1.7521754890403702E-4	5.811042017196345E-4	1.8067834543287475E-8	7.208720299820782E-8	6.445881511735162E-7	1.2411588865862377E-6	6.008184598091802E-7	6.263968874910072E-7	3.7893773797342607E-7	7.811416626169575E-8	4.1516813520611934E-10	9.274644059674911E-12	1.137832943655344E-9	5.200406859221285E-8	1.7927347329609473E-7	0.0	1.7927347329609473E-7	1.0192928976418821E-11	2.220948417164877E-9	1.2743429107955933E-14	1.221605495664144E-11	3.6363102066788538E-12	3.565166193657314E-11	1.717496129634198E-6
2.823361552686248E-5	1.6241535406710757E-5	2.6364927044535212E-6	5.088553197317936E-6	3.800368861959644E-8	1.1189118886727415E-7	7.703536324586146E-5	1.1336571103344396E-9	5.549538534813824E-7	5.085581613237899E-8	8.175846552939987E-10	3.3112710941178646E-5	9.847817288995446E-7	2.3649513590427512E-8	2.033704257300849E-6	2.170990385798968E-8	1.9965162633031816E-8	3.639556441690112E-9	5.1896522904893874E-12	5.4179430698109595E-12	2.0591277110401813E-11	2.308484545682523E-9	1.0012193819369881E-8	0.0	1.0012193819369881E-8	1.7913408394385771E-12	3.6757102184684136E-11	1.2191979942167281E-15	5.689713826675967E-13	1.9529882274536153E-13	3.4094624954187423E-12	5.868004828050711E-8
9.673743399149365E-5	6.705634773896355E-5	1.4476454897953871E-5	2.6225835966066804E-5	2.247200471429717E-7	2.8899910359415043E-6	5.227034973215064E-6	1.1335642804296866E-8	5.67150627533601E-6	1.0067250944446915E-6	3.20430874060644E-8	7.209839852751143E-6	5.062411099982159E-7	7.333204196138537E-7	7.683651615660161E-7	3.0081794631217095E-7	1.6092226483552727E-7	1.4240321923583164E-7	1.586034697020974E-10	2.36412924466359E-10	5.690929615228366E-10	3.3384124955627636E-8	7.582998143342681E-8	0.0	7.582998143342681E-8	7.914869335264485E-11	9.392482744140425E-10	3.3014318384756356E-14	3.5843619865215413E-12	1.3327007000251421E-12	9.237112002365133E-11	2.153624631895661E-6
8.82842962440189E-5	2.2321671826571404E-5	6.7298307630369165E-6	1.315389066632353E-5	1.1827737927117423E-7	6.46606908414784E-5	1.8370474068300067E-6	1.0604349320249384E-8	3.8050231757122136E-6	2.752854097191637E-5	5.235677041034834E-9	6.929713781067122E-7	7.10138158732289E-6	2.6744298134675113E-7	6.54463713054307E-5	3.2095146140655767E-6	7.616899104655044E-6	5.917462339280464E-8	3.0417051723843194E-11	4.5655490758662045E-11	6.970497493963467E-10	7.328590394522885E-7	4.1238878820271215E-6	0.0	4.1238878820271215E-6	1.4288287658967811E-11	9.653419618765056E-9	1.3666396011242128E-14	2.680821914027339E-12	9.338799488779416E-13	3.823474485944762E-11	1.1353478611768533E-6
7.396671008021062E-5	2.9213021522111644E-5	1.0313950048475748E-5	2.1191255238183942E-5	1.912537998697644E-7	7.004886161784074E-7	1.3734907089468217E-6	1.0954135832784794E-9	1.5476503359392079E-6	6.999087593244641E-7	3.31576823640862E-9	3.344871986881089E-5	1.2776631499146115E-7	1.0897700500008149E-7	1.7301181776647796E-7	8.916681760058415E-6	2.3942458350649368E-5	1.4432662798318713E-8	2.6247666210275593E-11	1.6378296137797822E-11	9.484416600691075E-11	1.0273796217412428E-8	1.3006911806002908E-5	0.0	1.3006911806002908E-5	7.2147644393021725E-12	1.5601764488668587E-10	5.965044032315884E-15	5.026940276909506E-12	1.6740841523435986E-12	1.668902200888865E-11	2.1961541347968224E-7
4.6230761959468797E-5	1.8054319823195288E-5	7.0263404651164E-6	1.0661606975630842E-5	1.153513506812249E-7	6.39595868587585E-7	2.1098450935148204E-6	2.0588260183183216E-9	1.3610931051014458E-6	1.6271958813237841E-6	4.516662419742036E-9	9.029975888804231E-7	1.9682495103332482E-7	1.3667252588552913E-7	2.4464075156747975E-7	6.5987315576040845E-6	2.0905183892191978E-5	2.246912759621858E-8	3.7833631973199506E-11	3.8921344281246824E-11	1.3213786416480992E-10	9.335805693419668E-9	1.7732007494041675E-5	0.0	1.7732007494041675E-5	1.5780387158214677E-11	2.2928497105854093E-10	8.508872810679652E-15	9.803220534470106E-13	6.791318467625439E-13	2.3806581839517055E-11	3.949781595662207E-7
4.8193298095615985E-5	1.6112709869825808E-5	6.234951017212486E-6	9.988251279403403E-6	1.0462506644840856E-7	3.1842555925900254E-6	4.582489463211501E-6	8.395771482051555E-9	2.764159192604085E-6	2.002548035934045E-5	4.508234474935748E-9	6.504662199513733E-7	5.567854894603842E-7	4.156167128518665E-6	3.9321073459891495E-7	1.0156625715220821E-5	1.052023534052074E-6	2.144232987404656E-6	3.254321896788931E-11	3.546699156723508E-7	1.3755444440699314E-8	2.3162443335317911E-7	2.82088481644358E-8	0.0	2.82088481644358E-8	1.856166891161403E-11	2.3349388824551393E-10	4.6061676890639306E-14	1.2313813894007725E-12	6.7086014711426E-13	1.2888010712067897E-10	4.3617518819470435E-6
5.958295292365009E-6	1.7989024870437584E-6	6.513259929606671E-7	1.248350249975784E-6	1.1724070409434025E-8	6.623097924309052E-8	9.032969802380138E-7	3.459660815364497E-10	6.020502223938563E-7	1.2855798843766712E-6	1.6482490342011415E-10	3.971411244683749E-9	8.264095302447138E-8	2.0339129106276303E-8	1.220104828121566E-7	9.69709251220964E-8	1.7675180627903167E-8	1.3413459241944497E-8	1.6598260916368784E-12	6.205100595035629E-12	7.13232238321592E-11	1.916801600239784E-9	8.151428105683085E-9	3.2822816682097096E-9	8.151428105683085E-9	3.714260041754961E-12	1.7174070204302894E-11	3.676988881020907E-15	1.2311136377540903E-9	3.859795181479778E-11	1.0288097189277944E-11	1.2920863860200782E-7
4.332678995990874E-9	1.414831487991516E-9	2.704730533266367E-10	5.128575786078083E-10	4.127350298146017E-12	3.065740752182657E-11	2.1890359833524766E-9	2.7124157108738463E-12	1.27500815020365E-10	1.592525995882619E-8	9.236869379378688E-14	8.476469135707463E-12	1.9824980158687908E-10	8.767988532716019E-12	1.6556128003342868E-10	8.864130600585961E-12	5.722211731812601E-12	5.841925781924645E-12	1.0649056502858717E-15	9.266794820475337E-14	5.0542041926822666E-14	7.108737310235952E-13	2.832876644499567E-12	0.0	2.832876644499567E-12	9.551513447864189E-15	6.2147287038047E-14	1.0708520256813084E-17	6.90799050426232E-17	2.4278241567669574E-17	2.996244501141711E-14	4.34655452013053E-10
9.669376343029158E-8	2.702104711811174E-8	9.86507972752402E-9	1.842739045484837E-8	1.7566355504810764E-10	1.210034020403253E-9	2.1346739133102296E-8	1.1047121221713235E-10	2.478542082815842E-9	2.511049106441562E-8	2.4334106062293794E-12	7.630811901885252E-11	1.9500012631454307E-9	7.650303253853949E-10	1.4789101095868068E-9	3.3659931334560673E-10	1.4453251165991389E-10	2.578449090252205E-7	2.758788822358092E-14	1.9934638076306985E-13	1.5028342882281556E-12	2.0470614090264424E-11	6.378139126873597E-11	0.0	6.378139126873597E-11	9.196514573083637E-14	2.7745377229284304E-13	4.549608061575381E-15	4.1581103682871416E-15	1.3757836719957613E-15	1.272993482257108E-11	1.9852862132287847E-9
2.0837763626363085E-8	4.1943557900433935E-9	1.118693449861315E-9	2.185539098806916E-9	1.9137347594784305E-11	6.094815110634027E-10	4.73993515792605E-10	9.797211309825458E-13	1.4807033108460218E-9	7.609041965916544E-11	1.361436508050618E-12	8.245188525933284E-12	9.593228479145941E-11	2.8427800133540677E-11	4.0061502666846704E-11	2.8706098384059884E-11	1.5166211661214653E-11	2.8715930146538422E-12	3.7290084425995504E-15	1.8779292212288006E-15	5.928564716298962E-14	2.0306521686075427E-12	6.978642794985488E-12	0.0	6.978642794985488E-12	8.235133957725207E-16	2.2380042789763864E-14	4.146782672375495E-18	4.1221089034470484E-16	1.4450044658332847E-16	1.1601377337407794E-14	3.277900854670912E-8
2.161862447510304E-6	4.309292207870679E-7	1.7814985280435197E-7	3.2278395960374285E-7	3.1886402175964195E-9	1.1957580028019493E-7	8.290780050896429E-8	3.793243576826953E-11	2.2935491744217645E-7	1.1207112769942761E-8	2.2956041137855576E-10	7.321116570896855E-10	7.944289126672327E-9	6.824292059102622E-8	9.378376417839767E-9	3.289668653216544E-9	2.4111750447628267E-9	1.702601389085592E-9	1.6808671660210082E-12	9.301746830074768E-14	3.703192616564009E-12	8.813509173648796E-10	1.1937816843860365E-9	0.0	1.1937816843860365E-9	9.466356780327595E-14	3.5655800490304747E-12	1.8208922086536445E-14	6.364982182261725E-14	2.4749853562982468E-14	5.094899334613496E-11	4.383590228340604E-9
1.0689932478797535E-5	4.451276729581997E-6	1.594918960377713E-6	2.46062306799182E-6	2.5986622016055194E-8	1.4063365917317922E-7	4.5478254780092235E-7	4.4242326802785614E-10	2.9969767353636116E-7	3.48202031854569E-7	9.757090321896552E-10	1.9306305736813998E-7	4.243110502559876E-8	2.9780490017192387E-8	5.286639382516166E-8	4.924483146447355E-6	1.3307922164596015E-5	4.858939373890677E-9	8.184472492233064E-12	8.326677177203681E-12	2.8602196129880324E-11	2.1260430159916747E-9	1.732829664402706E-5	1.732361153331176E-5	8.666477976010623E-6	3.378670581971344E-12	4.962466075188641E-11	1.8388939568664136E-15	2.2970973802360723E-13	1.5192138628503734E-13	5.144911157308688E-12	8.493314633146633E-8
3.2079381369076446E-6	1.3356928186241362E-6	4.785847380242106E-7	7.384094749284825E-7	7.798001016068544E-9	4.2254446942342066E-8	1.3652710054112804E-7	1.330226435167885E-10	9.000314003380157E-8	1.0462036423013796E-7	2.928072917282309E-10	5.791945347961518E-8	1.2738600549202527E-8	8.972720842455752E-9	1.5867647990071557E-8	1.4773547330152528E-6	3.992371618096207E-6	1.4635884368495645E-9	2.455628949698744E-12	2.501008085754566E-12	8.685897980931692E-12	6.400002097753373E-10	1.406463560885926E-9	3.266963222632629E-10	4.3323157975691075E-6	1.0138861421061282E-12	1.4890818019335192E-11	5.520744759056632E-16	3.3922182952656956E-10	1.0654864550367542E-11	1.5446101264734812E-12	2.5549947227456507E-8
1.0155394457298497E-5	4.228695655202464E-6	1.5151668359164475E-6	2.3375823856462593E-6	2.4687190280124535E-8	1.3360143160020814E-7	4.320416592316113E-7	4.203003913094296E-10	2.8471162925799643E-7	3.3079058182355606E-7	9.269198020743265E-10	1.8340915684867406E-7	4.030938545670654E-8	2.829135018916867E-8	5.0222869404858754E-8	4.582171087408824E-5	1.2642474520447148E-5	4.615973588591779E-9	7.775217172642526E-12	7.910311072666402E-12	2.717197555925301E-11	2.019732631932276E-9	4.4508370361036575E-9	0.0	4.4508370361036575E-9	3.2097239687194826E-12	4.714323553909988E-11	1.7469421377693812E-15	2.1822336155436974E-13	1.443247286439099E-13	4.887645675391872E-12	8.068616010496243E-8
1.0276641320819366E-9	3.6216642268987997E-10	8.910698675857591E-11	1.5492546210296892E-10	1.4083498968467991E-12	1.9515739027584124E-11	2.3960300952342797E-11	5.553374471759944E-13	2.2854948679371538E-11	2.4923367271146866E-11	3.775261725071129E-14	4.847370912896821E-12	3.0667166389503806E-12	4.3669554353337376E-12	2.4381927573128856E-11	4.752332931528646E-12	3.2956671170533298E-12	6.53578773987359E-12	3.3223110101118225E-16	1.5134985053748883E-14	9.088060661732281E-15	3.7705045148962284E-13	1.7150679273533491E-12	0.0	1.7150679273533491E-12	8.438357683905582E-17	1.0831899396146222E-14	1.753951983523801E-18	1.8466713194259872E-17	8.360917939509983E-18	4.9075472103713235E-15	7.322534238435597E-11
4.977146027775779E-8	1.3220446361254657E-8	3.3499539441932757E-9	6.548281965187706E-9	5.661540817234262E-11	5.8408668466632615E-9	1.3145558202909681E-8	2.092449449988948E-8	4.649100248428989E-9	3.007327242022188E-8	4.137329360803731E-12	7.061367621724307E-11	1.3124584742248575E-9	7.074836422933621E-9	1.0237851089568028E-9	2.1347222564880136E-9	2.682192107069462E-10	2.262388613960176E-10	1.3465873084321053E-14	5.718779285635006E-13	1.48765974747699E-11	9.438836680964797E-11	3.3964718273181245E-11	0.0	3.3964718273181245E-11	4.945499551188532E-14	1.8672561212709917E-7	7.00220280886496E-8	1.2209917381643465E-15	4.194076711953361E-16	1.9462875705540249E-13	1.3027570349634056E-8
5.440922466822486E-9	1.5322980835250865E-9	3.654981656372967E-10	7.106060212261997E-10	6.063385321381503E-12	5.353037145082098E-10	1.625104301785518E-9	4.147201219253741E-11	4.473372942845501E-10	3.248768909125917E-9	3.9486082444722436E-13	8.403378316326655E-12	1.6152248614989565E-10	6.390490391573661E-10	1.272859285576294E-10	1.9333970530214298E-10	2.5276811347294475E-11	3.602046286758093E-8	1.471309094659492E-15	7.691493842386462E-14	1.3494147593991335E-12	8.600280196656621E-12	3.611546395857948E-12	0.0	3.611546395857948E-12	6.548709013305318E-15	5.397558158394593E-14	2.766507356792145E-17	1.5822624924612158E-12	4.331476009963326E-17	7.740735356723785E-14	1.2907234278441306E-9
1.4845439136968494E-9	3.6673412094954915E-10	1.8256791899560066E-10	2.736203450808848E-10	3.0918081945946127E-12	3.935080051206647E-11	6.813101968766836E-11	1.8399386525882004E-12	5.106317182076092E-11	1.3159231550214928E-10	4.6018826122333626E-14	8.5030736880508E-13	7.0827102752616205E-12	3.3766096057898745E-11	8.111324395249859E-12	1.2779883152379075E-11	2.382375858430535E-12	4.59137019732211E-11	6.719973645972097E-16	2.2402614579422247E-15	3.1736113418029375E-13	1.6099371251215217E-11	6.438002775773908E-13	0.0	6.438002775773908E-13	2.1633923020775734E-16	5.193704240920568E-15	1.9463497758915825E-16	5.2014378927765695E-17	1.0257111917208054E-10	5.44594427962038E-13	5.961240566628339E-11
3.5746451766939246E-10	8.899559940482394E-11	4.655411402034599E-11	7.008624894299566E-11	7.946528461540163E-13	2.502574167022307E-11	1.3647805685782241E-11	2.611942348042021E-14	2.219746355096445E-11	7.526900687630003E-11	2.030159332553317E-14	2.3627895703694313E-13	1.9063768714744706E-12	2.7964383085265806E-11	1.737211065050071E-12	8.60530259932554E-12	1.1403126746894084E-12	8.090954144959529E-13	1.7925029347351231E-16	2.3534085460082616E-16	5.737606731061351E-14	3.9782549410804436E-13	1.678095555129445E-13	0.0	1.678095555129445E-13	3.184906246539553E-17	1.1400588829671731E-15	6.983222879205967E-20	7.541995892920803E-18	5.076613613714327E-18	1.9538013475251787E-16	4.220540661474169E-11
6.3707337132214125E-9	6.310657421361163E-10	1.9917770668389143E-10	3.9312397097796865E-10	3.5494274872917055E-12	4.4177117920352723E-10	1.1262932745090973E-8	4.556436815522456E-13	3.5667126660222793E-10	1.3276181462225418E-9	3.3163410173291896E-13	2.436503707165439E-12	3.562426817717447E-11	5.089298196421338E-10	3.817640429817889E-11	3.189647531238138E-11	7.874838411517147E-12	3.928136482903111E-12	7.282794127643727E-16	5.990764338052205E-15	7.947625198509004E-13	4.0411338191298444E-11	2.7061870854132092E-12	0.0	2.7061870854132092E-12	6.660366898045373E-16	1.046376533042008E-14	1.1186533595459874E-12	1.3992406620708867E-13	2.8765991586266836E-17	3.130025452898793E-9	2.6149172768985396E-10
7.05379561288885E-5	1.2075798832536752E-4	1.903028069929852E-5	3.701084322637048E-5	2.7179066601266363E-7	6.907413853229667E-7	9.16271083756812E-7	1.876778469615671E-9	2.387080338645022E-6	1.6908969551096E-7	1.8301617731160258E-9	3.4656384004080885E-8	6.368400059097886E-8	1.0404523901573791E-7	2.2598723097221254E-7	1.5267938522701034E-7	1.4558430451615364E-7	1.52964461217735E-8	1.9098011630712528E-11	3.893757619366886E-12	9.060736914577551E-11	1.317354786281584E-8	7.384829762897198E-8	0.0	7.384829762897198E-8	1.689077884347996E-12	1.4835141888925596E-10	4.91085978611272E-15	4.040741352698373E-12	1.3693222544381059E-12	1.3739410321908374E-11	1.4782841011630651E-7
