32
NULL,munmap@munmap,madvise@madvise,mmap@__mmap,lstat@__lxstat64,openat@__openat64_nocancel,fstat@_fxstat,time@time,open@__open_nocancel,read@__read_nocancel,mprotect@__mprotect,rt_sigprocmask@sigprocmask,exit_group@_Exit,rt_sigaction@__libc_sigaction,sched_yield@sched_yield,write@__write_nocancel,syslog@__syslog,getpid@getpid,writev@__writev,close@close,open@__open64,read@__read,close@__close_nocancel,mremap@mremap,stat@__xstat,socket@__socket,fcntl@fcntl,connect@__connect,getdents@__getdents64,lseek@llseek,getrlimit@__getrlimit,write@__libc_write
0.5498922654582042	0.13091219884943128	7.537210957442213E-7	0.015490127243013739	8.348903245797942E-6	3.208502605627463E-11	3.6973132043900794E-4	0.0037982451597852337	0.17367836889043872	1.3079313707967663E-5	5.532617822318488E-6	0.044424871001828764	0.008998089694183427	0.01716749492070873	1.4022286814275637E-4	0.0019137097392060267	0.017229343912196972	0.012937750658553515	0.01007560773567454	0.0029117473321484968	0.0022878079130272708	2.2051980576263702E-7	2.3293488258716065E-8	1.1578018043534524E-6	0.0011778010942143644	0.0011301351374914399	0.0	0.0011301351374914399	1.833025896590512E-8	6.661701154605139E-9	8.672595024919228E-8	0.0021393837104142772
0.13642124523128277	0.015253049048690267	8.158582460272614E-8	0.017226282702790047	9.336188139092047E-7	2.4696516250191576E-11	2.994143548296421E-4	0.003911729381315343	0.005249341566181746	8.14571498328111E-6	0.025969177446236613	0.0078039680205018135	0.0023796413333612106	0.004607128544283856	4.161866945651182E-5	5.68631588617528E-4	0.0035313011074913038	0.005977601331111743	0.0015482862914083387	0.001065291240193147	8.7578886273209E-4	1.3410568801069522E-7	9.640485003781882E-8	2.006340301932488E-6	1.8740086458691728E-4	4.3988717520304556E-4	0.0	4.3988717520304556E-4	7.026924401499663E-9	2.4823490187599003E-9	6.892474443731307E-8	0.0013810164187755334
1.787856327978041E-6	2.8887324476130904E-8	1.3586731257722235E-12	7.176276662731512E-8	3.5193881275200826E-11	4.495976920851123E-16	5.318935635415824E-9	3.9934986442977686E-8	2.2866959143319276E-7	1.3249080296597215E-10	3.8846263466994206E-11	2.207508979258433E-7	7.494945114678409E-8	1.241531168023765E-7	1.243559354638971E-9	1.0602106977083107E-8	2.7203097924776943E-8	6.89328869715209E-8	3.116762576563627E-8	2.486578847622961E-8	1.580987756527241E-8	2.8292707041465035E-12	1.2616592350644936E-12	8.713027424365982E-12	5.855117759387083E-9	7.646060236981601E-9	0.0	7.646060236981601E-9	1.1791416017088263E-13	6.087681072036285E-14	1.2478862295864436E-12	1.951304557453919E-8
0.010892388736302754	0.04886078871364019	7.283351721151536E-8	0.04632707014323714	1.1917301110190993E-6	7.608743059676777E-12	1.3558603433073713E-4	0.0012004873256456284	0.00516763888127051	2.1138537066004055E-6	0.013912727832011852	0.007474211114736619	0.002022515999553462	0.003929568253615038	3.453197405255342E-5	7.422647875419784E-4	0.007145077518179715	0.001819894282592196	0.008018508943340686	0.0011528755417905226	0.0014886782570345668	9.28527089290012E-8	8.860154562982906E-9	3.188821886227969E-7	5.42000073896659E-4	7.773824378953807E-4	0.0	7.773824378953807E-4	5.64327462456875E-9	1.9844066978269626E-9	2.111422028266688E-8	5.395920999983731E-4
7.81360148600609E-7	2.1366239200862622E-6	1.1236482877608308E-11	5.619280455163665E-7	1.4954698514042744E-5	5.607957028074215E-6	3.535204937378005E-8	7.719505024572194E-7	2.184737044951919E-6	1.552829752118671E-6	3.701192899004448E-10	8.792296753818435E-7	2.601732103121435E-7	5.051203677854977E-7	4.528726288583548E-9	4.062359625318174E-8	2.2424462664888116E-7	1.183071734840641E-6	1.5398611694432771E-7	3.90510864290102E-7	1.148629108290139E-7	7.843873139120683E-12	6.121142183054818E-13	6.859859260617934E-10	5.738647700066358E-8	4.4070362427798046E-8	0.0	4.4070362427798046E-8	7.496237402137824E-13	2.6811077714254445E-13	3.1947929066072813E-12	7.257050353821443E-7
8.057506138566816E-8	2.3287866693164882E-7	1.2382063807958108E-12	5.509059292622286E-8	1.728314029669437E-11	1.5633813399902066E-15	2.886352528195313E-6	6.82515622935369E-8	2.4063060057902956E-7	2.935124512119867E-9	3.495586088264951E-11	9.199419797204002E-8	2.5958492577976026E-8	5.0341152651707424E-8	4.4701044562778584E-10	4.2345710423998795E-9	2.552129223020208E-8	1.1039758637585048E-7	1.6726401715076933E-8	3.546326040407109E-8	1.0965835469776406E-8	7.653039155323588E-13	6.212807008617534E-14	6.153336871013674E-11	5.402011972308298E-9	4.27675189325664E-9	0.0	4.27675189325664E-9	1.2353544892192356E-10	2.5990929183946695E-14	4.368482827237845E-12	6.585625631328491E-8
3.5368447420634845E-4	4.0522620984552704E-4	4.528138956238382E-9	1.9038687735683423E-4	5.533493267338391E-8	9.287581980521596E-13	9.629173849600284E-6	8.792762273935094E-5	5.824467707061564E-4	1.4477825790793616E-7	1.1522081482786436E-7	4.901273250444059E-4	1.8810900389210511E-4	3.563750641773614E-4	3.3908845417793556E-6	1.8435149494773716E-5	6.018005638332022E-5	1.2814123605682916E-4	7.638757912109961E-5	9.109612356283571E-5	6.350145148137322E-5	6.1144227880791074E-9	2.6236935926628106E-10	2.4780251428416174E-8	1.1187112065262328E-5	3.188164826919989E-5	2.628729139425305E-7	3.188164826919989E-5	9.913476536545262E-8	3.292439745682243E-9	2.5846506431674687E-9	4.5328783570187275E-5
0.007220750696596019	0.001283822490399943	7.11918158915719E-8	0.00823503853176164	1.868601175149609E-6	1.2072979721743426E-11	1.4587224259559123E-4	0.0015297357913840561	0.020561922436493314	6.208112651678388E-5	2.1250648256891837E-6	0.008975489418350698	0.003022072382596763	0.005916754523087799	5.415419454744478E-5	4.34991204691366E-4	0.0015334885782979446	0.005829073014211202	0.0011422562390325636	0.0011923212743119084	0.0010828511502122614	1.0563390871524635E-7	5.416736510698305E-9	3.6533912050141873E-7	3.0287068745520366E-4	5.481798463498871E-4	0.0	5.481798463498871E-4	9.52036011828864E-9	3.3686074508592666E-9	3.317159307559123E-8	6.363437071186507E-4
0.07273720366743172	0.0026389408449969845	3.5892561743941304E-7	0.03390840148732783	2.6916574476020023E-6	5.903144488290665E-10	7.44327521833816E-4	0.0033252154761275188	0.027392678016335638	0.018583488090684296	6.5965607393496066E-6	0.019763894322762057	0.00454737471939546	0.008667096916022694	7.370912260263517E-5	0.002287610692947314	0.07862856514990565	0.005103577876957617	0.0018538651757855973	0.0016984990114708564	0.0012744872321714647	1.6813921407779482E-7	9.215978335162373E-5	7.430651799525632E-7	5.073621551990243E-4	6.283439840053619E-4	0.0	6.283439840053619E-4	1.0523930830055227E-8	3.801848652653386E-9	1.6076118931559838E-7	0.0015785571368646125
0.0010930911303907473	9.697815679096043E-5	8.203849171545394E-9	6.003489348329506E-4	7.600180131452697E-8	4.673623615396768E-10	1.6993609487284618E-5	1.684783773796959E-4	5.21638822247949E-4	7.161854201791783E-5	2.3987647376837765E-7	0.004130493413601036	6.895601366430851E-4	0.001327603408738004	1.0020359604984798E-5	0.008800412859111735	4.5546371793383604E-5	2.131274535123776E-4	9.01365289802318E-5	1.389019975929638E-4	1.2718348044633867E-4	1.2090820300006248E-8	7.941056895509474E-10	4.2111933005923886E-8	1.751095485106663E-5	6.366919404668884E-5	0.0	6.366919404668884E-5	1.2118022243679358E-9	4.0328120437712847E-10	1.040212922481806E-7	7.741277648062068E-5
0.0013796487544968177	0.020305668147945176	1.8525882911463768E-8	0.006452181977200091	3.30927274114149E-7	3.0663381148562225E-12	7.30764705904666E-5	6.696939981089955E-4	0.0012272635531614235	1.096312701252814E-6	9.636211782030157E-7	0.0020695740732353933	8.207932233281138E-4	0.0016580472098323303	1.5332847098593573E-5	7.007697985796031E-5	1.3497221594558297E-4	9.875270490743986E-4	2.116563712613668E-4	3.6389165670402913E-4	3.2587023699175567E-4	7.207152905459016E-8	1.0399854764996731E-9	1.3582705234440187E-7	7.21854266394165E-5	1.6450847508143687E-4	0.0	1.6450847508143687E-4	3.1057720977309513E-9	1.0302156531461786E-9	8.541335422052517E-9	2.17523238260162E-4
0.04635958872812858	0.0033415685453823877	2.857889322914401E-7	0.009126501310262991	2.857574613390419E-6	5.5473382374500844E-11	6.224976559705494E-4	0.006059704906520049	0.014039508569227508	1.020737403361555E-5	6.645130184872758E-6	0.026596697058055258	0.03600733853282786	0.06618901259036815	4.6032407823007717E-4	0.002030185301929559	0.0015552183770847446	0.008193369624067026	0.0037906390375216955	0.0039714720594599545	0.0030335319893428614	4.7231647230321736E-7	3.3498744278490694E-8	1.0503689959370978E-6	6.264235876680814E-4	0.0014269577882174587	0.0	0.0014269577882174587	2.4205485800490892E-8	1.0392577716775026E-8	1.546985838663526E-7	0.0018191191995367872
0.05053099812432455	0.0018450736964334459	2.397314533461602E-7	0.006165962774262123	1.6950966625315928E-6	3.2088912331286114E-11	3.629057892182162E-4	0.0032523707869443553	0.008820990053249845	7.127679795903895E-6	3.5961785448664894E-6	0.017488053279748568	0.003860335353253575	0.007075954368409099	6.0544846096265094E-5	0.0020652277330367157	9.873624522670984E-4	0.004996430136195792	0.002394445146004493	0.001895164523366392	0.0012691326150781673	2.3474950583162884E-7	3.574667838686566E-8	5.812299385178644E-7	3.8928761550067017E-4	4.963964013823527E-4	0.0	4.963964013823527E-4	7.277693764617514E-9	2.830122332214011E-9	8.942576764739537E-8	0.0010871340342211119
0.04536304703305685	0.002270910525296029	2.455506684503469E-7	0.006950107642898374	2.006255462825409E-6	3.818217247099252E-11	4.308732774259931E-4	0.004076000984890018	0.01040503022152301	7.71868581705802E-6	4.759541350190281E-6	0.021007500882911746	0.03730052533890657	0.027510544341255414	6.476495682758317E-4	0.0019038104700437634	0.0011563531210460139	0.0058101190293376745	0.0027338007525815975	0.0026710794253280716	0.002124270213389786	3.0021045230190325E-7	3.235083213664383E-8	7.139669795421387E-7	4.483418169102096E-4	9.634051560875901E-4	0.0	9.634051560875901E-4	1.607311368053364E-8	6.145020442548323E-9	1.0643405495161126E-7	0.0012841014403976198
4.954724770670913E-4	2.2835618069345525E-5	2.5497683763095016E-9	7.064526784689809E-5	2.0367087462863312E-8	3.8900503793508053E-13	4.3868400953645185E-6	4.0757553026200446E-5	1.0405294120078315E-4	8.036536905322806E-8	4.5362396998423636E-8	2.041277465920435E-4	4.1142225275582814E-4	2.842871546741296E-4	2.3056016631075257E-4	2.0638815206782315E-5	1.15964259318421E-5	5.934324265206519E-5	2.8048155080677456E-5	2.5236484252788934E-5	1.8302851406486646E-5	3.0306610881170127E-9	3.525271707345348E-10	7.186198407095881E-9	4.589421029182851E-6	7.922177089256748E-6	0.0	7.922177089256748E-6	1.2680575312700443E-10	5.1346917807842874E-11	1.0843660148394945E-9	1.3027294258319924E-5
0.0018881256170746401	1.7049757806633685E-4	1.2583054358715192E-8	6.271835542760038E-4	3.125548982285785E-7	1.9339655172069892E-12	2.1940810417168794E-5	2.2030986051524705E-4	0.02256881691907028	5.435846470665524E-7	3.3122262644738916E-7	0.00468204056903455	8.074073894049153E-4	0.0015510219009806838	1.1882965294992316E-5	0.008848995563697375	5.090432197068177E-4	5.369298408195686E-4	6.8544199094364E-4	1.7837864454809548E-4	1.6165008207268326E-4	1.427485599908006E-8	1.3794648699139557E-9	5.382996915327156E-8	4.734662542302844E-5	8.095455753623953E-5	0.0	8.095455753623953E-5	1.397116688110378E-9	4.939977464022365E-10	5.305158854865124E-9	9.894878790452403E-5
0.03014889500395975	8.600537768770842E-4	1.7213202148014583E-7	0.0044589534962526396	7.346787352113057E-7	1.1698396329916894E-11	1.669624481598049E-4	0.002758751218960683	0.005091997235116986	3.120715095729809E-6	5.009755568696344E-6	0.016603496123499192	0.003681042929417643	0.007140860140617902	5.957867471169974E-5	0.0021683001178356394	5.488075996385511E-4	0.0021209242175854624	8.470351017952263E-4	9.921204797368084E-4	9.671861755925163E-4	1.1342244294983883E-7	2.1364619913790046E-8	2.5607367326029807E-7	1.577895128210643E-4	4.913934162309307E-4	0.0	4.913934162309307E-4	8.805566365870543E-9	3.1035374050856907E-9	3.257370681317544E-8	5.131874263646558E-4
0.0071470535243325865	0.00851243916105609	5.154735312493218E-8	0.00227701446912483	1.7505035862445758E-6	8.120302318778853E-12	1.1952889522900095E-4	0.01789231714531883	0.004432769173169576	2.726405646261592E-6	1.4464742135078545E-6	0.006170425015610022	0.0019977009153890517	0.00390602918275594	3.552036694125819E-5	3.8997884778803273E-4	0.002497775474191405	0.0014473816107543169	0.019488012288773327	0.0017517149877090267	0.0028715397413009458	5.984506395085578E-8	5.310341005496282E-9	3.1665034960150855E-7	0.0011141369159818999	0.0015265025435071918	0.0	0.0015265025435071918	6.14416673210569E-9	2.18195354466363E-9	2.2548466858026572E-8	5.067384612831009E-4
0.0058942078076976	8.288459884942653E-4	5.6917935892835125E-8	0.0018386460170056978	5.688734853171641E-7	1.0214618026344429E-11	1.1622479026509198E-4	0.0012376534500524324	0.003381734491217068	1.7363084592925346E-6	1.8405585909699045E-6	0.007819495015691276	0.003007100870035808	0.0060471012045347885	5.5796313667360524E-5	0.009086747088888987	3.67496135058621E-4	0.0015364145100423973	6.952724238684243E-4	0.003373659273439942	0.0074336572457980275	8.76546168873601E-8	4.36595255423328E-9	2.0910311215073518E-7	1.1714093614043532E-4	0.004009835964976804	0.0	0.004009835964976804	1.0747109929998963E-8	3.6956428998052845E-9	2.8468415487518485E-8	3.572549733009342E-4
0.006185793344240431	9.475715086052565E-4	4.0469808170074094E-8	0.0011760342283961224	4.632028350472576E-7	8.645374249908773E-12	9.782617594152274E-5	9.479264241706952E-4	0.002474651935053859	1.516646191636338E-6	9.165386398421978E-7	0.004045405092699194	0.0018212392371738143	0.0027776898103880395	3.055878667616463E-5	3.9835469240690825E-4	2.678760974576683E-4	0.0012557201706575544	5.763450177622575E-4	0.0022552160789354823	0.0058121891712575036	8.171589643739825E-8	4.522608935289172E-9	1.6613423469879445E-7	9.588606109223004E-5	0.004827413056580288	0.0	0.004827413056580288	2.1820550701942604E-9	1.4531493542290772E-9	2.4112092051846626E-8	2.8468380248315755E-4
0.005585472854899767	0.00374481381875763	4.0110996955458445E-8	0.0014661402105014493	4.912623522097179E-7	1.1532176491675462E-11	7.785312234275886E-4	0.001591331635067683	0.003550105191029805	2.2939791421931E-6	1.0195728886811323E-6	0.0038926419880872263	0.001760763977977458	0.0028576657141857835	3.0337629160287577E-5	3.3040052124415836E-4	3.755480499185802E-4	0.0023901221630533297	5.80609051572863E-4	0.005626476314947919	8.565595278834304E-4	7.43706778062329E-8	9.211248570919148E-5	1.7759864881311852E-6	1.566135868202915E-4	1.8042365993519506E-4	0.0	1.8042365993519506E-4	3.018394737320641E-9	1.5828560146993914E-9	3.2168612855256086E-8	7.294485541257755E-4
7.34561402741077E-8	1.7201432711855138E-6	1.5774582787115316E-12	3.3308462182040024E-8	1.7780335089360866E-11	9.118813358274517E-17	9.030271633111597E-10	8.802216671548615E-9	3.5491400396278377E-7	2.8029411286899648E-11	1.2616355935024577E-11	9.480175571972984E-8	2.0299914994195524E-8	3.8737793822765224E-8	3.222010036965018E-10	4.112521027295417E-9	3.53993210139453E-8	2.8046823409699695E-8	2.1927363501299342E-8	6.888654649593097E-9	5.4967497479436935E-9	5.167144241206916E-13	5.0971258493932095E-14	2.744689757578577E-12	2.59922365553203E-9	2.7235464263963006E-9	0.0	2.7235464263963006E-9	4.371497790590415E-14	1.5927768953417917E-14	2.487405461182911E-13	5.0118946771297895E-9
5.786386369910976E-6	7.478562572416286E-6	7.990458568512804E-11	2.3742928690092095E-6	9.54220846409784E-10	3.6575608478028236E-13	6.048848872220503E-5	1.3773692335542126E-6	1.1665705161233233E-5	1.001112786025556E-8	1.671072454318569E-9	7.338275875286896E-6	2.8819308300758714E-6	5.3250722435035055E-6	5.1527860228631535E-8	3.024090997453601E-7	1.1873818252231558E-6	2.178534222003098E-6	1.1566143348964526E-6	1.0237824706643034E-6	8.871543788847863E-7	9.844595292463027E-11	4.2649843298872835E-12	3.145209373182452E-10	1.7311342952741863E-7	4.4663146299629744E-7	0.0	4.4663146299629744E-7	7.953157368485764E-12	3.0897249185300157E-12	1.0231438341908077E-9	4.977277466129459E-7
5.286499319259462E-7	6.949370821471034E-8	4.477684790951449E-12	3.301732404052023E-7	1.3143678969685165E-10	9.624673813072454E-16	8.069576054345766E-9	1.2198355762155563E-7	1.0133284674028996E-6	2.2417169004126098E-10	1.9443107630108185E-10	7.412432870296627E-7	1.862944963157656E-7	3.552240977247665E-7	3.093829093955623E-9	3.0177802288594624E-8	1.222410748672455E-7	2.185443380714394E-7	6.64512043904028E-8	6.659663783587778E-8	5.388037328014438E-8	5.148187303932824E-12	3.9283811962873187E-13	2.506791155924038E-11	1.9816725136276758E-8	2.6791177282110565E-8	0.0	2.6791177282110565E-8	4.5463681584569137E-13	1.670421124032216E-13	2.6471708242361807E-12	2.596613169165032E-6
3.273800385859719E-4	5.460408094231018E-5	5.2888924690691434E-9	4.0672811913395305E-4	5.352015992517515E-8	2.0731217111083524E-12	9.511599704129427E-6	2.2956513617786072E-4	4.2795386732359127E-4	1.4512304105428365E-7	3.765070412882088E-7	4.502225514660091E-4	1.7769646777489616E-4	3.4668718504963543E-4	3.262000853333761E-6	1.7222908725646196E-5	4.607254783283168E-5	1.581299178442908E-4	5.3448027711684924E-5	6.541208655139516E-5	6.366272544187397E-5	7.386664868345123E-9	2.461610588423567E-10	1.636352337410124E-8	1.1416624062383511E-5	3.246011200728919E-5	0.0	3.246011200728919E-5	5.855106702111434E-10	2.0954028442030455E-10	5.787017952248983E-9	2.6440992525041092E-5
0.00136735590818544	2.0770301896099618E-4	9.028837697805014E-9	2.7174282684221357E-4	1.0800955125700974E-7	1.914806772196088E-12	2.1655259613388077E-5	2.115765411450091E-4	5.950579013500655E-4	3.3749010361648423E-7	2.0957185571767812E-7	0.0010361895426948568	4.1869534305587707E-4	6.508092227992132E-4	6.966329225878297E-6	8.80215054808632E-5	6.469469776204466E-5	2.848911299282367E-4	1.288378948627732E-4	0.0014148526373387316	0.0035873070112168682	1.7969394502527747E-8	1.0001419690245267E-9	3.7224671654970644E-8	2.199310379757993E-5	0.004620289080645492	0.004588041339497108	0.0023262649940588584	5.199463433941694E-10	3.2904211029390257E-10	5.33807274480339E-9	6.38944656735023E-5
4.1022374741616166E-4	6.232405856865175E-5	2.708884828981758E-9	8.153547039964817E-5	3.2405385173728845E-8	5.744766878414496E-13	6.497474844807019E-6	6.348261739428333E-5	1.7853929722662837E-4	1.0126799474630181E-7	6.288287988439993E-8	3.108810826035213E-4	1.2561809185836085E-4	1.9526177164257643E-4	2.0900749766194834E-6	2.6407293662779562E-5	1.9410774497900213E-5	8.547810954303282E-5	3.865418366511455E-5	4.244601149720049E-4	0.0010761937826037715	5.391107311091067E-9	3.000555467912361E-10	1.117373944780427E-8	6.599207597990104E-6	9.67618096064283E-6	2.6164608308736105E-8	0.0011566882242539606	2.731825133064204E-8	9.484045367787109E-10	1.6015181639969437E-9	1.917320060468465E-5
0.001298982817588644	1.9731706366754652E-4	8.57736084806878E-9	2.581546331557805E-4	1.0260865541913303E-7	1.819059018354543E-12	2.0572412771114064E-5	2.0099689474185572E-4	5.653027018765501E-4	3.2061429148011464E-7	1.9909245134918485E-7	9.843760528389872E-4	3.9775895447420454E-4	6.182662413520983E-4	6.617985786955966E-6	8.362008933698871E-5	6.145971233891024E-5	2.7064547016972013E-4	1.2239550118529752E-4	0.012240674518741104	0.00340792776854263	1.7070855189583713E-8	9.501309974490869E-10	3.5363293916910566E-8	2.0893363437769562E-5	3.0635229209187404E-5	0.0	3.0635229209187404E-5	4.939470126935475E-10	3.125887305391454E-10	5.071148435479211E-9	6.069949495375331E-5
3.0453356973771545E-8	1.4473881347166262E-8	2.7781407438934753E-13	1.3309893333981576E-8	4.772374297946121E-12	1.5292810075468473E-14	4.727113947624597E-9	1.1826614537878511E-8	2.8275458632080758E-8	1.4467987481998983E-10	9.071229762270256E-12	2.6330810845812748E-8	1.5937443106156252E-8	2.4211933206000762E-8	2.767263048118965E-10	1.6032213196919659E-9	3.128085654187448E-9	1.6470740956892636E-8	5.6912285288490285E-9	7.47581918002524E-9	3.171112468556546E-9	7.482483903738341E-13	2.3819862616099334E-14	2.5129057302531218E-11	7.305699300123644E-9	1.401722344669032E-9	0.0	1.401722344669032E-9	2.4375510262060495E-14	8.214776467344269E-9	4.2788810034049384E-11	5.791548621981704E-9
8.027032239885374E-9	6.020911027034149E-9	7.262178071477807E-14	3.95814825646904E-9	1.2595357783276887E-12	2.08966226399087E-17	3.1856395666175314E-10	4.6615711991298925E-9	7.036280969328485E-9	4.314342025710639E-12	2.7957507354005317E-12	6.736070001393309E-9	4.082173358648079E-9	6.230550055501143E-9	7.101834800328005E-11	4.1654957093196477E-10	8.096662848817017E-10	6.6784541817338705E-9	1.4160521680911803E-9	2.4700569042075645E-9	8.78764216240477E-10	1.9129633830513455E-13	6.275375018189952E-15	2.9462328915807814E-12	3.685154052865382E-10	3.6669043077017464E-10	0.0	3.6669043077017464E-10	5.9112919000570815E-15	3.64486686193439E-15	5.821597303509933E-14	3.2995614389203965E-9
7.926083055296362E-8	1.0289799557773908E-7	7.601250996062469E-13	5.8198070575431335E-8	2.243041257163014E-11	8.759910090510816E-11	1.7675651210321625E-9	6.169840801339651E-8	1.0438954449653057E-6	4.0753389308320955E-11	3.6663778142776636E-11	8.014676905302583E-8	2.3906933112471594E-8	4.62745754137989E-8	4.1620493800061306E-10	4.7771176253021106E-9	2.1438426979327324E-8	1.0466915155319036E-7	1.317880070730812E-8	1.4292460751008398E-8	8.796163460482329E-9	7.338085699091263E-13	6.338836969230325E-14	3.544175920525423E-11	1.8501024583280522E-8	4.198130638777821E-9	0.0	4.198130638777821E-9	1.1019043171024887E-11	2.4600648331385122E-14	2.4510488817318546E-7	1.6037060002901352E-8
0.0018351381345117022	1.946324174043737E-4	1.555055278584421E-8	5.795764485422174E-4	1.6326606064361246E-7	2.992360316902484E-12	3.510300925283715E-5	3.7493750553967094E-4	8.843106540252461E-4	6.176083696794719E-7	4.760312730141521E-7	0.009345631063705473	0.0015645700926038364	0.003003640943930638	2.2725027674493034E-5	8.495219490219739E-5	9.624058664506297E-5	4.4640287531209753E-4	2.3203976156635205E-4	2.878918517586639E-4	2.855713575147062E-4	2.5107675857551142E-8	1.348893380972604E-9	6.204255173164673E-8	3.403245494232726E-5	1.4446438004300677E-4	0.0	1.4446438004300677E-4	2.577494649886234E-9	9.103959875524687E-10	8.342034312288917E-9	1.0704692406202802E-4
