32
NULL,open@__open_nocancel,fstat@_fxstat,mmap@__mmap,read@__read,munmap@munmap,open@__open64,close@__close_nocancel,rt_sigprocmask@sigprocmask,exit_group@_Exit,rt_sigaction@__libc_sigaction,sched_yield@sched_yield,mremap@mremap,time@time,read@__read_nocancel,mprotect@__mprotect,madvise@madvise,lstat@__lxstat64,openat@__openat64_nocancel,write@__write_nocancel,syslog@__syslog,getpid@getpid,writev@__writev,close@close,stat@__xstat,socket@__socket,fcntl@fcntl,connect@__connect,getdents@__getdents64,lseek@llseek,getrlimit@__getrlimit,write@__libc_write
0.7978080402309086	0.006458294539071986	7.363925445070663E-5	0.00485475448442504	5.235807046559463E-7	0.0039795014964118134	4.50126023772466E-4	3.7708256339688447E-8	0.11495021676280218	0.027651621246561054	0.05168961859272207	4.3490971485307596E-4	1.8558529543984762E-6	0.013068228134281126	4.5426935805581526E-5	2.5177162644635394E-6	6.538894936639956E-8	4.4292453370274535E-6	4.3497968410037005E-11	1.8066040401705434E-4	8.970050565777417E-4	0.00123363212932536	6.990790647433782E-4	6.357330587740202E-4	2.0666832335089247E-4	2.1583534652610696E-4	0.0	2.1583534652610696E-4	2.979298356428536E-8	1.1067814969511238E-8	1.2052429263407833E-7	0.0026308579830129457
0.0012158856601649209	0.0025676140498424225	1.2855136323894337E-4	0.0015988797665543982	3.498895846416179E-8	7.765147786062654E-4	2.04935104542978E-5	6.8902603678904415E-6	0.0030603305984190483	8.170388589674027E-4	0.0015275262387706213	1.3214648509966142E-5	1.4054678129087685E-7	1.33214853150641E-4	0.0012822733783818595	4.5100742886360017E-7	1.1326762593373158E-8	7.10946395703453E-7	3.1198501545759073E-10	1.089753703823377E-4	0.005096177049598515	1.456715357634752E-4	1.0083994089646756E-4	3.46328849691752E-5	1.5505228950824114E-5	9.523101763716511E-6	0.0	9.523101763716511E-6	1.023385712498834E-9	3.5594053141549405E-10	6.714276925683561E-8	2.744671118154556E-4
3.610247011410232E-5	1.6716628558957244E-5	5.517161246445566E-7	3.1800695509780554E-5	5.355868004288694E-10	1.4618342557929935E-5	8.527478795415062E-7	1.926471646720514E-10	6.342658586014151E-5	2.5259313704829816E-5	4.693169858235711E-5	4.408678614655847E-7	3.873505617229713E-9	2.1857571971760727E-6	2.0962065593969655E-8	3.557930617499806E-9	4.611958295567586E-11	1.1743003835214163E-8	1.9245355221086514E-13	3.178719125713946E-7	1.7858934038828584E-6	2.3950397538604343E-6	3.5493252258536093E-6	2.2774228936895152E-6	2.1217114793773578E-7	4.172182596394127E-7	1.4538656277434408E-7	4.172182596394127E-7	5.4555307945441086E-8	1.7188795770568297E-9	5.348809574490982E-10	5.594739012606106E-6
6.678671232522063E-4	9.589621615002801E-4	4.912524930165534E-6	0.007711746358900062	3.4926320484746084E-8	0.01049479227790235	5.753645214121197E-5	2.175676159721122E-8	0.0015158132628333909	4.333376514751159E-4	8.274725404597134E-4	7.204621365013739E-6	1.0734108230882473E-7	6.230287003049013E-5	1.213939961234615E-6	0.0023475611109726223	4.246850106813619E-9	7.63042955278265E-7	3.6071273397144428E-12	4.735773106612898E-5	5.308118787547819E-4	1.0866095798367391E-4	4.573783746733802E-4	4.030044596600487E-5	1.267487908515773E-5	3.009548416915202E-5	0.0	3.009548416915202E-5	6.197211700017203E-10	2.07455071126817E-10	9.925766036234937E-9	2.2448726203474538E-4
6.002526078802548E-8	2.272200518749964E-7	2.3030584141749628E-10	2.204888809372191E-8	8.018284432974356E-13	1.1778359342982982E-6	1.2259750325559893E-9	1.276413238890408E-12	1.630414293095121E-7	3.998715752142136E-8	7.3657670060057E-8	6.273348518958518E-10	6.801340588756928E-12	3.96241583052052E-9	9.495498784597645E-11	7.448159289213522E-12	8.049235220958457E-13	6.419923068114502E-11	2.7637414875707E-16	1.6457532888774642E-9	2.1342653480267175E-8	1.0889925235320769E-8	1.582577784385991E-8	1.735229080708382E-9	9.618963234669856E-10	5.89352208433986E-10	0.0	5.89352208433986E-10	4.096159107191717E-14	1.5709020896486246E-14	7.495482887223175E-13	1.3888956530348905E-8
0.0014449495038560036	0.0010252492206108577	1.0391112239313595E-5	0.00285437663166304	6.533514448737523E-8	0.0029418091379694398	2.615219003677511E-5	6.117488809483707E-8	0.0035430457832133864	9.9962450226815E-4	0.0018611064561976673	1.634909301460443E-5	1.0743940593952105E-6	2.6365050502507074E-4	7.003005464135243E-6	0.004382055986185261	4.912733621569275E-9	5.710118064051422E-7	1.1899275312300207E-11	3.0380664726372525E-5	2.990247147697889E-4	3.8279057030226346E-4	1.0988744612939138E-4	4.956237810853004E-5	9.819265874882442E-6	1.1859405232386205E-5	0.0	1.1859405232386205E-5	1.2671906326117727E-9	4.4932482616137114E-10	3.3151444773820594E-8	6.879241216186531E-4
2.746631650323532E-4	1.3857858098568273E-4	2.9115311414822476E-5	5.7770622389936204E-5	5.862275249064262E-9	4.306832551613546E-4	1.3191290475396298E-5	6.875986347069369E-6	4.433158838578355E-4	1.9252260263879153E-4	3.0765002313087983E-4	3.1723358886979643E-6	3.373444320217362E-7	4.553043233164215E-5	4.0237847559049404E-7	4.5354788692235125E-8	8.260809036074284E-10	7.478488718332147E-8	1.777060399446864E-12	1.303769116740431E-5	1.39170493491612E-5	5.9312404021302895E-5	1.2056545765485291E-5	9.989516752672438E-5	5.3820127425850035E-6	1.3677110602564957E-6	0.0	1.3677110602564957E-6	1.4773902143099382E-10	7.976673159665946E-11	4.9495670977199815E-9	1.1865035074101209E-4
5.132575862922856E-7	3.4573017429359063E-7	4.369186529976255E-6	9.820961302886687E-8	7.932922716016613E-12	2.865968023998664E-7	8.54496996133007E-9	5.762374485414548E-12	8.937737416959556E-7	3.583324247808947E-7	6.533435787300976E-7	6.203294264685419E-9	9.760393660815941E-11	3.9279139070647887E-8	1.7991584950285343E-9	5.3251150010110126E-11	1.095653938311614E-12	1.7701709392685013E-10	1.9338329811595912E-13	4.9410948182790444E-9	3.442179496105603E-8	4.8713269098291136E-8	2.823237462077219E-8	1.5306349554767647E-8	3.178708558815494E-9	3.9495664862936005E-9	0.0	3.9495664862936005E-9	4.940421643733526E-13	1.842534773354184E-13	5.410326636146485E-10	1.0497644759647665E-7
0.06486439196813917	0.002872133826661213	5.675321711500929E-5	0.0037683038666807495	4.913516012048487E-7	0.001488154970868412	3.1194997606518067E-4	2.812419518630041E-8	0.04159736068105306	0.0467323227807592	0.08439833294428957	6.074579985201915E-4	9.95593037257576E-7	0.0014833066520424762	1.499421745675584E-5	1.6761400164839188E-6	2.217514619677635E-8	2.912228573701475E-6	4.283692255370362E-11	1.854898737583448E-4	3.279352159393396E-4	8.191744095562141E-4	4.7753569268942986E-4	4.4733842897136877E-4	5.7812959693322385E-5	1.4465807573157028E-4	0.0	1.4465807573157028E-4	1.9534063226164307E-8	8.439599289562386E-9	1.1923063099146633E-7	0.0014721094413150118
0.06535313288575702	0.0015899650427438818	2.3910779085237062E-5	0.0025309437024895838	1.9399329553054157E-7	8.218139374485008E-4	1.0230154663986747E-4	2.3340280471536832E-8	0.01728576360650382	0.0042233712519523185	0.007815221920069969	6.635120278795975E-5	4.721309531473093E-7	9.368460081125645E-4	9.202141857423341E-6	7.248423280639124E-7	1.6592316248743413E-8	1.4870633995415016E-6	1.835509044130502E-11	1.5061799777663453E-4	1.8885805605989924E-4	4.02871832495852E-4	2.3198211377236196E-4	1.717369053249564E-4	3.299350416471588E-5	3.93955868290385E-5	0.0	3.93955868290385E-5	4.5845530176473565E-9	1.6775864466768622E-9	5.098789534941627E-8	7.607311051303481E-4
0.061269294723747605	0.002049727422918616	3.423788493428986E-5	0.0028832515491917796	2.835349933621093E-7	0.0010449418736124746	2.045454288365172E-4	2.383499660750033E-8	0.027816253570373057	0.04422918225312825	0.035732815419838526	7.553051547334444E-4	6.345751869907178E-7	0.001089844026468205	1.096416117537601E-5	1.1104544773039147E-6	1.824243925472209E-8	1.9306022483959505E-6	2.5925693231845148E-11	1.5471503454783268E-4	2.386583597715011E-4	5.312703385949649E-4	3.10901674085619E-4	2.7725261355804716E-4	4.031014142488651E-5	9.260654565348027E-5	0.0	9.260654565348027E-5	1.2440008455702184E-8	4.665482172634584E-9	7.208652260394464E-8	9.747896535694556E-4
6.64830002285137E-4	2.0095066274777773E-5	3.38536420666911E-7	2.949052415198474E-5	2.8254943152482835E-9	1.036628171232187E-5	1.712671569092181E-6	2.520923292741886E-10	2.519393431039766E-4	4.801494451032593E-4	3.570623338089032E-4	2.540461787376545E-4	6.330155067038325E-9	1.1153729030684128E-5	1.1099055976446756E-7	1.030655970417481E-8	1.8651194804728759E-10	1.9315929969428165E-8	2.575797018661929E-13	1.6373138791369098E-6	2.348619881994911E-6	5.315187332846212E-6	3.0830176994666964E-6	2.5794049107675716E-6	4.087631513057018E-7	7.401513797813436E-7	0.0	7.401513797813436E-7	9.527904026977019E-11	3.791400160960928E-11	7.161698043127244E-10	9.817691503420298E-6
3.4437496512202777E-7	5.043880493558339E-7	1.2148369154837112E-9	1.7475670545381746E-7	4.62793374659552E-12	7.983284400374146E-8	7.854439913724877E-9	9.61542206835554E-13	8.311140770760528E-7	2.2579418721197715E-7	4.2506107496896165E-7	3.6812463687367244E-9	4.664509928295242E-11	4.737509774424332E-8	4.657431511796856E-10	9.280210235559425E-11	6.52357505171438E-13	4.5726843231731717E-10	1.0829801270057103E-15	9.847544304708211E-9	5.675138535700073E-8	7.775926093399482E-8	3.6214830070177595E-8	1.190107453457585E-8	6.913343332536017E-9	3.722874337934615E-9	0.0	3.722874337934615E-9	2.7459362036294814E-13	1.0082057650696987E-13	2.856856199965688E-12	1.4431827837228055E-6
0.010492224761247849	0.0013093258213975956	3.572125589242783E-6	0.0010801871249238875	2.674025282879128E-8	1.6294361927518514E-4	1.959961554539724E-5	1.749564273699594E-9	0.0026558618331975112	7.476237153577526E-4	0.0014199270996576982	1.2350361910572354E-5	9.714478101526521E-8	1.4930498073412873E-4	2.2711639736442592E-5	1.4230104498871464E-7	2.409421947727007E-9	6.312885493516776E-7	2.1248526318692516E-12	1.4263253986273775E-5	7.721273940958227E-5	2.9231871719077743E-4	6.28187521485237E-5	2.8580134019494616E-5	1.0819496469994379E-5	9.414174175148913E-6	0.0	9.414174175148913E-6	9.822394412943388E-10	3.488201425553409E-10	5.726788564702678E-9	1.3442403734116153E-4
7.884935235121359E-5	3.090939877678759E-5	2.011409741252603E-7	7.053364869690917E-5	1.6401749234120736E-9	6.65815989418195E-6	9.513872295508562E-7	1.6084730485530135E-10	3.2646414622676393E-4	6.356931275953427E-5	1.216814598853535E-4	9.458206097994944E-7	5.179605975903388E-9	3.6113302204497224E-6	5.479849021453013E-6	8.343832103580547E-9	1.0850490201682808E-10	1.0060823250577948E-8	2.5203870450563717E-10	5.970833124204262E-4	1.1805911260014478E-6	2.8363746340689038E-6	1.2289778852470341E-6	1.48826426833507E-6	2.059381574025301E-7	4.4585823301819537E-7	0.0	4.4585823301819537E-7	9.519284572018277E-11	2.1793782973163847E-11	5.4500925724969907E-8	7.806049397013951E-6
3.1664255617661904E-4	9.335791032552052E-5	3.223222509228706E-6	0.0010335129282807024	3.764587069418484E-8	0.003423664075514894	6.2853417385345085E-6	3.428609088254927E-10	5.80926409451556E-4	2.1810730781064597E-4	4.367637964948834E-4	3.916411271965368E-6	5.64646715965626E-8	3.342181239595461E-5	5.767247340860182E-7	9.93088592010701E-8	3.40200403183705E-10	1.3938551154436402E-7	5.497102851902595E-13	1.908721053519097E-6	9.661382304530333E-6	4.413334844050153E-5	9.310790362368286E-6	1.2832333522771468E-5	2.4470001019933074E-6	2.7807730490595283E-6	0.0	2.7807730490595283E-6	4.386135310357472E-10	1.3097555421318076E-10	1.5213780016574517E-9	7.851522035514886E-5
1.8605162146702003E-8	1.2163288981455902E-8	7.032690864007856E-11	3.6375993947680365E-9	2.983293310801885E-13	4.981407234448044E-9	2.399315814918095E-10	6.503247406291762E-13	4.320907047710035E-8	1.2962930362332979E-8	2.207708706299179E-8	2.0546501983863757E-10	1.4610433075051897E-12	9.981548765985445E-10	7.642929877564285E-11	1.5410492043999982E-12	3.139693918779223E-14	8.8637523727859E-12	1.0001795892606545E-16	2.3215382456085883E-10	1.249604970183536E-9	1.5988962121423686E-9	1.0261599802821282E-9	3.876637527942047E-10	1.341782803297701E-10	1.1308677593767056E-10	0.0	1.1308677593767056E-10	1.0586410977729928E-14	4.963538385043631E-15	2.7684839043834057E-13	4.422149573039262E-9
5.143535186880515E-7	1.1816349343049705E-6	6.211259320047985E-9	2.923634984745642E-7	7.138806296423802E-12	1.3821321084553157E-6	1.5401511228199733E-8	1.957786447419731E-11	1.1559137838455489E-6	3.1986855434747315E-7	6.120379480254929E-7	5.283821088082861E-9	7.725915185591746E-10	1.858851695913985E-7	2.6862374075763555E-7	1.8754871242049659E-10	3.1994749169487497E-12	8.271344494747247E-6	3.10158085503269E-6	1.155471742686438E-8	1.0399647287775288E-7	2.3107656776226908E-7	7.737594022417167E-8	6.034093124884866E-8	1.0519777755583474E-8	5.0835801470265425E-9	0.0	5.0835801470265425E-9	4.210719634250156E-13	1.49727710096548E-13	9.000525810328547E-12	6.102496116501559E-7
4.584418635566753E-8	1.1804224263683015E-7	1.5951341329382016E-6	2.7845376971009616E-8	6.198846330100377E-13	1.4463777050428703E-7	1.461066283450066E-9	2.5911444920949447E-12	1.0547631829966727E-7	2.8895088538762502E-8	5.555686784757267E-8	4.774101099116347E-10	7.000181666518527E-11	1.6841798739399615E-8	5.837807758117046E-10	1.7163101793904124E-11	3.545761782497846E-13	4.9058065607436474E-11	1.1738532268198494E-15	1.214047185834158E-9	1.15400061857918E-8	2.175520901066751E-8	8.554227002741456E-9	5.506439954660105E-9	1.0365110999688888E-9	4.937405694814828E-10	0.0	4.937405694814828E-10	6.678361844438107E-11	1.3575385119111069E-14	3.2666023034946183E-12	5.903438453262923E-8
1.0928522792084884E-4	0.0014885274044040273	2.8444159568022197E-7	3.00501379983351E-5	1.3012202637826323E-9	1.7407538234499506E-5	2.0105603972244642E-6	3.528274905447721E-10	3.969251451741778E-4	8.070723018241886E-5	1.5384274231861067E-4	1.216797028832019E-6	9.410801675768692E-9	6.021870983882093E-6	1.185715755077851E-7	1.35197507033935E-8	2.162068088850149E-10	9.5545796801397E-8	2.2897196859136117E-13	5.991444849418624E-4	2.799633798100311E-5	1.6335479069276032E-5	4.4267233667285535E-5	2.6928749291529196E-6	1.4420667880917796E-6	9.723255420737225E-7	0.0	9.723255420737225E-7	8.153913763967082E-11	2.874760801647456E-11	6.04953173474747E-10	1.4118195996659684E-5
6.30886898866177E-4	2.6045223989485305E-4	3.111466011201646E-6	2.2692896428083744E-4	1.7456679275132827E-8	9.91710730462058E-5	8.365960973899751E-6	1.010638094388953E-8	0.0017805557561510136	4.4897679491359943E-4	8.409650149733047E-4	7.162122997156862E-6	4.0597545506672115E-8	1.0957342839169202E-4	1.430793201826832E-6	3.364237413278637E-7	5.840598520956724E-9	1.5897863798844151E-7	1.841699048493715E-12	1.3243031970990637E-4	2.5431283900119424E-5	4.753314796951677E-5	2.2730233991174846E-5	1.2000529391518619E-5	2.99514594962853E-6	4.011201345220846E-6	0.0	4.011201345220846E-6	5.205505951009665E-10	1.8810805935033545E-10	5.110232316796423E-9	1.0931863317524685E-4
4.301720580624999E-4	3.7649215841290885E-4	1.517920866100949E-6	1.1992903915494344E-4	5.503456140257763E-9	4.890052646218365E-4	1.2169583331007624E-4	1.7224878789740024E-9	7.686799387975322E-4	2.396601901579847E-4	4.589051755189479E-4	4.065641951351167E-6	4.811281007366024E-8	0.0011801002508240535	6.545575112133495E-7	6.280073946845533E-8	1.0116472741267614E-9	9.075762185992732E-7	1.1245964257507668E-12	1.6781968339282674E-5	1.3983504845425988E-4	5.9046684743426237E-5	0.0010180859503998562	5.654169133040402E-5	1.6039079404584772E-5	6.546849867076903E-5	0.0	6.546849867076903E-5	3.370282241497957E-10	1.2041880816478655E-10	3.024837192704462E-9	6.779529052890536E-5
4.548363679744034E-4	5.764535366686128E-5	7.903878279905606E-7	4.7965839888273464E-5	6.2368349124663275E-9	2.6682500823692755E-5	4.372790218453147E-4	8.177323184914747E-10	8.762510336491224E-4	3.2596267995580635E-4	6.47483964429579E-4	5.8200910082393215E-6	1.3967145015360604E-8	1.8023697690283073E-5	2.433069545310139E-7	3.834510102363647E-8	5.409011142981854E-10	4.7251047262035766E-8	6.01869619416786E-13	6.047342776580268E-4	6.327217912801931E-6	1.2114333490938135E-5	7.325120629511957E-6	1.6739729157271322E-4	8.50659745232601E-7	2.3693717925005775E-4	0.0	2.3693717925005775E-4	5.539481946753696E-10	1.89727911838996E-10	1.67211355710363E-9	2.2744439361673225E-5
3.0305961209247756E-4	5.2948058868516577E-5	8.145894209203201E-7	3.462831685877081E-5	7.086476061589801E-9	2.8521541883228193E-5	3.7919526401476863E-4	1.610868067224559E-9	4.668180049352879E-4	2.1742903023456135E-4	3.290467098422513E-4	3.534290079039948E-6	1.382822537536962E-8	1.442542876526707E-5	2.733797009694803E-7	3.5664752086679074E-8	8.248369717447673E-10	4.651733839851878E-8	6.617329271629434E-13	1.7329772499237284E-5	5.416664924817682E-6	1.1850146234715814E-5	6.940952381990133E-6	1.232659989143022E-4	8.016517923809116E-7	3.205272083235505E-4	0.0	3.205272083235505E-4	1.256433364025775E-10	8.342235725422142E-11	1.8408933476718428E-9	2.6821898956399686E-5
2.4652354499241628E-5	1.4548886001482146E-5	1.5597821764053978E-7	1.911399721309357E-5	4.5344700247909803E-10	2.3386879949737296E-6	4.224486658653779E-7	2.682455129572178E-11	4.367270044894479E-5	1.6669727255503536E-5	3.19527248582668E-5	2.9351404228104123E-7	1.3712719368274473E-9	9.316902055308213E-6	1.5870179845364802E-8	1.697395844516485E-8	3.6421642411756653E-11	8.812820652989971E-9	8.050473949601725E-13	2.3489260119471963E-7	1.4867766899038048E-6	3.669240414561948E-6	1.2073861834848442E-6	5.149996851673578E-7	1.856961760907483E-7	2.0850889447807936E-7	0.0	2.0850889447807936E-7	2.566885407451376E-11	9.201825129011552E-12	2.249493256566315E-9	1.8231444358809574E-6
6.868379290190306E-5	1.4024731594962838E-5	1.836386826575909E-7	8.442244235603396E-6	1.5585617063972765E-9	6.5140918463709965E-6	2.4084206519222134E-4	3.5076913278846526E-10	1.1403995980943355E-4	4.942691883724387E-5	7.594179856169547E-5	8.001482961070348E-7	3.2167449926582672E-9	3.3517649015631684E-6	6.05946445032508E-8	8.12159272820928E-9	1.805673138031656E-10	1.2467326000384644E-8	1.4864749172869332E-13	3.7839868175240614E-6	1.4564714760353706E-6	2.9813892964682064E-6	1.6930682147096836E-6	9.040518367356952E-5	2.1109090418190333E-7	3.1272156034588164E-4	3.124635560595734E-4	1.564895496160609E-4	2.983670423557635E-11	1.889465145853897E-11	4.1270363525648244E-10	6.104782816908361E-6
2.061826328309983E-5	4.215028934685207E-6	5.534797243528076E-8	2.5377404961319485E-6	4.677399976641922E-10	1.9618953660525225E-6	7.225272864752047E-5	1.053398657026071E-10	3.423581161304006E-5	1.4836821671804239E-5	2.2799791753172207E-5	2.40199755226582E-7	9.706296684796393E-10	1.0081139435584802E-6	1.818995292465013E-8	2.4405575790247744E-9	5.4194425115385534E-11	3.74392967951195E-9	4.462409271645208E-14	1.1353020262656989E-6	4.3770588732116877E-7	8.959475473476117E-7	5.085476603522417E-7	2.7121997318258854E-5	6.347218173233678E-8	7.751414216885664E-8	1.4470804204558764E-8	7.819351950707943E-5	1.5031524254131228E-8	4.756042420521046E-10	1.2389334537623425E-10	1.835123259128317E-6
6.524933727370786E-5	1.3323440703397752E-5	1.7445603737024476E-7	8.02009933060408E-6	1.4806275854312032E-9	6.188362027746939E-6	2.287990292537876E-4	3.3322931776946857E-10	1.0833752019072971E-4	4.695538148595973E-5	7.214441454334352E-5	7.60137782667853E-7	3.0558952859409533E-9	3.184163676525965E-6	5.7564677620817426E-8	7.715481640326497E-9	1.7153824885264545E-10	1.1843911419717555E-8	1.4121454149378345E-13	3.594772822877275E-6	1.3836422619394087E-6	2.8323082859928444E-6	1.608408247441525E-6	8.27983600255291E-4	2.0053554150757062E-7	2.451030728523478E-7	0.0	2.451030728523478E-7	2.834475347893969E-11	1.794984571466795E-11	3.920668552681143E-10	5.7995200348371165E-6
2.573936993966518E-8	7.373175488016664E-9	2.0702347251675277E-9	3.689318689174412E-9	4.4030418226497777E-13	7.152333082263937E-9	2.3266675129310054E-10	9.375857639267778E-14	2.7072647005223732E-8	1.510443778266238E-8	2.2798874929890866E-8	2.5103395153375786E-10	1.598058466554025E-11	1.7893984474734297E-9	3.544365076910174E-11	1.970439287562047E-12	2.2773322943187937E-14	5.070698338492929E-12	8.274306460629855E-15	1.5364477635111166E-10	7.65059892004231E-10	1.8143359827116625E-9	8.305263907713461E-10	6.218640979098558E-10	7.531815137797163E-10	9.491368466837978E-11	0.0	9.491368466837978E-11	1.0643843612999497E-14	4.543327329959591E-9	2.3150263237826606E-11	3.947873467230918E-9
5.6562024234066805E-9	2.0452812901747907E-9	2.969329096493475E-11	1.3026022446800693E-9	1.1352582409903118E-13	3.5661557554401236E-9	7.4442778016698E-11	1.2987435589889346E-14	7.088402879604916E-9	3.905195682683497E-9	5.9469353762803655E-9	6.50491805583721E-11	3.070502214138169E-12	8.509371081976606E-10	4.093551940979518E-12	8.372194199942088E-13	5.2922442358232144E-15	1.5764885982688985E-12	1.2054084912482085E-17	4.4780850510269E-11	2.194861223025263E-10	9.14313219948743E-10	2.0536656111368195E-10	2.800631028607883E-10	3.890937535752953E-11	2.5340357288570525E-11	0.0	2.5340357288570525E-11	2.60521853856447E-15	1.6238348955649628E-15	3.3230855345941115E-14	2.2359728673872275E-9
4.8935314207623216E-8	5.375410127922318E-7	2.3796788109357953E-10	2.7959031418150674E-8	5.395350660238136E-13	6.53360969567844E-8	1.1363245164652678E-9	3.1952080388582764E-13	8.096416046452765E-8	2.411605364468178E-8	4.631813981879728E-8	4.0585692412478096E-10	4.597719502663239E-11	1.5270875371312888E-8	5.772811292763567E-11	1.7294852957317845E-11	1.0925337979338088E-13	5.939278126377794E-11	4.7360968395134215E-11	1.2629736310854027E-9	7.971814006400645E-9	2.1029335650761328E-8	5.867160166991415E-9	2.1380209600778486E-9	2.439434361271757E-9	5.1400174446268E-10	0.0	5.1400174446268E-10	5.954010734111656E-12	1.189019958969123E-14	1.325173792695328E-7	2.0205732956798567E-8
0.0013324937816283332	9.898277180303908E-5	1.6973077240177944E-6	1.3071054980545537E-4	1.2844279230811795E-8	4.8832659763481365E-5	1.4823250922746589E-5	6.937502724556351E-10	0.005709807494865475	0.0010942572440878636	0.002093435658812484	1.6178315896234023E-5	3.0160464274305124E-8	4.189298010633192E-5	4.5612856895043777E-7	6.25644329408494E-8	6.469956495175191E-10	8.849238348039165E-8	1.1863856283838148E-12	4.450303291282664E-6	1.1113554927738647E-5	2.3690894134211816E-5	1.590203681055979E-5	1.6193978761557488E-5	1.6614268853955094E-6	7.376089578842766E-6	0.0	7.376089578842766E-6	1.0478390822594687E-9	3.662907166160317E-10	3.299297924950443E-9	4.3706585607356455E-5
