32
NULL,open@__open_nocancel,fstat@_fxstat,mmap@__mmap,read@__read,munmap@munmap,open@__open64,close@__close_nocancel,rt_sigprocmask@sigprocmask,exit_group@_Exit,rt_sigaction@__libc_sigaction,sched_yield@sched_yield,mremap@mremap,time@time,read@__read_nocancel,mprotect@__mprotect,madvise@madvise,lstat@__lxstat64,openat@__openat64_nocancel,write@__write_nocancel,syslog@__syslog,getpid@getpid,writev@__writev,close@close,stat@__xstat,socket@__socket,fcntl@fcntl,connect@__connect,getdents@__getdents64,lseek@llseek,getrlimit@__getrlimit,write@__libc_write
0.8895729024342753	0.004695069825628306	5.284644236357969E-5	0.0035602904898636837	3.6336358743558435E-7	0.0029010642550499626	3.314025574850636E-4	2.759177411817192E-8	0.08741962180686721	0.020054754208788918	0.03786011877665282	3.2143739748269156E-4	1.3546018732000434E-6	9.099923020280845E-4	3.2232794680240035E-5	1.850911659723358E-6	3.962688224136385E-8	3.1974974997133875E-6	3.182814745088688E-11	1.316838622205368E-4	6.580477364491662E-4	8.634367386359223E-4	5.097546745925609E-4	4.6470790448292066E-4	1.6476632894913323E-4	1.5914431023902317E-4	0.0	1.5914431023902317E-4	2.1954838237848643E-8	8.16043236466975E-9	8.818703222239311E-8	0.0019295003659391221
0.0010611245890804139	0.0014915385481317836	7.643372525584822E-5	9.340331542978996E-4	1.8174490567376826E-8	4.3742962128618903E-4	1.1173449291073622E-5	4.116604681503677E-6	0.0016919254335331416	4.2969265167749665E-4	8.128974090575196E-4	7.089451194220719E-6	7.621606776358488E-8	6.73608080820796E-5	7.655773979394129E-4	2.6138443604063823E-7	5.916816787658085E-9	3.9926273498490096E-7	1.8627489772019423E-10	6.43070532821351E-5	0.003038722995630605	7.897004773082233E-5	5.644901004969632E-5	1.8702185424521256E-5	7.037998300950612E-6	5.203392425130459E-6	0.0	5.203392425130459E-6	5.536920721415578E-10	1.9119574390850035E-10	3.975646131791795E-8	1.5409541734497247E-4
2.907492619559477E-5	9.666263796190528E-6	3.251154554407621E-7	1.8783557132721613E-5	2.911297612676836E-10	8.542973553691237E-6	4.879947178625146E-7	1.1321756041897758E-10	3.493542552026768E-5	1.3680482879380746E-5	2.5641859391021864E-5	2.449770527686073E-7	2.203928505015309E-9	1.0388403010163842E-6	1.0846407580559592E-8	2.014212398497058E-9	2.2867471547468227E-11	6.7597830959435395E-9	1.1287163455844563E-13	1.806496448040981E-7	1.029302663763105E-6	1.3527030480590124E-6	2.0828688903835035E-6	1.3246098759898945E-6	8.986017235420938E-8	2.3923213846138137E-7	8.68662112456328E-8	2.3923213846138137E-7	3.25946093172177E-8	1.0265075253494698E-9	3.137309074488268E-10	3.2191835724186377E-6
5.605965511137558E-4	5.607475934977088E-4	2.770954020582505E-6	0.004601749658838953	1.9901143190600403E-8	0.006263785306642792	3.391272893524879E-5	1.2936474193477059E-8	8.494155543064378E-4	2.328092255993849E-4	4.5006290187603635E-4	3.956887580383976E-6	6.029068194779682E-8	3.145126163241383E-5	6.646392114646852E-7	0.0014026284015831402	2.278225590189573E-9	4.463266496882578E-7	2.0950256657167024E-12	2.803648537988066E-5	3.158383456346129E-4	6.181573727749668E-5	2.7209796097732127E-4	2.3119564182737858E-5	5.2870186558599595E-6	1.7778064604652064E-5	0.0	1.7778064604652064E-5	3.449117389248208E-10	1.1461258866687317E-10	5.764856473841746E-9	1.300097625871996E-4
4.9732840468199316E-8	1.3453158141579637E-7	1.246964585687481E-10	1.2641724769043422E-8	4.052960845782366E-13	7.031581417081934E-7	6.913908056650522E-10	7.570729869674885E-13	9.255164461748575E-8	2.160905831143839E-8	4.017917533500339E-8	3.4534039324493343E-10	3.757752505747363E-12	1.869798871067252E-9	5.1371384468110223E-11	4.20694148962077E-12	4.62126687045551E-13	3.747049286943593E-11	1.599967905606369E-16	9.583158287593286E-10	1.2613141714477582E-8	6.24766782412122E-9	9.307602143501635E-9	9.597489019792564E-10	3.928853447095703E-10	3.335553487749568E-10	0.0	3.335553487749568E-10	2.2409645270481977E-14	8.614171280531242E-15	4.337469567774875E-13	7.961797838801177E-9
0.0012172087721109268	5.948316126356906E-4	5.963811188490116E-6	0.0016953566994315425	3.716954519508526E-8	0.0017474674373668408	1.4742273178420249E-5	3.6459683099589685E-8	0.0019991444184063044	5.407739534755284E-4	0.0010169932533213373	9.034729849212976E-6	6.364194153916353E-7	1.457399515473088E-4	4.043372935013612E-6	0.0026182052320992536	2.4616436293963133E-9	3.274602074642821E-7	7.014331123119813E-12	1.77310143034084E-5	1.766420340189685E-4	2.2392380358578624E-4	6.367594677606815E-5	2.7986076382364348E-5	4.294603847031018E-6	6.6836764941346415E-6	0.0	6.6836764941346415E-6	7.048725064717969E-10	2.4903644018023755E-10	1.9544217735480557E-8	4.0461197017906955E-4
2.2579818487285035E-4	7.922445381986301E-5	1.7273673501052223E-5	3.247146998136841E-5	3.1921733612135073E-9	2.5318950254213087E-4	7.665767690792792E-6	4.108271650535471E-6	2.428659250781599E-4	1.038865775224227E-4	1.6568547375560107E-4	1.753328488628186E-6	1.987445835320168E-7	2.485969136802962E-5	2.1849293913296386E-7	2.6095008944532484E-8	4.2754642480554176E-10	4.2107654624835735E-8	1.0387654742041731E-12	7.705109727490759E-6	7.897849714276769E-6	3.438353144669271E-5	6.817979598821624E-6	5.865742422397715E-5	2.9024472081394687E-6	7.468851613261813E-7	0.0	7.468851613261813E-7	7.945245030241339E-11	4.407822585090843E-11	2.8936112983330676E-9	6.923452827707696E-5
4.147141471898336E-7	2.016434474003987E-7	2.6115253868646833E-6	5.55020307425693E-8	4.304349869887257E-12	1.6837747453849339E-7	4.7992582717914215E-9	3.4149584223505535E-12	4.921959127625536E-7	1.9400060406912645E-7	3.5641457104120594E-7	3.444914342011807E-9	5.6692952852566596E-11	1.9633021501089426E-8	1.0449244960368887E-9	3.020579953474911E-11	5.791908864661071E-13	1.0189815250863873E-10	1.1561365491437798E-13	2.815464911693474E-9	1.9988287097756204E-8	2.7922837435874263E-8	1.6266341979696E-8	8.638136229704201E-9	1.3444811904027594E-9	2.2172679963861363E-9	0.0	2.2172679963861363E-9	2.7658527944308715E-13	1.0311425235677077E-13	3.2345590514269666E-10	6.089554073596573E-8
0.052993802210334874	0.00146943062337643	3.0463198135744912E-5	0.002030260023550096	2.6579427101726463E-7	7.466971568740764E-4	1.656686476883785E-4	1.5119396806880017E-8	0.0211368354110239	0.025969540359054362	0.047275487431916	3.4154115742272503E-4	5.206149873091638E-7	4.632966687482774E-4	7.266346112177453E-6	8.921915813322254E-7	9.807368791206612E-9	1.5469834300976898E-6	2.3463011507158776E-11	1.0136447058005536E-4	1.645150670933536E-4	4.322146929266596E-4	2.551821128935213E-4	2.3825341012697647E-4	3.052801904651713E-5	7.660777448483218E-5	0.0	7.660777448483218E-5	1.0308381040034006E-8	4.530885794291423E-9	6.532140113314357E-8	7.752916496359338E-4
0.05581512477027298	7.983619927502782E-4	1.2509752735479918E-5	0.0013952516054328466	1.0165964039208741E-7	3.982712645628529E-4	5.018635546991538E-5	1.3077579302733413E-8	0.007729334035938363	0.0018120270062484778	0.0033733950547950847	2.9011133746865116E-5	2.389245774997873E-7	1.591556745027253E-4	4.31998333980631E-6	3.7246454335758645E-7	7.814579658470007E-9	7.836496161186839E-7	9.925712274670002E-12	8.560153996072434E-5	9.200402898787931E-5	2.096572248980173E-4	1.2242313015275674E-4	8.699252311606221E-5	2.0714774140689153E-5	1.831324749051616E-5	0.0	1.831324749051616E-5	2.0073390730083074E-9	7.304934578429982E-10	2.7577580294442062E-8	3.927095058783549E-4
0.05095484442034293	0.0010341847198700829	1.799423630757085E-5	0.0015578592846691127	1.4964845266919347E-7	5.125552217512149E-4	1.0667471858257211E-4	1.2990306920673592E-8	0.013582064938433523	0.025056673354204827	0.019084921777797186	4.3562788972164066E-4	3.2378499985009077E-7	2.633809920923044E-4	5.187117624591118E-6	5.812510626635042E-7	8.289724120437916E-9	1.0117196722791977E-6	1.3980266067462836E-11	8.559144819782475E-5	1.17603255256249E-4	2.756003620951519E-4	1.6367551299139067E-4	1.4432064099738397E-4	2.2889074201114112E-5	4.792951658483859E-5	0.0	4.792951658483859E-5	6.398818423023711E-9	2.408915007796962E-9	3.888068765678336E-8	5.03535957502314E-4
5.539019850192239E-4	1.0042856962269821E-5	1.7713295404954936E-7	1.5916909825590377E-5	1.4862747279113355E-9	5.0348494020108665E-6	8.672252262114056E-7	1.3764856624105506E-10	1.1885860864371924E-4	2.7261469724782145E-4	1.8988808664352797E-4	1.516282294227206E-4	3.2115937177375648E-9	2.4826032704633566E-6	5.2105718695710286E-8	5.318531873334326E-9	8.489026708169785E-11	1.0087056674867478E-8	1.3844301679216678E-13	9.073525614706097E-7	1.1438209645868314E-6	2.7482980861330617E-6	1.6157501194391252E-6	1.3239355030727719E-6	2.3676724446612406E-7	3.6814021895642557E-7	0.0	3.6814021895642557E-7	4.6604585576925173E-11	1.8848068481694843E-11	3.8501071308012106E-10	5.04911252798318E-6
2.809490054223165E-7	2.9457319144053623E-7	6.458839948034883E-10	1.0114166754919768E-7	2.3688176749860085E-12	4.4027554539084066E-8	4.436082578098499E-9	5.388986476846827E-13	4.67607294444229E-7	1.2163186151721392E-7	2.314145701642523E-7	2.0248715022282293E-9	2.5957354936741713E-11	2.546867047979709E-8	2.482660036548229E-10	5.397975265196226E-11	2.929846596957816E-13	2.6778507820792025E-10	6.150943892527351E-16	5.730593797999462E-9	3.3107840519771296E-8	4.494126664419452E-8	2.0850227118121184E-8	6.6282634039983995E-9	2.8168060794927636E-9	2.1082391451362643E-9	0.0	2.1082391451362643E-9	1.514539866306175E-13	5.5583114375486156E-14	1.6191384310562414E-12	8.602495944794535E-7
6.218070904491593E-4	7.206463832931158E-4	1.3890475921439878E-6	6.034314855381546E-4	1.0331045223279387E-8	6.068821716581036E-5	7.894492674701565E-6	7.097788697812696E-10	6.847309538149578E-4	2.1575995711360088E-4	4.2197644081887436E-4	3.7991933447637247E-6	3.9917734932392066E-8	2.697328798735529E-5	1.3053841644190563E-5	6.308640978091459E-8	3.930307254705456E-10	3.330953539256171E-7	8.833799056030019E-13	6.925969676984188E-6	3.820815644883058E-5	1.6087193133538036E-4	3.0973134675831545E-5	1.1340905009632036E-5	3.6956852454831724E-6	3.81497078530519E-6	0.0	3.81497078530519E-6	3.402136669433451E-10	1.1674087023157748E-10	2.352451653542238E-9	5.56739183925786E-5
6.454188491376263E-5	1.7926678448688177E-5	1.1232962462875487E-7	4.174810452308668E-5	9.178421829410305E-10	3.6688870889833204E-6	5.28612189398971E-7	9.295865194238499E-11	1.8919814874155638E-4	3.502101111636472E-5	6.775066400597276E-5	5.294422803965328E-7	2.922708189157738E-9	1.5879928685916032E-6	3.2596209703901317E-6	4.778749685718492E-9	5.250708998702975E-11	5.585171008115878E-9	1.5059570085899158E-10	3.567315520879932E-4	6.434242113215473E-7	1.5518029079196696E-6	6.717876462484425E-7	8.290121974237057E-7	9.441720919987788E-8	2.476109332380844E-7	0.0	2.476109332380844E-7	5.428819442704743E-11	1.2088727445458624E-11	3.2581724926418104E-8	4.448071030872192E-6
2.633107299548474E-4	5.249606281678248E-5	1.8749016459341795E-6	6.154329542376885E-4	2.2116708101379982E-8	0.0020436572739494737	3.540572950444932E-6	1.8695952302626537E-10	3.1922103565558055E-4	1.174902431045142E-4	2.387296766053577E-4	2.166833956675684E-6	3.2604768534923725E-8	1.7457469702690068E-5	3.222014532485983E-7	5.821264194940716E-8	1.1472127426941378E-10	8.063575722870962E-8	3.069930981507777E-13	1.055474285721461E-6	5.407195659498072E-6	2.547821145525204E-5	5.183416668265999E-6	7.295351731093228E-6	1.1575684697525992E-6	1.562017839028267E-6	0.0	1.562017839028267E-6	2.4862656663924414E-10	7.344712682861983E-11	8.496215012606823E-10	4.561204816977022E-5
1.5361571372855457E-8	7.062583111749901E-9	3.927382837328837E-11	2.0530282120039426E-9	1.5871176854420898E-13	2.863240467299407E-9	1.3335029993815574E-10	3.8745671020505026E-13	2.441731544511136E-8	7.040881413253109E-9	1.2037514434971786E-8	1.1393018151657393E-10	8.117577965152155E-13	4.52467882843847E-10	4.422566968848311E-11	8.623919837950371E-13	1.4463474999019157E-14	5.131197634517364E-12	5.855405717007915E-17	1.3343103753196742E-10	7.229914218442703E-10	9.026870534388227E-10	5.891200224131917E-10	2.1397909707721825E-10	5.6313265516223964E-11	6.298890603508772E-11	0.0	6.298890603508772E-11	5.7552342157957535E-15	2.741796737364331E-15	1.6208418181093152E-13	2.5693956495802022E-9
4.4657314183047564E-7	6.928371848589579E-7	3.5330376873898133E-9	1.6904413861607323E-7	3.2463354323213848E-12	8.181496941953748E-7	8.752230638734867E-9	1.1635288886797006E-11	6.439756052790703E-7	1.6997480844475485E-7	3.297977277865139E-7	2.8687758457336985E-9	4.57269328879572E-10	1.0603082654136013E-7	1.596773610697209E-7	1.093521356126202E-10	1.6092701853335017E-12	4.94199002902101E-6	1.8531463472227915E-6	6.656525551685212E-9	6.074203115446514E-8	1.3474885336259615E-7	4.4805205733689105E-8	3.485758782439812E-8	4.270346620481828E-9	2.8499559615627147E-9	0.0	2.8499559615627147E-9	2.3071874192355687E-13	8.173622683278833E-14	5.223951252910699E-12	3.6041510941807925E-7
3.8401980505202964E-8	6.94193501131302E-8	9.530531048892774E-7	1.614522139507464E-8	2.9968573201295705E-13	8.576516686470414E-8	8.332871115324657E-10	1.5425831959889831E-12	5.897225499759969E-8	1.544081759796759E-8	3.008157688374979E-8	2.606488720057585E-10	4.145845130370218E-11	9.647124512974914E-9	3.421425657354056E-10	1.002867965582815E-11	1.9225871614464741E-13	2.8476646330154133E-11	6.970272735506094E-16	7.031691639096128E-10	6.76896362027607E-9	1.2739230579689501E-8	4.982574055052213E-9	3.1864933259445477E-9	4.216251850431178E-10	2.7836812745786846E-10	0.0	2.7836812745786846E-10	3.990037087621017E-11	7.448910040409458E-15	1.9398703463927236E-12	3.492976010374244E-8
8.861828938950003E-5	8.882493530284306E-4	1.5213389047779003E-7	1.7188183418050037E-5	6.836879093835134E-10	9.60592991367223E-6	1.1352657863735476E-6	2.0287872423587488E-10	2.288172101702814E-4	4.4179711210932546E-5	8.512032079663417E-5	6.769256001360672E-7	5.208817910567448E-9	2.774139397401064E-6	6.39776751148371E-8	7.719599921367886E-9	1.0897288665159363E-10	5.6032176802392926E-8	1.2922270707188146E-13	3.5794569512481787E-4	1.6585615136428145E-5	9.449716678731469E-6	2.6327008860437588E-5	1.4957621179966753E-6	5.938740042174163E-7	5.505791229060212E-7	0.0	5.505791229060212E-7	4.5094042630598765E-11	1.586011981097767E-11	3.405342067555479E-10	7.98430247620998E-6
5.689076453115455E-4	1.4675036242116368E-4	1.7171044787743819E-6	1.308364468352934E-4	9.066304692330497E-9	5.420189074780058E-5	4.5908488039079815E-6	5.9981215511154324E-9	0.0010102566549833813	2.4180983161257338E-4	4.58476710357123E-4	3.931726947918138E-6	2.1229759146682173E-8	5.9433265188297494E-5	7.779760225229813E-7	1.9835578347385663E-7	3.080911469546896E-9	8.750503500369775E-8	1.0502349181276171E-12	7.893380426372163E-5	1.4312454510376766E-5	2.5182565836471E-5	1.263007466667312E-5	6.393331141261059E-6	1.338233592072607E-6	2.213192965589827E-6	0.0	2.213192965589827E-6	2.865564955138872E-10	1.0324451844345143E-10	2.9144876615635594E-9	6.152430571318231E-5
3.4101631204028584E-4	2.1479145575236053E-4	7.772835482508022E-7	6.69062754682105E-5	2.858619448436623E-9	2.8655844805645003E-4	7.243294853234292E-5	9.694908490051257E-10	4.2438474608494565E-4	1.2792482372776435E-4	2.4790265496009195E-4	2.2224670276016876E-6	2.5632538493285648E-8	7.015708486128375E-4	3.552680609466149E-7	3.550552100714034E-8	5.030916989640421E-10	5.346318290174555E-7	6.241260181095462E-13	9.821012992009657E-6	8.241968084474767E-5	3.313014977993932E-5	6.077717127953881E-4	3.310171524868539E-5	6.523857510210862E-6	3.9004449285366616E-5	0.0	3.9004449285366616E-5	1.8614350052141466E-10	6.635428984265014E-11	1.6761368492807288E-9	3.7445881755566137E-5
3.674625844382486E-4	3.1460599109405315E-5	4.2915731029260795E-7	2.625775116273767E-5	3.3777833102612794E-9	1.4277432775693897E-5	2.609594629458203E-4	4.704938255590687E-10	4.8486001680250003E-4	1.7676441110036026E-4	3.556573443229947E-4	3.2392170604683557E-6	7.449020852495674E-9	7.486901268226501E-6	1.256223291155853E-7	2.159247425454964E-8	2.6777033934201046E-10	2.5859963454010834E-8	3.3523655300109206E-13	3.6121958364900366E-4	3.423626214833292E-6	6.485703155761487E-6	4.0138763889718874E-6	9.958929334104621E-5	3.9516049380063046E-7	1.414346364352415E-4	0.0	1.414346364352415E-4	3.1244282748677616E-10	1.0674777651298428E-10	9.3143610825789E-10	1.2390144185176826E-5
2.4935892365843916E-4	2.9445154238455585E-5	4.5079850357961656E-7	1.9069001323310544E-5	3.92420167729568E-9	1.5781137009810632E-5	2.2639902414345745E-4	9.495977249623854E-10	2.5697976073729614E-4	1.1805864401248665E-4	1.7776319450225065E-4	1.9654381549220534E-6	7.515981371103443E-9	6.3346058966625675E-6	1.4731268715019667E-7	2.048612701145448E-8	4.339671395085134E-10	2.5906458646183834E-8	3.7717854828633586E-13	1.02846171866223E-5	2.9900561429522445E-6	6.420087687874129E-6	3.8737174421583115E-6	7.335395261908516E-5	3.680436185300877E-7	1.9144707275601863E-4	0.0	1.9144707275601863E-4	6.672796392535353E-11	4.6285802985461154E-11	1.0494085103127053E-9	1.5060156791323873E-5
2.139041723524801E-5	8.347955680509953E-6	8.810329545501783E-8	1.1231054609664553E-5	2.2675821835794134E-10	1.210764588367999E-6	2.351247998324587E-7	1.4392346188718553E-11	2.3873991917782842E-5	8.911533612499876E-6	1.7311156038501938E-5	1.611219344065892E-7	7.097572351016437E-10	5.344736797920713E-6	7.095880036329941E-9	1.0039000067508117E-8	9.594623885398601E-12	4.976490760524338E-9	4.794047701549819E-13	1.3238699186743678E-7	8.522493930814386E-7	2.078394636433613E-6	6.827934715046003E-7	2.776850959166357E-7	8.354997678366227E-8	1.1663094305810318E-7	0.0	1.1663094305810318E-7	1.429576599869042E-11	5.111946502460299E-12	1.3396316678515612E-9	9.538204168314577E-7
5.644280411778882E-5	7.867342373926703E-6	1.0147463630198416E-7	4.671860227696792E-6	8.617136679868986E-10	3.5988602942877745E-6	1.4384755155358975E-4	2.0653056446498673E-10	6.313870617706512E-5	2.6846764838098322E-5	4.109412438974979E-5	4.4491964840785905E-7	1.7494205999384598E-9	1.4852366107597005E-6	3.258080698955819E-8	4.663490578564496E-9	9.468955521744676E-11	7.009751224059079E-9	8.465419215533045E-14	2.2442702273092542E-6	8.12466244673649E-7	1.6300854967316224E-6	9.477867136357147E-7	5.391989875396157E-5	9.514928225416186E-8	1.8683173412444574E-4	1.8669211754707144E-4	9.348553631625703E-5	1.5911496918808673E-11	1.0479336565643133E-11	2.3504289536459306E-10	3.4260122113961965E-6
1.6943679950867956E-5	2.364585902723036E-6	3.059433675214493E-8	1.4044913164939366E-6	2.586014339241519E-10	1.0841465465925857E-6	4.3154321565975007E-5	6.202350151560884E-11	1.895471609915492E-5	8.058736215490628E-6	1.2337649447790315E-5	1.3356167614422425E-7	5.281536294353882E-10	4.470103376204203E-7	9.780249461334125E-9	1.4014367176986526E-9	2.8417799992594126E-11	2.1050235439139787E-9	2.541311384567624E-14	6.733403904444411E-7	2.4417815013886477E-7	4.898975432698236E-7	2.846911286366737E-7	1.6176217819119745E-5	2.8605684358582283E-8	4.194821752373426E-8	8.64608056577025E-9	4.6715047121618215E-5	8.980526904397404E-9	2.8392297167773744E-10	7.05593192526563E-11	1.029949089448586E-6
5.3620445332939455E-5	7.47394478836147E-6	9.640051151880324E-8	4.4382491241855E-6	8.186246475372384E-10	3.418903342719038E-6	1.366546169155607E-4	1.9620323643675486E-10	5.998152635887296E-5	2.5504322630098396E-5	3.903925903020698E-5	4.226719430030124E-7	1.6619427951800562E-9	1.4109690285323962E-6	3.095164046848027E-8	4.430297989921909E-9	8.995471076422431E-11	6.659236517072781E-9	8.042115471790411E-14	2.1320480248402984E-6	7.718397861039635E-7	1.5485749092676294E-6	9.003937075793379E-7	4.946163271458471E-4	9.03914496687764E-8	1.3263520783021996E-7	0.0	1.3263520783021996E-7	1.511586045441214E-11	9.955329155350161E-12	2.2328984037525713E-10	3.2546983333391034E-6
2.03673926084834E-8	4.04076815485889E-9	1.242465852398608E-9	2.0056567478822535E-9	2.430183179781121E-13	4.0760998559179495E-9	1.2374412351372715E-10	5.394447003826416E-14	1.440778128700257E-8	8.133426541900668E-9	1.2182900932269135E-8	1.3866031824948502E-10	9.726979573615424E-12	8.8257347128125E-10	2.0109512607516818E-11	1.093686160321705E-12	1.0423264580689634E-14	2.711117338537195E-12	4.945918131003093E-15	8.285104536924096E-11	4.147223582044747E-10	1.0033324707888043E-9	4.4559192394360795E-10	3.4092013010392765E-10	3.192706744351208E-10	4.992126821137213E-11	0.0	4.992126821137213E-11	5.6932300005359154E-15	2.7145671737213914E-9	1.3838034163307385E-11	2.242403427114954E-9
4.585427028590856E-9	1.1684289861926267E-9	1.68917134263822E-11	7.433220964858471E-10	6.257396557444136E-14	2.0971322014415976E-9	4.1517187494118744E-11	7.438694857992658E-15	3.8146590966970946E-9	2.1133257640593094E-9	3.1999620268184213E-9	3.610732376285517E-11	1.8150764640120116E-12	4.658941975154702E-10	2.1424313562963172E-12	4.834822909783278E-13	2.2541592935203885E-15	8.980893501382636E-13	6.8195181094503594E-18	2.5240973405398886E-11	1.248369371515542E-10	5.326619612939744E-10	1.1607526351710876E-10	1.6090132651638204E-10	1.6453226397175398E-11	1.3838720364985225E-11	0.0	1.3838720364985225E-11	1.3946043975926985E-15	9.021051566245889E-16	1.8795879426075696E-14	1.315198087031387E-9
3.9326950151042494E-8	3.1994825112601845E-7	1.232986863370708E-10	1.6132671790014922E-8	2.598171342657564E-13	3.84754406924846E-8	6.358611956742743E-10	1.834236219544968E-13	4.454213987607551E-8	1.2747192806524068E-8	2.4819368288082616E-8	2.1956697799922907E-10	2.7208793875498093E-11	8.732374133768069E-9	3.0092236280081844E-11	1.0092016348053479E-11	4.8297421943434884E-14	3.4497004493843834E-11	2.832302531592246E-11	7.295200919079809E-10	4.622446876817967E-9	1.2323171106509163E-8	3.3393421190625782E-9	1.182927029316908E-9	9.914221518444262E-10	2.883911983064293E-10	0.0	2.883911983064293E-10	3.5589527343901647E-12	6.484602122788419E-15	7.924865622778654E-8	1.1701009569943027E-8
0.0010737413729859835	5.244417459615516E-5	9.199524692375448E-7	7.225681277193661E-5	6.925597490845742E-9	2.5401105385548395E-5	8.232680548459233E-6	3.706390852314874E-10	0.0033151831929539525	6.047159271355376E-4	0.001168699570569409	9.084882518512654E-6	1.603684405000222E-8	1.5951754309719575E-5	2.285807558625113E-7	3.432443129950366E-8	2.8786785983159176E-10	4.761990986883098E-8	6.518126449846519E-13	2.413247975152214E-6	5.808893211647163E-6	1.2577190112648316E-5	8.68061640099918E-6	8.861694461071863E-6	8.146405003599242E-7	4.106369793348084E-6	0.0	4.106369793348084E-6	5.837724172707815E-10	2.0368778412422113E-10	1.8129708840503374E-9	2.3386921410126504E-5
