32
NULL,open@__open_nocancel,fstat@_fxstat,mmap@__mmap,read@__read,munmap@munmap,open@__open64,close@__close_nocancel,rt_sigprocmask@sigprocmask,exit_group@_Exit,rt_sigaction@__libc_sigaction,sched_yield@sched_yield,mremap@mremap,time@time,read@__read_nocancel,mprotect@__mprotect,madvise@madvise,lstat@__lxstat64,openat@__openat64_nocancel,write@__write_nocancel,syslog@__syslog,getpid@getpid,writev@__writev,close@close,stat@__xstat,socket@__socket,fcntl@fcntl,connect@__connect,getdents@__getdents64,lseek@llseek,getrlimit@__getrlimit,write@__libc_write
0.9882465727412277	5.191293773317114E-4	5.864528176343256E-6	3.896203150633407E-4	3.9379113559059914E-8	3.197970077956859E-4	3.6139789718280096E-5	3.116240254793671E-9	0.009233009607811914	0.002202521941010865	0.004125155993643398	3.470829849923513E-5	1.4864773877286028E-7	9.89136630410658E-5	3.5142081384767705E-6	2.0105542446652836E-7	4.310614717185574E-9	3.5439809980874667E-7	5.395623094528943E-10	1.4545719060885066E-5	7.241494209456617E-5	9.540802131993083E-5	5.67268560895943E-5	5.0926786846045656E-5	2.2774137681015168E-5	1.7336764321517628E-5	0.0	1.7336764321517628E-5	2.9470622401514696E-9	8.831003212466775E-10	1.5056648477677692E-6	2.0895889282967532E-4
1.2651511354737032E-4	1.7013772611076174E-4	8.628002613271833E-6	1.0646583705390317E-4	2.095862401575823E-9	5.043760677349987E-5	1.2914891466898017E-6	4.6514927071241893E-7	1.9422142283784653E-4	5.128167102954739E-5	9.627192226096696E-5	8.315538357949705E-7	8.51338044217965E-9	7.659709779404563E-6	8.729271550984563E-5	2.97999954769348E-8	6.803832057381927E-10	4.544115159965167E-8	8.641101853321399E-10	7.297642747307846E-6	3.4356980421055216E-4	8.977625730849789E-6	6.453196871261863E-6	2.1414054051965336E-6	3.7475881463682795E-7	6.027634720222389E-7	0.0	6.027634720222389E-7	1.8465907536705067E-10	2.2453614670412955E-11	1.534670279638923E-7	1.7427836399008935E-5
3.3049444532515697E-6	1.0833819982116039E-6	3.662062200101106E-8	2.120649288142306E-6	3.365836444171422E-11	9.60489346125763E-7	5.5721593131515074E-8	1.2759960222403046E-11	3.974948686667004E-6	1.6167595503952367E-6	3.007605192485487E-6	2.840824810513522E-8	2.4708375123277063E-10	1.1788417312464939E-7	1.2424324943081137E-9	2.2939954328872324E-10	2.5831661084044615E-12	7.558230198926683E-10	3.3549644743394895E-14	2.049498578949542E-8	1.152390501151121E-7	1.517742548534349E-7	2.3406885560806757E-7	1.5051006565537087E-7	1.8388661472299923E-9	2.732231429294288E-8	9.800255742246983E-9	2.732231429294288E-8	3.6778728327362256E-9	1.1583284642192781E-10	8.41895262279945E-11	3.619064257844606E-7
7.293007676018098E-5	6.25561839099856E-5	3.0274414857695764E-7	5.198433651527688E-4	2.2528801660235074E-9	7.070180332971347E-4	3.821456976241806E-6	1.4594163066362223E-9	9.544753968320452E-5	2.718319578216531E-5	5.2143506279108384E-5	4.5401113657408046E-7	6.538905254901104E-9	3.4930985757451756E-6	7.546053488058058E-8	1.585274201206589E-4	2.569837395491255E-10	4.9681544998278695E-8	8.492482704025079E-13	3.156896742411905E-6	3.5585879350624555E-5	6.836487604381237E-6	3.060675154318625E-5	2.5854989507946633E-6	1.0717284116088071E-7	2.004506264853734E-6	0.0	2.004506264853734E-6	4.9620379838655325E-11	1.3156727846783593E-11	1.930012854267104E-9	1.4437298866917008E-5
6.3227123692406825E-9	1.5146009142144793E-8	1.3261738672722322E-11	1.4123262163628942E-9	4.641718700416641E-14	7.928024531184486E-8	7.757466713033489E-11	8.522372219663197E-14	1.0400542315053461E-8	2.5203308155690437E-9	4.650367165916531E-9	3.957178892922581E-11	4.0308508104034065E-13	2.0667317446348383E-10	5.894321162074905E-12	4.702740908464964E-13	5.212931688565262E-14	4.1849135260611505E-12	7.987557615645182E-17	1.077937046206781E-10	1.4195479462073127E-9	6.955901722406913E-10	1.04575689144253E-9	1.0625251255345531E-10	5.591604241154295E-12	3.751594335791871E-11	0.0	3.751594335791871E-11	3.154362420627128E-15	9.881325375778536E-16	1.586624113828009E-13	8.809844149624648E-10
1.3842109696814736E-4	6.692924999157185E-5	6.711185112737837E-7	1.916510833664387E-4	4.222531363984566E-9	1.972645377079955E-4	1.6845584691745709E-6	4.194075341280696E-9	2.263845919914104E-4	6.3661544861563E-5	1.1880682213621986E-4	1.0449388714559926E-6	7.169985382133703E-8	1.6466628371830014E-5	4.60428758567044E-7	2.959141437203623E-4	2.7952002097483516E-10	3.667982775176303E-8	1.8460828507454608E-12	2.0065459369052876E-6	1.9928067604645457E-5	2.5243167946662232E-5	7.155258059480876E-6	3.187725923636371E-6	1.428879772126377E-7	7.645094876012389E-7	0.0	7.645094876012389E-7	1.0156207366790431E-10	2.8815398768045125E-11	4.784495312102729E-9	4.5558261935243874E-5
2.556163000837914E-5	8.990961018292465E-6	1.964165885531284E-6	3.7146704158005513E-6	3.683341776659975E-10	2.8852577207567385E-5	8.774059974094329E-7	4.6417940286604314E-7	2.759709544490305E-5	1.2303232141550725E-5	1.9534770760885495E-5	2.0359930526471348E-7	2.2648367429879246E-8	2.836845472673443E-6	2.5377406542723152E-8	2.9743197391940376E-9	4.868351280980635E-11	4.751775666879013E-9	3.069318359465697E-13	8.724849473105744E-7	8.975789055324135E-7	3.915487109720597E-6	7.709786848641164E-7	6.727953679287501E-6	2.7710151414037856E-7	8.606787770763728E-8	0.0	8.606787770763728E-8	1.1466549294137387E-11	5.115750686443164E-12	7.9847813829055E-10	7.874393542076337E-6
4.785598676908847E-8	2.2714840572086956E-8	2.952644748589525E-7	6.313945360525669E-9	4.984088883602642E-13	1.8964634754305892E-8	5.516000758741782E-10	3.851586773516569E-13	5.615202769399296E-8	2.297891694284196E-8	4.191700758088908E-8	4.003150700086398E-10	6.373421425203757E-12	2.2352868155285014E-9	1.1916894861817973E-10	3.459894542071575E-12	6.556384188103077E-14	1.1405601224118546E-11	1.0562936665887932E-13	3.1972434377219966E-10	2.2472874723794207E-9	3.1387194351416565E-9	1.8269422797665032E-9	9.89437844949237E-10	2.814748874707561E-11	2.550548784883196E-10	0.0	2.550548784883196E-10	5.0129134032632703E-14	1.1962768455304206E-14	2.953935187682534E-10	6.8537929285439365E-9
0.005546544499754844	1.611852590955121E-4	3.4330900733548468E-6	2.3121626560830593E-4	3.040718411620109E-8	8.067113241689341E-5	1.898441546014902E-5	1.738717633994606E-9	0.0023270248483586568	0.0030181057208502164	0.0054499443416018865	3.899653403465582E-5	5.739697095810931E-8	5.238778301907361E-5	8.015604983512908E-7	1.0146519942741788E-7	1.0713879431986912E-9	1.7257722833954311E-7	2.6818855802094557E-11	1.163387384784202E-5	1.7845709382439366E-5	4.841267361692187E-5	2.8560069726075077E-5	2.7137166340312426E-5	1.126076876687496E-6	8.781297826525941E-6	0.0	8.781297826525941E-6	1.4486445190035223E-9	5.198436901705679E-10	7.354116145083531E-8	8.623777297112947E-5
0.005587875968350982	7.906596653513986E-5	1.2846608322356087E-6	1.5037665273174303E-4	1.0801401074275034E-8	3.816445809983101E-5	5.051389097141596E-6	1.4406202819316486E-9	7.067072765694494E-4	1.728556616297361E-4	3.1837086471775416E-4	2.718501105294415E-6	2.3600758554055884E-8	1.607117244028885E-5	4.296151487311706E-7	3.8475393740419976E-8	7.938371622274338E-10	8.044824082680003E-8	2.374784580676784E-11	9.403237055631707E-6	8.915665826200329E-6	2.1570962674228634E-5	1.2567641985150333E-5	8.907675297487603E-6	5.752561810746909E-7	1.7747549621297197E-6	0.0	1.7747549621297197E-6	2.3942524562677614E-10	6.840653541273851E-11	6.56295912352629E-8	3.995903843310728E-5
0.005233821465395043	1.0987521083239869E-4	1.9721643089570287E-6	1.741206717951772E-4	1.6779891686705678E-8	5.320091050738092E-5	1.195508672709238E-5	1.4707185721158028E-9	0.0014342761668518314	0.002864781352407275	0.002196075574162573	4.915533569088565E-5	3.441326571121596E-8	2.8940744439802382E-5	5.5137087799333E-7	6.455225109956338E-8	8.815001132357407E-10	1.0984488598320859E-7	2.3600002009511174E-11	9.666607592267484E-6	1.2307014246349408E-5	3.0031835513743357E-5	1.783031863433791E-5	1.6021253638006456E-5	7.329861090931813E-7	5.369499315790093E-6	0.0	5.369499315790093E-6	8.790884302072431E-10	2.7030350813836847E-10	6.498484548731537E-8	5.4338856004558205E-5
5.67629170632083E-5	1.0534544132140144E-6	1.926334488164956E-8	1.7713312817801895E-6	1.6573302348322824E-10	5.151042846604051E-7	9.584195523698891E-8	1.55448415859307E-11	1.2229419416101033E-5	3.111328255251472E-5	2.1786491737532828E-5	1.7100517634777997E-5	3.37946109485404E-10	2.69901386887002E-7	5.4735940813605945E-9	5.844695087330259E-10	8.950840184946845E-12	1.0869827054773122E-9	2.50967163183231E-13	1.0221908178486744E-7	1.1790703572708099E-7	2.9726526358927064E-7	1.7460454365759104E-7	1.4538624943769608E-7	7.434964710510652E-9	4.055109901711268E-8	0.0	4.055109901711268E-8	6.346951397154377E-12	2.082808939885572E-12	6.918567717115685E-10	5.406233524480108E-7
3.749636503989015E-8	3.2862620059793974E-8	6.677147433434106E-11	1.129084347416405E-8	2.7062801560119745E-13	4.717164366289695E-9	4.963853329066092E-10	5.893698904670655E-14	5.2492005072721666E-8	1.417766382931954E-8	2.6768211422152624E-8	2.3189692767441027E-10	2.771904433288318E-12	2.8386650614939936E-9	2.853636044629856E-11	6.0513162358058295E-12	3.291203322723999E-14	2.985961576228451E-11	4.6072603996046645E-16	6.427319929196314E-10	3.6969748577586268E-9	4.994388204788282E-9	2.29678287914767E-9	7.316868581014096E-10	3.7327121658522377E-11	2.365599820995471E-10	0.0	2.365599820995471E-10	2.1274589726234937E-14	6.369676890571569E-15	8.153652612943479E-13	9.692241963899162E-8
7.595027649069738E-5	8.137809414207187E-5	1.505277553098098E-7	6.808251327588203E-5	1.1810847993063548E-9	6.545611291191666E-6	8.934745376631363E-7	7.785976893278777E-11	7.739590308461128E-5	2.536312009368671E-5	4.91966187407134E-5	4.387024801022809E-7	4.3340323819398825E-9	3.029074697504974E-6	1.4936092160764815E-6	7.114482652302724E-9	4.6434519847993736E-11	3.723191481020059E-8	9.62228196811534E-13	7.790687884873383E-7	4.26610750385062E-6	1.810246436958347E-5	3.435266613114631E-6	1.2706806778207093E-6	6.666563877668214E-8	4.326171811884891E-7	0.0	4.326171811884891E-7	4.8348160178377335E-11	1.3471826049163734E-11	2.1373236886830407E-9	6.1440574097910705E-6
7.280532006192345E-6	2.053482543345658E-6	1.2797375918644356E-8	4.739577163273457E-6	1.0524858244183424E-10	4.173399623667386E-7	6.166583885309556E-8	1.0748341577789242E-11	2.1502313130228224E-5	4.1358593725330625E-6	7.936252856610273E-6	6.155526123567197E-8	3.3185092449648666E-10	1.8928238717551265E-7	3.693814672869506E-7	5.580465863181918E-10	5.990864174557873E-12	6.379220102025593E-10	7.06909116722857E-10	4.0295838595954064E-5	7.39161135765881E-8	1.7722194649048143E-7	7.729998647744371E-8	9.606326017994534E-8	3.538772280752417E-9	2.8922720747685396E-8	0.0	2.8922720747685396E-8	9.342271307545659E-11	1.4135049942244192E-12	1.4940086630455868E-7	5.055971953073864E-7
2.978674203951396E-5	5.866537044181857E-6	2.1168670146496363E-7	6.957223499490264E-5	2.5020127165863255E-9	2.3094001651179124E-4	4.0739897329356123E-7	2.097830043218186E-11	3.645771209345979E-5	1.390870757286211E-5	2.8012710197600485E-5	2.5179957143831424E-7	3.6656213013714237E-9	1.976350965725579E-6	3.670473030616647E-8	6.599365815377219E-9	1.3228200308976466E-11	9.043898968723812E-9	2.2430067182634381E-13	1.200574444872566E-7	6.03294618226566E-7	2.8679912879160265E-6	5.774662201155446E-7	8.344583309009606E-7	6.357019231260116E-8	1.8011454837558258E-7	0.0	1.8011454837558258E-7	3.664922581200821E-11	8.513244422556807E-12	5.847075279271197E-10	5.13235166615494E-6
1.769526978261342E-9	7.91959281903738E-10	4.362605100735267E-12	2.314533641592131E-10	1.8282614234843868E-14	3.1892325822093806E-10	1.51555319435884E-11	4.4691117182062967E-14	2.7549039996263697E-9	8.27317431763029E-10	1.4049774292219659E-9	1.3141312997119348E-11	8.919379121551516E-14	5.093909329962762E-11	5.028372833563349E-12	9.7538889253718E-14	1.6377812792972028E-15	5.742907327672842E-13	2.0486070892529258E-17	1.5092371404779742E-11	8.102706941775843E-11	1.0095552590358287E-10	6.577555211978354E-11	2.415440097422712E-11	1.114199726064352E-12	7.1682304876780615E-12	0.0	7.1682304876780615E-12	8.176616930610816E-16	3.164009682066196E-16	4.916684596342835E-14	2.8805272781790697E-10
5.915304246997024E-8	7.77785299325921E-8	3.925918248528247E-10	1.889889061907697E-8	3.7297617013290386E-13	9.203923244319764E-8	9.84769705135557E-10	1.3097358750649612E-12	7.23214074380167E-8	1.9824821625647357E-8	3.816667434703212E-8	3.288208699159506E-10	5.143262872381587E-11	1.1927664302721798E-8	1.811468528090899E-8	1.2286600802631699E-11	1.8216891494345545E-13	5.575553451053699E-7	2.0907218025809245E-7	7.445048184243372E-10	6.800425001732866E-9	1.5107937912778836E-8	4.979616859863002E-9	3.952079656959947E-9	5.714780144020985E-11	3.1956052803663415E-10	0.0	3.1956052803663415E-10	3.22605923941179E-14	9.375248783089844E-15	1.5976402772471422E-12	4.048630751833832E-8
5.577395335889572E-9	7.866540170319791E-9	1.0752328624705458E-7	1.9513224073491364E-9	3.707566234762403E-14	9.661636943561297E-9	9.754296276763026E-11	1.7389331239459288E-13	7.025334945785837E-9	1.9560410795390164E-9	3.792550312316671E-9	3.268601419611617E-11	4.6679392000641925E-12	1.883923283690877E-9	3.898810626130879E-11	1.2618927364061608E-12	2.18441135606412E-14	3.1964311486251808E-12	2.2365150952613977E-15	7.993652137010126E-11	7.666905079519996E-10	1.4352657103939283E-9	5.618072438338729E-10	3.648445837047802E-10	5.7675649235886155E-12	3.314726462143184E-11	0.0	3.314726462143184E-11	1.8756269590187997E-10	9.479613926076516E-16	6.209125740559629E-12	3.933186941542159E-9
1.0960300158036291E-5	1.0019724687782975E-4	1.5912641554783148E-8	1.9142807293574635E-6	7.815611017739855E-11	1.0284605066783689E-6	1.2766689380129188E-7	2.2731248711944112E-11	2.5775161840927503E-5	5.153128929756817E-6	9.850466119075867E-6	7.761795040182494E-8	5.53988620863317E-10	3.0591566942980415E-7	7.311362746832898E-9	8.639934116116578E-10	1.2234424106081851E-11	6.235517032687787E-9	1.1040188162388077E-13	4.043123024335458E-5	1.8595760088404769E-6	1.048391474287254E-6	2.9539745936278243E-6	1.6559100629937513E-7	8.449505378363942E-9	6.207168145276838E-8	0.0	6.207168145276838E-8	6.3291518479164296E-12	1.822878488692754E-12	2.1135472816706196E-10	8.717152273457716E-7
6.281502801812746E-5	1.6518085442821756E-5	1.9376440295834193E-7	1.4816382622023348E-5	1.0379381723247433E-9	6.062569314490044E-6	5.28090887482623E-7	6.920166661080324E-10	1.1439112438043081E-4	2.8454553535861498E-5	5.3522494631945734E-5	4.5473348361602676E-7	2.3692321047240536E-9	6.725271958100152E-6	8.865723646094413E-8	2.2442403427678207E-8	3.4952765993622805E-10	9.829218774764804E-9	4.913622674218597E-13	8.918539963041134E-6	1.608583829041963E-6	2.8419485751089246E-6	1.4201131455098125E-6	7.31312484248939E-7	5.845218161584426E-8	2.5479670871356464E-7	0.0	2.5479670871356464E-7	4.0667944310790764E-11	1.1956498012615972E-11	1.262737570975603E-9	6.927276612976354E-6
5.4335214289946973E-5	2.3057456756918142E-5	7.13442263299514E-8	7.13354603405517E-6	3.2057355072907193E-10	3.164388459630867E-5	8.152508912830183E-6	1.0336882562058557E-10	4.671978661843722E-5	1.4668546100293017E-5	2.8226408724202033E-5	2.505653194205425E-7	2.477161035117413E-9	7.913901393313796E-5	4.0319211551774715E-8	3.86053985804074E-9	5.549726545940728E-11	5.9250806455092985E-8	3.9828453518632366E-13	1.0898226462160274E-6	9.172696435750018E-6	3.508964645433835E-6	6.842166605233597E-5	3.6767808427831093E-6	7.683682070893572E-8	4.392763364091022E-6	0.0	4.392763364091022E-6	2.5649926300733053E-11	7.493783128093864E-12	8.000205253498007E-10	3.866582907797975E-6
3.970748231754087E-5	3.566970431107361E-6	4.914340221372163E-8	3.035204468623764E-6	3.919831077252012E-10	1.6072305919380417E-6	2.9492881535197186E-5	5.4328649616303675E-11	5.547052613841008E-5	2.095307324877146E-5	4.178863987867093E-5	3.76840851560897E-7	8.412187661898107E-10	8.624517562015853E-7	1.4443711532840193E-8	2.486052141151278E-9	3.04422964782674E-11	2.938156539598689E-9	2.5333831121695744E-13	4.08055130155638E-5	3.874685543785869E-7	7.399600169514913E-7	4.576081824354692E-7	1.1267292443754907E-5	1.4215755824693592E-8	1.598248753626068E-5	0.0	1.598248753626068E-5	4.373903909382118E-11	1.2389442897262454E-11	6.780673334509843E-10	1.40722014785526E-6
2.7091468454279456E-5	3.3089234887040316E-6	5.134060357521256E-8	2.1855640112991393E-6	4.5169481063231153E-10	1.7669273610221173E-6	2.55786610370612E-5	1.0923712437920938E-10	2.9079853921254295E-5	1.3954361105289797E-5	2.0931302517438857E-5	2.2767684662520558E-7	8.464403793943812E-10	7.250717893457299E-7	1.678132490715672E-8	2.3313050471058877E-9	4.9131284529474853E-11	2.926066749236942E-9	1.8068253333886787E-13	1.1636381280394222E-6	3.3487420155023766E-7	7.286270768687563E-7	4.3842190252132146E-7	8.295883109430114E-6	1.4539865082192762E-8	2.1626686995568766E-5	0.0	2.1626686995568766E-5	9.730118231496313E-12	5.356495286544677E-12	4.77878292562011E-10	1.7030549365290937E-6
2.441429166635646E-6	9.400711746315508E-7	9.90529696808761E-9	1.2702003641227145E-6	2.626516969116937E-11	1.3283353663413412E-7	2.7034365426042908E-8	1.6168417846391868E-12	2.7245049363802844E-6	1.0557992859633216E-6	2.0336571931441275E-6	1.8732995092871864E-8	7.801569386051833E-11	6.042591576048759E-7	8.219873987631984E-10	1.1357288858219192E-9	1.1285447862119898E-12	5.588318760122882E-10	2.1259820721850335E-12	1.505720756700646E-8	9.58385995957104E-8	2.3479992939592574E-7	7.666406844425298E-8	3.1689239455888015E-8	3.6780439997686743E-9	1.342307626443677E-8	0.0	1.342307626443677E-8	2.2625197372464584E-12	5.930643213400225E-13	5.940362073097289E-9	1.0643798832596483E-7
6.167258496586247E-6	8.828441386962174E-7	1.152224675951049E-8	5.339943551631271E-7	9.920027922926989E-11	4.016741078996552E-7	1.625084799738433E-5	2.3746489896929598E-11	7.143129936360811E-6	3.171764740163022E-6	4.834184325631774E-6	5.152703597096271E-8	1.9621948630427753E-10	1.6967540176211923E-7	3.711366712615174E-9	5.304378364500737E-10	1.0719490106567888E-11	7.898630150640892E-10	4.1993220090598006E-14	2.5394853218430255E-7	9.09117783958251E-8	1.844720339754106E-7	1.0695014309228108E-7	6.095019335221636E-6	3.376915671704396E-9	2.1104193343585513E-5	2.1088092531202785E-5	1.0560131373113086E-5	2.3113744289038577E-12	1.2126809352478836E-12	1.0902118920221709E-10	3.8672912879613827E-7
1.8514820993667904E-6	2.6533858758888576E-7	3.473551853307752E-9	1.6052722034461048E-7	2.9770158099363965E-11	1.2100284560295178E-7	4.875260825833128E-6	7.1311520036064355E-12	2.1444224675630165E-6	9.520828598599014E-7	1.4513528796982925E-6	1.5468016073036063E-8	5.923377425583158E-11	5.1064509578703014E-8	1.1140934558659409E-9	1.5940067137211994E-10	3.217080521735816E-12	2.3718777602601007E-10	1.260744008694742E-14	7.619117191126356E-8	2.7321956592117317E-8	5.5438349748612866E-8	3.2123916095110084E-8	1.828533780738228E-6	1.01396699011821E-9	4.837445037776643E-9	9.754517838128911E-10	5.276868430273999E-6	1.0133391440014558E-9	3.204134897954829E-11	3.272963943395547E-11	1.162579438434919E-7
5.85887168858939E-6	8.386985128817713E-7	1.0946089800776813E-8	5.07292569472086E-7	9.42398811073418E-11	3.815888469917939E-7	1.5438242664896732E-5	2.255907344203359E-11	6.785945777240439E-6	3.0131642202598473E-6	4.592456388611587E-6	4.8950484630132744E-8	1.864077521144986E-10	1.611909745933913E-7	3.5257840044405916E-9	5.039138904675691E-10	1.0183474089216228E-11	7.503668055075713E-10	3.989339646419783E-14	2.412501221404956E-7	8.636583741340556E-8	1.752477178949586E-7	1.0160222176527782E-7	5.5874334961464884E-5	3.2080568107619014E-9	1.52957094120175E-8	0.0	1.52957094120175E-8	2.195796756489156E-12	1.15204219228831E-12	1.0356970754943681E-10	3.6739117471899664E-7
3.3969444198097107E-9	4.4148066070682465E-10	1.3836668571002555E-10	2.3363310988164715E-10	3.268919604901557E-14	4.5077640547420536E-10	1.4419253920076566E-11	5.793870122609521E-15	1.8232024686530738E-9	1.1105628202039843E-9	1.6410757306998263E-9	1.8535815524810694E-11	1.0427480253699103E-12	1.0445571732975503E-10	2.328538668535975E-12	1.3150670966999524E-13	1.247970883603782E-15	2.8508124225916194E-13	2.2637483085378404E-14	9.55132085367929E-12	4.392182762511437E-11	1.091478566778615E-10	4.765726430040678E-11	3.9133112326952325E-11	4.0244701970689774E-12	5.868092672541957E-12	0.0	5.868092672541957E-12	3.647396185842942E-15	3.0625784184200113E-10	6.333714663779702E-11	2.465666493280415E-10
5.260862568213403E-10	1.30012388746918E-10	1.8998725846656175E-12	8.386127970032624E-11	7.204093167756754E-15	2.357724525603026E-10	4.723384426227021E-12	8.345063128254797E-16	4.3013580806779364E-10	2.492433229763265E-10	3.758775750856164E-10	4.172244772761145E-12	2.0441880414665012E-13	5.261724410538699E-11	2.4582434185585544E-13	5.4639394057876405E-14	2.5410455611580455E-16	9.986335265622559E-14	3.724274955742227E-18	2.855763323460741E-12	1.3880650530600476E-11	5.989708376765191E-11	1.2880950902870236E-11	1.8343023177121246E-11	3.451702645841308E-13	1.5746256592210894E-12	0.0	1.5746256592210894E-12	2.006102160575038E-16	1.0404875935969952E-16	9.106791163234878E-15	1.4798047192809177E-10
7.000911039785671E-7	1.3428264361857995E-6	2.0013069045633573E-10	4.0405831591937613E-8	1.098739955022704E-12	1.9869507032214642E-8	1.4845096939003236E-9	1.1359351745408851E-13	2.3932938888137374E-7	6.576870830965624E-8	1.2595357614463285E-7	1.08844473488694E-9	9.512606804185777E-12	1.7488817348433564E-8	8.263939464440168E-11	3.362519601396846E-11	9.500907535912518E-14	2.0923994749396298E-11	1.3029416902063257E-10	6.530678921002969E-10	4.341162792174735E-9	5.185246987567429E-9	4.145086116403502E-9	2.0673561744478725E-9	3.3754049765138093E-10	7.14473328813563E-10	0.0	7.14473328813563E-10	1.6391706779196835E-11	3.08025042890972E-14	3.6456668666828256E-7	9.9465787140309E-9
1.1450913084943435E-4	5.908924963595337E-6	1.0496862203492519E-7	8.296487643439309E-6	8.014461294643293E-10	2.832000621423366E-6	9.529690880759278E-7	4.308408135378308E-11	3.746679730322139E-4	7.087574198938216E-5	1.3586845330700042E-4	1.0475713421198483E-6	1.8010427172794645E-9	1.828072307998061E-6	2.6001264262375444E-8	3.957749890850336E-9	3.2433653628928646E-11	5.3936587232032506E-9	8.498416916895655E-13	2.801870041653811E-7	6.514350803797145E-7	1.4297264775104568E-6	9.858469724005495E-7	1.0225030982758807E-6	2.962729412144381E-8	4.753272901014061E-7	0.0	4.753272901014061E-7	8.171766611769114E-11	2.3589459048806387E-11	2.3274488082312386E-9	2.644026002449227E-6
