32
NULL,open@__open_nocancel,fstat@_fxstat,mmap@__mmap,read@__read,munmap@munmap,open@__open64,close@__close_nocancel,rt_sigprocmask@sigprocmask,exit_group@_Exit,rt_sigaction@__libc_sigaction,sched_yield@sched_yield,mremap@mremap,time@time,read@__read_nocancel,mprotect@__mprotect,madvise@madvise,lstat@__lxstat64,openat@__openat64_nocancel,write@__write_nocancel,syslog@__syslog,getpid@getpid,writev@__writev,close@close,stat@__xstat,socket@__socket,fcntl@fcntl,connect@__connect,getdents@__getdents64,lseek@llseek,getrlimit@__getrlimit,write@__libc_write
0.5456789729200031	0.013935124474390008	1.4956915143368737E-4	0.010178629145456452	9.31314492351042E-7	0.008292840989134758	9.400733011492296E-4	8.05873761236604E-8	0.2335570123266873	0.056600450241820116	0.10603834601258949	8.921435502517816E-4	3.737288617091797E-6	0.002414206631749022	8.962287034680388E-5	5.156849088031401E-6	7.881870291996794E-8	9.524628499747111E-6	9.010572598000776E-11	3.879897519116415E-4	0.001962399889033317	0.0023742307643896316	0.00149740219055838	0.0013239059533715885	6.023660511892816E-4	4.5184989073645653E-4	0.0	4.5184989073645653E-4	6.170401833354853E-8	2.2878603140908922E-8	2.4938144726395567E-7	0.005228808127191975
0.0038390804195989367	0.00977879819705301	4.775320008933348E-4	0.006059947341292115	1.5245369447740577E-7	0.003078700844710754	8.360895587683789E-5	2.5433492847484126E-5	0.012739690973017326	0.0034566174756460086	0.006442920958687061	5.597749578247117E-5	5.619577221687039E-7	4.929196358480452E-4	0.004735703700541812	1.7282050784113321E-6	4.908330366226599E-8	2.759911977680391E-6	1.1523776363847616E-9	4.076832012104495E-4	0.01885943953266358	5.902125447269926E-4	3.958893117445855E-4	1.4337038058965284E-4	3.377534453313883E-5	3.883721159698199E-5	0.0	3.883721159698199E-5	4.3067408118332565E-9	1.5111766638859543E-9	2.5014582335303766E-7	0.001077605062457064
1.0897656540134444E-4	6.282725298221185E-5	2.0596950529980972E-6	1.1862971206868446E-4	2.194439174550958E-9	5.491062999063692E-5	3.298296002805282E-6	7.175329381922954E-10	2.6454145212628365E-4	1.0233942667278693E-4	1.9018844301606818E-4	1.776377555573297E-6	1.47561590821966E-8	7.242227182318179E-6	9.312827523345327E-8	1.3885724153631659E-8	2.0236662047765217E-10	4.3860701195033405E-8	7.249896048875338E-13	1.2141090218173524E-6	6.756183479350811E-6	9.13094262151419E-6	1.3219816478206091E-5	8.713915207115226E-6	3.674227698048921E-7	1.611885120701482E-6	5.366220323147481E-7	1.611885120701482E-6	2.01374971460617E-7	6.348558295760962E-9	2.0152187996103417E-9	2.126632828015162E-5
0.002242383140344898	0.003532991974750314	1.8249193408519365E-5	0.028475420422891782	1.3616981226619796E-7	0.03872173864678063	2.1358556157664575E-4	8.015341790163464E-8	0.006149616823574851	0.001765584701883257	0.003360441616232588	2.9300132893474068E-5	3.9733594226740124E-7	2.1773347885032344E-4	4.962323685135727E-6	0.00866486281885692	1.7551724719240136E-8	2.7916260503300688E-6	1.33707442069959E-11	1.7478543465996536E-4	0.001958094319649185	4.055544784835026E-4	0.0016802709114886515	1.5263930975665496E-4	1.7413591010882995E-5	1.1161764615016561E-4	0.0	1.1161764615016561E-4	2.4897058597124077E-9	8.404121334068683E-10	3.680954180933898E-8	8.348407543922515E-4
2.0050457766708914E-7	8.41356311377461E-7	8.555516031045896E-10	8.279043024492626E-8	3.5142322853799645E-12	4.348197785578928E-6	4.697975719114525E-9	4.7076284487274724E-12	6.512978459684914E-7	1.6212098696746023E-7	2.9856640729094824E-7	2.550622054594016E-9	2.5142730795007318E-11	1.3375149207301239E-8	3.9555448516136884E-10	2.8518884112661315E-11	3.1059671096233537E-12	2.355412229835716E-10	1.0271920370007004E-15	6.101647272051374E-9	7.909512317694843E-8	4.049239343894807E-8	5.8817227262351336E-8	6.7198726049986225E-9	1.2516835770686475E-9	2.2590211591006013E-9	0.0	2.2590211591006013E-9	1.6830316695141073E-13	6.437719116473515E-14	2.7874753747009107E-12	5.182546956081865E-8
0.004323229907985341	0.003876065968892553	3.980793484321272E-5	0.010599501105921307	2.560341620483376E-7	0.010924315789843151	1.0295286467623194E-4	2.2619982119959142E-7	0.01430703784138679	0.004062636750432851	0.007555126496100523	6.643087274807432E-5	3.997809477010508E-6	9.513873218928601E-4	2.679890315979282E-5	0.016174212274700336	2.183081231524213E-8	2.1596029431892164E-6	4.447019013606843E-11	1.142793563638979E-4	0.0011154185887555016	0.0014409781783843562	4.1504656399688004E-4	1.9700826262773971E-4	1.8636662036649676E-5	4.671263552314756E-5	0.0	4.671263552314756E-5	5.127563656953971E-9	1.8264068516394254E-9	1.2389503716235553E-7	0.0025785949388067116
8.245495723177917E-4	5.363383608490153E-4	1.0988633232943583E-4	2.2835957134064537E-4	2.411016748138396E-8	0.0016366326431185017	5.088682115913874E-5	2.537945643458828E-5	0.0018747562095669675	7.847086000377405E-4	0.0012686756840449521	1.2909978580056692E-5	1.2787121232902813E-6	1.6581651700073625E-4	1.6931134645081076E-6	1.7570475572030873E-7	3.572730183535366E-9	2.8879273155817813E-7	6.7226529003476965E-12	4.863963761072852E-5	5.44675795944424E-5	2.2714922600554057E-4	4.6747817721451734E-5	3.8641199779534437E-4	1.717277908173237E-5	5.609710532350893E-6	0.0	5.609710532350893E-6	6.269142699344333E-10	3.2663339186397147E-10	1.8723862542356184E-8	4.5322642985216194E-4
1.5535036153819218E-6	1.2939503870733572E-6	1.6322758686486567E-5	3.8036978668643267E-7	3.2562580865905646E-11	1.0710496069592372E-6	3.364855097904025E-8	2.1359468868316105E-11	3.729257819092819E-6	1.451723762034181E-6	2.6507893826299815E-6	2.500616728042047E-8	3.661288757468996E-10	1.3333669899738213E-7	6.9080733083610315E-9	2.072038859476488E-10	4.572225614818147E-12	6.606528145358951E-10	7.134349944863641E-13	1.8820092695684536E-8	1.2962495810342524E-7	1.8395646003038247E-7	1.0628735657961144E-7	6.042401672717402E-8	5.399225859775713E-9	1.5578544763101614E-8	0.0	1.5578544763101614E-8	1.9802232799073117E-12	7.386927723029882E-13	1.995992809950787E-9	3.960745633773796E-7
0.18168173660159806	0.013245017392467147	2.4592007929715885E-4	0.01594574266057908	2.0326673900439696E-6	0.00713809441458125	0.0013501560484014891	1.194544861450545E-7	0.1967852438452784	0.18432066085585655	0.33338417757015454	0.0024299706012644857	4.435603763537937E-6	0.00373793801854932	7.371545160848555E-5	7.243132152386531E-6	1.0266258098891087E-7	1.2565244154773177E-5	1.7737828622553652E-10	7.616688737442876E-4	0.0015788886613413364	0.003522812469009778	0.0020601457774209095	0.0019518236118994626	2.800071038709974E-4	6.293074248289525E-4	0.0	6.293074248289525E-4	8.533682154434327E-8	3.613679725750678E-8	4.935086673888756E-7	0.00645858894432567
0.18030361161697367	0.008221686683932528	1.1737896061851796E-4	0.011078195625507185	8.714235738761946E-7	0.004485906209161458	5.391362203687923E-4	1.000870398712134E-7	0.10248377948316564	0.025169783825640658	0.046796136124423814	3.9656049745696403E-4	2.3850783093854197E-6	0.0015863612064026431	4.952671201211289E-5	3.551057025207659E-6	7.314803981424038E-8	7.055833551309895E-6	8.321802284143167E-11	6.215088118893085E-4	0.001032691958330743	0.0018813074807619307	0.001112247767937631	8.702857700386618E-4	2.3172518852171452E-4	2.229371895707725E-4	0.0	2.229371895707725E-4	2.7535342266202872E-8	1.012621051512695E-8	2.3103239137986105E-7	0.0036807123032337867
0.1702445577468067	0.00991909394500864	1.56787777650888E-4	0.012412746871486836	1.218905568628603E-6	0.005310972882224958	9.254066099596815E-4	1.018958032725251E-7	0.1412311676172302	0.1732916400402677	0.15063108512926804	0.002946794979009522	2.996562570258712E-6	0.002319697203870564	5.6368370495176056E-5	5.006784267278673E-6	8.243573093475966E-8	8.711686998420495E-6	1.1184122400498131E-10	6.379371022365226E-4	0.001212774608363016	0.0023769670204324277	0.0014070736256026825	0.0012734805881071032	2.3575855418335028E-4	4.2376512608111863E-4	0.0	4.2376512608111863E-4	5.7234087924020645E-8	2.141360420165411E-8	3.1081941734624756E-7	0.004484631474799609
0.0018433816698224124	9.911969501404672E-5	1.5690802162287046E-6	1.2753888157537532E-4	1.2208950398583444E-8	5.3689919848028856E-5	8.090610213936168E-6	1.078399420759194E-9	0.0013392209019420743	0.0018777159285622174	0.001514380111277799	9.393478840136638E-4	3.0285017054253795E-8	2.2504607832889452E-5	5.772025763957254E-7	4.7553857501329844E-8	8.373074301203389E-10	8.807572610937752E-8	1.1203687049334636E-12	6.75022145855658E-6	1.2199904890253804E-5	2.3967029905261938E-5	1.4123448568143642E-5	1.2131646758802557E-5	2.503989705173509E-6	3.581169016075359E-6	0.0	3.581169016075359E-6	4.685271563653482E-10	1.8341692879205062E-10	3.113362435653387E-9	4.561794342171716E-5
1.2003457771639177E-6	1.842304517072992E-6	4.413474764594962E-9	6.484117755273626E-7	1.9918831980280772E-11	2.9435419640223166E-7	2.9783626468448104E-8	3.4661260118909826E-12	3.3506978228309777E-6	9.15941182181097E-7	1.7218139191332315E-6	1.4927416550975006E-8	1.692103131404926E-10	1.6646044501762273E-7	1.967894494897043E-9	3.467373350240206E-10	3.053749387716411E-12	1.6631671466122052E-9	3.993383787741366E-15	3.617390274239789E-8	2.0799851587937626E-7	2.851851870897513E-7	1.3102426010820368E-7	4.539042301816549E-8	8.615460547922925E-9	1.4136166689978078E-8	0.0	1.4136166689978078E-8	1.1131766260935477E-12	4.089520835683965E-13	1.0545687052374957E-11	5.326473603178223E-6
0.002097124129823108	0.004591170136684053	1.1127755549044262E-5	0.0038014498897556187	9.201970412824534E-8	4.633455873887115E-4	5.5342838840062624E-5	4.909594745526468E-9	0.005241043345806645	0.0017197353562887505	0.003279931997978118	2.9379213171089248E-5	2.993526076943597E-7	2.1649815749714084E-4	8.338211867369568E-5	4.357313286672952E-7	1.133103303326206E-8	2.162808788296073E-6	6.239768003327081E-12	4.536395408265876E-5	2.484440002324184E-4	0.0010528531784797228	2.0422164275143463E-4	8.477591878329216E-5	1.3100747200909683E-5	2.6469116538224366E-5	0.0	2.6469116538224366E-5	2.5308399933195106E-9	8.818448079385552E-10	1.6709338275636707E-8	4.1109726343946905E-4
2.2653544261785492E-4	1.1788327905820025E-4	8.075885494056695E-7	2.6269895760380226E-4	6.534830311170162E-9	2.720910413753783E-5	3.835867521021716E-6	6.150666946477821E-10	0.0012669246014677833	2.526504914129765E-4	4.8280943908493183E-4	3.7837592012802487E-6	2.040443777984661E-8	1.160663884626815E-5	2.019097631907563E-5	3.2456393201167326E-8	4.92434153532925E-10	3.9856546903508675E-8	9.302531121724884E-10	0.002203945698439559	4.875529425794985E-6	1.1485493939844329E-5	4.966035564121144E-6	6.049683860274938E-6	5.539029135790245E-7	1.7998368367820817E-6	0.0	1.7998368367820817E-6	3.7361996181470034E-10	8.85842708530819E-11	2.0110046576174598E-7	3.0419851668780995E-5
9.461095604459885E-4	3.625889128255642E-4	1.231291761357846E-5	0.0038285407284032245	1.4195554194390848E-7	0.012650993652167692	2.481295810578851E-5	1.351793329477285E-9	0.002429582293139435	8.917226914767225E-4	0.0017746499655779484	1.58866633652326E-5	2.1613549792471505E-7	1.1857871712761454E-4	2.337121485876294E-6	3.7490642714307315E-7	1.9440894831376824E-9	5.261958659104872E-7	2.160994934270693E-12	7.5230335564733635E-6	3.787952150215841E-5	1.6912715376757548E-4	3.616920306107015E-5	5.087334426229823E-5	5.732587630246455E-6	1.1006624165275589E-5	0.0	1.1006624165275589E-5	1.7314035697366944E-9	5.241619285881564E-10	5.98315324210891E-9	2.9842347618038714E-4
5.647010756216137E-8	4.543005464570885E-8	2.6932205112080547E-10	1.4044035850402254E-8	1.2501161333487197E-12	1.8884961907176294E-8	9.500721301151861E-10	2.4032159495470298E-12	1.7415710767087453E-7	5.2274365191905144E-8	8.950582390068474E-8	8.298743693940951E-10	5.608633272512175E-12	3.3025910384857623E-9	2.9096040763721334E-10	6.057835195955899E-12	1.475011616821553E-13	3.293223050323237E-11	3.7458071795469985E-16	8.753509567594357E-10	4.6933121936678055E-9	6.0977146197055915E-9	3.842979522878731E-9	1.5479679491840055E-9	2.1558172287079406E-10	4.4789368494787647E-10	0.0	4.4789368494787647E-10	4.40303731306496E-14	2.0240363251396618E-14	1.0370549273518204E-12	1.665920762480472E-8
1.7667728088279667E-6	4.3780776069061854E-6	2.36073047992571E-8	1.0936770033218458E-6	3.432033356562861E-11	5.117006526127849E-6	5.89869965194164E-8	7.222492644745996E-11	4.728813716183101E-6	1.3220583366259136E-6	2.5169021864031255E-6	2.1808576564003546E-8	2.8584316180296734E-9	6.800018917019099E-7	9.984602824539696E-7	7.038110777259602E-10	1.4128853154260233E-11	3.052953654648179E-5	1.144793982380056E-5	4.28609461607688E-8	3.854662700069599E-7	8.597761727896433E-7	2.8607953809243554E-7	2.331673738113545E-7	1.3175810522817621E-8	1.956402310213384E-8	0.0	1.956402310213384E-8	1.724157706520627E-12	6.15793063772056E-13	3.349606216314405E-11	2.2625479392431547E-6
1.6169856429959752E-7	4.3572840775696697E-7	5.887678700347812E-6	1.0360912422724286E-7	2.8185518561533083E-12	5.344734150253559E-7	5.556798052035281E-9	9.555076880666224E-12	4.2913986896395106E-7	1.1846783855685773E-7	2.268579447526313E-7	1.9545182168551035E-9	2.584986809168395E-10	6.126205963568207E-8	2.2099294453419974E-9	6.411728675299332E-11	1.4506181322928048E-12	1.7897599738581722E-10	4.3325467620604585E-15	4.480438399385769E-9	4.264419689852837E-8	8.037828311496036E-8	3.1524245990062196E-8	2.118382770262853E-8	1.269891144451796E-9	1.883183926680178E-9	0.0	1.883183926680178E-9	2.465128240213522E-10	5.5402068075103063E-14	1.2057896581369843E-11	2.182473636026979E-7
3.5404991732046687E-4	0.005488084295376811	1.0505902921092284E-6	1.1236066529648177E-4	5.472643952814404E-9	6.476298358579675E-5	7.695170847198447E-6	1.290706156676012E-9	0.001548933296541716	3.2191936326378547E-4	6.127026126219891E-4	4.880278668529521E-6	3.437464714559714E-8	1.935972578689086E-5	4.950019337822008E-7	5.126464576642805E-8	9.273766704209196E-10	3.467885932043593E-7	8.529426334133351E-13	0.0022114145875865034	1.0287958936899614E-4	5.9848844923191796E-5	1.625724477907521E-4	1.0370099608631265E-5	1.9192937017356527E-6	3.7253003294466354E-6	0.0	3.7253003294466354E-6	3.3029874073738867E-10	1.1684509782214098E-10	2.2575843874406315E-9	5.2392470102989965E-5
0.0018159511029391757	0.001022699032374384	1.2572923946118498E-5	8.727069831569732E-4	7.563588976513113E-8	4.050443217545841E-4	3.410055930912488E-5	3.7552742308765184E-8	0.00712946995006422	0.0018358465579169547	0.0034262764278802957	2.9358023060727782E-5	1.720608410179394E-7	4.032413467425921E-4	5.909995512813316E-6	1.262890737826734E-6	2.488853280880629E-8	6.336374678030701E-7	7.1562769378915934E-12	4.900288786724917E-4	1.0024233249553362E-4	1.9950312530557502E-4	9.014056920946067E-5	5.094336668155886E-5	7.147377536364657E-6	1.6265211339961923E-5	0.0	1.6265211339961923E-5	2.134267968651275E-9	7.744384958100035E-10	1.9858022917861583E-8	4.3220662127601433E-4
0.001689891898049607	0.0013283215886494004	4.860975562221315E-6	4.32169297510096E-4	2.292449574145382E-8	0.0017731582609724083	4.473071156895045E-4	5.9812916480012176E-9	0.003165168470879183	9.755825384855986E-4	0.0018639493222368186	1.6474303295654144E-5	1.592268384330986E-7	0.004341261660643381	2.675843620199757E-6	2.310701345377449E-7	4.240922862335941E-9	3.2791441786370154E-6	3.969198610426091E-12	6.09256785345764E-5	5.086651258532895E-4	2.0736243460778436E-4	0.0037327531088163944	2.0707297936264086E-4	1.8361736770242058E-5	2.4074003533237237E-4	0.0	2.4074003533237237E-4	1.353686786062234E-9	4.845374339183916E-10	1.0681398514208976E-8	2.3742438199988425E-4
0.0013169750099574983	2.378485260895988E-4	3.294304645623599E-6	1.968417456019397E-4	2.5769376048498868E-8	1.1409054332658438E-4	0.0016160845869493418	3.1587042603475435E-9	0.0036330298069013616	0.0013221336514381147	0.002615010990663653	2.3446538323823837E-5	5.9040344592237425E-8	5.671085103862976E-5	1.0929395884271462E-6	1.5265269188535097E-7	2.4074835259615114E-9	1.9179657048959792E-7	2.4146188567605017E-12	0.002232798708852199	2.6670565537883627E-5	5.04297779497526E-5	2.9882118920620102E-5	6.208120404909307E-4	2.6994105515305596E-6	8.756210017831664E-4	0.0	8.756210017831664E-4	2.200455606648275E-9	7.565201750965043E-10	6.7081241410178305E-9	9.403348954733197E-5
8.729926773250748E-4	2.1186436906711604E-4	3.2949377897980124E-6	1.4026312394624163E-4	2.853658083333474E-8	1.1602646214154883E-4	0.0014006596594404073	6.033145710995273E-9	0.0019586270449370876	8.763992300629277E-4	0.0013451901537150962	1.423290012310245E-5	5.6745807195463763E-8	4.739573516941717E-5	1.1538337349984675E-6	1.3841735958420214E-7	3.495153207296614E-9	1.8388677816331955E-7	2.574246433558893E-12	6.441989666555236E-5	2.2045081395699398E-5	4.850032634155405E-5	2.7509324360662506E-5	4.569368602327132E-4	2.2149498322742435E-6	0.0011836047309018826	0.0	0.0011836047309018826	5.399288970484435E-10	3.3907904614023494E-10	7.161122230162735E-9	1.0648745097318847E-4
7.344798801794943E-5	5.527552427734189E-5	6.08956671808798E-7	7.16792300653975E-5	2.022293241996399E-9	9.757361344509888E-6	1.6775436582045021E-6	1.0571485291990027E-10	1.8317433639017207E-4	6.838993391035122E-5	1.3056476913701637E-4	1.1962146720406084E-6	5.664616013252814E-9	3.417051737913587E-5	7.980166101197868E-8	6.336331206514458E-8	2.3138521660008437E-10	3.3569001362264356E-8	2.9806456022924633E-12	9.029412617812322E-7	5.659915721163888E-6	1.4138486884345936E-5	4.617799458550616E-6	2.117568086161498E-6	3.941416656790276E-7	8.248852835205999E-7	0.0	8.248852835205999E-7	1.033278724876145E-10	3.712120877503062E-11	8.328601413224856E-9	7.559897376136998E-6
1.988296488294145E-4	5.522506048933496E-5	7.400483661830984E-7	3.3892376314598034E-5	6.2822318419467655E-9	2.6371630357703537E-5	8.891252858465174E-4	1.313074704231403E-9	4.7421717049674463E-4	1.9905414349630454E-4	3.0979729106543657E-4	3.2206969299566345E-6	1.3096365136523719E-8	1.1019007724441975E-5	2.562025000920909E-7	3.147795584040704E-8	7.664033717860192E-10	4.853062686907695E-8	5.773317802189735E-13	1.4062463489502637E-5	5.813300264689627E-6	1.2023486643961995E-5	6.6458000295312124E-6	3.340042755727442E-4	5.305131651390477E-7	0.0011543764377124515	0.0011533034778271171	5.777238399027002E-4	1.2744811345767715E-10	7.677644643978744E-11	1.6030674825954904E-9	2.415772997927938E-5
5.9690273248848406E-5	1.6595934255819093E-5	2.2296729811679362E-7	1.0186826538976356E-5	1.8854189838061524E-9	7.940042540248564E-6	2.6673804333075595E-4	3.9432591274013566E-10	1.4236454810224574E-4	5.975196536840751E-5	9.300930341249218E-5	9.668387504757811E-7	3.949667586529054E-9	3.3149800866137063E-6	7.691151038438108E-8	9.458723300616895E-9	2.3003652840541482E-10	1.457305345246899E-8	1.7331317803492623E-13	4.219142229405755E-6	1.7468593304737356E-6	3.61282217012014E-6	1.9960785539825797E-6	1.0020302748022483E-4	1.5935731843698846E-7	3.2233035218237187E-7	5.341176112356273E-8	2.886486292570582E-4	5.548658034132632E-8	1.7575684821180113E-9	4.812336714444685E-10	7.261139586951707E-6
1.8888739640533021E-4	5.246359360171116E-5	7.03043081981565E-7	3.2197626248118315E-5	5.968095921439048E-9	2.505294671371702E-5	8.446655783503469E-4	1.2474158840403125E-9	4.505044755306194E-4	1.891006654695035E-4	2.9430622679909755E-4	3.0596496110702334E-6	1.2441496163048803E-8	1.0468014666292339E-5	2.433913829242363E-7	2.990393614765987E-8	7.280802352426194E-10	4.6103907587158515E-8	5.484629554477363E-13	1.3359285857091006E-5	5.522612739017199E-6	1.1422265749916984E-5	6.313484291699403E-6	0.003056391442283494	5.039854524303782E-7	1.0193077359516292E-6	0.0	1.0193077359516292E-6	1.210752142324883E-10	7.293732679529487E-11	1.5229079004675763E-9	2.2949749927708054E-5
9.391665949558025E-8	2.4648450657134E-8	7.594715708141351E-9	1.320675979753707E-8	1.7419674105679755E-12	2.500356125856345E-8	8.713757431815489E-10	3.282719591803378E-13	1.1806359341717245E-7	6.100741070506186E-8	9.355755397780728E-8	1.010135723078743E-9	5.7748895501411803E-11	5.7234572007636394E-9	1.3915927844845754E-10	7.287225094254965E-12	9.490756394994895E-14	1.6394287469311878E-11	3.051219859914242E-14	5.38085246070524E-10	2.569219842870111E-9	6.23556698979885E-9	2.699981461070688E-9	2.2804695026698705E-9	8.839330297633126E-10	3.602677511627356E-10	0.0	3.602677511627356E-10	4.460821896355357E-14	1.6769430492178725E-8	8.53694963543422E-11	1.4007912537274662E-8
1.712241018390014E-8	7.72006552481271E-9	1.1498317369374975E-10	4.998723559791872E-9	4.579361884915911E-13	1.3313776119498504E-8	2.9568386173593854E-10	4.8877049336271604E-14	3.060519544908379E-8	1.578675584659284E-8	2.439466809943647E-8	2.6218669268972825E-10	1.1407145703663579E-11	3.0125941002255993E-9	1.7905001412557238E-11	3.199453750734541E-12	2.593699269043411E-14	5.904735597514521E-12	4.639817533755733E-17	1.7156735629209483E-10	8.360310452357397E-10	3.4213702146612033E-9	7.753040663886338E-10	1.095576834610728E-9	6.524117518131552E-11	1.0261948150136666E-10	0.0	1.0261948150136666E-10	1.1052136273290746E-14	6.575871940476911E-15	1.2799320728442094E-13	8.350990959369587E-9
2.10843750811526E-7	1.9729249038848403E-6	7.597335994711252E-10	1.0049819069509791E-7	2.374883579698883E-12	2.3496260259632909E-7	4.123732744771431E-9	1.1113763897248723E-12	3.3456450878070354E-7	9.882852934704246E-8	1.8918076988468924E-7	1.6555006814645705E-9	1.6560342343993256E-10	5.441956278837404E-8	2.4265546664811004E-10	6.327017233089188E-11	4.952509597732923E-13	2.088677097191975E-10	1.746850117618327E-10	4.4887863943533254E-9	2.8259539590392147E-8	7.554603046747814E-8	2.018707968337612E-8	7.705556677343476E-9	2.729262916228607E-9	1.875101236602392E-9	0.0	1.875101236602392E-9	2.197230225306709E-11	4.812114488652115E-14	4.887737928101341E-7	7.200862947263193E-8
0.0037926227707380787	4.282047806000867E-4	7.165700705499886E-6	5.319979530393513E-4	5.321061607708793E-8	2.191233437664562E-4	6.004903402323463E-5	2.925985866753345E-9	0.022103340887175933	0.0043334139685863166	0.008281003150547344	6.449485458699283E-5	1.2953924102634424E-7	1.2166968386608749E-4	2.136017180141363E-6	2.57795795574142E-7	3.049879343008092E-9	3.6983232048951836E-7	4.853164570875992E-12	1.8278527669512892E-5	4.962126913937835E-5	1.0007484099816934E-4	6.582213983359728E-5	6.750891185975332E-5	6.548893621761843E-6	2.981299118178873E-5	0.0	2.981299118178873E-5	4.2339872042909805E-9	1.4853729355400951E-9	1.3493671160627744E-8	1.8581563848076078E-4
