32
NULL,open@__open_nocancel,fstat@_fxstat,mmap@__mmap,read@__read,munmap@munmap,open@__open64,close@__close_nocancel,rt_sigprocmask@sigprocmask,exit_group@_Exit,rt_sigaction@__libc_sigaction,sched_yield@sched_yield,mremap@mremap,time@time,read@__read_nocancel,mprotect@__mprotect,madvise@madvise,lstat@__lxstat64,openat@__openat64_nocancel,write@__write_nocancel,syslog@__syslog,getpid@getpid,writev@__writev,close@close,stat@__xstat,socket@__socket,fcntl@fcntl,connect@__connect,getdents@__getdents64,lseek@llseek,getrlimit@__getrlimit,write@__libc_write
0.40062774377616345	0.01584709230458054	1.7060312565372884E-4	0.011630595978723983	1.0654878864025898E-6	0.009455338293964735	0.0010750648368243847	9.223762305222322E-8	0.2672950255246081	0.0651492546190286	0.12181570396638072	0.0010217484732373255	4.279670967097549E-6	0.002762874087421627	1.0170120946386113E-4	5.896363578560995E-6	8.986473852127924E-8	1.0845980505321905E-5	1.0324249937257484E-10	4.4316803831074013E-4	0.0022293338517335977	0.0027100454597296453	0.0017105565398283923	0.0015090191601368466	7.225730487361712E-4	5.166719027192965E-4	0.0	5.166719027192965E-4	7.054375564136166E-8	2.6155501367358192E-8	2.857649214888429E-7	0.0059871200165439765
0.002734178164354229	0.010369231607063293	5.073791832149858E-4	0.006436191661519492	1.624354924401055E-7	0.003252553980632512	8.923658356057475E-5	2.704595246304074E-5	0.013694780680982604	0.0037303313326856468	0.00693991714143029	6.0081718751848596E-5	5.981572381352372E-7	5.248819936180551E-4	0.00503602118466172	1.8374487437866383E-6	5.202883178181006E-8	2.927499597478586E-6	1.2255003509720905E-9	4.3320008084506265E-4	0.020049317658388844	6.266600812725347E-4	4.19068130709583E-4	1.5217641779367838E-4	3.725343975473524E-5	4.146399753385669E-5	0.0	4.146399753385669E-5	4.609139754333891E-9	1.6179538991641013E-9	2.661677966575911E-7	0.0011470664775765048
7.805138438900786E-5	6.709383654662134E-5	2.191414885915527E-6	1.264012485697377E-4	2.3558698929225654E-9	5.851511581915591E-5	3.527996451794194E-6	7.650675921448535E-10	2.8715226273755376E-4	1.108336370217281E-4	2.056051192125447E-4	1.9118557671979677E-6	1.573039894588168E-8	7.751104930741009E-6	1.0079592948543712E-7	1.4883565579961161E-8	2.1701619395546018E-10	4.687137025531738E-8	7.729359427678269E-13	1.3011290304392685E-6	7.22497243618264E-6	9.758787082442177E-6	1.4091829928993999E-5	9.26324087363991E-6	4.2590512213667117E-7	1.724320633718576E-6	5.706463663659131E-7	1.724320633718576E-6	2.1414443563223053E-7	6.751586488089105E-9	2.148464846546385E-9	2.2722817261420587E-5
0.0016010470999765674	0.0037633514294777015	1.9416501677903638E-5	0.030286818442729582	1.453251655533371E-7	0.04118624796956887	2.2779989861547084E-4	8.529869500872691E-8	0.006670670699520295	0.0019200303153263042	0.003646070651058412	3.167740408497426E-5	4.2413853476326167E-7	2.3285844159812787E-4	5.312523481798827E-6	0.009214258353094319	1.870687369502497E-8	2.9756633619497617E-6	1.4281391253259368E-11	1.8610389263643934E-4	0.002083282715506682	4.3266531457528324E-4	0.0017889535789209672	1.6256538663463835E-4	1.990031688230542E-5	1.1903421356775086E-4	0.0	1.1903421356775086E-4	2.679530543528864E-9	9.055863159895969E-10	3.931755650001866E-8	8.908894694080195E-4
1.4317551496335937E-7	8.944995707143524E-7	9.132967610627852E-10	8.84533029157649E-8	3.780660366258577E-12	4.624124107937625E-6	5.036322556977262E-9	5.009626218921991E-12	7.038762913165429E-7	1.7614990450182686E-7	3.2388031456054304E-7	2.757496110973955E-9	2.687774369073241E-11	1.4332063651214071E-8	4.224793787857412E-10	3.055289303256941E-11	3.3055941950601604E-12	2.5074288342955334E-10	1.09714844921709E-15	6.499639054770775E-9	8.410597710896324E-8	4.314273686293332E-8	6.249453760704888E-8	7.170440227831877E-9	1.4428427258091994E-9	2.4220306843083614E-9	0.0	2.4220306843083614E-9	1.8177625139432088E-13	6.949286750917089E-14	2.977663047491412E-12	5.5350478975007194E-8
0.0030970017740370873	0.004129820959994094	4.229161626991291E-5	0.011280764833371332	2.731697245359928E-7	0.011620872710014798	1.1029077643091128E-4	2.4061327151941674E-7	0.01544808540414008	0.004401439441003138	0.008170327238529763	7.157486659944531E-5	4.253236369323459E-6	0.001013827957372927	2.8556539533154016E-5	0.017199737328610104	2.327699024925388E-8	2.3045137244349357E-6	4.73966575357727E-11	1.2188694221390835E-4	0.0011872093891406176	0.0015342026467771923	4.4225167317637034E-4	2.0945459788153733E-4	2.1251454009832323E-5	5.0084378049047596E-5	0.0	5.0084378049047596E-5	5.508620575545236E-9	1.962864265361029E-9	1.3204736849533576E-7	0.002746850507347551
5.902435311823723E-4	5.699581724863722E-4	1.1620923581473948E-4	2.438824142746094E-4	2.5780993784781775E-8	0.0017338278676914847	5.405938119992623E-5	2.698862386313943E-5	0.0020358841668204103	8.493164656982675E-4	0.0013740366286570957	1.389252393084871E-5	1.3543920410224586E-6	1.7613423140307635E-4	1.8027384525421365E-6	1.873580056813491E-7	3.804492953997413E-9	3.0774564465748414E-7	7.1528465998983976E-12	5.17690743960486E-5	5.7918133733441805E-5	2.4103987902927729E-4	4.97633356929024E-5	4.0730080417549245E-4	1.8367449429385738E-5	6.035448305200697E-6	0.0	6.035448305200697E-6	6.768091753802982E-10	3.5094397668972517E-10	1.992197964037952E-8	4.810760443817476E-4
1.1126572450972696E-6	1.3795754379235863E-6	1.730139628607325E-5	4.0802073342986343E-7	3.4946255320671476E-11	1.1407461949224881E-6	3.6073547111030164E-8	2.2742514000891327E-11	4.049379648724503E-6	1.5725498720743327E-6	2.867137417880918E-6	2.692060587883391E-8	3.8999828558141265E-10	1.4252714554185652E-7	7.366868066657928E-9	2.2203219793607134E-10	4.887385848450377E-12	7.056879238634626E-10	7.590343623524673E-13	2.0151299607678402E-8	1.3835626187707024E-7	1.9633717083204631E-7	1.133972599330957E-7	6.43260417322833E-8	6.254219698817042E-9	1.6711697214376787E-8	0.0	1.6711697214376787E-8	2.1255166916296242E-12	7.927759945409491E-13	2.1235663881676115E-9	4.2278860007299745E-7
0.13068077350019047	0.014671499882488285	2.6737991955656424E-4	0.017447458895957668	2.2057860725543674E-6	0.007936640389894096	0.0014792203200192629	1.3101319221915918E-7	0.21984067709801774	0.19985331613439403	0.3610013564130295	0.0026288076800073334	4.879658784161346E-6	0.004084910122192644	8.205075451032709E-5	7.941472303987502E-6	1.1282186917823048E-7	1.3780500258024379E-5	1.9299470796656895E-10	8.30039595463036E-4	0.0017598059420687784	0.0038523352467627037	0.002257552277976046	0.0021283674742481463	3.337159486703251E-4	6.899932191007079E-4	0.0	6.899932191007079E-4	9.358493167164444E-8	3.946171613665178E-8	5.369098312096154E-7	0.0071084264569805
0.1288472255944345	0.009270248601532655	1.3042069619718472E-4	0.012188782814269081	9.648556495442056E-7	0.005089727265947035	6.114418774405343E-4	1.0969725876633861E-7	0.11860210469025237	0.029264341606508315	0.054337808872633606	4.587741292714972E-4	2.685350153488981E-6	0.0017851034603559033	5.602649237631543E-5	3.985331012434566E-6	8.089226073657626E-8	7.869099543969173E-6	9.222379196392522E-11	6.764953286602411E-4	0.001171754881012234	0.0020936331442546943	0.001241715434037906	9.754962027791717E-4	2.7877773266531087E-4	2.554092667268612E-4	0.0	2.554092667268612E-4	3.1790678704825763E-8	1.1698026796487317E-8	2.560133093750002E-7	0.004127370701852583
0.12218943847314155	0.011083058223303454	1.723679681183657E-4	0.013636648101633023	1.3363731090414258E-6	0.0059672211571629215	0.0010234675182923248	1.1188266876329782E-7	0.15984700290165682	0.18746279748802472	0.16566585196621242	0.003173508865494414	3.337213224744895E-6	0.0025673927611003814	6.330872335451042E-5	5.540655871261226E-6	9.09329352353166E-8	9.642887795113515E-6	1.228663684555355E-10	6.958872866155626E-4	0.0013636320410769789	0.002624191139735966	0.0015570237559145526	0.001404445773853926	2.8301159851768323E-4	4.694852603998064E-4	0.0	4.694852603998064E-4	6.343810912201375E-8	2.3718182817703283E-8	3.4142862839443477E-7	0.004987654054307716
0.001323137602732317	1.1124940971907502E-4	1.7307475964302649E-6	1.4039184958286962E-4	1.3422168817225052E-8	6.058612938016583E-5	9.036269958110092E-6	1.1851890836872688E-9	0.001529379123840607	0.002031347749233881	0.0016700983581947086	9.993426305507122E-4	3.3850396552694917E-8	2.5031183697692435E-5	6.506061572380645E-7	5.2936415321201566E-8	9.261232668511454E-10	9.779245512871853E-8	1.234334262142994E-12	7.36891942030497E-6	1.3781322921662001E-5	2.6540423646984142E-5	1.568269038086103E-5	1.3455458607219673E-5	3.0110072610080684E-6	4.01548498913735E-6	0.0	4.01548498913735E-6	5.265773239620109E-10	2.054516757832957E-10	3.429732425335676E-9	5.089225796512146E-5
8.562489437831065E-7	1.962116897251082E-6	4.718479575834242E-9	6.922766779812051E-7	2.144871346855858E-11	3.145115735897146E-7	3.1921945957232554E-8	3.709639126048658E-12	3.6317930071958965E-6	9.962452332277472E-7	1.8689768108105537E-6	1.6145754092263552E-8	1.8087798047199298E-10	1.7771913426197783E-7	2.1036229532227696E-9	3.7017880456279266E-10	3.264770460963727E-12	1.7713507392824488E-9	4.276563763353147E-15	3.855621270822852E-8	2.2154431936473753E-7	3.0395896533192514E-7	1.3966282260889632E-7	4.839386935785283E-8	9.929892331507428E-9	1.515498917873821E-8	0.0	1.515498917873821E-8	1.2005594429421755E-12	4.4111569094906167E-13	1.1297427761020843E-11	5.665796873883759E-6
0.0014985967661290671	0.004888572103706935	1.1861395757867724E-5	0.0040477835577339295	9.83243375567433E-8	4.959676481606177E-4	5.9282240638224346E-5	5.266781166699657E-9	0.005691754857569506	0.0018678288223159178	0.003554070757358438	3.171144320842483E-5	3.1987240089141757E-7	2.314094106084026E-4	8.862257425341086E-5	4.6594503020881044E-7	1.2085305808027656E-8	2.3051446428695447E-6	6.68636738691235E-12	4.8428851623094904E-5	2.650541729188428E-4	0.0011209624718021116	2.1786655166336358E-4	9.035213612530854E-5	1.5016728673834955E-5	2.835864852270623E-5	0.0	2.835864852270623E-5	2.71954942006307E-9	9.48343710677196E-10	1.7909860998427783E-8	4.3993571489995496E-4
1.6278329197375513E-4	1.261030860363317E-4	8.634160613224223E-7	2.8012209019301625E-4	7.003545806563998E-9	2.9312123392530514E-5	4.1271023725805195E-6	6.588053177981695E-10	0.0013599347446741716	2.7335673285280024E-4	5.211948543407919E-4	4.076106402635265E-6	2.1878614256524043E-8	1.2474172646369461E-5	2.150639919633412E-5	3.4802976821114463E-8	5.279400908603186E-10	4.2895434209963044E-8	9.892742816881177E-10	0.0023437100262797455	5.278620113337814E-6	1.2339027591062024E-5	5.358481329472092E-6	6.47255655550738E-6	6.4309987782714E-7	1.9371213619732975E-6	0.0	1.9371213619732975E-6	4.004395111625051E-10	9.53578113929935E-11	2.139595736238947E-7	3.265628966845175E-5
6.773619933402724E-4	3.879406299624595E-4	1.3067156452897628E-5	0.004073409062050289	1.5114669275521234E-7	0.013454030171700498	2.654364260666197E-5	1.4543171632130445E-9	0.002633050650610556	9.651766702253925E-4	0.001915278363136966	1.708534563737089E-5	2.3012477362561552E-7	1.2651238679740553E-4	2.498349938418553E-6	3.9968145357768935E-7	2.0823053736154566E-9	5.614594026045656E-7	2.317451055122943E-12	8.08625016762813E-6	4.061166181681368E-5	1.8022105513364737E-4	3.8733630484440606E-5	5.399988453481107E-5	6.392647550489977E-6	1.1785998369390968E-5	0.0	1.1785998369390968E-5	1.8519936417149299E-9	5.614843533496829E-10	6.41636644679261E-9	3.1834767185651115E-4
4.0468822453188765E-8	4.845820728211391E-8	2.8728298715026533E-10	1.5069912271133E-8	1.3416801421515258E-12	2.016735808812555E-8	1.022470092426071E-9	2.5567151877626437E-12	1.88382441681166E-7	5.669111951165553E-8	9.704730185916299E-8	8.953216953202136E-10	6.007700598719897E-12	3.5435153571219965E-9	3.1041008732770535E-10	6.5102297725349805E-12	1.5781768836294389E-13	3.514026231299374E-11	3.9974241339422015E-16	9.359955589780934E-10	5.010441183915712E-9	6.514529186120276E-9	4.102582564539489E-9	1.655847377925653E-9	2.495170716022932E-10	4.821952162015664E-10	0.0	4.821952162015664E-10	4.763101690985611E-14	2.1816078512730698E-14	1.1067246579576223E-12	1.778630149852204E-8
1.2593158362263554E-6	4.6566414660825E-6	2.5007664255323775E-8	1.1666639631204301E-6	3.6870772625543355E-11	5.4414660895492285E-6	6.299442113490918E-8	7.683134092106028E-11	5.127864695998929E-6	1.4377931778237022E-6	2.7309749293000824E-6	2.3580825202204908E-8	3.0393648918038967E-9	7.240239195889602E-7	1.0608458750430642E-6	7.503807542050506E-10	1.5044386546022006E-11	3.246525453538816E-5	1.2173792482337176E-5	4.569932358935071E-8	4.101495751651189E-7	9.151241335110049E-7	3.043489964547704E-7	2.4645618992379885E-7	1.5173670658381632E-8	2.0978877397720134E-8	0.0	2.0978877397720134E-8	1.857314049216877E-12	6.637101307604291E-13	3.573553372478167E-11	2.4077915686707895E-6
1.1520465309775792E-7	4.6343154555662173E-7	6.2609759948272935E-6	1.1051067177819222E-7	3.0322787572727858E-12	5.683729141264276E-7	5.933872196817734E-9	1.0163402115794999E-11	4.655205023806456E-7	1.289070507779082E-7	2.4624925832944365E-7	2.114426693630231E-9	2.7486599098439986E-10	6.523268308725433E-8	2.3492402215389904E-9	6.836277824062945E-11	1.5445399724181534E-12	1.9061777468981228E-10	4.612648944268608E-15	4.774930733600803E-9	4.536403809794298E-8	8.555169958823929E-8	3.352482035864437E-8	2.2392202934957162E-8	1.4625555459958019E-9	2.0186275634187213E-9	0.0	2.0186275634187213E-9	2.621450875425861E-10	5.973656760301011E-14	1.2837450547315585E-11	2.3225202375627933E-7
2.536610293079297E-4	0.00584058777988487	1.1284572319743122E-6	1.2067866911873949E-4	5.909252297207563E-9	6.959305386617593E-5	8.276222179954056E-6	1.3826169709395193E-9	0.0016686989745817217	3.496211067505015E-4	6.639203649893902E-4	5.277239663905395E-6	3.6952808132405476E-8	2.084498916322654E-5	5.321881694959018E-7	5.5069030848035356E-8	9.939204819876251E-10	3.7081033380827E-7	9.178312014571746E-13	0.002351687495942628	1.0986733656226377E-4	6.405256390306E-5	1.735105307204645E-4	1.111431175698509E-5	2.224627938746924E-6	4.00639997745396E-6	0.0	4.00639997745396E-6	3.5665346690068613E-10	1.2625863134049562E-10	2.43026862964275E-9	5.6337576464485846E-5
0.0013026682595862224	0.0010922296553214493	1.3380550092459345E-5	9.324069797928426E-4	8.082411089552853E-8	4.334563847177823E-4	3.662902885556888E-5	3.996960835793768E-8	0.007681100679357434	0.0019876671337221486	0.0037026521321662626	3.1620931815772944E-5	1.8425457911120895E-7	4.297660949990545E-4	6.316203855617373E-6	1.3450841964062424E-6	2.6497643934826353E-8	6.77576959134044E-7	7.651889388727696E-12	5.212738734848378E-4	1.0725060323117158E-4	2.130532239106961E-4	9.636468471848081E-5	5.4451783349738053E-5	8.111654400030872E-6	1.747408487996861E-5	0.0	1.747408487996861E-5	2.2936445200566303E-9	8.324132657202939E-10	2.1233218203080833E-8	4.618076665568864E-4
0.0012016833037065307	0.0014201212032181167	5.235188704061064E-6	4.6463450770213344E-4	2.4811843670423458E-8	0.0018907870195937293	4.765832296391518E-4	6.410075318767611E-9	0.0034738572519475916	0.0010696735638327272	0.00203861114561363	1.79440858332479E-5	1.7145835351861512E-7	0.004617790031312726	2.8676788191937745E-6	2.4832001719250756E-7	4.5432769079127455E-9	3.4958850537448034E-6	4.273015714443988E-12	6.502981843341813E-5	5.422075269931985E-4	2.2202999782462265E-4	0.003974225814036151	2.2084087994575635E-4	2.1165277540618236E-5	2.564660375802741E-4	0.0	2.564660375802741E-4	1.4668068749710492E-9	5.253971020606375E-10	1.150251862601292E-8	2.554691990619752E-4
9.442820987792125E-4	2.5646106717830083E-4	3.5311737942550134E-6	2.1229925998850628E-4	2.7666079150909365E-8	1.233969916521683E-4	0.001718827377391952	3.383887850874459E-9	0.003931063681689803	0.0014297555699195044	0.002820094852182105	2.5196750744450436E-5	6.377094863900313E-8	6.0964069756656365E-5	1.184090727132424E-6	1.6373467293977083E-7	2.581905008341502E-9	2.065499465306802E-7	2.5945044027021935E-12	0.00237449263030468	2.8850683282457934E-5	5.427108083005554E-5	3.2171888672655775E-5	6.605039936209354E-4	3.1546330954076144E-6	9.312499019074561E-4	0.0	9.312499019074561E-4	2.3546987099070063E-9	8.100510896176198E-10	7.207670665888563E-9	1.01525121119205E-4
6.26955786798913E-4	2.2789554633923138E-4	3.519434950490383E-6	1.5135768432741472E-4	3.0530046533734966E-8	1.2485873059513703E-4	0.0014896933440152738	6.4338700028629406E-9	0.0021320153029126734	9.494874453326181E-4	0.0014601387456414953	1.5333986271468734E-5	6.100454664698183E-8	5.0873319378692545E-5	1.2433039986766698E-6	1.4826826543710574E-7	3.733206720674349E-9	1.9742003068727092E-7	2.7569949610572924E-12	6.859515066524584E-5	2.3803375027088295E-5	5.203108034098149E-5	2.9537624126937173E-5	4.8613887721799296E-4	2.5610132036964282E-6	0.0012587451753389694	0.0	0.0012587451753389694	5.870858858329776E-10	3.6512045148723726E-10	7.66927939733171E-9	1.1430932894195623E-4
5.262896724792711E-5	5.899441557507079E-5	6.478245443077573E-7	7.64066409052845E-5	2.167024630831134E-9	1.049512924857509E-5	1.7986816137020657E-6	1.1394466749510549E-10	1.9881250172038034E-4	7.411861262741729E-5	1.4116582156589567E-4	1.288229508935561E-6	6.0827136578934706E-9	3.6377842921410095E-5	8.604747927959822E-8	6.746838046582477E-8	2.4733189645446975E-10	3.5878586360922155E-8	3.172685962497505E-12	9.674803181263585E-7	6.047972858099596E-6	1.5092198843896513E-5	4.933235078778277E-6	2.26500053783115E-6	4.4372063610921673E-7	8.842652998646566E-7	0.0	8.842652998646566E-7	1.1081274713718856E-10	3.98300545285292E-11	8.865164149850496E-9	8.134244324170125E-6
1.4277808638826775E-4	5.9325068577537575E-5	7.906590594647324E-7	3.654612075396521E-5	6.723113683843951E-9	2.8382616950291466E-5	9.45567664047247E-4	1.40056930982421E-9	5.155315761478614E-4	2.1567621889162023E-4	3.362086654022986E-4	3.470408999714109E-6	1.4079386944041568E-8	1.182660279131671E-5	2.761680619812713E-7	3.372089630282818E-8	8.187857544081447E-10	5.204170146850396E-8	6.184485332462691E-13	1.4975622813570244E-5	6.264638058046506E-6	1.2891453237075836E-5	7.132546637379954E-6	3.552670272125561E-4	6.134406654865511E-7	0.0012275908058658916	0.0012264282852873978	6.143757498679835E-4	1.3847279389829526E-10	8.268420949889523E-11	1.7172079414720296E-9	2.59362478866456E-5
4.2863042815688115E-5	1.782785975194448E-5	2.3821409851258792E-7	1.0984265155331214E-5	2.017739978253361E-9	8.545221569951609E-6	2.836707937929874E-4	4.206008584669688E-10	1.5476746153535157E-4	6.474161029412354E-5	1.0093843721755367E-4	1.0418012114133616E-6	4.245995832110293E-9	3.5578717157020635E-6	8.290506117295491E-8	1.0132628321817143E-8	2.457592867803117E-10	1.562735430244486E-8	1.8565639567565148E-13	4.493119629930428E-6	1.8824589476486864E-6	3.873603934386761E-6	2.1422639720619714E-6	1.0658196370042449E-4	1.8426863766555013E-7	3.492306182809899E-7	5.679831533359043E-8	3.069567586172347E-4	5.900557143253176E-8	1.8693186333864805E-9	5.154984120914224E-10	7.795628693604373E-6
1.356386291500882E-4	5.63585854079172E-5	7.511230446054409E-7	3.471867318869428E-5	6.386931963893626E-9	2.6963376188980282E-5	8.982856190637299E-4	1.330535420524108E-9	4.897530009060698E-4	2.0489157272482916E-4	3.1939693013910344E-4	3.296875110311258E-6	1.3375363073365645E-8	1.1235226852351338E-5	2.623585894008332E-7	3.203472090100605E-8	7.778432958789625E-10	4.943941485971647E-8	5.875237115959806E-13	1.4226783678677774E-5	5.951381894867037E-6	1.22468306521099E-5	6.775891684193243E-6	0.003250261942439262	5.827662566175897E-7	1.1043900476223722E-6	0.0	1.1043900476223722E-6	1.3154861795717993E-10	7.854967882319515E-11	1.6313408943828664E-9	2.4639335052262996E-5
6.729072877056706E-8	2.6761844625583576E-8	8.106721447217378E-9	1.4387288970202674E-8	1.877333380835915E-12	2.6946816671206173E-8	9.54717981603277E-10	3.532375776216465E-13	1.318457717233747E-7	6.680269434576713E-8	1.0287792504900335E-7	1.099166053114048E-9	6.227945458046047E-11	6.174896878524878E-9	1.5040680574544117E-10	7.918804270559046E-12	1.03382826096332E-13	1.7817182208276393E-11	3.246424220019919E-14	5.858684954796973E-10	2.8015240446823178E-9	6.73310166765983E-9	2.931299437038205E-9	2.456364810020159E-9	1.0311904167534578E-9	3.9647871519970226E-10	0.0	3.9647871519970226E-10	4.9114931007558184E-14	1.7832691026945497E-8	9.083096345121412E-11	1.5112954715038866E-8
1.227105387876162E-8	8.25582121208062E-9	1.2213351187995855E-10	5.356878689329347E-9	4.90539429434685E-13	1.4177474489985444E-8	3.17850716127113E-10	5.2302122989746075E-14	3.351198346229581E-8	1.712064157703233E-8	2.6507990943446626E-8	2.8266013728442497E-10	1.2137289721076516E-11	3.2127420596534745E-9	1.9297507505616165E-11	3.422831192831382E-12	2.78740299103828E-14	6.315795671308709E-12	4.971162654424194E-17	1.840771034717964E-10	8.953343676131375E-10	3.6471802218978765E-9	8.297417902541872E-10	1.1615023486223165E-9	7.536374894293445E-11	1.1095763471522314E-10	0.0	1.1095763471522314E-10	1.2002654319768035E-14	7.081126277776391E-15	1.3713779136593067E-13	8.900018771729453E-9
1.4973085690717076E-7	2.099722044981564E-6	8.174648146068102E-10	1.0774302885867017E-7	2.5858162167145537E-12	2.5120398722231003E-7	4.452148903132006E-9	1.1912781291954898E-12	3.703090192803689E-7	1.0926134351022381E-7	2.0857762130647913E-7	1.817764267347872E-9	1.769769632425096E-10	5.816778667303401E-8	2.623204776619652E-10	6.77093133322208E-11	5.322360982196447E-13	2.2351705968292893E-10	1.8584297513590996E-10	4.81057570831028E-9	3.0251691401555605E-8	8.07823139748071E-8	2.1630939592006567E-8	8.255722775633668E-9	3.1461227697937702E-9	2.026165715512467E-9	0.0	2.026165715512467E-9	2.3379466854948577E-11	5.256734545246487E-14	5.199941015583052E-7	7.719745746886915E-8
0.0027267028867287656	4.6685511849784854E-4	7.725755218940317E-6	5.754423916585735E-4	5.7454162477327886E-8	2.3977741691864362E-4	6.466605723837565E-5	3.1915410299615292E-9	0.0237159306695525	0.004687080460379388	0.008936585495357665	6.946007216779873E-5	1.4094220243116323E-7	1.3153339536459312E-4	2.343029475767904E-6	2.7876777583217406E-7	3.314812970945392E-9	4.015934023124002E-7	5.247371222360432E-12	1.983953869233312E-5	5.4348957544511566E-5	1.0851572079628626E-4	7.130080907633658E-5	7.272432993831936E-5	7.743546228800698E-6	3.208783838315761E-5	0.0	3.208783838315761E-5	4.554381057619693E-9	1.598796676309032E-9	1.4588924047533556E-8	2.0241492230824358E-4
