32
NULL,open@__open_nocancel,fstat@_fxstat,mmap@__mmap,read@__read,munmap@munmap,open@__open64,close@__close_nocancel,rt_sigprocmask@sigprocmask,exit_group@_Exit,rt_sigaction@__libc_sigaction,sched_yield@sched_yield,mremap@mremap,time@time,read@__read_nocancel,mprotect@__mprotect,madvise@madvise,lstat@__lxstat64,openat@__openat64_nocancel,write@__write_nocancel,syslog@__syslog,getpid@getpid,writev@__writev,close@close,stat@__xstat,socket@__socket,fcntl@fcntl,connect@__connect,getdents@__getdents64,lseek@llseek,getrlimit@__getrlimit,write@__libc_write
1.0287002727729613	0.0018115775508726118	1.0553050542762008E-5	8.302777726056725E-4	6.110531697774395E-8	6.13877540573629E-4	6.811900987480046E-5	6.3790180109118345E-9	0.01500525043106506	0.0035979963165133307	0.0067658156398575555	5.717991553465626E-5	2.9854954076504636E-7	1.7805904775577595E-4	5.880884184423436E-6	3.848327876241556E-7	5.774959633415265E-9	1.5095359989320029E-6	6.857937161448587E-12	4.2309718230418706E-5	2.260639547832209E-4	2.9695262186590037E-4	1.5467198547338402E-4	9.79050925105072E-5	4.0056837606675585E-5	3.265240867159917E-5	0.0	3.265240867159917E-5	3.973897007364153E-9	1.4710483122770164E-9	1.86639052140956E-8	4.218699934072733E-4
6.291195216151896E-4	3.0140913688752675E-4	1.942058161318871E-5	2.2578542461089215E-4	5.674003921386406E-9	1.1383882491247556E-4	2.2169432179458947E-6	1.0430300200627385E-6	4.232561781261371E-4	1.1558279986515082E-4	2.1558711911571842E-4	1.892167899561674E-6	1.5487532366181696E-8	1.6808262416083687E-5	1.9412993639454662E-4	6.313985389756898E-8	1.898757548722329E-9	1.9534968846016153E-8	4.7108714202575104E-11	1.4804988136073676E-5	7.624473917054027E-4	8.711666671537235E-6	9.27478202139152E-6	4.006378638168745E-6	1.2284617134937451E-6	1.019929289309031E-6	0.0	1.019929289309031E-6	1.474790198003073E-10	5.1399403386936656E-11	9.854839278887634E-9	3.327083974839003E-5
1.322046598363056E-5	1.1116660233405949E-6	8.178881213721973E-8	4.514473768384273E-6	7.888619695685686E-11	2.0569734711567265E-6	1.1459907303383708E-7	2.698323839535709E-11	8.745937897260077E-6	3.631164705989619E-6	6.758115218529649E-6	6.428471197106833E-8	4.849885976673542E-10	2.407307551413043E-7	2.7760581877842226E-9	4.4315911814375915E-10	6.49930813595183E-12	4.1435239458320767E-10	2.716933207065999E-14	2.0945620510838816E-8	1.1306375584724855E-7	1.4312943322816468E-7	4.361195437975142E-7	3.267169871153668E-7	1.7989487716232395E-8	5.629122528868232E-8	2.201030444451095E-8	5.629122528868232E-8	8.25907010327673E-9	2.6017282844529205E-10	7.600178907507842E-11	6.992236618173726E-7
3.820637157064864E-4	7.93849377330196E-5	6.703366630515011E-7	0.0011537488830764967	5.23554950116891E-9	0.0015777966909145907	7.898213862482146E-6	3.188054928786294E-9	1.9220899202595279E-4	5.680083095515345E-5	1.086883757660712E-4	9.594875518117705E-7	1.1843577111551158E-8	6.844360999815744E-6	1.6977315870688524E-7	3.553966275862378E-4	6.499390451211912E-10	5.195455197170494E-8	4.549989917485663E-13	5.902297738216488E-6	7.298125932726754E-5	6.4897692000866965E-6	6.356735702478246E-5	5.0863632615106615E-6	1.5587139594208557E-6	4.161552394974293E-6	0.0	4.161552394974293E-6	8.451685222788159E-11	2.810620812964144E-11	1.2722425248587764E-9	2.7440543403615943E-5
4.7419802453959625E-8	2.4914986018301077E-8	2.009426398245778E-11	1.3402989563021486E-9	9.87426284981137E-14	1.7725854105124895E-7	8.48091352482023E-11	1.7854036654179458E-13	1.937654038567881E-8	4.747023359821958E-9	8.68195172217375E-9	7.477226137679933E-11	3.3217965708245344E-13	2.433462376905709E-10	1.177476294606275E-11	4.774715976035331E-13	1.1762609753455466E-13	7.335303747784722E-13	2.830351173449868E-17	7.002281429402788E-11	2.188672437746656E-9	1.9145005090208178E-10	1.7224873090195219E-9	1.065843868871455E-10	1.8643506184253852E-11	4.1752736125947994E-11	0.0	4.1752736125947994E-11	4.714669867703535E-15	1.8507477414535385E-15	7.907352808102614E-14	1.1205358366482228E-9
5.27299387539879E-4	9.968404538060786E-5	1.5438456990768026E-6	4.207750874491608E-4	1.0062705955023265E-8	4.404822345933497E-4	3.4216109740046246E-6	9.18128919332868E-9	5.035826949891345E-4	1.4432882426799752E-4	2.6879675976732324E-4	2.3877845496871445E-6	1.5931875088428092E-7	3.681412230402637E-5	1.0541100248741542E-6	6.634029856108146E-4	8.228430000818944E-10	3.322783227706472E-8	1.7255990310786721E-12	3.5335313570719528E-6	3.914039773129525E-5	4.9876753109767184E-5	1.2828378069766945E-5	6.87658463603416E-6	9.887750594886283E-7	1.5361040984930988E-6	0.0	1.5361040984930988E-6	1.8645369419417482E-10	6.619523910152487E-11	4.82751694016639E-9	9.89921059675816E-5
9.463276084209474E-5	1.237601861190303E-5	4.486615994189451E-6	7.022972214707998E-6	9.099390796219426E-10	6.550726404560604E-5	1.9474746215277788E-6	1.040957010310109E-6	6.178773803093141E-5	2.808008616618895E-5	4.4514040082847266E-5	4.678769041138831E-7	5.14140312845824E-8	6.38922177998037E-6	6.174882674842952E-8	6.352036088626642E-9	1.3411919759356063E-10	2.875147959295337E-9	2.5858218888653504E-13	1.8062695361485046E-6	1.1571517030445647E-6	7.75976714864642E-6	1.239835347428377E-6	1.5641609592843616E-5	7.348773401629263E-7	1.6558016641799366E-7	0.0	1.6558016641799366E-7	2.1399453685509098E-11	1.1809618887091758E-11	7.233976066282464E-10	1.7386796338486333E-5
1.9981683900268678E-7	2.8830206920968812E-8	6.709527199488612E-7	9.90005552387474E-9	1.1648189332667811E-12	4.072131385336401E-8	1.0569444408692452E-9	8.359608532068186E-13	1.2126055394873705E-7	5.1041965534934804E-8	9.304800218835873E-8	8.965016976590765E-10	1.3004487720823418E-11	4.5553094157558835E-9	2.668892244581195E-10	6.467079628830689E-12	1.5867300594648678E-13	4.34073325570981E-12	2.9170383802029976E-14	3.004138675323355E-10	2.6172879516297364E-9	3.731939348535506E-9	2.6498761155131052E-9	1.9815658594959327E-9	2.1857685367106327E-10	4.862325030784912E-10	0.0	4.862325030784912E-10	7.204717134740966E-14	2.6945146803351205E-14	8.16192949169091E-11	1.3413637542404055E-8
0.015180863944049596	1.7920730859864308E-4	8.19815594904535E-6	5.022651157806151E-4	7.28859248949309E-8	1.8667211295671387E-4	4.344739137980024E-5	3.747330352488645E-9	0.0056528835409152675	0.006888229301594289	0.012458316050288494	8.994088823199805E-5	1.2864045196495612E-7	1.2213052898944835E-4	2.0508329573947694E-6	2.2947873718354493E-7	3.1920867976234883E-9	2.0360072627051923E-7	6.02410530568451E-12	2.2849638793705284E-5	2.056090140386022E-5	8.509741766239698E-5	5.40694207549217E-5	6.296158705322595E-5	5.912682822531089E-6	2.0114205329002337E-5	0.0	2.0114205329002337E-5	2.8373321875673716E-9	1.237018396488215E-9	1.6851336398843722E-8	1.8960196995006942E-4
0.014931863444488084	8.112069076256073E-5	3.098669744027275E-6	3.3059618769945223E-4	2.635748966573691E-8	9.049034267686282E-5	1.1804986737729035E-5	3.143359079048622E-9	0.0019152494194792711	4.7093032800043323E-4	8.701213695405883E-4	7.465835207893894E-6	5.2829805436949355E-8	3.8166032631526564E-5	1.1267818524938176E-6	8.782159370155072E-8	2.1252857921184487E-9	8.078850242947017E-8	2.3658597121290547E-12	1.9417207405236568E-5	1.0080196297659583E-5	3.50859887883865E-5	2.280065044307044E-5	2.0910671667580066E-5	2.596848061261597E-6	4.208633136228713E-6	0.0	4.208633136228713E-6	5.197486566880236E-10	1.8955572771567357E-10	6.6168152146119E-9	8.810268093108691E-5
0.014121140328377312	1.2075765048870794E-4	4.7310973935634765E-6	3.8010781415291373E-4	4.063174441678273E-8	1.242442288895303E-4	2.7504383600323824E-5	3.1866181304060783E-9	0.00357625922757936	0.006517672603968368	0.005098947777320277	1.1210516009457715E-4	7.692935724485916E-8	6.790727816211465E-5	1.428976874234755E-6	1.4651697611924652E-7	2.49178593689881E-9	1.180638390825577E-7	3.509865544094519E-12	1.944396855012214E-5	1.438647354618403E-5	5.061731173983009E-5	3.29930863178016E-5	3.726889801842104E-5	3.611049068107686E-6	1.2384322942774084E-5	0.0	1.2384322942774084E-5	1.7465393540658606E-9	6.561838819960637E-10	9.817398143384798E-9	1.1934567011442839E-4
1.524383684844506E-4	1.1241471726039667E-6	4.614831996021503E-8	3.868150018855283E-6	4.002262263138314E-10	1.2051722888296414E-6	2.2053832517783957E-7	3.3708260211739576E-11	3.103844574627224E-5	7.066839865594363E-5	5.0499863533049055E-5	3.8434370771909836E-5	7.552328351255289E-10	6.331497036997534E-7	1.418203259999005E-8	1.3248951280488433E-9	2.4876018953035094E-11	1.170896525828241E-9	3.452272506292183E-14	2.0711515897487317E-7	1.3476071668952677E-7	4.999442009786275E-7	3.2235010848326644E-7	3.3829218728176163E-7	3.589792374619608E-8	9.366389169879633E-8	0.0	9.366389169879633E-8	1.2753843358431286E-11	5.13365388080677E-12	9.656179303315904E-11	1.187699244218401E-6
3.274009877934619E-7	8.23511150213396E-9	7.272816522237547E-11	1.1871382922409483E-8	5.035347503492991E-13	4.330125209865657E-9	4.554582442872445E-10	3.835022724868057E-14	8.770164416699575E-8	2.474551583470741E-8	4.653292578786918E-8	4.0997313363439206E-10	1.9297194222442377E-12	4.6542119337448815E-9	5.0343980616222396E-11	9.292293821495581E-12	5.611678185520029E-14	3.5897329069775346E-12	6.52890891245636E-17	1.8488279325345831E-10	1.083263716414588E-9	1.0739960849854169E-9	7.949313672034727E-10	6.56802470290674E-10	1.1497878417165922E-10	2.1853225218590117E-10	0.0	2.1853225218590117E-10	3.074113093440375E-14	1.1402238877527519E-14	1.8179797285510672E-13	2.1126833071537344E-7
4.406912299951467E-4	1.0770838323428493E-4	3.2554597611603315E-7	1.3805794361684316E-4	3.3605431614433765E-9	9.588837468379077E-6	1.3246726072959629E-6	7.60366525396563E-11	1.472586070071498E-4	5.2878167869499935E-5	1.0153930007278971E-4	9.290098919353006E-7	6.222878258867981E-9	6.207281334725135E-6	3.3796188177463556E-6	1.1824037575702072E-8	3.7855444964649984E-10	1.1456384733933568E-8	1.356713926349076E-13	3.0057580726204186E-7	1.2603406299288457E-6	3.0424088042673513E-5	2.8815422832471803E-6	2.001987050473191E-6	3.5454468671401193E-7	6.394508800277519E-7	0.0	6.394508800277519E-7	8.369075149774611E-11	2.8885904255450822E-11	3.7855591720392667E-10	8.129150657076686E-6
2.068732040664396E-5	3.8046050533718847E-6	3.029301544203092E-8	1.045579268822516E-5	2.525244345183653E-10	9.29351626976284E-7	1.3649519353702709E-7	2.305717682190712E-11	4.8642277983470437E-5	9.439236187202104E-6	1.8125818606830644E-5	1.4173103198714145E-7	7.326422099868836E-10	4.2036625460670155E-7	8.23443755648462E-7	1.207722284786094E-9	1.8367292980609686E-11	6.980754159343069E-10	3.81484100136519E-11	9.037653591858436E-5	8.202178829449041E-8	3.0784709917162577E-7	1.27940877569109E-7	2.178609854198626E-7	2.613391127480791E-8	6.389995187499225E-8	0.0	6.389995187499225E-8	1.4392571123263131E-11	3.2910201202014315E-12	8.228551969008112E-9	1.0969547706956507E-6
9.482657477923112E-5	7.782129990548264E-6	4.949622502243426E-7	1.5522087099706933E-4	5.749234222950999E-9	5.17932671559144E-4	9.049743738320362E-7	4.3685630803719054E-11	8.45381616388028E-5	3.249761788939458E-5	6.530809037594767E-5	5.907027732998471E-7	8.291991577427227E-9	4.563242560703209E-6	8.895728125790718E-8	1.4694038823332049E-8	6.965157630959697E-11	1.4973588766052842E-8	7.607139931688192E-14	1.6578225376510285E-7	7.534957163245185E-7	5.82478103194825E-6	9.90648383557263E-7	1.926496192091218E-6	3.795346368264744E-7	3.9758632724496814E-7	0.0	3.9758632724496814E-7	6.674190969948903E-11	1.9933939243243347E-11	2.1275640685642908E-10	1.1379482392277022E-5
8.47762340143508E-9	6.624946595242063E-10	9.023927017017454E-12	2.9989259656055193E-10	4.385770275974346E-14	6.244788476759385E-10	2.3787506020529183E-11	9.661415476605975E-14	5.824274592377812E-9	1.79297873835952E-9	3.0217916824536206E-9	2.8672275452918412E-11	1.359979271332363E-13	9.289979216426893E-11	1.1191530484060306E-11	1.526008707544789E-13	4.683953699594428E-15	2.1028288156425233E-13	1.3454512155657777E-17	1.2534556422431491E-11	5.89897301902233E-11	6.096666348586739E-11	7.430370288525962E-11	4.000450768234093E-11	4.835094115285141E-12	1.1197159472580749E-11	0.0	1.1197159472580749E-11	1.422597872488591E-15	6.904052770597549E-16	3.763055714387549E-14	5.481490299937927E-10
3.5915909040885156E-7	1.1175196540646668E-7	8.796284999141771E-10	3.0241980965144996E-8	1.0729413140869555E-12	2.0191988437288852E-7	1.6511999719222845E-9	2.863319440952216E-12	1.3851230829145212E-7	3.9906898773568154E-8	7.641685215696822E-8	6.706185037706834E-10	1.120065429856624E-10	2.566500848985237E-8	4.0902032194677984E-8	2.3921337546311597E-11	5.091593710927026E-13	1.2521475580381376E-6	4.695532899495578E-7	4.6261502210506934E-10	8.322588580983254E-9	2.4621089861734065E-8	7.087033347464943E-9	8.389968243344642E-9	1.05695943055066E-9	4.3917012313867915E-10	0.0	4.3917012313867915E-10	5.433946068235876E-14	1.935080399636598E-14	1.1301326247816833E-12	8.564614109837923E-8
3.570394144972832E-8	1.082321222548273E-8	2.414821822560312E-7	2.738590470466178E-9	8.194636508263087E-14	2.1104253808222344E-8	1.4891900001021142E-10	3.8161181320999386E-13	1.2099075123206323E-8	3.441873756719496E-9	6.6464318180941E-9	5.792994645826095E-11	1.0064820676498194E-11	2.284283143366631E-9	8.729538473497186E-11	2.1204985660542873E-12	5.2292656033888056E-14	6.849737698945215E-13	1.6756338984942138E-16	4.958054207918299E-11	9.71598242608001E-10	2.194496135433548E-9	8.072029292025202E-10	7.475942305511829E-10	9.463391598556733E-11	3.9904228082098145E-11	0.0	3.9904228082098145E-11	1.0109436581215055E-11	1.6844224939005446E-15	4.687556834262922E-13	8.2121243913109E-9
7.273556214322391E-5	2.0951778393546179E-4	1.972010411266181E-8	1.490694091529122E-6	1.5288771992664038E-10	9.888742898918444E-7	1.509699923157966E-7	3.0632468295213476E-11	5.172606921389821E-5	1.012229425040707E-5	1.937379788204839E-5	1.5216541213969222E-7	3.54736207348055E-10	3.289526848980426E-7	1.3101264770289118E-8	1.0451789717601689E-9	2.2961889947989287E-11	9.047390576301675E-10	1.4076588926327296E-14	9.04325150481234E-5	2.533053092488766E-6	2.593481179714793E-7	5.398727505151213E-6	1.6825474208548128E-7	2.5193479982701357E-8	7.505794102165916E-8	0.0	7.505794102165916E-8	1.0041827344114754E-11	3.5262203064986234E-12	3.921384400490517E-11	6.306145305726584E-7
2.0109042733463107E-4	2.3463432147349764E-5	4.815939804746197E-7	3.1204750854006935E-5	2.9388152983578986E-9	1.4028752054583864E-5	1.1251262206632836E-6	1.5079308390277112E-9	2.6052482677112535E-4	6.663388582326103E-5	1.2465183953504525E-4	1.0747055376465779E-6	5.5080279742906106E-9	1.578689610157978E-5	2.2652905458670403E-7	5.011713793883669E-8	9.957172778584983E-10	8.75923629986118E-9	2.608576065651534E-13	1.973371593992844E-5	2.039316023750449E-6	5.282320223981574E-6	2.376732279645458E-6	1.6787997214057812E-6	2.945146733187092E-7	5.373588317147678E-7	0.0	5.373588317147678E-7	7.844916890012421E-11	2.8433632289718328E-11	7.29651363073195E-10	1.5487922078262742E-5
2.595746275310567E-4	9.648220124989556E-6	1.8112221945216082E-7	8.392461593242208E-6	7.077488485904332E-10	6.862040804960062E-5	1.7597551273070356E-5	1.9599310668068908E-10	8.887174579989013E-5	2.9614541215109917E-5	5.692411743116827E-5	5.136652547800093E-7	4.300628112598482E-9	1.768125764478714E-4	8.732800490884953E-8	6.296412978518789E-9	1.2816585223094272E-10	8.966458968798568E-8	1.0842292702549962E-13	1.5998350952115753E-6	1.5670930801238556E-5	1.5786158709755414E-6	1.4808972154746748E-4	7.73859522862196E-6	2.894058370758299E-6	9.497091069479319E-6	0.0	9.497091069479319E-6	4.3658956643159285E-11	1.561689605856888E-11	3.027363050313671E-10	5.623784751096076E-6
1.199335687388803E-4	4.130714200459987E-6	1.1767184893794167E-7	6.343974454089315E-6	9.679199020395055E-10	3.5965658520690825E-6	6.61567892647316E-5	1.1691149005366138E-10	1.2973600630694488E-4	4.8932205993319826E-5	9.759830240698006E-5	8.834103901259392E-7	1.827023184576738E-9	2.00831612625781E-6	3.656552211557621E-8	5.560925942761705E-9	8.83794726896286E-11	2.754293643889774E-9	8.571330459015526E-14	9.146296209570287E-5	4.449431377181032E-7	1.1709145747146692E-6	8.015634724853631E-7	2.5269962420363078E-5	8.026509076131805E-8	3.5857932955037124E-5	0.0	3.5857932955037124E-5	8.482173981508612E-11	2.9028115851210497E-11	2.397583912663225E-10	3.00696512348065E-6
8.286201442177255E-5	3.908288472497112E-6	1.2276185302242564E-7	4.388225611160407E-6	1.1063418876021218E-9	3.939613290200588E-6	5.735361315810071E-5	2.376521060561282E-10	6.705950017005504E-5	3.225283102434349E-5	4.848173266967453E-5	5.294752818042036E-7	1.862834137956402E-9	1.7019093673342646E-6	4.142296503210725E-8	5.143372158766011E-9	1.3545523047506147E-10	3.1414165450183943E-9	9.528313023614555E-14	2.5434173241827916E-6	3.584965822858404E-7	1.2292151018483415E-6	7.762682322106836E-7	1.8595727684960534E-5	8.261666468104152E-8	4.850479933235734E-5	0.0	4.850479933235734E-5	1.8441148255980043E-11	1.2528861031500426E-11	2.665446290281993E-10	3.699218783181807E-6
9.831421448010997E-6	1.0234773646474725E-6	2.2790937962055725E-8	2.6485229015861477E-6	7.422900212830223E-11	2.412400615955574E-7	5.237085835142148E-8	2.28169396006523E-12	5.949243739068004E-6	2.383115665255132E-6	4.578494513033966E-6	4.2620515375470994E-8	1.3364395320061512E-10	1.3556699291944081E-6	2.4685017255642096E-9	2.496020120039885E-9	8.004309226633509E-12	2.024972342677332E-10	1.200353486471222E-13	1.2766981174983001E-8	9.367437717195502E-8	3.810552350732486E-7	1.0207135576214925E-7	6.165340657635393E-8	1.399923006273379E-8	2.6055795409688835E-8	0.0	2.6055795409688835E-8	3.7833630157752364E-12	1.3550923772951629E-12	3.3584651911890695E-10	1.6760662881352205E-7
1.9921982631285508E-5	8.751096924200129E-7	2.7069796380778326E-8	1.01521484984734E-6	2.4189178661507694E-10	8.620843448151579E-7	3.6439755036637577E-5	5.116131460969466E-11	1.6265099188574774E-5	7.282459339692186E-6	1.11048448534833E-5	1.1906513611893043E-7	4.0957835803094166E-10	3.876062211495611E-7	9.052698217141535E-9	1.148365467921804E-9	2.9338618464857225E-11	6.977331659815959E-10	2.0909483000643667E-14	5.482656255550892E-7	8.097278782912618E-8	2.7251254291618647E-7	1.7211511980574828E-7	1.3653655218292194E-5	1.8715818155443187E-8	4.73371946114005E-5	4.730435788182319E-5	2.3684980441658272E-5	4.333355891500539E-12	2.8169671369750556E-12	5.848764832323164E-11	8.072334374331869E-7
5.981284860997457E-6	2.631998286556123E-7	8.159526408542459E-9	3.0523409128481065E-7	7.259451070384246E-11	2.5974230161730486E-7	1.0931938722721106E-5	1.5364264937226684E-11	4.882869328762947E-6	2.1860077027405445E-6	3.333968792709803E-6	3.574241636969366E-8	1.2369121799414313E-10	1.1664481434559612E-7	2.7175326744946595E-9	3.4509769159047633E-10	8.805727211383944E-12	2.0941853164476772E-10	6.276769594981166E-15	1.6448643237367657E-7	2.435389364651886E-8	8.191318199051822E-8	5.169727566875443E-8	4.096158961528677E-6	5.639477931189804E-9	9.866014032471154E-9	2.190758210534251E-9	1.1835973098903591E-5	2.275591386043651E-9	7.198941942905134E-11	1.7557269122257982E-11	2.4268377515108583E-7
1.8925806350360746E-5	8.313508188715963E-7	2.5716201731938168E-8	9.644501758599066E-7	2.2979626054037596E-10	8.189767890886112E-7	3.4617626169142176E-5	4.860305075321129E-11	1.5451781241338858E-5	6.918308170841765E-6	1.0549559606470934E-5	1.1311141822438258E-7	3.8909785400671877E-10	3.6822440905814257E-7	8.600028249036842E-9	1.0909427473949675E-9	2.7871573925630725E-11	6.628438056588997E-10	1.986392787708232E-14	5.208502210778932E-7	7.692383486452238E-8	2.58885860445272E-7	1.6350869728684913E-7	1.2531847891405847E-4	1.777995476927225E-8	3.119476593579925E-8	0.0	3.119476593579925E-8	4.1166713156823E-12	2.6761078712114074E-12	5.556303940929878E-11	7.668686394899595E-7
7.382211478709068E-9	5.574184226125146E-10	3.14245178254699E-10	4.622879099950011E-10	6.664471956489962E-14	1.0839650512030815E-9	3.103154403381602E-11	1.4020743615802847E-14	3.700027799527215E-9	2.2085008350244218E-9	3.298661662897114E-9	3.7121145180118765E-11	2.405417293537768E-12	2.2976528668059224E-10	5.2640262850477E-12	2.687344463118095E-13	3.4152011182363348E-15	2.1660558381197702E-13	1.2493401878355294E-15	1.2364962887582879E-11	5.420036707191847E-11	1.9292664666787234E-10	9.688081536560934E-11	9.320836430811068E-11	1.774530422640145E-10	1.2148127945135364E-11	0.0	1.2148127945135364E-11	1.535109449639458E-15	6.878215774857538E-10	3.4956817720242207E-12	5.638260104092248E-10
1.97076151310303E-9	1.1561175091286288E-10	4.378233697872301E-12	1.5661158924796256E-10	1.7161411458997567E-14	5.180701556242261E-10	9.31791845545585E-12	1.6763068901382155E-15	9.440969145324942E-10	5.63213938694721E-10	8.461422414872338E-10	9.488507528947958E-12	4.503395090166087E-13	1.1556840777578871E-10	5.819278593958643E-13	1.13719443898975E-13	8.115096868302383E-16	5.236436894744675E-14	1.5704976047192134E-18	3.0610249387318317E-12	1.1785025385413636E-11	1.0822575852117628E-10	1.8005994206703845E-11	4.07651574015799E-11	4.907294218317199E-12	2.8754993530548746E-12	0.0	2.8754993530548746E-12	3.649644993499927E-16	2.3718137573482215E-16	4.3916472808941746E-15	3.1878681149238447E-10
4.025573977700322E-8	7.256213104307618E-8	2.5492087753177083E-11	2.378286724022174E-9	5.85394895926198E-14	8.553190014063907E-9	7.997594889386051E-11	3.500158341572619E-14	7.23339100623347E-9	2.4218625575271146E-9	4.682081706613319E-9	4.216835576141999E-11	6.022461717972498E-12	1.9405825864530418E-9	6.06314122365503E-12	2.003500038834996E-12	1.1979905004976276E-14	5.220784710833176E-13	7.152825071521577E-12	2.2597257719786298E-11	2.3557046696827016E-10	1.723272046652732E-9	2.9940450550997404E-10	1.8724396667004969E-10	4.1148855912255885E-10	3.418445621136118E-11	0.0	3.418445621136118E-11	8.97813005306029E-13	1.2939008811469665E-15	2.001381770422901E-8	2.0817457881583976E-9
3.2582344372098025E-4	7.0251110743943404E-6	2.5072037110153197E-7	1.802055752323986E-5	1.949244128213845E-9	6.4576890852312105E-6	2.17957775632176E-6	9.16755683101497E-11	8.541712570620041E-4	1.630256445517602E-4	3.130309112708087E-4	2.432577619719732E-6	3.9961321061407496E-9	4.247045755272666E-6	6.59537322805932E-8	8.94914267811791E-9	1.0078724755293532E-10	5.864710846489877E-9	1.6863246470321418E-13	5.179035552296149E-7	7.893200161088134E-7	2.405632619112086E-6	1.863516278719036E-6	2.361488169412797E-6	1.6953400893599085E-7	1.0876289310173055E-6	0.0	1.0876289310173055E-6	1.5905466032029194E-10	5.553846341041736E-11	4.717112639338883E-10	5.749074034608753E-6
