32
NULL,lstat@__lxstat64,openat@__openat64_nocancel,fstat@_fxstat,time@time,open@__open_nocancel,read@__read_nocancel,mmap@__mmap,munmap@munmap,mprotect@__mprotect,rt_sigprocmask@sigprocmask,exit_group@_Exit,rt_sigaction@__libc_sigaction,sched_yield@sched_yield,write@__write_nocancel,syslog@__syslog,getpid@getpid,writev@__writev,close@close,open@__open64,read@__read,close@__close_nocancel,mremap@mremap,stat@__xstat,socket@__socket,fcntl@fcntl,connect@__connect,getdents@__getdents64,lseek@llseek,getrlimit@__getrlimit,write@__libc_write,madvise@madvise
0.6899569454606278	1.1674949360917191E-5	3.725665657195187E-10	7.146658739713887E-5	0.002659152165794889	0.006631762932301223	6.808246294367253E-6	0.008379550597737996	0.007494697477009193	5.731534520753133E-6	0.0100466742350504	0.003324143861653863	0.006528463556443765	5.899252322598354E-5	1.302505815633125E-4	7.824916053708118E-4	0.0010828319524243003	7.490546495164224E-4	7.592758263164534E-4	3.486496223349232E-4	9.65055338102458E-8	5.137433634289467E-8	9.72355676454767E-6	1.762655419904706E-4	1.5038251757888585E-4	0.0	1.5038251757888585E-4	4.699660663351548E-8	1.6451420277666335E-8	1.03841212881679E-6	0.012927549474516848	1.4726410292385578E-8
6.581363491490096E-7	3.370732059595361E-5	1.2639028119949446E-5	1.6557804460049007E-8	7.114182428032284E-7	3.95157064268493E-6	3.4845583877441053E-6	2.175913292275173E-6	6.3735907042104254E-6	1.2866721523371834E-9	3.1460508049836997E-6	9.09073849921062E-7	1.760453249804839E-6	1.5591629001144797E-8	4.170131205343993E-8	4.007307038500011E-7	5.11116462457638E-7	3.2563304318841683E-7	1.628045495467738E-7	8.496847445045644E-8	2.5950950773192218E-11	4.196043233946334E-11	4.234337469815693E-9	4.2858985497232625E-8	3.823874754421221E-8	0.0	3.823874754421221E-8	1.1492901811370797E-11	4.091172872043924E-12	4.947734948675945E-11	3.068160064089523E-6	1.2717193644865042E-11
6.73458883332573E-8	3.573052838030078E-10	4.849914517706477E-15	6.499407312236132E-6	6.720714184688614E-8	4.4152171121065515E-7	6.8595599550724736E-9	2.1506664116665262E-7	6.777472582253962E-7	1.2479059506649144E-10	3.3690573353759894E-7	9.357747845985585E-8	1.8080448404688499E-7	1.5890509336285523E-9	4.50584542986282E-9	4.6408227591273034E-8	5.004480660900193E-8	3.744462013263146E-8	1.5440969566802356E-8	8.54881510373432E-9	2.6240900839178217E-12	4.96608102202059E-12	3.834601542945142E-10	4.440970980270765E-9	3.891010606063646E-9	0.0	3.891010606063646E-9	3.015890860426233E-10	4.096111318186296E-13	1.344511311282627E-11	2.9016485983964803E-7	1.5569166234123888E-12
2.6421445214515065E-5	7.545537961165204E-8	9.940343689538987E-13	2.103437228151335E-6	1.0132278096231873E-5	5.276206528023638E-5	5.5943359485946526E-8	1.029652384258836E-4	4.606366768136261E-5	2.4868945913760047E-8	8.843905945492362E-5	3.5722139959376636E-5	6.572924306934073E-5	6.348899749487933E-7	1.000400486980445E-6	5.1454461196935015E-6	6.199414073717716E-6	7.453953212309734E-6	5.1891036046807756E-6	2.8655738268709217E-6	1.147584788711397E-9	5.443786582290633E-10	2.1864951575742054E-8	7.588167179789262E-7	1.4245215413148224E-6	5.924542806930905E-7	1.4245215413148224E-6	2.2260780028432664E-7	7.120811395865198E-9	2.758675658648335E-9	2.974334919191708E-5	1.5175504461338217E-10
3.8451319646706545E-4	2.0241850115630744E-6	9.393067404622701E-12	5.555476657206296E-6	1.6306024081870764E-4	0.004625436369190468	3.276730118548019E-5	0.0034758514314721972	3.654453751571726E-4	4.7094655521862165E-7	0.0015850973595147588	5.251254361402268E-4	0.0010199616918012825	9.26992305861468E-6	1.9992375685098307E-5	9.63707791712939E-5	4.180304848370858E-4	1.157984905527793E-4	5.40968522652055E-5	4.7664665347885006E-5	2.2156562357331675E-8	6.1966728839572935E-9	3.7496958935366973E-7	1.9521044503965456E-5	2.38224042158175E-5	0.0	2.38224042158175E-5	7.224275289949361E-9	2.5505771299963314E-9	2.5613910479547076E-8	4.951882716102179E-4	1.8898524963284836E-9
7.883346985715443E-4	3.5730712127270337E-6	1.3993972141294018E-9	2.708341462701137E-4	3.846480505868829E-4	0.005700286017766617	0.0025725483918678945	0.005543240919478986	0.0010031345959616092	1.971111665988767E-6	0.0040135966971483516	0.001077064180845581	0.0019726135268706454	1.7652568786447296E-5	2.080693975068559E-4	0.008384247446049698	2.838026073730802E-4	2.2517825987682078E-4	9.921924072185558E-5	7.443304470851042E-5	5.043251884919864E-8	1.1178891628768518E-5	8.361102534854937E-7	4.032947602066737E-5	3.625379650586357E-5	0.0	3.625379650586357E-5	1.076472277496171E-8	4.1246493849274305E-9	2.8837278009500656E-7	0.0017010613434790716	1.5891507794940434E-8
5.9073837195888544E-5	8.249385158848088E-8	1.1206934666317285E-9	5.197791766119415E-7	1.429669018362328E-5	9.84977048119659E-5	4.5924640572324516E-5	2.778085947522821E-4	2.5602465895462603E-5	4.7878628159870575E-8	4.885055072889701E-4	9.063438062646927E-5	1.739699680967233E-4	1.3594604468466623E-6	9.526127378283305E-4	4.032290024507708E-6	7.778973847726051E-6	5.4972011921319726E-6	4.884597950457135E-6	4.341022974354345E-6	2.162839591840929E-9	9.897074582992072E-10	3.0313489978046175E-8	8.011962971187293E-7	2.14939386595832E-6	0.0	2.14939386595832E-6	9.151391614326055E-10	2.718444752362505E-10	2.0666814829973004E-7	4.403711825946166E-5	1.918708545416243E-10
7.439265392499281E-4	3.975958302098015E-6	1.989199268209637E-11	1.286350349784095E-5	3.044099170767712E-4	0.003659730489166697	2.8198875158104903E-6	0.025707328809192995	0.03865635755175531	0.007524561751235774	0.0036456308873691577	0.0010223893810757877	0.0019632578697020273	1.7344291806740357E-5	9.757867189877332E-5	0.0010455291057648002	2.875145154627343E-4	7.620577970931387E-4	1.1613510148052828E-4	1.3249346484764025E-4	4.544221814628301E-8	4.994145337179424E-8	7.518516316506624E-7	4.0384116255715285E-5	6.795777758946535E-5	0.0	6.795777758946535E-5	1.249872884115285E-8	4.4511107389959685E-9	5.441255661958681E-8	0.0011870338873219508	1.392401957602743E-8
0.0012380369439613627	3.922160961569779E-6	5.91836297132505E-11	2.8826707378405863E-5	7.536549917510351E-4	0.002821920423184639	7.157815666311495E-6	0.0106552814429683	0.009389448717441528	0.014045562043631927	0.0055045179219440086	0.00161107149775966	0.0031327663538962543	2.776619746661336E-5	8.072277847237434E-5	6.507405028942716E-4	7.268000440566921E-4	3.5905510876791535E-4	1.6784841038774807E-4	1.344730231280029E-4	7.385823197926431E-8	2.572885452290144E-7	5.2362201836871E-6	3.855088944289843E-5	6.613602246727329E-5	0.0	6.613602246727329E-5	2.1105542756085283E-8	7.370625919718744E-9	1.645556416220452E-7	0.003606244845832082	1.0951211726704649E-8
4.227938084213682E-4	1.1218512613181997E-6	8.4277282061495E-12	7.261520373057476E-6	1.6411456973186816E-4	4.5931525094494377E-4	9.624289907298468E-7	0.0038546523649412587	0.011129436993543166	6.262296723109909E-7	0.0014150685325311572	5.636513151340622E-4	0.0011302922662441632	1.0418658094081575E-5	1.2308648852072743E-5	5.021779408279223E-5	1.1003478099946825E-4	6.128878048584207E-5	5.871360808353313E-5	5.041919375735425E-5	3.8228755896988716E-8	4.5968828294184514E-9	4.161908473521702E-7	1.0069337752809468E-5	2.5005306368402854E-5	0.0	2.5005306368402854E-5	9.289283665237504E-9	3.115808539252109E-9	2.3374080977664172E-8	5.708503019552449E-4	1.5375605916669139E-9
0.014903765680447077	1.1150607978849297E-5	1.4020110207683587E-10	6.817640793059571E-5	0.0018604773550934958	0.004399573372181618	9.114098808008958E-6	0.013124880384265293	0.003183528724844411	4.740752607184155E-6	0.016882996513635062	0.019804193010133364	0.03622764787324672	2.5889380376402723E-4	2.733637863397305E-4	4.970749198996484E-4	0.001043365754511866	7.942959615082329E-4	6.192465991649818E-4	4.593419757673315E-4	2.7512950294307023E-7	1.0318382641850088E-7	3.749593856017002E-6	1.0781463097326586E-4	2.148907864582551E-4	0.0	2.148907864582551E-4	7.22032625378405E-8	3.055973952088223E-8	3.8966134801554044E-7	0.005437568387524722	1.9705715745955447E-8
0.016748588868785004	7.0110124287197206E-6	7.633679942269824E-11	3.730201125385993E-5	8.263551613469576E-4	0.0026986527437867567	5.80028226715462E-6	0.01079202673200937	0.0019237315107150403	2.5682880401985503E-6	0.010868827439052181	0.0025798426940545544	0.0047704099479409234	4.113868740761061E-5	2.5235303876471895E-4	3.1133496554724955E-4	6.401116317584874E-4	4.718724994073871E-4	3.052098890597606E-4	2.016365759052797E-4	1.2827742383868001E-7	9.92379641566194E-8	2.2238123195965984E-6	7.155931868043909E-5	8.275436609070685E-5	0.0	8.275436609070685E-5	2.4334539886915025E-8	9.170408415119925E-9	2.1172012447197917E-7	0.0034860652825711752	1.5231000391997255E-8
0.014934466834631883	8.060369129639218E-6	9.39258094777591E-11	4.604765126402383E-5	0.001178094076364468	0.0032287960228208567	6.590865559377717E-6	0.011029207027454913	0.002246167527157454	3.386749581933314E-6	0.013212181488354	0.019818844639419075	0.01579077678692158	3.425930835179093E-4	2.4295696826640597E-4	3.664816736574286E-4	7.455392153035214E-4	5.627224902096773E-4	4.179808325852552E-4	3.2187633455705526E-4	1.7071553771211316E-7	9.400678172937438E-8	2.6129114089904317E-6	8.019284039967607E-5	1.468989882602459E-4	0.0	1.468989882602459E-4	4.872713160927096E-8	1.8418969115710303E-8	2.6076594285908667E-7	0.003937998710767977	1.627076239255518E-8
1.6361706669701387E-4	8.26379314891689E-8	9.525648999982864E-13	4.6499414092141225E-7	1.1360354751184825E-5	3.2269422610786046E-5	6.79834970150342E-8	1.1576118755391845E-4	2.3012208816911905E-5	3.2497576532089436E-8	1.2845669030649682E-4	2.1712843767353446E-4	1.6153393965285108E-4	1.1596649396493504E-4	2.605752437536189E-6	3.6888559343680693E-6	7.618333004700194E-6	5.695181329528627E-6	4.014010002824886E-6	2.844076985625791E-6	1.7116691055402902E-9	1.0123676563487727E-9	2.6786048021375245E-8	8.264186589830477E-7	1.2520763486824515E-6	0.0	1.2520763486824515E-6	3.98002143304618E-10	1.5758077373626218E-10	2.644217507615696E-9	4.0728942975058464E-5	1.6725137245040148E-10
7.637800978652251E-5	3.2558384489598695E-7	1.422463853002327E-12	7.486089126594014E-7	2.2192272178001068E-5	0.002341464152999565	1.5557791086783958E-7	1.3671073713516444E-4	5.01210763996547E-5	6.858588639609563E-8	6.006770459296243E-4	1.1567102828186165E-4	2.2114238129746435E-4	1.7554783184230596E-6	9.552749108199867E-4	4.288177940692523E-5	2.2506585170476752E-5	7.416371093384753E-5	7.366386517730227E-6	6.811654132134017E-6	2.310831869546783E-9	1.8285374081262171E-9	4.872470850852283E-8	3.1474400962166248E-6	3.3944583289709927E-6	0.0	3.3944583289709927E-6	1.006472039309633E-9	3.595240013382174E-10	3.865144653325068E-9	7.154805794727774E-5	3.2758776033439676E-10
4.080799421880441E-4	9.509767134892843E-7	1.1532308364374936E-11	7.4497303167538655E-6	2.1323087055422895E-4	4.727409689336269E-4	1.1879059967551344E-6	7.721727929444763E-4	2.538349701570363E-4	9.44603566444207E-7	0.0023393963935568734	5.720675059131134E-4	0.0010587602352116678	9.202610356480422E-6	2.1741582744359646E-4	5.147334431730885E-5	9.640514486126607E-5	6.64163368038068E-5	4.122709274169028E-5	3.3016407064205345E-5	2.23114376658388E-8	4.6541552311095234E-8	2.907800635261945E-7	9.155715253190097E-6	1.6204010815748026E-5	0.0	1.6204010815748026E-5	5.4444153277637025E-9	2.0866467822570286E-9	3.203466798476247E-8	6.532618871329922E-4	6.574070268983716E-9
2.530262967136791E-4	2.1186192272679766E-6	7.333272684530518E-12	3.776900527736672E-6	0.0019452008020669263	7.646933754263923E-4	9.871402931229765E-7	6.525624345069183E-4	7.445541152836189E-4	3.2414766140947297E-7	0.0012447284960550888	3.516447156884494E-4	6.729219210722767E-4	5.9647744277266905E-6	2.891403423463826E-5	2.103637181904199E-4	1.2327263565481712E-4	0.0012187734258920942	8.577638150848588E-5	1.6041878791175194E-4	1.004720198806451E-8	8.887044175378443E-9	2.610839230975115E-7	2.6610718569347268E-5	8.577298366100651E-5	0.0	8.577298366100651E-5	4.20251459059069E-9	1.5252356032011315E-9	1.9853517503604013E-8	3.6901963859099513E-4	1.6185053683425303E-9
3.1387876310478603E-4	4.79896264165785E-7	5.972778158194695E-12	3.032925950549112E-6	9.79062446254531E-5	2.3283258176648715E-4	3.8769504266867123E-7	4.713364548835408E-4	1.4178381326583405E-4	2.9691057790558273E-7	0.0010688046092533652	4.197561716092302E-4	8.360923228364982E-4	7.717169684588831E-6	9.689497169224759E-4	2.519859391701402E-5	4.4733725872708864E-5	3.6410955691739205E-5	2.8644660323789886E-4	7.19042829614859E-4	1.1860069694924442E-8	4.984997113215266E-9	1.5232058822893015E-7	4.5348230057777724E-6	3.894968568423344E-4	0.0	3.894968568423344E-4	6.580826429766558E-9	2.2781271344943396E-9	1.6597078435979228E-8	2.2335439904129452E-4	1.1287801784880574E-9
1.9989235182624765E-4	4.300718835507309E-7	5.681829764468532E-12	2.8072943975845282E-6	7.218288719302279E-5	1.8477588967519336E-4	4.0351610943452454E-7	3.2269661689100744E-4	1.4794957918417778E-4	2.0114086348466613E-7	5.89875028805033E-4	2.725382663510901E-4	4.210241943123323E-4	4.570686828441309E-6	3.141836981263212E-5	2.042365832515358E-5	3.940836767484499E-5	3.1120780083599076E-5	2.076728530891915E-4	6.112897593895296E-4	1.1879989700921262E-8	7.645646979392939E-9	1.4424107744824633E-7	3.95754240106701E-6	5.145328308115198E-4	0.0	5.145328308115198E-4	1.6191133833076425E-9	9.995862047043427E-10	1.5802907782365664E-8	2.299910203744621E-4	1.24512036085768E-9
1.7406059728534949E-4	4.675635085591988E-7	8.166255147603907E-12	4.083861587381765E-5	9.341743253710863E-5	2.8407743466129354E-4	6.435655062855275E-7	3.4932566347533174E-4	8.246242913323658E-4	2.086433841849009E-7	5.507431699270947E-4	2.3662512808465306E-4	3.833791893429822E-4	4.007672050949579E-6	2.4104238921134933E-5	3.6111546981943084E-5	6.971607167140095E-5	3.6156916007066786E-5	7.582942826062483E-5	1.8453468378743377E-5	9.786773286801957E-9	1.1074352534306891E-5	7.223279706093808E-7	1.0891061628644558E-5	5.751277323831491E-6	0.0	5.751277323831491E-6	1.751444424308253E-9	9.208803375034259E-10	2.272613399967961E-8	3.6941046238399413E-4	1.3553521906407634E-9
1.7513349637067282E-8	9.69809523000837E-11	8.577276759627891E-16	4.4227505937534527E-10	6.752851973783714E-9	1.4666500122864474E-7	2.136164780457435E-10	4.7887267568813104E-8	8.376611399710298E-7	1.7534135537296843E-11	1.1209899433197751E-7	2.54678894071983E-8	4.791085583051856E-8	4.046591819108117E-10	1.3200003649802757E-9	1.4127384122661875E-8	6.608941355052165E-9	1.2491764698971895E-8	2.1142577024674725E-9	1.8573708757345346E-9	6.555704151877332E-13	5.418504980155654E-12	1.6336418344828545E-11	9.237492859712824E-10	9.265858807160972E-10	0.0	9.265858807160972E-10	2.4248430796315916E-13	9.048591573056459E-14	2.3665151606822366E-12	4.2431142097549056E-8	5.548074084799576E-13
3.9402796373806333E-7	1.1957378821231978E-9	7.272574556598714E-13	7.444239032699442E-6	1.7276643254550855E-7	1.0664682068973814E-6	1.8135535836853876E-8	7.665400721589615E-7	1.1653329998486777E-6	3.9827808644412117E-10	1.3894545415005771E-6	5.327152008712023E-7	9.879916263676682E-7	9.42733679715233E-9	1.6169028379465565E-8	1.1019663686614122E-7	1.1670040013443664E-7	1.0815708647876134E-7	5.2551121446860855E-8	4.061282647210499E-8	1.6843384068900493E-11	1.3238318352292825E-11	5.575980899296038E-10	1.2424644846925024E-8	1.9948767389537112E-8	0.0	1.9948767389537112E-8	6.66157188294759E-12	2.5328812494120244E-12	2.03451998313504E-9	5.580671542580063E-7	3.738863573842388E-12
6.526752959388842E-7	4.32353537814643E-9	1.611499532056302E-14	8.300093503432571E-9	3.5653960323498073E-7	1.8239732971131522E-6	2.0115174709792683E-9	1.7330031948051113E-6	6.37345529473953E-7	8.942692426281114E-10	3.6001626544735186E-6	9.280544724634347E-7	1.7578666032190849E-6	1.532128881551434E-8	4.364605833191003E-8	2.346328952399523E-7	2.9079819112563917E-7	2.1897279115523808E-7	8.289168382483779E-8	7.351417847587056E-8	2.4574244711481952E-11	1.4747922425800862E-11	6.036129365400772E-10	4.202924386193286E-8	3.656022805749414E-8	0.0	3.656022805749414E-8	1.0046125226251815E-11	3.709705743415514E-12	4.352044552436091E-11	7.040963847654844E-6	3.110023420863865E-12
1.1513049955096073E-5	3.34254452711103E-8	3.1250624805912783E-12	2.3932435065445895E-7	1.2280221489832108E-5	1.9093499360225908E-5	1.8798123996863196E-8	3.525153961751591E-5	7.189066782353973E-6	2.5554986519308665E-8	3.88541145668008E-5	1.550987256068251E-5	2.9343269076763695E-5	2.788125951804643E-7	4.296526712396488E-7	2.0630328349650368E-6	5.244702104821196E-6	2.392530077152179E-6	1.3466809443396495E-6	1.2336305686747592E-6	5.854742148462413E-10	1.411379645173189E-10	7.497023358440916E-9	3.655428221012078E-7	6.185642525025403E-7	0.0	6.185642525025403E-7	2.085350239706492E-10	7.757130081427901E-11	8.733855982694046E-9	1.0151607474627159E-5	4.90132686529309E-11
4.529986309188915E-5	1.0074914103332013E-7	1.2570002116719342E-12	6.227094935138093E-7	1.618844504084544E-5	4.316509126674549E-5	8.917564785420964E-8	7.329128328745198E-5	3.3013861379520206E-5	4.500693171728942E-8	1.469918389660655E-4	6.21894292756615E-5	9.757196108972438E-5	1.0364381407998653E-6	6.822761079641281E-6	4.7893707383783E-6	9.054851330746106E-6	7.123935040609499E-6	1.4567423922024747E-4	3.8502880561743055E-4	2.6101520577319152E-9	1.6640922508380788E-9	3.222581253949385E-8	9.328571053725326E-7	4.993170789940485E-4	4.980729304062415E-4	2.50280242862588E-4	3.8066772222015294E-10	2.257947563050167E-10	3.4937428958243944E-9	5.107513619656504E-5	2.7304534405414906E-10
1.3611485857559206E-5	3.0272182587839734E-8	3.7753881808228814E-13	1.8791612520518376E-7	4.870971895828342E-6	1.298613068015563E-5	2.6824065133737264E-8	2.2036486336273273E-5	9.94583148321069E-6	1.3534750359472986E-8	4.4171763984946115E-5	1.8685673916897027E-5	2.9328626139161493E-5	3.114590438981349E-7	2.047535491226251E-6	1.440742301002415E-6	2.7219477972428043E-6	2.1413095668552677E-6	4.370505197857275E-5	1.1551091814209104E-4	7.838785843455699E-10	4.996183045726825E-10	9.70397682230395E-9	2.8056086360425226E-7	3.7449013138479856E-7	5.896892898808743E-8	1.2489290819711515E-4	6.133198548667225E-8	1.9828737470150734E-9	1.0493369587688202E-9	1.535133549289909E-5	8.203838584650886E-11
4.303469451020329E-5	9.571129382310691E-8	1.1941453332614616E-12	5.915716073492583E-7	1.5378960097844876E-5	4.100666954337957E-5	8.47165201221657E-8	6.962643529712994E-5	3.136304046190883E-5	4.2756410838732124E-8	1.3964167778092551E-4	5.907971697868495E-5	9.269298518055675E-5	9.846122200760315E-7	6.4815966040091385E-6	4.549883654264737E-6	8.602073698623084E-6	6.767710700610355E-6	0.001321310112680922	3.6577587428385244E-4	2.4796343468372065E-9	1.5808811939750778E-9	3.0614397115661604E-8	8.862106375453352E-7	1.1819363403584643E-6	0.0	1.1819363403584643E-6	3.616328619450589E-10	2.1450414408276658E-10	3.3190422212537776E-9	4.852118159447044E-5	2.593920194630245E-10
3.5169388239747044E-8	8.966121938220801E-11	3.184598143423346E-14	8.640824434213075E-9	1.5412287346756586E-8	4.5259417053659384E-8	3.637092117508089E-10	6.497442571373994E-8	5.012083467018306E-8	2.9698368205885597E-11	8.161239661684275E-8	4.734584596994755E-8	7.294150536838795E-8	8.155599231141037E-10	1.2571688087472918E-9	5.110031867885912E-9	9.081710533427808E-9	7.006742965046612E-9	4.276383679540943E-9	2.349555751089655E-9	2.0201492404337103E-12	5.46046696076026E-13	9.125556925834132E-11	2.7515769856122078E-9	1.0795750227068558E-9	0.0	1.0795750227068558E-9	3.192669869436577E-13	1.8514347848941734E-8	8.908311502981221E-11	4.673570877336221E-8	1.366467241719508E-13
9.005558242826682E-9	2.160180183709015E-11	2.4773337147432243E-16	1.4691132063494068E-10	5.071080154588119E-9	1.0354413678741773E-8	2.0555499620129293E-11	1.7931333469230485E-8	2.048674791375495E-8	9.123731450233732E-12	2.0592921014496376E-8	1.2110834006364005E-8	1.8757822226662008E-8	2.0937158049231542E-10	3.163695424421914E-10	1.2614026353483496E-9	2.9815530596930547E-9	1.585352716524938E-9	1.2880507824323544E-9	6.178984356691262E-10	5.187826684079735E-13	1.3423117413855838E-13	2.0699047597204662E-11	2.4475118733561695E-10	2.7353069559582474E-10	0.0	2.7353069559582474E-10	8.359942325785827E-14	4.877928683859535E-14	6.878440080335852E-13	1.7620807821662988E-8	3.194127276619453E-14
2.998010621154947E-7	4.558234097670789E-10	1.7773053242083035E-10	9.871603326740842E-10	5.74148747414835E-8	2.309816628414633E-6	1.9930289022964093E-10	1.9641864655616458E-7	2.860663339699696E-7	1.1269816344196282E-10	2.834978030904511E-7	8.026581692466442E-8	1.5568687345251864E-7	1.3716340381253126E-9	4.456758386923881E-9	2.7464593447599825E-8	4.734689092443072E-8	2.643259802688662E-8	9.35689391213093E-9	7.755940143387879E-9	2.225610795952365E-12	1.7263628313339907E-12	2.3700742609884053E-10	8.466250814703786E-9	3.8206818460781335E-9	0.0	3.8206818460781335E-9	2.3226924687351373E-11	3.5813823566227157E-13	4.972951612428322E-7	1.363129699289196E-7	4.2947544662475575E-13
0.003879714578248604	2.787378383444426E-6	3.47830893866548E-11	1.7579342236765693E-5	5.554971972728766E-4	0.001262684506432235	2.2526186619348356E-6	0.003217891756437356	8.010915629347941E-4	1.5566990561981867E-6	0.023638475825929935	0.004234424581323786	0.008138038741297142	6.268294342724895E-5	5.7225807715433195E-5	1.3864535163884964E-4	2.62858879966413E-4	2.097399288133592E-4	1.950954273545151E-4	1.9018718189394422E-4	6.834642594687272E-8	2.122892623274561E-8	9.350509906510187E-7	2.692866678953786E-5	9.51703121656676E-5	0.0	9.51703121656676E-5	3.4575212305856025E-8	1.2135669220374506E-8	9.665792008922935E-8	0.0013211875444875659	5.2344600137224194E-9
7.629422954317173E-9	2.3955238368761422E-11	4.1543647432887875E-16	1.8918326572361502E-10	2.4383935529816922E-9	9.959277196713897E-9	4.569629385962384E-11	1.2831180197412824E-8	5.30725239665231E-9	5.64699317145799E-12	3.6962744296151924E-8	9.623046106504721E-9	1.7076959189650304E-8	1.5405170583997986E-10	3.561509802827694E-10	1.185695603469831E-9	1.7354583391893965E-9	1.7237207872556899E-9	7.435931669725626E-10	5.740799104426672E-10	2.770273712763263E-13	2.856780612848954E-12	5.832057107143299E-12	2.1998063709154744E-10	2.823142362736299E-10	0.0	2.823142362736299E-10	7.781553339653629E-14	3.347949697004359E-14	1.155257467863833E-12	1.9622926656966638E-8	2.421756399866462E-14
