32
NULL,open@__open_nocancel,fstat@_fxstat,mmap@__mmap,read@__read,munmap@munmap,open@__open64,close@__close_nocancel,rt_sigprocmask@sigprocmask,exit_group@_Exit,rt_sigaction@__libc_sigaction,sched_yield@sched_yield,mremap@mremap,time@time,read@__read_nocancel,mprotect@__mprotect,madvise@madvise,lstat@__lxstat64,openat@__openat64_nocancel,write@__write_nocancel,syslog@__syslog,getpid@getpid,writev@__writev,close@close,stat@__xstat,socket@__socket,fcntl@fcntl,connect@__connect,getdents@__getdents64,lseek@llseek,getrlimit@__getrlimit,write@__libc_write
0.7760508657096464	0.0067648894380759545	7.384636228760063E-5	0.005313650256790588	5.050649589423903E-7	0.004189565290530465	5.003014834162543E-4	4.0417392952167E-8	0.13058171549860273	0.03100034614819257	0.05815792658173355	4.886997290477875E-4	1.8945528487738388E-6	0.0012794046947567873	4.716755171816667E-5	2.747346970029706E-6	4.145312648479163E-8	4.511644084790445E-6	4.693339991878706E-11	1.971664585302528E-4	9.703729321149459E-4	0.0011616530890018572	7.331966399801219E-4	6.868597911841401E-4	1.3375096202270547E-4	2.4113427717382008E-4	0.0	2.4113427717382008E-4	3.350988387952018E-8	1.2434071457563914E-8	1.300855844328169E-7	0.0027438818851596276
0.001217956392132937	0.0028898285116546983	1.4350753303117366E-4	0.0017885275877898912	4.3609181753217476E-8	8.845773822810698E-4	2.3601017523311727E-5	7.653129911193352E-6	0.003457218922239912	9.278748936253903E-4	0.0017304078918576923	1.5066840704976266E-5	1.7063358172989282E-7	1.4531050191771966E-4	0.00142421760881595	5.082269525514086E-7	1.4288981257133766E-8	8.235691461314504E-7	3.4668717591787414E-10	1.2159615739967651E-4	0.00566368734114601	1.761300814402429E-4	1.1642557518675044E-4	4.110743723879444E-5	2.6074715536538235E-5	1.090056073477846E-5	0.0	1.090056073477846E-5	1.1619095081367546E-9	4.05622936646761E-10	7.503643198008565E-8	3.20472961896808E-4
3.7872697829383016E-5	1.8991955789232866E-5	6.191944041734833E-7	3.547426871883082E-5	6.150499723671402E-10	1.6488371488812648E-5	9.564699088945144E-7	2.1634728808958637E-10	7.118149943792263E-5	2.8120246818394907E-5	5.2291380176027654E-5	4.92177030664934E-7	4.449854231981726E-9	2.117692748277709E-6	2.4480916509518858E-8	4.017337456302045E-9	5.841274608491057E-11	1.3390302482131445E-8	2.1597194721267197E-13	3.597873761951023E-7	2.028820814242008E-6	2.766636884505222E-6	3.997288956243416E-6	2.559612061637072E-6	3.910254159837789E-7	4.671567130628807E-7	1.614797149492271E-7	4.671567130628807E-7	6.059432258120937E-8	1.9092142950489282E-9	6.001758350836025E-10	6.352941589943612E-6
6.376731749622096E-4	0.0010921795075934826	5.864681871276575E-6	0.00857515660701461	4.038515289609641E-8	0.011671575244301449	6.445566292961488E-5	2.43123980302803E-8	0.001714176097675684	4.903873180709932E-4	9.350331325185747E-4	8.179290456903025E-6	1.2860371508844697E-7	6.697083366318036E-5	1.4314613614765773E-6	0.002607421988789305	5.281773291293706E-9	8.699277353582875E-7	4.122789720700119E-12	5.3030266368536026E-5	5.923358257065051E-4	1.2800403609254372E-4	5.111288002850852E-4	4.6424189199370385E-5	2.3673427275756797E-5	3.3643817098084583E-5	0.0	3.3643817098084583E-5	7.002499870396415E-10	2.3520259877758E-10	1.1343195242045692E-8	2.5835629663346573E-4
5.8424282237454085E-8	2.5462294881799183E-7	2.862782591453581E-10	2.52539852779226E-8	1.0006671410567472E-12	1.3094136840250942E-6	1.4076564581149369E-9	1.42934947004889E-12	1.8357168222895905E-7	4.5071996770113164E-8	8.300910763282918E-8	7.101948642523442E-10	8.267882293730027E-12	4.1198107081285425E-9	1.1125844346891987E-10	8.600787975091364E-12	9.328210159195586E-13	7.308846834435644E-11	3.1593677579576783E-16	1.8629610387428327E-9	2.393780285609035E-8	1.2639882126068804E-8	1.7865934142077248E-8	2.0552793990577062E-9	1.8281593460265976E-9	6.731836110423128E-10	0.0	6.731836110423128E-10	4.642181622472829E-14	1.7814876181331157E-14	8.570548260919017E-13	1.611109641131576E-8
0.0014995665372603947	0.001165655508047647	1.1999023831755708E-5	0.003179980436026344	7.534222512938415E-8	0.0032834956560474763	2.9632776243337414E-5	6.807445275421442E-8	0.003981265677510601	0.0011217214830235136	0.002087532044626384	1.8408232985092255E-5	1.2032388257132385E-6	2.840394712161225E-4	7.882387419728245E-6	0.0048671201118948605	6.452486967355367E-9	6.571378042607623E-7	1.3331779088145478E-11	3.41437231680195E-5	3.3473219311894794E-4	4.343432182137301E-4	1.2520359888639973E-4	5.6927317381087895E-5	1.759156711631988E-5	1.3399517958981942E-5	0.0	1.3399517958981942E-5	1.4239213496877569E-9	5.057143234126386E-10	3.7137841654221935E-8	7.743767947260372E-4
2.876500362678223E-4	1.5817194520066226E-4	3.252073455466182E-5	6.567885527657872E-5	6.860784519624218E-9	4.8188245129523793E-4	1.4777670177936806E-5	7.637127055705529E-6	5.000669403072311E-4	2.152298691303249E-4	3.4452063666997863E-4	3.5589019257149983E-6	3.770688575179472E-7	4.862830274868524E-5	4.6516661108333784E-7	5.1130931234508064E-8	1.043571168579636E-9	8.650819192463128E-8	1.9920580233117078E-12	1.454339672105628E-5	1.5879566535370976E-5	6.724729261887127E-5	1.3878800709309549E-5	1.1181215883043385E-4	7.082870741059104E-6	1.5558684452846825E-6	0.0	1.5558684452846825E-6	1.6670996094887058E-10	8.95884307318611E-11	5.547665554918585E-9	1.3352573864259428E-4
5.369844119908309E-7	3.9064032792334387E-7	4.866939661123559E-6	1.1143831433483471E-7	9.155957484213996E-12	3.221461310851409E-7	9.632557941221367E-9	6.4362553974100475E-12	1.0037715671723597E-6	3.991901532621639E-7	7.284695696722909E-7	6.930383341734441E-9	1.1065030876846326E-10	3.9337553016995264E-8	2.0169156351079167E-9	6.01685825104251E-11	1.3403610719532722E-12	2.0202039238494203E-10	2.1480000643274333E-13	5.5918921504621236E-9	3.8932273039320876E-8	5.5792915035448294E-8	3.2189123003516835E-8	1.743508838486481E-8	5.862985722794338E-9	4.443242227169711E-9	0.0	4.443242227169711E-9	5.515253672469095E-13	2.0575541317032397E-13	6.009489666915557E-10	1.1874737911620925E-7
0.07044183747447914	0.0033058334884508694	6.466008142807046E-5	0.004234958717047771	5.52231440194923E-7	0.0017267888662402635	3.50394788207775E-4	3.1807080119259275E-8	0.04722417926081399	0.051869501245981796	0.0938123021849278	6.770164781178751E-4	1.1444235081065292E-6	9.876190169064679E-4	1.7208399953275694E-5	1.8875409219052468E-6	2.6483859765104124E-8	3.31907333706111E-6	4.807851632918451E-11	2.0771225639148682E-4	3.783937634178884E-4	9.371747840848821E-4	5.432923414558341E-4	5.057599752794763E-4	8.980373357324105E-5	1.624489453293784E-4	0.0	1.624489453293784E-4	2.1889284971524526E-8	9.446659683967282E-9	1.3380158750816535E-7	0.0016766079655231782
0.07159098756098715	0.0018442623305092096	2.7486040044721073E-5	0.0028652469577012756	2.1873497623571847E-7	9.61971950838437E-4	1.1856219234699106E-4	2.641020487684285E-8	0.020453815573092893	0.004958637566588467	0.009196924297572424	7.815084250998886E-5	5.475767363672829E-7	3.668737348037985E-4	1.0581433569207015E-5	8.318255007025215E-7	1.8310743558448973E-8	1.7049366506549853E-6	2.08813627374097E-11	1.6937001092193405E-4	2.207870229714275E-4	4.5967077085582093E-4	2.6681463153939677E-4	1.982623511459962E-4	4.777631240716759E-5	4.612049121556834E-5	0.0	4.612049121556834E-5	5.399320562930788E-9	1.9772622926140912E-9	5.799847996201954E-8	8.736749087647596E-4
0.06679186984435839	0.0023626132143630585	3.914164047791698E-5	0.0032476923369748477	3.191290152815882E-7	0.0012153757068744354	2.3106967447688234E-4	2.69312425229756E-8	0.03193959331420239	0.04919670344063599	0.03990989626416169	8.418651003924039E-4	7.321065897803639E-7	5.819660070393462E-4	1.2586444985499558E-5	1.2566510522353319E-6	2.0967860438987912E-8	2.204749128900421E-6	2.9234559041504505E-11	1.7343836375616784E-4	2.7635742200263804E-4	6.071765585866063E-4	3.550436687586278E-4	3.151873969486932E-4	6.076786338187988E-5	1.0467997510436481E-4	0.0	1.0467997510436481E-4	1.403712669315807E-8	5.265564793098937E-9	8.127573845441327E-8	0.0011138486138577153
7.25127534520209E-4	2.3183359474819576E-5	3.86857240990683E-7	3.323028968303989E-5	3.1760222821720892E-9	1.206542000540899E-5	1.9446477900770088E-6	2.8467115890103933E-10	2.9128492239046414E-4	5.341422213410579E-4	3.991231289198018E-4	2.8219997434826376E-4	7.299984529369564E-9	5.551084509728782E-6	1.2729997059550527E-7	1.1692929564391726E-8	2.114927243097781E-10	2.2049686297677565E-8	2.906389063031075E-13	1.8352114560928677E-6	2.7248635093350354E-6	6.062226387949501E-6	3.5222104699945235E-6	2.939702530542652E-6	6.089027199306699E-7	8.421818915826702E-7	0.0	8.421818915826702E-7	1.0830892769240869E-10	4.3047464061967084E-11	8.079783233099151E-10	1.1215448570276723E-5
3.2631985982115195E-7	5.738910484392863E-7	1.546228636784583E-9	1.9909777911097004E-7	5.6908999817499185E-12	9.659417015399753E-8	9.025170176760383E-9	1.1476135097078601E-12	9.375177190710032E-7	2.5454851930088075E-7	4.790235636403926E-7	4.16501511701934E-9	5.6482785857698795E-11	5.1080254087959904E-8	5.47642538449103E-10	1.0512803095686633E-10	9.169346009305312E-13	5.193580312523742E-10	1.2621179480538686E-15	1.1167011184551451E-8	6.448653023638449E-8	8.966755922968257E-8	4.1975013436083946E-8	1.40529667089872E-8	1.3155764499753158E-8	4.257038668248432E-9	0.0	4.257038668248432E-9	3.102713880888745E-13	1.1407609312731947E-13	3.3351481200330176E-12	1.60726171303287E-6
6.329321595723228E-4	0.0014029324680104606	3.571020485358835E-6	0.001147064679603813	2.7024988875478095E-8	1.4850302792875886E-4	1.6440583622318596E-5	1.5991806183712031E-9	0.0014384852062890791	4.7517755961857584E-4	9.08069245505112E-4	8.175036994507364E-6	9.610449402655762E-8	6.570074588182889E-5	2.4822257127940698E-5	1.3081033846670573E-7	3.3863416930871146E-9	6.728589396564916E-7	1.9301452134698053E-12	1.3930860658472767E-5	7.698832694009785E-5	3.212251648409346E-4	6.440784091893821E-5	2.5520343623495777E-5	1.730657940953237E-5	7.829031649782398E-6	0.0	7.829031649782398E-6	7.099614738983781E-10	2.4670711268805654E-10	5.166147562570683E-9	1.281717364765945E-4
8.434220748332138E-5	3.487202964137257E-5	2.3282116026570607E-7	7.849311417323835E-5	1.881525466108498E-9	7.7393413711765E-6	1.068921096505351E-6	1.8126822761842341E-10	3.6415069608059105E-4	7.072420668294349E-5	1.3546371322919557E-4	1.0562442808388642E-6	5.957916672698055E-9	3.3193171625106096E-6	6.075804182103032E-6	9.370975590970527E-9	1.420842290203677E-10	1.1644775678083584E-8	2.7993813025328597E-10	6.631837344045529E-4	1.3669994556100454E-6	3.3436384328796324E-6	1.4281433317897084E-6	1.6930097072143687E-6	3.55775851409249E-7	5.000038952361422E-7	0.0	5.000038952361422E-7	1.0610541220603327E-10	2.4363347757523607E-11	6.053564008921135E-8	8.884919235237128E-6
3.305885991398886E-4	1.0878185881259642E-4	3.6709967637553127E-6	0.0011497510636499732	4.23196298352765E-8	0.003805856057154569	7.088976256547237E-6	4.056934683350625E-10	6.540215368572E-4	2.4421542533067546E-4	4.886143109583369E-4	4.394407246500078E-6	6.465860662145052E-8	3.50343995390483E-5	6.674031839710593E-7	1.1121649937709816E-7	5.600311338620097E-10	1.591253125781519E-7	6.32328717005561E-13	2.195611951736154E-6	1.1229151154100232E-5	5.081901886499119E-5	1.0928718696421052E-5	1.4623141667493826E-5	4.01516631684481E-6	3.129618056661547E-6	0.0	3.129618056661547E-6	4.899257136056884E-10	1.466272362423843E-10	1.749561499467907E-9	8.916042032363337E-5
1.9265471555193015E-8	1.3827103643892253E-8	8.306944281904723E-11	4.155624900365753E-9	3.54877486187408E-13	5.718868663883752E-9	2.735625904737462E-10	7.239727129707698E-13	4.851555831508669E-8	1.4497594960502377E-8	2.471757288918563E-8	2.3067406776541754E-10	1.7349632307688852E-12	9.758302313234213E-10	8.567185997679916E-11	1.7654519094310757E-12	4.3289439114798943E-14	1.011359194939074E-11	1.1244445300918733E-16	2.6283408198411614E-10	1.4203214733245853E-9	1.8688821489412606E-9	1.1783499785813814E-9	4.5104474017320324E-10	2.497513428173047E-10	1.2844177335391228E-10	0.0	1.2844177335391228E-10	1.1934191485763333E-14	5.5812754511472584E-15	3.1120737743695905E-13	5.023869815672742E-9
4.781868513136336E-7	1.338714933989995E-6	7.319609657021315E-9	3.3416575020279723E-7	9.844876387537265E-12	1.5501330871440941E-6	1.768709047434709E-8	2.1882627859684498E-11	1.3142027851023503E-6	3.657251592001189E-7	6.975459303858606E-7	6.062339968993779E-9	8.672210014533854E-10	2.0607307806338007E-7	2.9835395529736677E-7	2.1263131256008043E-10	4.236156886468859E-12	9.186939578639418E-6	3.4449015288745017E-6	1.324761391422672E-8	1.1815948218540882E-7	2.641545729716098E-7	8.917850108408918E-8	6.891099650808562E-8	2.0128867438723615E-8	5.8715266816585405E-9	0.0	5.8715266816585405E-9	4.805967953804644E-13	1.7149167259176853E-13	1.0307682080460264E-11	6.868822954368891E-7
4.235917755583256E-8	1.3339699211144292E-7	1.771738195859409E-6	3.174148459829552E-8	8.080787098889251E-13	1.6193389940108506E-7	1.6730314088118938E-9	2.890488281892859E-12	1.195407505978744E-7	3.283448170014289E-8	6.300535832556207E-8	5.443472264900076E-10	7.851988604696703E-11	1.8597357793212112E-8	6.54490115093095E-10	1.941214250327885E-11	4.360319579172562E-13	5.637680154618668E-11	1.3134283118213327E-15	1.3851779715867212E-9	1.3054481527110299E-8	2.4740325559654745E-8	9.791640554777487E-9	6.276736766028201E-9	1.9768492977920685E-9	5.680631866524923E-10	0.0	5.680631866524923E-10	7.417699638367322E-11	1.5459915040380276E-14	3.654568078111731E-12	6.630383196712536E-8
1.0899493853643139E-4	0.0016560284471203216	3.5587794256945457E-7	3.4388970982057226E-5	1.5505155055533293E-9	2.0953528911028504E-5	2.29438099517035E-6	4.081323119480446E-10	4.4422219105471543E-4	9.028179791127876E-5	1.7215097943592146E-4	1.3670428994613726E-6	1.1402203178201981E-8	5.9558709154875925E-6	1.375201462283408E-7	1.5432073102041813E-8	2.766290832036108E-10	1.0840356242553991E-7	2.6634919955282155E-13	6.655108354040091E-4	3.1388256643573396E-5	1.8797653399964092E-5	4.9520938066899454E-5	3.1606131268518655E-6	2.7273856417816977E-6	1.1048357983779108E-6	0.0	1.1048357983779108E-6	9.164846869996085E-11	3.236293060642586E-11	7.048327682313467E-10	1.6557186815466008E-5
6.528168977806977E-4	3.0555984068000305E-4	3.74664555539736E-6	2.5790994282742324E-4	2.2028372685549765E-8	1.1984228445350929E-4	9.637375377309022E-6	1.128874780849356E-8	0.00200796937747061	5.093279543107414E-4	9.515758939134578E-4	8.159409759422938E-6	5.126365218043114E-8	1.2013298732995935E-4	1.7162255210097482E-6	3.7710983158601153E-7	7.4400853630603405E-9	1.909195732904773E-7	2.1156113244079104E-12	1.4731231269428635E-4	2.9670309923313886E-5	5.973856748347962E-5	2.6935837091391296E-5	1.4455940996676048E-5	5.330181044479695E-6	4.586061850680242E-6	0.0	4.586061850680242E-6	5.913379689016656E-10	2.1429835033526635E-10	5.869007649894709E-9	1.2859921630928157E-4
3.5950323395495307E-4	4.462821700716039E-4	2.0775496399795692E-6	1.4361914311912478E-4	6.690712134491201E-9	5.592725823352499E-4	1.3571460080640698E-4	2.088031762822077E-9	8.774288084525689E-4	2.7285259716294764E-4	5.220262136548438E-4	4.6415578370616E-6	6.294265875800248E-8	0.0013097951765844147	7.622838836792706E-7	7.372264856288136E-8	1.316277182013318E-9	1.0310322979420327E-6	1.3752284862875624E-12	1.911424982643188E-5	1.5832156496553307E-4	7.1549420454786E-5	0.0011339174021503938	6.441096415991892E-5	3.061359477421698E-5	7.293462910652427E-5	0.0	7.293462910652427E-5	3.832893219362738E-10	1.372612953897667E-10	3.7044804873184624E-9	8.371394731450297E-5
4.892038006533105E-4	6.625712794346982E-5	9.140169993905326E-7	5.406835097683217E-5	7.151643426811815E-9	3.100377314583042E-5	4.8568846667203854E-4	9.184043586431913E-10	9.80309480430724E-4	3.621202505889691E-4	7.198012452642941E-4	6.482916963528869E-6	1.6322199349392732E-8	1.576504001740688E-5	2.828771970707204E-7	4.299012108681846E-8	6.822809104768688E-10	5.4317490807547686E-8	6.774832712662046E-13	6.717028277669437E-4	7.25447006070382E-6	1.4195530281816424E-5	8.383407327450563E-6	1.8600616924277426E-4	1.4442940919321874E-6	2.631800636703354E-4	0.0	2.631800636703354E-4	6.162701306012101E-10	2.1118887594196953E-10	1.8818856502716708E-9	2.6125806315966775E-5
3.235989803700664E-4	6.135231199984452E-5	9.475341728151076E-7	3.9373165784436964E-5	8.178110818898206E-9	3.321927159734128E-5	4.2120043660999685E-4	1.8002209406063834E-9	5.252189614488098E-4	2.4225896706059376E-4	3.6729281329574967E-4	3.9521261297014196E-6	1.629283775528515E-8	1.3502902577843117E-5	3.1954026399859024E-7	4.011125943814295E-8	1.0286026241489978E-9	5.3808025442891696E-8	7.452667123256689E-13	1.928201569998354E-5	6.260972692065351E-6	1.4090904183608335E-5	7.984156015817305E-6	1.3703428399731619E-4	1.3774728901725663E-6	3.5602997550054764E-4	0.0	3.5602997550054764E-4	1.4164782818662884E-10	9.342070469357921E-11	2.072931274336463E-9	3.081322202486778E-5
2.5356082190976124E-5	1.6750205382955096E-5	1.8339255091045233E-7	2.1441849758440507E-5	5.79628786344616E-10	2.949053731522186E-6	4.815774128927079E-7	3.2405142079168514E-11	4.9491008660794234E-5	1.88228702896044E-5	3.6006685941506246E-5	3.320791535480253E-7	1.7410473088954816E-9	1.0247753962300501E-5	2.155709773701665E-8	1.8967125027959622E-8	6.793404491234726E-11	1.0297664399151486E-8	8.966141567410775E-13	2.6935648391103303E-7	1.7061052036669844E-6	4.295652289580584E-6	1.4062943321511214E-6	6.111816930031392E-7	3.2302791795343174E-7	2.3634197230655898E-7	0.0	2.3634197230655898E-7	2.890210561407448E-11	1.0379513615869303E-11	2.505242832195568E-9	2.2651815738578147E-6
7.313966514793688E-5	1.6195196681690794E-5	2.1417146793927152E-7	9.598343834907937E-6	1.7993647211888023E-9	7.607890804966312E-6	2.674954055883192E-4	3.9234242611921214E-10	1.2818852070259473E-4	5.506865329137726E-5	8.47590981290318E-5	8.947142826031287E-7	3.7978662188883325E-9	3.1542287373818333E-6	7.085974932438634E-8	9.137378549089633E-9	2.2555832026292254E-10	1.436696468960494E-8	1.6760454927153395E-13	4.2107455689780074E-6	1.678030658699171E-6	3.527614790656573E-6	1.948724525465481E-6	1.0041471659863577E-4	3.689756745857044E-7	3.473429313933714E-4	3.470508209402805E-4	1.7381726246512837E-4	3.3613371966058416E-11	2.115859554911246E-11	4.6525986621613373E-10	7.022101174509463E-6
2.1955120482058916E-5	4.867339780729196E-6	6.454146975615555E-8	2.8852504037807635E-6	5.400202067810005E-10	2.291075134215532E-6	8.024874992641272E-5	1.1782573250812256E-10	3.848344314457481E-5	1.653041222025038E-5	2.5447076206485098E-5	2.685889235282563E-7	1.1457079055326996E-9	9.490601883590261E-7	2.127187203703557E-8	2.7457975899445698E-9	6.770163966819497E-11	4.314509334511006E-9	5.0315924512402565E-14	1.2633465869257994E-6	5.042922246667633E-7	1.0600738640731727E-6	5.853546745477925E-7	3.01249276327892E-5	1.1096765975167109E-7	8.776127744505647E-8	1.607260872977034E-8	8.685059574156666E-5	1.669553842695759E-8	5.283016957490567E-10	1.3967318405217532E-10	2.110838337771092E-6
6.9482398651743E-5	1.538537413050173E-5	2.0346206514735782E-7	9.118389472861646E-6	1.709389516955556E-9	7.227466802594613E-6	2.541195994130362E-4	3.7272378543800546E-10	1.2177859824787768E-4	5.231500736934982E-5	8.052081498666421E-5	8.499751036253203E-7	3.607958200424314E-9	2.9965050855271918E-6	6.731648744851378E-8	8.680474236456637E-9	2.1427953075839342E-10	1.364856081798463E-8	1.5922367274686566E-13	4.000191984103496E-6	1.5941226274655945E-6	3.3512203901729127E-6	1.8512807526114422E-6	9.196371593590558E-4	3.50525461970657E-7	2.775037992172028E-7	0.0	2.775037992172028E-7	3.193257319747075E-11	2.0100583833420764E-11	4.4199507115186687E-10	6.6709689221745446E-6
2.3015255701857426E-8	9.47926421527771E-9	2.3197504767890342E-9	4.574745546634508E-9	5.053022847168618E-13	8.698703974033575E-9	2.8733593083548864E-10	1.1238208068816948E-13	3.1176374942890476E-8	1.702572324552276E-8	2.5824424744846518E-8	2.839987074137377E-10	1.825385175108225E-11	1.868611991178205E-9	4.062806695350702E-11	2.36679161389061E-12	3.055189258048816E-14	6.695354356239066E-12	9.195118857591577E-15	1.9269056574401569E-10	9.927890067414396E-10	2.273449543055073E-9	1.0946464039758319E-9	7.656116151360319E-10	1.4403597531515576E-9	1.1733708299996291E-10	0.0	1.1733708299996291E-10	1.2224114495381243E-14	5.046238180743492E-9	2.5726179078213994E-11	4.761217818876153E-9
5.889303108658274E-9	2.352013809466486E-9	3.427019607885495E-11	1.4758996965611235E-9	1.304439183755937E-13	4.008105592265854E-9	8.455086060420056E-11	1.4868023693816908E-14	8.008465358881154E-9	4.353825623622047E-9	6.644377580504117E-9	7.277085465655237E-11	3.438232014903039E-12	8.994093336756749E-10	4.7966979126204165E-12	9.427372220087322E-13	7.450196386702222E-15	1.817483287363916E-12	1.3727322850098255E-17	5.100376168499613E-11	2.522330389361983E-10	1.0363888557748277E-9	2.380321901685375E-10	3.1717698108466707E-10	7.183029629991585E-11	2.8881366896236834E-11	0.0	2.8881366896236834E-11	2.935099127222503E-15	1.8187095131662207E-15	3.783694840762338E-14	2.5101697110696367E-9
3.650604059389653E-8	6.014938087892841E-7	3.2610911670527927E-10	3.268897646559686E-8	7.073684870339493E-13	7.513154767977517E-8	1.3604342471276177E-9	3.82087947105209E-13	9.349615026428502E-8	2.7922313656473057E-8	5.348931055881974E-8	4.713135567956208E-10	5.255948692336789E-11	1.7029117463370566E-8	7.059238619969927E-11	1.9839678520102862E-11	1.5799220574781413E-13	6.968930740311926E-11	5.259942218624043E-11	1.4788332071595422E-9	9.338351849845636E-9	2.4324410701467045E-8	7.101360291011991E-9	2.635466797076178E-9	4.670951006950227E-9	6.110954072177797E-10	0.0	6.110954072177797E-10	6.614020634277623E-12	1.3776979870251855E-14	1.471747254036775E-7	2.377531192756016E-8
0.001440925401206509	1.1349319802708112E-4	1.939685056713448E-6	1.464906059800458E-4	1.452839809778785E-8	5.647030028869964E-5	1.6542277430729582E-5	7.87421619053052E-10	0.006360959971691401	0.0012136808844536002	0.002324657792001034	1.8005218687982797E-5	3.475190626237932E-8	3.325998370497424E-5	5.244180359949662E-7	7.014833698441521E-8	8.095394011858082E-10	1.0105642106441355E-7	1.3321511764186794E-12	4.990199199323866E-6	1.274086316514265E-5	2.7315725146198407E-5	1.8061747539421198E-5	1.8237012695823967E-5	2.7067429613583396E-6	8.224712653442414E-6	0.0	8.224712653442414E-6	1.1662887782098977E-9	4.0790684099954776E-10	3.704123011402272E-9	4.9856687478786286E-5
