32
NULL,open@__open_nocancel,fstat@_fxstat,mmap@__mmap,read@__read,munmap@munmap,open@__open64,close@__close_nocancel,rt_sigprocmask@sigprocmask,exit_group@_Exit,rt_sigaction@__libc_sigaction,sched_yield@sched_yield,mremap@mremap,time@time,read@__read_nocancel,mprotect@__mprotect,madvise@madvise,lstat@__lxstat64,openat@__openat64_nocancel,write@__write_nocancel,syslog@__syslog,getpid@getpid,writev@__writev,close@close,stat@__xstat,socket@__socket,fcntl@fcntl,connect@__connect,getdents@__getdents64,lseek@llseek,getrlimit@__getrlimit,write@__libc_write
0.9663925966062741	7.74362962104854E-4	8.504101047100568E-6	6.102742380096991E-4	5.808955764636164E-8	4.818675730693259E-4	5.755752303385479E-5	4.599384533401758E-9	0.015811892073934943	0.003490991044266751	0.006642428345315584	5.667449359946396E-5	2.2280579142249328E-7	1.4933881367477667E-4	5.3467291582073605E-6	3.1923877778642197E-7	4.732307790968171E-9	5.171732282827342E-7	5.39215076582728E-12	2.2361480732835235E-5	1.1099047162159697E-4	1.3355556514085636E-4	8.386318354220736E-5	7.900596301968897E-5	1.5368484763466465E-5	2.7742850988093415E-5	0.0	2.7742850988093415E-5	3.8570458388180045E-9	1.4338350105063088E-9	1.4945943797505202E-8	3.250098498240335E-4
1.5077169159378214E-4	2.1195082252332777E-4	1.0900724610950143E-5	1.3185413088592757E-4	3.0852755147091057E-9	6.216024630858732E-5	1.571576662885799E-6	5.836240754016084E-7	2.2730301687157495E-4	5.734466927591726E-5	1.0833315898624358E-4	9.62229798388989E-7	1.2058206966552513E-8	1.0485327418358534E-5	1.0851299556758948E-4	3.72038101624015E-8	1.0419992710270702E-9	5.864517813584792E-8	2.6415438218094166E-11	9.100895832607169E-6	4.305485226063046E-4	1.2546554029103458E-5	8.175360126429959E-6	2.7822658762451867E-6	1.8686511187278242E-6	7.228784907142697E-7	0.0	7.228784907142697E-7	7.500589008428987E-11	2.5938030333584512E-11	5.6545432065137305E-9	2.309853854912196E-5
4.832361182884292E-6	1.3835346747281118E-6	4.637316530629989E-8	2.654826063127289E-6	4.1453118852092565E-11	1.2215866725207838E-6	6.752198936486327E-8	1.611934933491807E-11	4.524194044985611E-6	1.7815191735626033E-6	3.3550248404512987E-6	3.256291115687263E-8	3.2055977544060133E-10	1.489743391048772E-7	1.5102173336508372E-9	2.799389442700157E-10	4.081288904679158E-12	9.730402024131444E-10	1.5934505446257552E-14	2.5310503264906E-8	1.4641105353309253E-7	1.9850730453528672E-7	2.97464630724932E-7	1.8654594620313067E-7	2.8240590635820107E-8	3.3043610425469536E-8	1.231533658929034E-8	3.3043610425469536E-8	4.620896406851034E-9	1.454733100244797E-10	4.4284256694553707E-11	4.6101169514290074E-7
8.149923630145089E-5	8.173148966851931E-5	4.308610921269988E-7	6.530514491601367E-4	2.9907489620413103E-9	8.895699513401771E-4	4.833486159654687E-6	1.84707780003366E-9	1.1547862396693043E-4	3.1331255516749525E-5	6.0703284852447705E-5	5.41777310710987E-7	9.431070960129287E-9	4.8892279406436365E-6	1.0164429917933313E-7	1.988559650258096E-4	3.955983841871503E-10	6.535417768207679E-8	3.056791359505187E-13	4.00332145081674E-6	4.499035236564644E-5	9.50759388852419E-6	3.891995254466441E-5	3.3856033326021E-6	1.763518250867543E-6	2.5284471750617427E-6	0.0	2.5284471750617427E-6	4.7343972807412224E-11	1.5730925778006112E-11	8.409394975301359E-10	1.927192206794717E-5
7.489286702682183E-9	1.9187490857548936E-8	2.0396198573206814E-11	1.8275011463828357E-9	6.81112956448646E-14	9.978378719587348E-8	9.890137733374722E-11	1.081964770413636E-13	1.2623101624958991E-8	2.888890511944655E-9	5.383935397240181E-9	4.689389713822225E-11	5.954760236557612E-13	2.9348613682268295E-10	7.638982627337763E-12	6.111762220864973E-13	7.037778625715657E-14	5.439748343646658E-12	2.3241778282067528E-17	1.372818039639572E-10	1.7979059029089535E-9	9.348291925011064E-10	1.3355929076925163E-9	1.431132707767609E-10	1.3465399209800074E-10	4.7361891796588505E-11	0.0	4.7361891796588505E-11	3.026522151153605E-15	1.168141590026448E-15	6.30199782511918E-14	1.1851723895248987E-9
1.9270815250922705E-4	8.586403955692011E-5	8.792934206809951E-7	2.404177870223286E-4	5.540326650111344E-9	2.4870231449720275E-4	2.0525952519565804E-6	5.174868343023959E-9	2.6890091184539826E-4	7.166797855955652E-5	1.3512184144064043E-4	1.2176170714901138E-6	9.096085441884887E-8	2.1176499632089796E-5	5.821837890960653E-7	3.7119247600955253E-4	4.753807840393438E-10	4.808238810108049E-8	9.972939367427926E-13	2.5158319095974777E-6	2.5123381862646887E-5	3.26097095025076E-5	9.205296810785177E-6	4.00031748789524E-6	1.2753727526005446E-6	9.243955049202681E-7	0.0	9.243955049202681E-7	9.518980653657608E-11	3.362050049250127E-11	2.7784635058836503E-9	5.810965162179338E-5
3.658983809768601E-5	1.1329563051387779E-5	2.451595200380968E-6	4.538437588470843E-6	4.77380553359E-10	3.572283810354401E-5	1.0695884786493698E-6	5.824442819518813E-7	3.148486083522873E-5	1.3613389524099131E-5	2.1579825175374E-5	2.341310007980772E-7	2.8042720150257962E-8	3.5565555924286946E-6	3.142899961608454E-8	3.669806111163664E-9	7.587736458942215E-11	6.132112901366456E-9	1.4691598264009615E-13	1.089956162278854E-6	1.117363454523938E-6	4.947849047976061E-6	9.816448343872747E-7	8.217288686806127E-6	5.267500127050214E-7	1.0089837184075664E-7	0.0	1.0089837184075664E-7	1.0363845782286178E-11	5.887129038477312E-12	4.09212769131936E-10	9.824983593211014E-6
6.853332312079873E-8	2.8802995947143793E-8	3.700445976492943E-7	7.769155737199634E-9	6.202822187908563E-13	2.4056953282867467E-8	6.583683870716207E-10	4.853475822225197E-13	6.38229615019714E-8	2.53020385682149E-8	4.664067309447382E-8	4.584635297226234E-10	8.181816242693368E-12	2.8242829684078096E-9	1.475445028808047E-10	4.214710254305751E-12	9.679257306958759E-14	1.4695219664031762E-11	1.637848122480365E-14	3.95447539569985E-10	2.8420220412726352E-9	4.077559572595413E-9	2.336840171037839E-9	1.2118972725504248E-9	4.2383899025498344E-10	3.0262758162045245E-10	0.0	3.0262758162045245E-10	3.7054586349737644E-14	1.3820362791766543E-14	4.582250063964811E-11	8.7238132181759E-9
0.009371202507899787	1.7703350125217347E-4	3.9641618041011154E-6	2.5633513842854375E-4	3.520084367335676E-8	8.728850220366123E-5	2.036217051119672E-5	1.9193609983037282E-9	0.002287273960410034	0.0034204842222768273	0.006256665199328502	4.5143345620354545E-5	6.535594972429998E-8	5.9607929597459726E-5	8.279377230949865E-7	1.1063460854898346E-7	1.528111492983779E-9	1.9773295408428733E-7	3.0335274857123262E-12	1.308816928727101E-5	1.86767142608758E-5	5.683969802036491E-5	3.243379624190056E-5	2.9789033148656263E-5	5.220588947744846E-6	9.347914407311153E-6	0.0	9.347914407311153E-6	1.2472940325935017E-9	5.620993974005969E-10	8.447149464840902E-9	9.678700222754251E-5
0.010265613419367754	8.156710072412122E-5	1.4408633544204639E-6	1.722888289557645E-4	1.2259451666687035E-8	3.6932015641830867E-5	4.664630166137733E-6	1.6617493719570118E-9	4.4220303327366145E-4	1.0474262324878022E-4	1.9160263850574963E-4	1.7008000735796384E-6	2.512230549110398E-8	1.683228656107643E-5	3.988999301370186E-7	3.955311917537045E-8	1.0358963622691008E-9	9.033284096205546E-8	1.1815323952714132E-12	1.1184715733519025E-5	8.411240654071506E-6	2.4841108994108947E-5	1.3926305513220101E-5	9.018510165989168E-6	2.4526410688241338E-6	1.4128045931584465E-6	0.0	1.4128045931584465E-6	1.1953796935919162E-10	4.228533100663037E-11	3.284198472639417E-9	4.284737289437137E-5
0.009167723244344287	1.164381849781416E-4	2.2226656506342172E-6	1.9349234637040506E-4	1.9018367678345085E-8	5.447768478161396E-5	1.2441498292085414E-5	1.6396240570576738E-9	0.0012819326763421018	0.003347338604912878	0.002345821205913738	5.904282378849075E-5	3.7693137444220413E-8	3.171231455067006E-5	5.377401950302654E-7	6.84989404666684E-8	1.1897571352638212E-9	1.2309154979668727E-7	1.7369032844513417E-12	1.1051096088554437E-5	1.225059377314833E-5	3.454793975129484E-5	1.976992644334993E-5	1.6991199022112725E-5	3.30047857608555E-6	5.497541646916819E-6	0.0	5.497541646916819E-6	7.246785630614744E-10	2.743247941701262E-10	4.83202998587212E-9	5.90259810815565E-5
9.989593509320807E-5	1.0954209689762628E-6	2.1519855147534356E-8	1.9641217297084252E-6	1.8663202375663908E-10	5.149887511532579E-7	9.496498701720706E-8	1.7330384141244484E-11	9.976640990430678E-6	3.6476913459424564E-5	2.3119489278466175E-5	2.146826535326553E-5	3.649765995363931E-10	2.9065971634478525E-7	5.221879726316346E-9	6.064233207235121E-10	1.1819955054017346E-11	1.2079639984763441E-9	1.7017543101168865E-14	1.1705741317784668E-7	1.1429812274846267E-7	3.3889565862824177E-7	1.9190453592657837E-7	1.5081969377065153E-7	3.239489625108639E-8	3.8699776937663134E-8	0.0	3.8699776937663134E-8	4.7177942553568425E-12	1.9729811523631324E-12	4.734305002267868E-11	5.808105888155022E-7
4.1540968598538446E-8	4.275631223025695E-8	1.0935910394092711E-10	1.4612714795321875E-8	3.8643819610843504E-13	6.88561819105013E-9	6.376567657609126E-10	8.277988664173814E-14	6.349479910271968E-8	1.6244033510536063E-8	3.1011892298165476E-8	2.7496776539911196E-10	4.097054392050772E-12	3.775045931154422E-9	3.6705878196033236E-11	7.756035101336951E-12	6.545254083970909E-14	3.8861612596421994E-11	9.129765879503965E-17	8.245781054240552E-10	4.784626729363735E-9	6.67336793434074E-9	3.1045175815204137E-9	9.878976369182358E-10	9.746465923554868E-10	3.008852072666129E-10	0.0	3.008852072666129E-10	2.055477447890497E-14	7.561212295033634E-15	2.407246103507896E-13	1.2232736940899748E-7
8.065872603522344E-5	1.0533623892475713E-4	2.5642662959135904E-7	8.652863752147797E-5	1.9667400566693155E-9	1.0601198682689727E-5	1.156843653690459E-6	1.1458419167993684E-10	9.42158245433631E-5	3.0129926674680234E-5	5.853137430236303E-5	5.397096052946504E-7	6.959287451729277E-9	4.779900715939832E-6	1.864601115674003E-6	9.49476552884549E-9	2.4987913550432927E-10	5.0185911466521936E-8	1.3809762794888309E-13	1.0191609088798423E-6	5.685220490307197E-6	2.422660391802767E-5	4.758289893232453E-6	1.792943737678259E-6	1.2780887870162232E-6	5.511504605953757E-7	0.0	5.511504605953757E-7	4.7917263312098526E-11	1.65456494541589E-11	3.688630214074463E-10	9.330874496780966E-6
1.0885216518568984E-5	2.543147052817735E-6	1.6214039800283384E-8	5.8917195707667015E-6	1.3337126471949468E-10	5.222408190780518E-7	7.095129585457916E-8	1.30819062688891E-11	2.5920046746681696E-5	4.630438047274635E-6	9.014754025769312E-6	7.078339560023256E-8	4.2007086117859153E-10	2.295416359351178E-7	4.609574196599567E-7	6.636231730061786E-10	1.0090353807465305E-11	8.030210785372847E-10	2.1349105161070647E-11	5.0573991916805175E-5	8.895510828508669E-8	2.3253397830299452E-7	9.51359084512508E-8	1.1421221168642788E-7	2.4544766037712362E-8	3.305890490918942E-8	0.0	3.305890490918942E-8	7.380230483181166E-12	1.601383987479233E-12	4.615334757729422E-9	6.331681655197634E-7
4.211454477136901E-5	7.734804395017496E-6	2.713876927387066E-7	8.723832128225522E-5	3.180841213017452E-9	2.899068010479067E-4	4.885348894893497E-7	2.7517620493044567E-11	4.1673398276507036E-5	1.5431805179363323E-5	3.1570608228330613E-5	2.9053265639297807E-7	4.744809648902746E-9	2.560081901505819E-6	4.738776874543607E-8	8.241292744650048E-9	3.925099815641399E-11	1.1732464543823633E-8	4.381359604832752E-14	1.4918105324241617E-7	7.833915024905874E-7	3.767341070091801E-6	7.673502587800017E-7	1.0315010540411146E-6	2.9293079198535097E-7	2.1399068349618787E-7	0.0	2.1399068349618787E-7	3.388444542009631E-11	9.942448490233375E-12	1.2119721691634469E-10	6.590247110102884E-6
2.4810725854577115E-9	1.0184125034142452E-9	5.9268709850457845E-12	2.911333595830979E-10	2.4373066448123798E-14	4.1727183092808195E-10	1.8496068469321037E-11	5.501314700274259E-14	3.2759345168116093E-9	9.292558175171784E-10	1.5873360847673522E-9	1.5282811731461203E-11	1.2325735123595516E-13	6.836959595390759E-11	6.3239133327598485E-12	1.2217412555574628E-13	3.1075873686216405E-15	7.446118813818199E-13	8.324528423998903E-18	1.8920307749149386E-11	1.0356218470551515E-10	1.3597104017959865E-10	8.57838733582338E-11	3.071880071928559E-11	1.8158996975250605E-11	8.677078651483889E-12	0.0	8.677078651483889E-12	7.592476150964335E-16	3.6685807251873837E-16	2.3039413724064846E-14	3.713525516894897E-10
6.079881290847847E-8	1.0029106605824714E-7	5.374026156815396E-10	2.4627846601077626E-8	6.786671649207988E-13	1.1739335960936837E-7	1.2645896642734884E-9	1.6614827621440164E-12	8.825646632891516E-8	2.32216688451003E-8	4.501419162791238E-8	3.987919293340244E-10	6.574891025538298E-11	1.5541185986026835E-8	2.2555389349344903E-8	1.5819716832175204E-11	3.1549405735098307E-13	7.006457979664106E-7	2.627272525045427E-7	9.713984809407647E-10	8.798383120501864E-9	1.9925861631726626E-8	6.624262517781083E-9	5.020106004133415E-9	1.4935983209711244E-9	4.1220515004470913E-10	0.0	4.1220515004470913E-10	3.1960367630837816E-14	1.1370082874518339E-14	7.652590171959874E-13	5.199433953596578E-8
5.379083564464376E-9	1.0011262555716352E-8	1.3512067088171966E-7	2.3422967443504564E-9	5.5320726029273536E-14	1.2275389139583453E-8	1.1995900578540727E-10	2.1976158759698922E-13	8.051924948490569E-9	2.0878405057811085E-9	4.074482191387832E-9	3.5851093379668264E-11	5.9529485944471806E-12	1.4030176969443945E-9	4.8813741066520177E-11	1.4447864084739632E-12	3.261269134648832E-14	4.199517622229793E-12	9.950465041586167E-17	1.0199253559378394E-10	9.750889635555388E-10	1.8663077265861317E-9	7.294427105438328E-10	4.5734874018175397E-10	1.4677922475977343E-10	4.0103449544386454E-11	0.0	4.0103449544386454E-11	5.656726871194393E-12	1.0262605207376496E-15	2.7689022520154987E-13	5.021181195744346E-9
1.3998191037816914E-5	1.2602026603232208E-4	2.480882186387807E-8	2.464425024347692E-6	1.0419248003408536E-10	1.4753426407361144E-6	1.6005624550592656E-7	2.98514726580638E-11	3.1380509381085964E-5	5.872636028534979E-6	1.137776142239748E-5	9.112562962051604E-8	8.140385297458621E-10	4.19628302707844E-7	9.179778149520286E-9	1.1012459802538156E-9	1.98777996705698E-11	8.086478839687541E-9	1.890545346802317E-14	5.0748303293949576E-5	2.3586540145526024E-6	1.3917559819640423E-6	3.745964474364571E-6	2.184551757343596E-7	2.0129683052822536E-7	7.716892662803573E-8	0.0	7.716892662803573E-8	6.034214722576997E-12	2.1223534043850998E-12	4.987125055322436E-11	1.1928019631072611E-6
8.394431469046282E-5	2.2238652027200738E-5	2.7227950818880445E-7	1.884475977353789E-5	1.592676257924775E-9	8.560449865631762E-6	6.490861048842993E-7	8.546881805507964E-10	1.3832947159273055E-4	3.2822112344381646E-5	6.216420662754206E-5	5.426372657635825E-7	3.6207297075895584E-9	8.962191341209261E-6	1.2448613104872707E-7	2.8336413387788203E-8	5.607556651353756E-10	1.3792795380831668E-8	1.5331601002233784E-13	1.1200311948800077E-5	2.124216382756096E-6	4.357307129572871E-6	1.9280987638481545E-6	9.791897226159463E-7	3.823010910058333E-7	3.0859168038796157E-7	0.0	3.0859168038796157E-7	3.937517054458757E-11	1.423728971159821E-11	4.25337563832801E-10	9.430344202390505E-6
4.5794782415159384E-5	3.307872161328861E-5	1.4926583377619546E-7	1.0342185997564335E-5	4.5800803996508875E-10	4.2234324896669975E-5	1.0327391292037864E-5	1.5427179624728805E-10	5.806148882523268E-5	1.733159242842091E-5	3.371145790345987E-5	3.0651344369162994E-7	4.582175796477343E-9	9.976401965932034E-5	5.210451123927276E-8	5.343612509586173E-9	9.550540830791199E-11	7.815641804169903E-8	9.960786352595392E-14	1.4341118791707544E-6	1.1970368410005104E-5	5.3031356053868895E-6	8.667552903940857E-5	4.831610539698217E-6	2.3018402121494246E-6	5.554564246907705E-6	0.0	5.554564246907705E-6	2.5707641041737914E-11	9.185687816330206E-12	2.6796410944597896E-10	6.126436832523266E-6
6.24067488376633E-5	4.330403650667471E-6	6.01587175557932E-8	3.4928954796873616E-6	4.773485416140234E-10	1.9574445681625846E-6	3.696355500344467E-5	6.545365690596913E-11	6.277180326662985E-5	2.2923940956025934E-5	4.6550271261814246E-5	4.2911493185088774E-7	1.041482009706587E-9	1.0462260803741495E-6	1.7217155667908922E-8	2.9352364400375016E-9	4.731067683765549E-11	3.603872411554676E-9	4.539822795990801E-14	5.120214554542996E-5	4.584269213660452E-7	9.399515034441768E-7	5.510269885327016E-7	1.408453780456843E-5	9.427837482349459E-8	2.0035856228267975E-5	0.0	2.0035856228267975E-5	4.1938151853270857E-11	1.4296902164807747E-11	1.2611794163328079E-10	1.711092093994815E-6
4.151371208172952E-5	4.232441456976635E-6	6.55773148858808E-8	2.609061968337643E-6	5.749054377744739E-10	2.2750229335511947E-6	3.208365340195511E-5	1.3436115675589115E-10	3.316181572310888E-5	1.545617671551981E-5	2.3053395469055585E-5	2.621692732861067E-7	1.1024419624721505E-9	9.285829380299782E-7	2.1617185819932482E-8	2.863434200026696E-9	7.562190450854892E-11	3.746108710603325E-9	5.2523282004311884E-14	1.453858690866571E-6	4.192941398954081E-7	9.786587579095728E-7	5.508264569628287E-7	1.0386881412168223E-5	9.435738103336228E-8	2.7135922101375833E-5	0.0	2.7135922101375833E-5	8.508185136127576E-12	6.160940525257831E-12	1.4610924635142977E-10	2.1610551568859904E-6
3.231753962453861E-6	1.2303174509283988E-6	1.3416616828595107E-8	1.6004483852209691E-6	4.053369149172841E-11	2.0097395600883014E-7	3.297129749200399E-8	2.210968154497196E-12	3.1578012503552784E-6	1.1911187874684505E-6	2.3164028523834088E-6	2.1953876007552178E-8	1.2080848280742114E-10	7.730733418300661E-7	1.3908196360064183E-9	1.4283541616012584E-9	4.908636042454912E-12	7.50764728938367E-10	6.805407435865692E-14	1.905927702950125E-8	1.2408298848781244E-7	3.1878991385802364E-7	1.0174195588731776E-7	4.142224097279195E-8	2.3506313806661355E-8	1.6211656407209276E-8	0.0	1.6211656407209276E-8	1.952339226142721E-12	6.997226036728154E-13	1.9015930027584434E-10	1.569498120660515E-7
9.382099973337015E-6	1.1320710479328126E-6	1.4821651932404797E-8	6.425550098484777E-7	1.2626548556152625E-10	5.211757725537039E-7	2.0389851125298723E-5	2.924774453536791E-11	8.211637030771468E-6	3.5169640881557657E-6	5.340006799051106E-6	5.936086719424082E-8	2.5779155879924965E-10	2.1766960099356943E-7	4.777900274976572E-9	6.52287775568282E-10	1.6555971946411828E-11	1.0134122099579422E-9	1.1808508400685878E-14	3.1725634596368574E-7	1.1456487973498364E-7	2.471137701448251E-7	1.3538286241938938E-7	7.639960147585391E-6	2.564522905202865E-8	2.648642774531265E-5	2.6468015966048394E-5	1.3252400050843385E-5	2.03830321563096E-12	1.3948732458461023E-12	3.2778970100696117E-11	4.926742752612921E-7
2.816314054985109E-6	3.4026559309541584E-7	4.468287739629759E-9	1.9318625834147043E-7	3.7893837663350496E-11	1.5700335309675306E-7	6.116963053449544E-6	8.783562374195951E-12	2.465214794583286E-6	1.0557100578844022E-6	1.6032507508376688E-6	1.781980315074465E-8	7.781488779287313E-11	6.550940577613553E-8	1.4342919435693794E-9	1.96026242569102E-10	4.969252092137672E-12	3.0434292658216563E-10	3.5450085455820696E-15	9.518550204093335E-8	3.4433520244639244E-8	7.426621540748983E-8	4.066812787153312E-8	2.292023826392794E-6	7.713859900224635E-9	5.5323277502203714E-9	1.2257860774483328E-9	6.622546174984861E-6	1.2731364349638615E-9	4.022552210585819E-11	9.840455565986362E-12	1.4811485201166295E-7
8.912958641789718E-6	1.0754631115067807E-6	1.40805119378343E-8	6.104247710139543E-7	1.1995172231095933E-10	4.951149656340493E-7	1.937027960781776E-5	2.778524404453195E-11	7.801023379057317E-6	3.341102264042785E-6	5.072985779524771E-6	5.639259395515243E-8	2.4490098254228866E-10	2.067852780021602E-7	4.5389867584533186E-9	6.19670860756908E-10	1.572810923485765E-11	9.62737674945836E-10	1.1218037251323917E-14	3.013923000666891E-7	1.0883619208721081E-7	2.3475712467111687E-7	1.2861319501820894E-7	7.011930785383476E-5	2.436286828636899E-8	1.7491119000073112E-8	0.0	1.7491119000073112E-8	1.936380161368502E-12	1.3251241818033353E-12	3.113989465665994E-11	4.68038653580428E-7
2.943727385166734E-9	6.845231621094195E-10	1.7633536736055157E-10	3.1857418472519255E-10	3.4973190461283405E-14	6.414004411209408E-10	1.9138948327842197E-11	8.33292740471448E-15	1.874707760884391E-9	1.0804046724099676E-9	1.6096956390909065E-9	1.8793065363993244E-11	1.3797880242632826E-12	1.348887314240383E-10	2.8679965554402994E-12	1.6569634850797752E-13	2.114655443604289E-15	4.807389696017038E-13	7.011206810481204E-16	1.3399331218753653E-11	7.076370525094217E-11	1.6569218963855367E-10	7.864286637909574E-11	5.32980665086535E-11	1.0800065272050625E-10	7.673758615732999E-12	0.0	7.673758615732999E-12	7.620952143284206E-16	3.8485397533041083E-10	1.9616091163419567E-12	3.483561028604996E-10
7.529239054714641E-10	1.6942276791999562E-10	2.452355843572418E-12	1.046971264363908E-10	9.03332554325779E-15	2.998333588904103E-10	5.715453398148086E-12	1.0728466856146809E-15	4.813122684686819E-10	2.7612278316663164E-10	4.142793686196393E-10	4.813373936459414E-12	2.591075869856633E-13	6.668959935634614E-11	3.0589926129671355E-13	6.808532701048448E-14	5.106935012088104E-16	1.3101014220776307E-13	9.630563898562771E-19	3.5552258651479243E-12	1.79257987507125E-11	7.715026706743655E-11	1.6949621581918438E-11	2.261565204938288E-11	5.222830097709832E-12	1.8752382113308305E-12	0.0	1.8752382113308305E-12	1.7977667768618674E-16	1.2039345309384146E-16	2.6530169038795265E-15	1.876800624111288E-10
4.6439982615116934E-9	4.576775661502691E-8	2.3762599811943362E-11	2.4312419089790577E-9	4.858689648757154E-14	5.706682320659447E-9	9.783825308706695E-11	2.8673948841774295E-14	6.224037060163512E-9	1.7738945779572114E-9	3.4553761079526258E-9	3.109313523169528E-11	4.007757684916185E-12	1.2898945008911202E-9	4.817683891781465E-12	1.4849654791327532E-12	1.1554348226150696E-14	5.2392150410216955E-12	4.012550278914077E-12	1.0987946423855894E-10	6.981231104784012E-10	1.8448319080166481E-9	5.307062276384171E-10	1.8966037134380651E-10	3.5109984131813295E-10	4.388722311284451E-11	0.0	4.388722311284451E-11	5.041898261281149E-13	9.196449879907095E-16	1.1227233345989841E-8	1.7921922977829003E-9
1.861449090492041E-4	6.817622163711256E-6	1.2393765600827803E-7	9.535692413445786E-6	9.370886588229817E-10	3.250197221690934E-6	1.0854360310916555E-6	4.7912029211120565E-11	4.5373958704165844E-4	7.958672177947216E-5	1.5493901653107248E-4	1.2077738834457347E-6	2.125730477240024E-9	2.144607139984451E-6	2.8604712907866517E-8	4.492363454607787E-9	4.959991228388239E-11	6.3442608957570185E-9	8.582605594975129E-14	3.1345503991569593E-7	7.272596614648373E-7	1.7223288867555957E-6	1.1547145035502878E-6	1.1637399363900292E-6	1.6648481536206224E-7	5.418150376386454E-7	0.0	5.418150376386454E-7	7.690914877478889E-11	2.6772126041171847E-11	2.387230490784643E-10	3.0672051461034734E-6
