32
NULL,getrlimit@__getrlimit,open@__open_nocancel,read@__read_nocancel,stat@__xstat,open@__open64,close@__close_nocancel,munmap@munmap,rt_sigprocmask@sigprocmask,exit_group@_Exit,rt_sigaction@__libc_sigaction,sched_yield@sched_yield,time@time,mmap@__mmap,mprotect@__mprotect,write@__write_nocancel,syslog@__syslog,getpid@getpid,writev@__writev,close@close,fstat@_fxstat,read@__read,mremap@mremap,socket@__socket,fcntl@fcntl,connect@__connect,lstat@__lxstat64,openat@__openat64_nocancel,getdents@__getdents64,lseek@llseek,madvise@madvise,write@__libc_write
0.9467509124934391	5.9441524211346595E-6	9.887261371903633E-6	4.4985540076759756E-8	4.103355916531376E-7	6.234080886579795E-7	2.589497814694801E-10	5.332225902003431E-6	1.0085291635112615E-4	2.3394055536164487E-5	4.396445697178412E-5	3.67972301639947E-7	1.757522333294251E-6	6.157657475108537E-6	3.931507159383605E-9	2.4854336302837253E-7	1.257718792089022E-6	1.459115514330149E-6	1.0035319622457326E-6	8.286429609365447E-7	9.072945824416491E-8	3.8823984852913354E-10	1.5933103602918125E-9	3.005659341153232E-7	0.0	3.005659341153232E-7	4.106189923603132E-9	2.1306126305599825E-9	2.5105340581735934E-9	1.0553970686520095E-11	5.1118991113106266E-11	2.3793217861026276E-6
3.2780797165468247E-6	1.377085920103261E-6	4.923023264448109E-6	1.1976741610975596E-10	8.769862007525774E-11	3.973078963046274E-9	1.0070751174637612E-12	3.690963533032394E-8	2.5081931451781074E-7	8.892398343545048E-8	1.7686691226988888E-7	1.5863906171232848E-9	6.084194313941691E-8	1.27809783996957E-7	1.1887557811178883E-10	1.4858862076952347E-9	1.0563505434981283E-8	1.1779469270379962E-8	9.572061980134097E-9	5.715372352060271E-9	5.526287830626771E-10	2.0801938718566834E-12	1.4025900982619193E-11	1.8924440157035514E-9	0.0	1.8924440157035514E-9	3.4768600400784917E-11	4.922219873245053E-10	7.491814756967137E-11	5.83259305588939E-14	4.804195528168225E-13	2.075551654754534E-8
3.5415673698394827E-6	5.715179906713226E-7	2.810713262329831E-6	4.23839867283827E-6	5.218767516357249E-9	2.6894603811007487E-8	7.418537870311867E-9	6.396683076380792E-7	2.5846043577487066E-6	6.993683888806617E-7	1.3067236798551254E-6	1.1429850274585986E-8	1.7430329800865725E-7	1.831856014870067E-6	5.947182484041263E-10	1.1412062101334157E-7	5.1104108369773966E-6	1.7539262116984653E-7	9.888291749052676E-8	4.828436602208942E-8	9.539403480730155E-8	2.9243159600986686E-11	1.4028128109965318E-10	1.222714754672786E-8	0.0	1.222714754672786E-8	5.724570046065363E-10	3.1923175972076414E-9	4.8181603473782E-10	3.5252527058071787E-13	1.28596618626187E-11	2.68227572079061E-7
1.4386361071262935E-6	5.638521987041635E-7	1.4934685929947926E-7	7.971884622795834E-9	8.546098968695214E-11	3.2184035838149245E-9	1.6265280554083631E-12	2.280399932743076E-8	4.209916004659403E-7	9.713736421992029E-8	1.8896943729283258E-7	1.5549567737327764E-9	3.573310397101227E-8	1.3560707515901962E-7	6.193954139494807E-11	5.956448928543794E-7	7.432992016370219E-9	1.094085783815571E-8	6.327934431832781E-9	4.9369994155484946E-9	5.267840594322081E-10	2.182628457742733E-12	1.2496182602628404E-11	1.5090510030619802E-9	0.0	1.5090510030619802E-9	3.332510345686733E-11	2.614416749680527E-9	3.378579038115093E-10	4.740455123042498E-14	3.4733074077333505E-13	1.9066742884532712E-8
8.418771874335316E-8	2.2317163687677826E-8	1.902375200724714E-8	1.9641977046419053E-11	4.972138316941342E-11	6.21821741156773E-10	1.8286413419392894E-13	2.5612431413748975E-9	4.001238690285789E-8	1.5592017506659127E-8	2.9931132670713624E-8	2.7747637926989127E-10	1.0068906798001463E-8	2.08628740893142E-8	1.9037529656809865E-11	2.97389559137065E-10	1.7179160285589594E-9	4.141520715394588E-9	1.3845569732296626E-9	7.553041891183668E-10	1.753890352758853E-10	4.67613087779626E-13	1.380444524034343E-12	3.0589386555694103E-10	0.0	3.0589386555694103E-10	7.441322517004182E-12	7.989310599311492E-12	3.1919826356927067E-12	9.968414169419834E-15	6.751307566640941E-14	1.977932945227643E-9
3.928262692915207E-7	9.091272513839728E-10	1.3594191337458215E-7	4.2400640917691357E-10	4.119660543937754E-9	1.74774207241144E-8	7.312077042344282E-9	3.7896660924469743E-7	3.60446110970376E-7	1.6436604727623173E-7	2.597336622772519E-7	2.735195287121399E-9	5.083825619456222E-8	6.083434358482325E-8	5.264869080448405E-11	1.3382303667378066E-8	1.3734595158496372E-8	7.01453101034568E-8	1.2291138115870891E-8	1.2729339560028556E-7	3.18728886116702E-8	5.2744999725765375E-12	2.872573999735982E-10	1.7336806429576727E-9	0.0	1.7336806429576727E-9	5.7200731680970263E-11	4.118393261199846E-13	1.2372359627723194E-11	7.824974965557545E-14	9.090486417871983E-13	1.0091880639096659E-7
3.096800344847631E-9	1.0034276081677974E-9	5.558241503769364E-10	3.720843159231524E-12	3.8001524726055286E-13	1.6222591342408222E-11	7.998913599370901E-15	3.50214249451436E-10	9.706229646022661E-10	3.9356670624885177E-10	7.28548414192155E-10	6.922697765736513E-12	8.831352540849119E-11	2.028552722952501E-10	1.567261553938195E-13	6.864227095546718E-12	4.503791974284092E-11	6.664953910146295E-11	3.7805706717477043E-11	3.6494737318203795E-11	4.396006650858245E-9	9.321512288799836E-15	1.0890595792848993E-13	6.964587091795953E-12	0.0	6.964587091795953E-12	1.5860466611028445E-13	3.588912435133085E-13	9.457053714731094E-14	2.395058104382552E-16	1.7486412884797074E-15	1.0491081122833593E-10
3.6583918044122695E-6	4.388046499131352E-9	7.557951411225578E-7	5.6767170568123536E-9	1.6619632511827584E-9	2.903138968641038E-8	3.54518470083282E-10	2.993522725206079E-6	2.3746149313998133E-6	6.986130449423854E-7	1.3215206105773372E-6	1.171534394017516E-8	2.473110982639024E-7	3.171515284645969E-6	5.0096966976328436E-6	2.9351998561499858E-8	2.7355749649913126E-7	3.711447520158082E-7	9.195025552241616E-8	4.9172902939639385E-8	1.0582464483396138E-8	4.357541236848275E-11	7.363748032033529E-10	1.3425673368321686E-8	0.0	1.3425673368321686E-8	3.501600498309969E-10	1.997864550019126E-12	9.691603411747155E-11	3.8197633355355014E-13	4.521191305003765E-12	4.703592389279522E-7
4.909349639457262E-5	4.313353016761978E-8	2.007751622202635E-6	8.904252566267693E-9	1.002742539326381E-8	2.522819650987968E-7	1.3966291550220766E-10	7.309510613028703E-7	1.8269520921363283E-5	2.5971483047295718E-5	4.699651586417012E-5	3.3306600147558084E-7	7.419057791870298E-7	2.5950916865888692E-6	1.5030170878741567E-9	1.6063180228325078E-7	2.1556508793365955E-7	6.541488696215448E-7	3.683351063220826E-7	3.5519370364862006E-7	4.579506719212618E-8	2.6633515793794754E-10	5.111422392242226E-10	1.1606976625597876E-7	0.0	1.1606976625597876E-7	1.5969185853984787E-9	1.7164701603780317E-11	9.041805949605396E-10	4.79211080171672E-12	1.78350967412519E-11	8.026228650154311E-7
4.9913575957789635E-5	4.103526681026932E-8	9.309136818007836E-7	4.528534424760811E-9	3.65052864964049E-9	6.41762555047099E-8	1.271013957050213E-10	3.2248500544313594E-7	5.088187252215553E-6	1.250738196697475E-6	2.27108644199011E-6	1.9636341311280946E-8	2.1497162724559056E-7	1.567426097778985E-6	5.592071451652539E-10	1.342776871150959E-7	9.938584262654565E-8	2.933956250888802E-7	1.6189212644403316E-7	1.1381678786760558E-7	1.749438346899896E-8	9.592579643001242E-11	2.032594921570363E-10	2.130009676528725E-8	0.0	2.130009676528725E-8	7.311560365862203E-10	1.5596869702882484E-11	1.5223966304483066E-10	5.504110919526315E-13	1.2044318199535824E-11	3.639209798673546E-7
4.645139056287299E-5	3.9357763938861604E-8	1.3332263255783917E-6	5.959269641111681E-9	5.637333489744415E-9	1.5778706375460683E-7	1.241959365298558E-10	4.6459825176503717E-7	1.1061003365021657E-5	2.5059215780123812E-5	1.8547289847102547E-5	4.3128848498758044E-7	4.037834146410831E-7	1.887270697978667E-6	9.519984742709625E-10	1.356866852790702E-7	1.435254883057756E-7	4.0744859806314446E-7	2.289533571449221E-7	2.0860313348381792E-7	2.6542829323446023E-8	1.4805628745865452E-10	3.0245413321329436E-10	7.016078198564019E-8	0.0	7.016078198564019E-8	1.0075953222135938E-9	1.5274311178088083E-11	5.392615538131199E-10	2.455235533374508E-12	1.3977934790040246E-11	5.009427515604112E-7
5.045838030616559E-7	4.231421637402134E-10	1.2696433957505784E-8	5.88726277003288E-11	5.530920421166739E-11	1.2501824601583103E-9	1.3283008029846209E-12	4.481496478856841E-9	9.257637390738911E-8	2.7302714802449623E-7	1.847659909896504E-7	1.5322385876062954E-7	3.725891403076853E-9	1.8973847874590095E-8	8.565770856079373E-12	1.4405688789963916E-9	1.3604036199305712E-9	4.024775714769979E-9	2.2448279447076577E-9	1.8799858730060284E-9	2.591845959322695E-10	1.459497295544293E-12	2.9540380235625595E-12	5.196781828173195E-10	0.0	5.196781828173195E-10	9.941946558947047E-12	1.6312051679778768E-13	3.949856346723874E-12	1.8589626443289693E-14	1.4016754351087568E-13	4.964534548816465E-9
9.428699779499916E-7	3.923652641693548E-9	1.6055203994760204E-6	2.6238967260560785E-8	6.126098915513484E-10	1.711528369213267E-8	7.080946641765342E-12	9.183688515154793E-8	1.0445057173971744E-6	3.5114102176966957E-7	6.742288542413201E-7	6.095027240606727E-9	5.823331412283929E-8	1.138673390503742E-6	1.301558390610394E-10	1.340365454703618E-8	7.001795787750896E-8	2.8916590648222E-7	5.227991492556068E-8	2.4374049861712392E-8	3.0151704730277224E-9	1.636625169274276E-11	5.799502186792978E-11	8.23561811556016E-9	0.0	8.23561811556016E-9	4.343119551007268E-10	2.2171513221281065E-12	5.167087126107388E-11	2.1153988644095945E-13	2.522273111389782E-12	8.543878220341157E-8
1.2022772328318799E-6	1.302260772007633E-9	7.248742232972749E-7	1.0806661353082724E-9	9.088290038351421E-10	6.02685560335213E-8	3.537412785951605E-11	1.0313270387499623E-5	1.188278897975303E-6	3.520044308183687E-7	6.752646095886638E-7	5.9549173048402485E-9	5.7412734046116795E-8	8.760420827283876E-6	2.683805391831204E-6	4.5875830142667776E-8	5.078517479948375E-7	9.817958700079092E-8	4.481828943079512E-7	4.141221391143082E-8	4.639370757683938E-9	2.4292085234190476E-11	7.144956574120056E-11	3.15284691815239E-8	0.0	3.15284691815239E-8	4.695350673272952E-10	9.721680510560134E-13	5.255413132006043E-11	1.9887323989188793E-13	3.909365768079665E-12	1.57149121467133E-7
5.770655701219687E-7	5.958852760384048E-10	1.0771818613174082E-7	5.576965326671422E-10	8.754080344891122E-10	9.51106838495595E-9	1.8718260156730275E-12	3.893936500341471E-6	5.529548183401523E-7	2.1421616096492928E-7	4.310945270119711E-7	3.8999314976484445E-9	3.5593083404273907E-8	1.1855859528853612E-6	1.251889724717168E-10	2.541692264339862E-9	1.1072168538792229E-8	4.675028827351262E-8	1.105186823767625E-8	1.5107107690878256E-8	3.3532227067914988E-9	2.550291813036332E-11	4.0218505945049605E-11	4.441658225352529E-9	0.0	4.441658225352529E-9	1.0514166477245837E-10	2.837902640338949E-13	4.459330328499929E-11	1.4945175093908257E-13	5.948997914190541E-13	5.886263831433105E-8
1.6001811240885926E-7	1.8998429323457768E-10	1.487605253698395E-6	1.2051770384481537E-10	4.8307808747610846E-11	2.337595900645071E-9	2.234180892932085E-12	1.2846519628238573E-8	3.6371219657379536E-7	7.071127725501939E-8	1.350373456338877E-7	1.058614667944506E-9	5.6348357577376E-9	2.9781156668789475E-8	1.617189834330578E-11	5.968875200390257E-7	2.8553931337443E-8	1.765448562713307E-8	4.342671160432786E-8	3.0641422702998535E-9	3.0818403498375593E-10	1.1216211423701255E-12	6.999422057495857E-12	1.1280030036836424E-9	0.0	1.1280030036836424E-9	7.088095911124458E-11	2.096695681183219E-13	6.378437857184814E-12	2.7619563707130794E-14	2.4807187557831607E-13	1.1453400627996208E-8
1.1338362461060702E-6	1.2229457879822303E-9	2.4766798044811905E-7	1.2575102005685752E-9	8.266059245196833E-10	1.065853992168818E-8	6.716674908352525E-11	7.045323833473902E-8	1.4862978175705579E-6	3.7040585199835536E-7	6.926790938500722E-7	5.9297102114315875E-9	1.0793272869503038E-7	2.2351678207841096E-7	3.6641122874934234E-10	1.3255016173969151E-7	2.4353812040318107E-8	5.370802196654107E-8	2.2545828212329124E-8	1.4531094622022598E-8	3.493637802572326E-9	1.4245015124876619E-11	3.180491621842058E-11	5.132788093815037E-9	0.0	5.132788093815037E-9	1.2025901217264857E-10	6.017858446494229E-13	4.062298676840744E-11	1.7591877143139102E-13	6.371869235468555E-12	8.191095134818149E-8
9.648393560030183E-7	5.850174149212676E-10	2.927305981247834E-7	6.470678695545905E-10	1.91948561316785E-10	1.247839801694047E-7	9.092388192640034E-12	4.6522960477839393E-7	5.804270968547363E-7	1.8551968181110357E-7	3.5706398602938765E-7	3.193273997903219E-9	1.1700530430312691E-6	9.88931807229321E-8	6.572040911830608E-11	1.5900771034992974E-8	1.3405985981533275E-7	4.7383578562014375E-8	1.034151755217122E-6	5.692171841077063E-8	1.2473098298455984E-9	4.402577832162062E-12	2.7790743602256007E-11	6.718789923071879E-8	0.0	6.718789923071879E-8	5.593008038795796E-10	5.586971263042549E-13	2.4647073482197206E-11	1.093263426194136E-13	1.0617011868539215E-12	4.5635819196669944E-8
5.77447665818408E-7	5.917280958627376E-10	6.832147632212134E-8	2.475914772893233E-10	2.2064602935999025E-10	4.3872488526294215E-7	5.08275326492533E-12	2.319838012774538E-8	7.415854657322287E-7	2.820331787058701E-7	5.63277876153554E-7	5.100235842583355E-9	2.027861790409315E-8	5.798965525020903E-8	5.6887950807233866E-11	6.028958665725033E-7	7.36314168005317E-9	1.6081471691489503E-8	9.131184987528664E-9	1.694833474574223E-7	1.0648578866432137E-9	5.669702862884553E-12	1.2289642273059718E-11	2.376801976149355E-7	0.0	2.376801976149355E-7	4.226265784090779E-11	2.660166717747494E-13	4.331660876347443E-11	1.9136528728214477E-13	6.837757754653632E-13	2.041386431181633E-8
4.293656133288267E-7	4.381607472293229E-10	5.845793293015399E-8	2.6556962535074136E-10	2.3474031310347427E-10	3.782758920224331E-7	9.435458282212076E-12	2.5587936473067256E-8	3.8072052918800145E-7	1.8526678987449875E-7	2.765440301542232E-7	3.0361402727650977E-9	1.6544266010763523E-8	4.0624119584405705E-8	4.5975836391193596E-11	1.7754114443730245E-8	5.940940659113052E-9	1.5381347838625866E-8	8.416330550274546E-9	1.2416402871687217E-7	1.0706521531481364E-9	6.316048557375296E-12	1.2024477996427067E-11	3.195211185400919E-7	0.0	3.195211185400919E-7	4.0391900465452644E-11	2.0289981645486965E-13	1.0886269100388654E-11	8.112838849049395E-14	9.255345937738996E-13	2.277724141600092E-8
4.3019732616632625E-8	4.988835134257948E-11	1.607774751794285E-8	2.049213745008288E-11	1.7971616888493294E-11	9.320483237211035E-10	3.1117928476241626E-13	1.403576099863241E-8	4.887150742862378E-8	1.9973293298425073E-8	3.723049579188056E-8	3.5291993448615874E-10	2.097205359967609E-9	2.2858262097407908E-8	4.257344367406573E-12	3.253064477411129E-10	1.676354658094069E-9	2.401482871009394E-9	2.970558396892532E-9	2.403805122159583E-9	4.2839051025433385E-10	4.5009741519156376E-13	2.8794176921881436E-12	4.523742528863878E-10	9.99616745471726E-11	4.523742528863878E-10	7.560151321692283E-12	3.003174810987928E-14	4.006248289257453E-11	1.1849536758654836E-12	5.614358527800702E-14	4.450333863425993E-9
5.377023698995777E-11	7.72801811512918E-14	1.4042835427042607E-10	6.80308578711724E-14	2.0623523138466525E-14	8.548471519634191E-13	1.4150424415974082E-15	7.432181840834146E-10	8.844461539707589E-11	2.096200136814521E-11	3.863419891316105E-11	3.28306322735972E-13	2.3763920986825514E-12	1.333325434085561E-11	5.410530219543915E-15	1.0962795376816623E-12	1.3285203572511031E-11	7.258159718342972E-12	9.455268463024197E-12	1.2150560247822805E-12	1.6232401123679916E-13	4.4334905983572644E-16	3.339474680519227E-15	4.0845760023086875E-13	0.0	4.0845760023086875E-13	2.9439586076316004E-14	8.537902690676565E-17	1.9988729430883636E-15	9.198273747886785E-18	5.102436247656003E-16	8.44697382715682E-12
3.436700383012905E-10	4.506643637445667E-13	3.420459898766115E-10	3.3336329676088067E-13	1.1853991033945396E-13	5.88013521569458E-12	3.717557548213358E-15	3.936517577498635E-11	4.723656930516888E-10	1.2618875090214618E-10	2.378569242090328E-10	2.0653753963198173E-12	3.124393690731778E-11	1.1432963141750497E-10	6.77416629146202E-14	6.9808416971499405E-12	3.8911419173635075E-11	5.4475950168105884E-11	2.17627058695728E-11	8.822047254755562E-12	8.534117419172813E-13	2.7305591341833295E-15	2.3195363311571545E-14	2.775670767897711E-12	0.0	2.775670767897711E-12	2.200054231011785E-13	6.0685555634115E-16	1.4439589483355487E-14	6.411610246293914E-17	5.388297906900221E-16	9.92015651575514E-10
9.708227119401714E-8	9.965147439357545E-11	1.5339193451298706E-8	5.89493922758511E-11	5.2101123313123956E-11	2.3994454557017624E-7	2.0548412233877184E-12	5.7820387999670344E-9	9.451551497094268E-8	4.219049453424996E-8	6.405077126091099E-8	6.879159678542178E-10	3.789675387290723E-9	9.692271623839844E-9	1.040025417230426E-11	3.8807512713632134E-9	1.5834050607014402E-9	3.775148463615255E-9	1.9987170730795887E-9	9.024070683806978E-8	2.392929808803597E-10	1.3882896715725508E-12	2.7670321726564707E-12	3.115008087812026E-7	3.1116769874655696E-7	1.559167276729495E-7	1.0518276866172039E-11	4.92460018175749E-14	2.5585284818435E-12	1.836625546909796E-14	2.03063251783493E-13	5.17509503811571E-9
2.9137100434089043E-8	2.990826192434154E-11	4.606977876998077E-9	1.76941995671652E-11	1.563480080416432E-11	7.198345657788507E-8	6.165710521747282E-13	1.7395579274961913E-9	2.8368408558454795E-8	1.266233357433827E-8	1.922550261967001E-8	2.0646804083792855E-10	1.13881000313867E-9	2.9112682887191535E-9	3.1231772820306164E-12	1.164308204814523E-9	4.755483642277414E-10	1.1338411325653974E-9	6.000416514749061E-10	2.7072594390685033E-8	7.196942702171226E-11	4.165977946664875E-13	8.336289281653295E-13	1.000390574930038E-10	9.949515228426764E-12	7.789207961161954E-8	3.1574009831978773E-12	1.4781669161967568E-14	1.1097218806607722E-11	3.2861798156748924E-13	6.094020780782412E-14	1.5549275042711752E-9
9.222778167599543E-8	9.466851476614525E-11	1.457217437656547E-8	5.6001694376149484E-11	4.949586538198991E-11	2.2794638908855624E-7	1.952091204692758E-12	5.4929144685930845E-9	8.978937320402922E-8	4.008080642170723E-8	6.084798465648657E-8	6.535175054557205E-10	3.6001769421261944E-9	9.207620508604606E-9	9.880201187930674E-12	3.6866986792969192E-9	1.5042286758124221E-9	3.5863764208910885E-9	1.8987734792449837E-9	8.247496947418447E-7	2.2732740515646315E-10	1.3188698117388423E-12	2.628669848485613E-12	3.1645324291988613E-10	0.0	3.1645324291988613E-10	9.992322290053428E-12	4.678351101788884E-14	2.4305921496593527E-12	1.744787157095179E-14	1.929093028167621E-13	4.916320245269219E-9
5.181468117128361E-10	7.701137520566175E-13	7.872588849554124E-10	2.7936078041865065E-10	1.9964894352358761E-13	1.270190094539622E-11	1.6775920433159476E-14	9.010827258063619E-10	6.456383725436694E-10	1.7909466598746236E-10	3.430843461741998E-10	2.98327769952066E-12	1.45695097513591E-10	1.932801143104931E-10	1.3366723965470313E-13	8.196221160413825E-12	6.957023144087142E-11	1.9459267467394724E-10	4.8650604630178426E-11	5.1260676573814004E-11	5.055393596208176E-12	4.325144273662448E-15	4.884551449971746E-13	3.957357397187786E-12	0.0	3.957357397187786E-12	5.686932779366171E-9	2.132517020460668E-9	2.2081025500842252E-14	9.657722068454764E-17	2.331041520969154E-15	4.00987813377417E-10
1.2382682022229883E-9	2.4052260546780472E-11	4.4089430846202907E-10	1.1469008788119887E-12	4.980303190539747E-13	2.3470187803568182E-11	6.887336026089672E-15	1.5141479675986783E-10	1.4825516198080747E-9	5.722013010100509E-10	1.1408733614031612E-9	1.0362462966286288E-11	3.0576002523735976E-9	6.086977598975042E-10	5.686616157771815E-13	7.455322960109303E-12	4.343411261085926E-11	6.51002359519435E-11	3.7378584316642193E-11	2.741131299290876E-11	1.0991059772067046E-9	1.286491834104895E-14	7.419857531771545E-14	1.159943973681869E-11	0.0	1.159943973681869E-11	1.5447999245193732E-13	8.84179527995448E-15	6.925799899056777E-10	3.8926856857432326E-16	2.2237277864507936E-15	8.348673967984231E-11
1.7598052933510144E-9	2.4026606216626393E-10	2.381951389675079E-10	5.251369752231784E-13	7.01933412431047E-13	9.292410877596997E-12	4.618248324714529E-15	1.285292889875996E-10	8.49499903315509E-10	5.791276314941006E-10	8.258538754350191E-10	9.680869885367599E-12	5.985731531481538E-11	1.4342987099446148E-10	9.153681454946474E-14	6.524987788007107E-12	2.1418391826038904E-11	4.6249121316001914E-11	2.927085429276222E-11	2.087019670230575E-11	4.455460292655202E-12	1.897042676141536E-14	4.541342062885389E-14	4.0326118030514725E-12	0.0	4.0326118030514725E-12	1.1954928795552241E-13	8.600812522177389E-14	4.176588846753123E-14	3.124059150462245E-12	1.0386249823754174E-15	5.507613034050501E-11
5.244463841640996E-12	5.625981402429745E-15	1.4399843814447556E-12	3.1459448288973846E-15	2.7305196318362182E-15	6.606892310812925E-14	2.9603126296665105E-17	2.351902435052801E-12	3.8966415714141066E-12	2.3033639467884954E-12	3.4617569022649706E-12	3.875788924939312E-14	6.842992735143747E-13	9.616714152496545E-13	6.728974979028586E-16	3.685342611637574E-14	1.5565782859049046E-13	8.016817644019467E-13	1.5214580117148226E-13	2.4723912276405357E-13	2.6236406040053182E-14	7.26524671455612E-17	1.9517947559079584E-15	2.1972122933929273E-14	0.0	2.1972122933929273E-14	8.4343937453736E-16	3.3451000696555698E-18	1.5341467327844425E-16	1.1007930098233853E-18	4.839454455118257E-18	1.4796004607976216E-12
4.4021876803411504E-11	5.103003161205984E-14	1.0233579953977862E-11	6.186224873004301E-14	9.844291999613524E-15	2.411430975150322E-13	4.309882052904895E-15	3.0701677659332466E-12	2.8306537818112643E-11	8.759159102041713E-12	1.4725415252681237E-11	1.4000609767662995E-13	8.681645320824135E-13	3.152592360992454E-12	1.650508005121188E-15	2.317889403346172E-13	1.081526438123677E-12	1.565398893031759E-12	8.685227396857857E-13	3.9541087345437756E-13	7.717338779469309E-14	2.1984112355159252E-16	9.898151315619733E-16	1.1282781333741118E-13	0.0	1.1282781333741118E-13	5.916579113829802E-15	2.88456781320086E-17	6.733591462635018E-16	3.828574420061202E-18	2.8064431379678155E-17	3.065075641143803E-12
1.1507176822509069E-6	3.4749773828867874E-9	8.410239475923177E-8	3.3430458345480126E-10	3.136652952512655E-10	1.4727026103127052E-8	3.633243145419272E-12	2.8792416095947585E-8	3.7465409564803227E-6	6.89183920973176E-7	1.3213876207228244E-6	1.012438946965834E-8	2.9854427928320374E-8	1.0599874488200664E-7	6.744746554228491E-11	4.325775190330296E-9	9.00792983552971E-9	2.216210212372828E-8	1.4452867654729497E-8	1.5475724095077612E-8	1.609703992979754E-9	8.133891549187212E-12	1.8317702327061992E-11	7.3427366283414804E-9	0.0	7.3427366283414804E-9	5.6626321138233395E-11	1.3084902026428957E-12	5.6610472432485916E-11	2.5314721495484304E-13	6.336863393173977E-13	2.811857791724468E-8
