32
NULL,write@__libc_write,time@time,open@__open_nocancel,read@__read_nocancel,mmap@__mmap,munmap@munmap,mprotect@__mprotect,rt_sigprocmask@sigprocmask,exit_group@_Exit,rt_sigaction@__libc_sigaction,sched_yield@sched_yield,write@__write_nocancel,syslog@__syslog,getpid@getpid,writev@__writev,close@close,open@__open64,fstat@_fxstat,read@__read,close@__close_nocancel,mremap@mremap,stat@__xstat,socket@__socket,fcntl@fcntl,connect@__connect,madvise@madvise,lstat@__lxstat64,openat@__openat64_nocancel,getdents@__getdents64,lseek@llseek,getrlimit@__getrlimit
0.5589407107510352	0.0955611760264464	0.031301546786122306	0.046399340302836344	1.585816640120497E-5	0.06766359951524566	0.00556646400480871	7.413468584923772E-5	0.06157062746927272	0.02096496899384362	0.04127098390783037	3.744867113650181E-4	0.0010087864166108565	0.004780505737671625	0.00597920656570731	0.004431656234734647	0.0037562832700711642	0.0032734658899069955	3.3221288673116286E-4	5.288472274872269E-7	5.0056202335763496E-8	3.6147212719194505E-6	0.0026117784745831305	0.0016421023590205749	0.0	0.0016421023590205749	7.509660064602442E-8	1.10682953627063E-5	1.1162703057658323E-10	9.451528748111682E-8	3.3114099087636996E-8	3.090599821011094E-7
0.16609833393439122	0.04979640994406987	0.00373551828537964	0.006764514821603944	3.2614219658080976E-6	0.00855818216641536	0.0011133567397433708	9.508801133396443E-6	0.030810935728099304	0.005965312329451998	0.011391766377762721	9.06720750550678E-5	2.010207279669416E-4	7.009209773709041E-4	0.0010716404788112359	7.530452397384424E-4	6.830135300108132E-4	5.74574610227451E-4	6.310134222654515E-5	1.034154554803423E-7	1.039597597016831E-8	6.544898972629629E-7	4.4810660215963865E-4	2.8527551058972196E-4	0.0	2.8527551058972196E-4	1.6076644430198605E-8	1.8899749354849614E-6	2.165158031193438E-11	1.6251198894465583E-8	5.839159373162157E-9	6.005545054361166E-8
0.007139470443499474	0.0028581345648574516	0.001658960786034521	0.050397326830375073	1.1816143437400886E-4	0.03205312655202843	0.0010523983239504268	5.604303061903553E-6	0.009881874343807688	0.0027895196846684954	0.005411694368647963	4.765009685089505E-5	2.1970062260626383E-4	0.001018985537785614	0.003457283375321456	7.65228394579274E-4	5.732326501879174E-4	4.26405357446083E-4	4.793141833251639E-5	8.640518585652936E-8	9.402986513870992E-9	7.192482909010209E-7	5.458510248595669E-5	2.0952204006372585E-4	0.0	2.0952204006372585E-4	8.18169293721898E-9	3.408537894451811E-6	1.6745990990900825E-11	1.1038276051609391E-8	3.902585891492791E-9	4.5679965253399027E-8
0.022750888235826393	0.010593916641122794	0.004701888398087761	0.05949855496584271	0.019788958596537315	0.044800124830783244	0.004235935465506368	2.436833831680616E-5	0.026312741951877112	0.006483511788466263	0.011782718203107324	1.0355196711973907E-4	0.0017644448323227567	0.06225889381043563	0.0033432639364592326	0.0018450871090604861	0.0017868348813628845	8.092982711266588E-4	8.320640193969788E-4	2.2229617617085787E-7	7.413529119939879E-5	3.2518987520144642E-6	1.9498388429865142E-4	3.5719255309995314E-4	0.0	3.5719255309995314E-4	7.140939096569656E-8	6.787814045182014E-6	1.5540292458458709E-9	1.800937613847849E-8	7.1570253969940015E-9	4.156850781720184E-7
8.279673764455166E-4	4.569591723650208E-4	2.2916819188900024E-4	0.0011367287053920248	4.159004855765239E-4	0.0025094827981828006	1.515488570070139E-4	7.427683244120815E-7	0.0035556863514202247	6.048421276625799E-4	0.0011552918752312851	8.730454882611648E-6	0.0069255790245163215	5.9864138929790084E-5	1.0858684313823258E-4	5.957059314161532E-5	1.0010975814685095E-4	5.316799604100797E-5	8.83112647190977E-6	9.742193293652642E-9	1.499750564223148E-9	1.6871169729986845E-7	5.949744134238381E-6	2.425774652051362E-5	0.0	2.425774652051362E-5	1.0912115512650165E-9	1.7811032517064907E-7	1.231187207102632E-9	1.545443645622346E-9	4.925052994575122E-10	2.7005192357191474E-7
0.014182248207023096	0.004824114618217525	0.0026956848553620905	0.01077047811947954	5.828555818645666E-6	0.2558960585634611	0.2429882668523108	0.07782275689249202	0.01540562030474062	0.004517321076149544	0.00872533789068769	7.763270514406174E-5	6.70113137170996E-4	0.006259217474360073	0.0014985509449869754	0.0063981502338118735	0.0010416149342139826	0.001260185903968396	7.992100369594738E-5	1.645179638826835E-7	3.94426215903107E-8	9.131144238592978E-7	1.0343070882560676E-4	6.510805830871528E-4	0.0	6.510805830871528E-4	2.6272122715021696E-8	3.80647725406294E-6	2.6214250493442975E-11	1.802826695548046E-8	6.405507897807328E-9	7.249878002730576E-8
0.028052003629683363	0.009603234976924944	0.006307448644309335	0.013319267681952412	1.7218679509396816E-5	0.09530059838558348	0.07641556052583727	0.14526609789200412	0.022861133477271586	0.007214918790234512	0.01414667215804516	1.268226022164543E-4	5.960960726570098E-4	0.0037449943296657333	0.005009092920235486	0.0019834716383414753	0.0014194787060181615	0.001160272831500603	2.2338851522433258E-4	2.7190078098123093E-7	2.6750844359009043E-7	5.787937793018905E-6	1.7058185836038928E-4	5.766164219492945E-4	0.0	5.766164219492945E-4	2.8684886559469125E-8	4.098414976123318E-6	8.073509711506676E-11	3.143419644672268E-8	1.0937762943678689E-8	2.2489632855580968E-7
0.01233113074282443	0.0037175240591605044	0.0025023171106325704	0.006283632888358768	3.522436064636275E-6	0.03846958274614337	0.11243199539137377	9.690962648981234E-6	0.011419839847803419	0.004093125838189164	0.008167156496634092	7.425537210428934E-5	1.7211430819617787E-4	6.498413657911605E-4	0.0010997469770104064	6.760443761915176E-4	7.315809118330368E-4	6.629602954117919E-4	6.274720434575065E-5	1.7299834816919286E-7	8.5809914106647E-9	6.917155301417248E-7	8.448683065661675E-5	3.3427649917934835E-4	0.0	3.3427649917934835E-4	9.948268438202144E-9	2.064484647891519E-6	2.086381340492641E-11	1.986598510017105E-8	6.768714257485372E-9	5.791754382619091E-8
0.055298110443094274	0.016765373256081816	0.011848453081243758	0.02709599754768135	1.8764521784507534E-5	0.032544891559104436	0.0041656717392347525	3.5600664115574455E-5	0.06362162216919932	0.0672162806168683	0.12376285308528726	8.451604397348067E-4	0.0017575667540237002	0.0028571183814451832	0.005398415894881674	0.0038813175365716135	0.0033360892916673517	0.002439850820831549	3.160181758770125E-4	5.952560415516294E-7	9.547044303601347E-8	2.976794387152292E-6	3.781552073738291E-4	0.0011350696004045324	0.0	0.0011350696004045324	6.255790513393074E-8	9.731661869092465E-6	1.4394484242646474E-10	6.128452891166902E-8	2.5650429108269E-8	4.002359338782506E-7
0.039327475210931453	0.011787574562292706	0.006124992191138906	0.018666334716282484	1.4993756378396509E-5	0.02238540460909085	0.0028181910941965527	2.319600616569917E-5	0.05148002046562175	0.010900842020530585	0.019849759717002473	1.664968026734236E-4	0.0018408184049995772	0.0019686471868729585	0.003993791793427877	0.0027737588346603117	0.0019941333400565475	0.0013154943569148026	2.2129530180793153E-4	2.969983315578314E-7	1.0409730015760604E-7	1.930596658380452E-6	2.6485693434829307E-4	5.394838523259448E-4	0.0	5.394838523259448E-4	5.7193359246251516E-8	6.826425890885049E-6	1.008855386958514E-10	2.586111531661511E-8	1.041202976202464E-8	2.803298122144726E-7
0.04239309550127929	0.012804028631102101	0.008052256932345582	0.021204300005875806	1.5392932271931654E-5	0.025152167500003833	0.003148306127392492	2.754812148002576E-5	0.05463746425852192	0.0709709939251257	0.05516845657569036	0.001215334419781333	0.0016862144790716202	0.0022310882286183486	0.0042784558559315535	0.0030312443368312445	0.0024524064405008375	0.0018270341341996058	2.427962525671537E-4	3.8326162692154064E-7	9.385614247707673E-8	2.1958063270144906E-6	2.877205767714163E-4	8.229466879736843E-4	0.0	8.229466879736843E-4	5.634406212574244E-8	7.504428471921487E-6	1.0990164340542332E-10	4.344890066295052E-8	1.6878796764594066E-8	3.054419960075466E-7
4.423703801411169E-4	1.3318848149806073E-4	7.866650774373362E-5	2.137540912885442E-4	1.6212503638083817E-7	2.5597318254251485E-4	3.234634632012338E-5	2.7203300709525826E-7	5.579562082219995E-4	7.862039634294023E-4	5.81092266668116E-4	4.214431065244194E-4	1.832713860941787E-5	2.253323222025545E-5	4.439098794471461E-5	3.122984907967385E-5	2.4149678022272962E-5	1.6830979596659018E-5	2.5074763433617817E-6	3.8483686214892416E-9	1.0250023364846426E-9	2.2502829356848302E-8	2.9959274622413115E-6	7.331825236524889E-6	0.0	7.331825236524889E-6	5.941022914044399E-10	7.733824401114806E-8	1.141475944700712E-12	3.738193460950006E-10	1.516190461795427E-10	3.1724893602978947E-9
9.7655203754061E-4	4.2150950276254186E-4	2.3898898246379173E-4	0.01759593103380282	6.200258570831128E-7	7.596213636608387E-4	1.461922978635309E-4	8.432474981343718E-7	0.004150818839186116	7.03290151471512E-4	0.0013335497524326187	1.008955183508096E-5	0.0069510644445229895	3.7435117876898343E-4	2.488258289118599E-4	5.359860394127821E-4	8.45787848279302E-5	6.112528492665022E-5	7.513459055404902E-6	9.940519578006492E-9	2.558500604094451E-9	1.081449802285362E-7	7.607974424383899E-6	2.9567385105647245E-5	0.0	2.9567385105647245E-5	1.6147833368030012E-9	5.732851558418414E-7	2.6961483744929583E-12	1.5309103458415037E-9	5.546765635545208E-10	7.337278478072198E-9
0.008304945298679572	0.002505198316568415	0.0017482158397741459	0.004371078763429563	3.7252288770918565E-6	0.00397945210928178	5.970050091061436E-4	9.378045365995481E-6	0.014001819948531292	0.0029868516691032606	0.005462067717327917	4.583709128693433E-5	0.0016148596732634163	4.6199828086734585E-4	7.427728604281708E-4	5.016447473788027E-4	3.760491213446632E-4	2.7423763684275625E-4	5.626604074413444E-5	8.532719687870398E-8	5.117569948573796E-8	4.185941280288068E-7	5.18612269934075E-5	1.3383332892235415E-4	0.0	1.3383332892235415E-4	2.6130479946543027E-8	1.392914076200213E-6	1.783735266086999E-11	7.284839427875395E-9	2.9091823245905667E-9	4.953934101013466E-8
0.004962467564857967	0.002522133059382208	0.014271554661341342	0.003927334344616969	3.294889085378436E-6	0.002832061788722824	0.006083385405788859	3.381849668873948E-6	0.005871317829564933	0.001634538868936027	0.0031270067093849756	2.763457161208094E-5	2.4185330385746316E-4	0.0018863824228484403	6.356547883320727E-4	0.014066068103737499	9.119235528088845E-4	0.0018024646090594963	2.9171168622633007E-5	3.968639656955934E-8	1.0922765473246793E-8	3.8680061754798014E-7	5.62962243621484E-5	9.680908538834218E-4	0.0	9.680908538834218E-4	6.9940328119017445E-9	3.3404191940144425E-6	1.0193304894476987E-11	6.0542150135026505E-9	2.203662211858076E-9	2.8063748742665407E-8
0.004127565695770201	0.0012931762128351124	0.0012195867910430413	0.002789875847813467	1.4481717975123214E-6	0.002864702074080106	4.558914848890924E-4	3.979303590519914E-6	0.006438497740884976	0.002212968055257148	0.004380758936077494	3.9704479143810496E-5	0.007065227618154758	2.903697305519025E-4	4.380893039591279E-4	3.307715407943064E-4	0.002164504138069896	0.005299373838402727	2.6079690906719025E-5	5.1733607994176284E-8	6.8456569721171085E-9	2.5231760911753724E-7	2.8418067542146953E-5	0.0028714582674731906	0.0	0.0028714582674731906	5.800898539415362E-9	8.351496086131584E-7	1.1004323008908632E-11	1.0179795799576714E-8	3.5439216935336905E-9	3.056862366259627E-8
0.0037768313855148293	0.001163665314388919	8.292190737641234E-4	0.00199142813114998	1.448495950330068E-6	0.0018816501957989497	5.619852396150706E-4	2.4716488917929607E-6	0.003907873548088118	0.0014071309874016985	0.002254142040230896	2.3040028547847994E-5	2.487482367457457E-4	2.0982319577101348E-4	3.4614614705727145E-4	2.6597260024396565E-4	0.0015478993985359726	0.004461789024916572	2.216089708153732E-5	4.87381004550099E-8	9.7175399023284E-9	2.125035768364155E-7	2.544741828693344E-5	0.003749240635173864	0.0	0.003749240635173864	6.0879176800946644E-9	6.799139029162626E-7	9.472577592730552E-12	2.6780522364039468E-9	1.5349755551351092E-9	2.6337780069848696E-8
0.0034180757028975067	0.0019026685482059214	0.0013288013637009146	0.0027419004779737394	2.4469321471373456E-6	0.002116763419644914	0.004462167899584405	2.4822620016013126E-6	0.003656291876718204	0.001296306296274386	0.002166383861578355	2.157154325074926E-5	1.9692639902579273E-4	3.1240629840104095E-4	0.0012329699902841507	2.925411470213673E-4	0.002362536029449278	3.377485414055567E-4	4.6499644433876095E-4	4.252315626239662E-8	7.400671012708293E-5	3.092296249289327E-6	6.631954860930946E-5	5.9339534334879954E-5	0.0	5.9339534334879954E-5	6.568051312852438E-9	7.445027726419988E-7	1.5360267391472784E-11	3.0954406847061675E-9	1.529765029108636E-9	4.277311711779117E-8
3.0523729353798453E-4	1.2207167272136526E-4	8.597468742905426E-5	4.099421152344228E-4	1.4754402508962358E-7	3.013993707609502E-4	2.7798267567410463E-4	2.439229965660655E-7	4.4018752108358376E-4	1.4602981561818174E-4	2.7560719968638346E-4	2.5425532738751966E-6	7.94537268388054E-6	4.158875655141673E-5	4.403287912163486E-5	4.851377091751701E-5	4.204941692761528E-5	2.1890264981399235E-5	4.4406116794864985E-6	3.6536913332349383E-9	4.845205410265215E-10	3.426009082817311E-8	2.1850212704277823E-6	1.0734488350037965E-5	6.759306521695519E-7	1.0734488350037965E-5	9.917214780183628E-10	8.750640543954652E-8	1.3440059142275894E-12	2.5403718712051297E-7	8.14008530542761E-9	3.7338334236791795E-9
1.0384956291609117E-7	5.9291297443822524E-8	2.6500444786622185E-8	6.352192098582867E-7	1.8574449042082296E-10	9.222714816888689E-8	3.29371902153412E-6	8.37186421915781E-11	2.7111627721006984E-7	5.3094917578414444E-8	1.0004733982669612E-7	8.042951821380621E-10	6.322431138966184E-9	6.22471957168248E-8	3.429193731159594E-8	4.5733339697295934E-8	1.0035755799770892E-8	6.5245318409119546E-9	1.0154680757342177E-9	9.873449237661027E-13	2.3929604473997333E-12	1.540839970950823E-11	8.589845122695372E-10	2.978924991261683E-9	0.0	2.978924991261683E-9	2.0105074595108013E-12	8.170532687766285E-11	5.248772409040452E-16	1.367237925961004E-13	5.0766622516136465E-14	1.438810331522401E-12
4.727573150559243E-6	1.8416827514691604E-6	1.3644988239400288E-6	8.062189207998756E-6	2.3484545088411207E-8	3.260293597858124E-6	5.259212181314496E-6	3.6668543340598823E-9	6.7345262037977085E-6	2.2263918164613318E-6	4.1325452799239015E-6	3.84247751499348E-8	1.3299870974506637E-7	8.084753644577425E-7	8.323836492561141E-7	6.824733260192819E-7	4.0697059050702166E-7	2.983206649528527E-7	5.349444142145842E-5	5.758635921657729E-11	1.002562540513214E-11	6.249856850237919E-10	3.415261723623373E-8	1.448989017720363E-7	0.0	1.448989017720363E-7	2.1960317170595254E-11	1.4877944579780665E-9	9.47296295327873E-13	8.17797293248437E-12	3.1119743835283644E-12	2.6500939245373884E-9
6.582556553585419E-7	7.035495642976965E-6	2.7942667320870813E-7	1.1850693988288997E-6	4.6401474607749304E-10	7.565772932559783E-7	1.1387846262611723E-7	7.547877841165308E-10	1.4186813720361417E-6	3.3515069996285197E-7	6.392286730380783E-7	5.426500995102936E-9	2.822794763050999E-8	1.4155690704707373E-7	1.8399472135430247E-7	8.317551638976176E-8	6.325464484256992E-8	4.368079365525363E-8	5.371901754789271E-9	7.061244304327544E-12	1.2879113232366816E-12	8.77444765137223E-11	5.259861383791796E-9	2.1118631180502596E-8	0.0	2.1118631180502596E-8	9.642135047545408E-13	4.2163074119049877E-10	2.5546726340517695E-15	1.0959182977992404E-12	3.992615589998698E-13	6.994992336630571E-12
1.149698481284424E-4	4.203480609584485E-5	6.111967228494704E-5	1.3553640564972031E-4	4.733416023691762E-8	1.3453952130441428E-4	1.4546129189691052E-5	1.4273560477236933E-7	1.550365396955775E-4	5.215979673387968E-5	9.671682410321453E-5	9.027023340444295E-7	3.247286709793353E-6	1.458660298679051E-5	3.4164501185906775E-5	1.2123850399035086E-5	9.246136903254974E-6	7.073203043781799E-6	1.1725322841809265E-6	1.6972763089910544E-9	1.4247629951244875E-10	9.962725536180865E-9	9.839525066928333E-7	3.489506306419707E-6	0.0	3.489506306419707E-6	1.3633712197168328E-10	4.268377174939253E-8	4.043428487580558E-12	1.903203140444517E-10	7.339978734833506E-11	1.129956829921936E-8
8.275606548143405E-4	2.56996191536229E-4	1.820696831507927E-4	4.593213973710611E-4	2.887190340826146E-7	4.194637346736249E-4	1.2143777570430104E-4	5.454050112153452E-7	9.620588009223637E-4	3.2067186724060314E-4	5.202232628244871E-4	5.203285280764177E-6	5.375542784891895E-5	4.863516028655206E-5	7.957439066636691E-5	5.751345934880094E-5	0.0010611284049009038	0.002797752995689114	4.816882747317332E-6	1.0628459212123909E-8	1.913237314454942E-9	4.7753565035481134E-8	5.604140526266401E-6	0.0036281984177140244	0.0036163235679629972	0.001820033940558869	1.3235024359825932E-9	1.5827471268607791E-7	2.0643052530232545E-12	6.149819995034103E-10	3.4259640832891E-10	5.7355920839859354E-9
2.483170487040145E-4	7.712831319821741E-5	5.4645670020113714E-5	1.3784966159006247E-4	8.667677343262817E-8	1.25886465076153E-4	3.646762975411338E-5	1.636762506615356E-7	2.886855789738228E-4	9.622478929683215E-5	1.5611276265799337E-4	1.5614010667260858E-6	1.6127758035989068E-5	1.4596154763956564E-5	2.3886067693339837E-5	1.725903678740509E-5	3.1834404429027753E-4	8.393280824865257E-4	1.4465180064444E-6	3.1890855776658485E-9	5.740888224313867E-10	1.4350714530250128E-8	1.6816469027692268E-6	3.5642800165691234E-6	6.72776076189853E-8	9.076465185941478E-4	3.971536682572904E-10	4.749462730014781E-8	6.194197096730929E-13	7.002742255101562E-8	2.287616436671267E-9	1.7210324655775558E-9
7.861794172833945E-4	2.4414538672253814E-4	1.7296549391485421E-4	4.3635354874621064E-4	2.742819642925358E-7	3.9848892353541184E-4	1.153654166422612E-4	5.181326485330786E-7	9.139521352319352E-4	3.0463703205290066E-4	4.94210085079959E-4	4.94310086661645E-6	5.106744828457777E-5	4.620321392894642E-5	7.55953629752982E-5	5.463756365620897E-5	0.009596814130586554	0.0026578545113979525	4.5760199562145194E-6	1.0096995092018367E-8	1.8175680395782979E-9	4.536570185447234E-8	5.323911797501794E-6	1.1281061277238776E-5	0.0	1.1281061277238776E-5	1.257322188821775E-9	1.5036036412116918E-7	1.9610819961963597E-12	5.842305179646751E-10	3.2546526118237465E-10	5.44879026827941E-9
1.5058179393746455E-7	4.5523054139943224E-8	1.6382946283761253E-8	5.613731064287584E-8	1.3132848094861316E-10	3.6838006065075567E-8	1.0678034141767912E-8	4.009739060277618E-11	9.620129400848806E-8	2.452337800098213E-8	4.3315809903616036E-8	3.895863640185713E-10	2.3632425609280892E-9	6.394243059666177E-9	9.698393380229713E-9	9.128164989491055E-9	4.460641834185442E-9	2.9006956204051353E-9	1.5593559881125893E-9	6.330451747380812E-13	3.0360638730664307E-12	6.111519975632814E-12	7.733731048337976E-10	1.4087526887366499E-9	0.0	1.4087526887366499E-9	7.078387385413858E-14	2.165529606758385E-11	4.713617675390295E-16	5.939197425191722E-14	2.602148449250932E-14	1.3122954971501085E-12
1.7404984788988386E-6	2.95553722823487E-6	1.5547066799381452E-6	4.8717547098074795E-6	4.2752962644554695E-6	1.932427073157906E-6	6.309680045736297E-6	1.8980687330796122E-9	2.9670303279790715E-6	7.426868664982291E-7	1.425092136637667E-6	1.225389332091963E-8	6.837248689236687E-8	5.153660834881438E-7	1.8475796720011749E-6	3.6002805293949935E-7	5.721058544416446E-7	1.468900515223364E-7	5.1348780265535473E-8	1.6397797418262763E-11	1.516215139307141E-11	3.180534519724001E-9	1.5667530077999966E-8	5.063749794069373E-8	0.0	5.063749794069373E-8	1.155404731358092E-11	3.845379137098532E-5	1.4419857851729773E-5	2.6002567094203256E-12	9.38039759282912E-13	1.651890464291691E-11
1.773112537090934E-7	2.7839245580552686E-7	1.4566496100289039E-7	5.673305701233085E-7	8.189026387061805E-9	1.9328082274016864E-7	6.776802276682379E-7	1.881696328838771E-10	3.234788194335997E-7	7.76945307577992E-8	1.4871122850622156E-7	1.2661567180771436E-9	7.488679264565315E-9	5.981942017512203E-8	1.7360744804737226E-7	4.178130030274501E-8	5.334925157335454E-8	1.4496295640632862E-8	7.4181276742162665E-6	1.6749430444654842E-12	1.9465567438479022E-12	2.888743167121407E-10	1.582974606338881E-9	5.134118306983051E-9	0.0	5.134118306983051E-9	1.4778906612813084E-12	9.667081383797589E-11	4.475515023035989E-15	3.2590971024617755E-10	9.456639797183421E-14	1.2488085975547792E-11
1.235651643827166E-7	6.250677211203064E-8	2.7293643712238763E-8	5.68639421328676E-8	3.950496132022398E-10	5.432744129562293E-8	3.2516873641481776E-8	5.304057313848216E-11	7.369440089661112E-8	3.514792416279182E-8	5.546251835371521E-8	5.974071173243743E-10	1.7272799745593376E-9	6.102272314351812E-9	1.5603406333542508E-8	7.0956296578280425E-9	7.327376018242424E-9	3.2586237031773103E-9	9.94572726914837E-9	1.2660438714385304E-12	1.281015225377067E-13	7.271836529427467E-11	1.3378019466493536E-9	1.4429058839162192E-9	0.0	1.4429058839162192E-9	1.0407437967771704E-13	1.824037401128635E-11	4.03755691262019E-14	7.995938657096845E-14	2.1122833883085405E-8	1.1296745653415704E-10
2.5244139598287285E-8	1.6623877375165488E-8	1.0294445273561568E-8	1.5689525629622305E-8	1.1178110145608944E-11	1.6441180992747035E-8	1.7430282925915794E-8	1.5960433623016892E-11	2.0385422847621442E-8	9.387627673782338E-9	1.4991421255724988E-8	1.5961148766718916E-10	4.900327717861823E-10	1.8011632457401493E-9	8.375677695877289E-9	1.9170292771235345E-9	3.1595878265173247E-9	1.0230178453784244E-9	2.9369342039473103E-10	3.3245111634643407E-13	2.8791791838703885E-14	1.3258395992385075E-11	1.8634192269467802E-10	4.0524066350982927E-10	0.0	4.0524066350982927E-10	2.3397595765540145E-14	5.366049893244408E-12	6.678791227269803E-17	2.090333317973733E-14	1.1488464352599461E-14	1.8543804527505006E-13
2.392742216816052E-7	1.86148002610943E-7	1.30889394456437E-7	2.6455412560362696E-6	1.3998432946779398E-10	1.9048340561672674E-7	3.0528219291913213E-7	1.8595615058308293E-10	2.9273441617682536E-7	7.25030510955963E-8	1.3875047024925427E-7	1.1912617087693685E-9	8.030907690011671E-9	4.424202958954236E-8	1.6174748055033045E-7	2.8239413391347927E-8	2.1058639156110995E-8	1.1383793522153604E-8	1.8496098384082372E-9	1.5994823797140606E-12	4.4243723569700683E-13	1.8768235076247507E-10	3.0238273019866205E-9	5.252491112676843E-9	0.0	5.252491112676843E-9	3.4155979246206044E-13	1.2887545436922109E-10	2.3112752658377138E-10	2.914207255230391E-11	9.03279059268868E-14	6.467016628215669E-7
