32
NULL,time@time,open@__open_nocancel,read@__read_nocancel,mmap@__mmap,munmap@munmap,mprotect@__mprotect,rt_sigprocmask@sigprocmask,exit_group@_Exit,rt_sigaction@__libc_sigaction,sched_yield@sched_yield,write@__write_nocancel,syslog@__syslog,getpid@getpid,writev@__writev,close@close,open@__open64,fstat@_fxstat,read@__read,close@__close_nocancel,mremap@mremap,stat@__xstat,socket@__socket,fcntl@fcntl,connect@__connect,madvise@madvise,lstat@__lxstat64,openat@__openat64_nocancel,getdents@__getdents64,lseek@llseek,getrlimit@__getrlimit,write@__libc_write
0.5715228233707832	0.032760626388471895	0.04770969924445844	1.7883391083231366E-5	0.07013862019734571	0.0058220033428404	7.643642092631091E-5	0.06406049485334246	0.022262910544488097	0.043167567233571916	3.967844478055291E-4	0.0010674820769145323	0.004921815198076095	0.006783564331266682	0.00464699034363266	0.00397182278976804	0.0033606056720828243	3.577205927714072E-4	6.418403384749602E-7	5.3542794989719286E-8	3.963359640019531E-6	0.0025328562767840315	0.0016801565899258943	0.0	0.0016801565899258943	1.1546788916502611E-7	1.1940924641599189E-5	1.2160752636181168E-10	9.657198963014991E-8	3.459310097296027E-8	3.3687166351285137E-7	0.0818825290643251
0.006715836517187008	0.001350265925986044	0.04333521867574831	1.0189540349858104E-4	0.027497522892881113	8.773715029170834E-4	4.658757735750455E-6	0.00826274498244294	0.0022870511613667017	0.0044665882253465475	3.909817606222418E-5	1.842828373613186E-4	8.628881894209555E-4	0.0029404219486221916	6.397636847018059E-4	4.7659220861581805E-4	3.5523320291310835E-4	3.984705805666717E-5	6.869024742083818E-8	7.83710590263748E-9	6.035250889844769E-7	5.98754789298779E-5	1.7460067403127262E-4	0.0	1.7460067403127262E-4	5.381678535726388E-9	2.878693068686589E-6	1.3754259995044768E-11	9.17406817209068E-9	3.211086739483184E-9	3.7482855489206475E-8	0.0026438841522794785
0.024213267377311058	0.0036902756841292643	0.05065210312382846	0.017072897712179798	0.037880330276867845	0.0034823974830447313	2.0286274463945842E-5	0.021645112571275334	0.005109114853962625	0.009385004764130213	8.123634582115933E-5	0.001497881298221492	0.05363461001089928	0.0026591833043274784	0.0015010434215539743	0.0014587783925085758	6.531171880065715E-4	7.087177662017766E-4	1.6328147527902628E-7	6.397405248805756E-5	2.699687745060852E-6	1.9207916020417144E-4	2.871107988557792E-4	0.0	2.871107988557792E-4	5.2578945759348986E-8	5.551741738286331E-6	1.3379263362335795E-9	1.4384004020714826E-8	5.586246440768908E-9	3.5000802547555053E-7	0.0092359016110815
8.037055266832443E-4	1.878433892270403E-4	9.620775482384708E-4	3.586567807332603E-4	0.002144927737267964	1.2654198969789737E-4	6.190266520096431E-7	0.003035674549642153	5.067540451876421E-4	9.712752291064179E-4	7.284917022921238E-6	0.005975834898363474	4.966448155070473E-5	8.843196708791059E-5	4.8949961433783086E-5	8.39208076142318E-5	4.428187511858927E-5	7.406887911780124E-6	7.714553789321858E-9	1.2598534709437774E-9	1.4302083490025595E-7	6.313496917817394E-6	2.0163237169581273E-5	0.0	2.0163237169581273E-5	7.489455170322857E-10	1.4622532031314567E-7	1.0624349110483497E-9	1.2897866187875656E-9	4.057306339926224E-10	2.3296730023556185E-7	4.065498606263021E-4
0.012952975416171271	0.0022042714481225792	0.009186910768828237	4.857273787379486E-6	0.2206033670553908	0.20965411288202504	0.06715750658861945	0.012958289367692336	0.003720384134777082	0.00723361833066693	6.397498053585505E-5	5.725507515745248E-4	0.005389175628149776	0.0012520289755040164	0.005479386576242539	8.780653614258154E-4	0.0010681242847975227	6.746273454103376E-5	1.3220577305859537E-7	3.369636657206732E-8	7.822558552487644E-7	1.1107202577567574E-4	5.520897171676397E-4	0.0	5.520897171676397E-4	1.9701927532295747E-8	3.2330733550933367E-6	2.1623571282662054E-11	1.5039883874177147E-8	5.291087246245604E-9	5.97696388989771E-8	0.00446033431247516
0.028211818315016363	0.005246881831134228	0.011090198381880212	1.4568911922698987E-5	0.08184016424727474	0.06584781751588707	0.12535807896753692	0.01905073732454786	0.005924721900712555	0.011691826117587626	1.0436305304059567E-4	5.010774803272698E-4	0.00318840965323173	0.004214346409174288	0.0016594756481801156	0.0011765609934368077	9.681007826968154E-4	1.8839319373340518E-4	2.2073609585470315E-7	2.3014302016447473E-7	4.943905759491446E-6	1.66276094978218E-4	4.815244919514136E-4	0.0	4.815244919514136E-4	2.0899361103168097E-8	3.3805235296368157E-6	6.794536306912694E-11	2.6212416869098205E-8	9.040965210742314E-9	1.8928090347276755E-7	0.008217422479514895
0.011930110650083908	0.00204249871870238	0.005192835243762083	2.87367810728889E-6	0.03295936344432988	0.09697323847052845	8.096207322186328E-6	0.009453661415217545	0.0033546601477918215	0.006740756268795722	6.107024634982567E-5	1.40865283213503E-4	5.364523965398788E-4	8.880311625203637E-4	5.538626588046155E-4	6.034976621938083E-4	5.520831825154673E-4	5.1776517107464853E-5	1.4130685907380794E-7	7.003352868749682E-9	5.688558109215907E-7	8.742415136790872E-5	2.78692483790388E-4	0.0	2.78692483790388E-4	6.41451954729133E-9	1.6932052919080845E-6	1.6994765131738825E-11	1.6583181797132508E-8	5.602280951326035E-9	4.7173407518463734E-8	0.0033247054113294617
0.053523239105022526	0.009698921091641426	0.022374918756392265	1.5440305971473833E-5	0.02700775549787521	0.0033649641997179577	2.956689930219904E-5	0.05316167205934441	0.057116767051131494	0.10535332664673362	7.157707188416938E-4	0.0014802608952787452	0.002358223670149906	0.004380087506704949	0.0032156645082115467	0.0027559521136711674	0.002024262896761213	2.617481653253261E-4	4.766708039894233E-7	8.047059405495558E-8	2.4404288689678157E-6	3.9060804530632496E-4	9.406226175746311E-4	0.0	9.406226175746311E-4	4.4180686996121436E-8	7.992855609619698E-6	1.195154972957074E-10	5.069637298875419E-8	2.1128454187842928E-8	3.323120539385961E-7	0.014963852293550094
0.038791908325450146	0.004966447253798912	0.01551489517859103	1.2473723330395535E-5	0.01869641553777495	0.002281985813873517	1.937323464898799E-5	0.043466278650071126	0.00895295840674473	0.01639044230488428	1.3615324824310405E-4	0.0015681533907960438	0.0016353027091588002	0.003261896883217218	0.0023154213115544513	0.0016495297802227786	0.0010919761752946385	1.8437821924662757E-4	2.3187126467703566E-7	8.87486905746053E-8	1.5843925119044083E-6	2.75388925394019E-4	4.452036429326277E-4	0.0	4.452036429326277E-4	4.202594655132705E-8	5.637644695756352E-6	8.430826049930586E-11	2.117886371471992E-8	8.427825233082826E-9	2.342635138438553E-7	0.010577134485122666
0.041499486484320953	0.006553042414688015	0.017544796992254866	1.2712594771853699E-5	0.020907139481358	0.0025398575254721874	2.2920747866665085E-5	0.045862546664721476	0.06059539250636002	0.04654833661173787	0.001038807013381398	0.0014281547993071069	0.0018449186401822413	0.003474372416671914	0.002516451693033157	0.0020247150368702866	0.0015169283745618968	2.0125360930072872E-4	3.0213613241784604E-7	7.956542142300635E-8	1.7960194331524993E-6	2.977007917407672E-4	6.816918751265253E-4	0.0	6.816918751265253E-4	4.055477751955764E-8	6.1673620153331884E-6	9.13578135719593E-11	3.589087095272189E-8	1.3826372155769105E-8	2.539021339917543E-7	0.011437426765751837
4.331755716545056E-4	6.398150419546096E-5	1.7705460477117146E-4	1.3422900925483458E-7	2.1305609021142838E-4	2.613695558735487E-5	2.264846256633759E-7	4.689970098750275E-4	6.719991683498933E-4	4.910435156798939E-4	3.6358998319737035E-4	1.5548045022594496E-5	1.8654125613290146E-5	3.612794330771626E-5	2.5970363075829E-5	1.9944937790909134E-5	1.3956367822328586E-5	2.0822730081800706E-6	3.0340408156948876E-9	8.703451012918772E-10	1.843705408410806E-8	3.1043608508519978E-6	6.0578178249877574E-6	0.0	6.0578178249877574E-6	4.30730593749403E-10	6.366917786582091E-8	9.505983562783056E-13	3.074957577318321E-10	1.237165132481317E-10	2.6419638699853067E-9	1.1915134319836882E-4
9.138309696251626E-4	1.9438230492533975E-4	0.015159004214379882	5.162915667609797E-7	6.313821400387102E-4	1.218268705495037E-4	7.016944806654752E-7	0.003543218973413009	5.888048431441989E-4	0.0011204671117113418	8.410736784777765E-6	0.005997674882302312	3.202808514781333E-4	2.08523634547316E-4	4.588439543313135E-4	7.037710214239877E-5	5.090740532088435E-5	6.26412882925611E-6	7.716418992382395E-9	2.165042075814969E-9	9.09101819447316E-8	8.410491816502123E-6	2.4618923298215546E-5	0.0	2.4618923298215546E-5	1.1462567268955467E-9	4.855026970140818E-7	2.2245239359357285E-12	1.2706034441119783E-9	4.559978023313289E-10	6.047841754780989E-9	3.9036608753125125E-4
0.009192612331949528	0.001368157610549631	0.0035194260475484144	2.997785332061657E-6	0.0031669731066178517	4.491766451649728E-4	7.822584930685423E-6	0.011683697200011577	0.0023908431484598656	0.004413006490319706	3.643993327150222E-5	0.0013848434593764964	3.7142992454080063E-4	5.545416570124976E-4	3.9931824097322294E-4	2.9308350289820845E-4	2.1933410372319343E-4	4.525865153772502E-5	6.274872506441333E-8	4.3690187813490866E-8	3.1950537600022953E-7	4.9918108881046485E-5	1.0741095255700414E-4	0.0	1.0741095255700414E-4	1.9141775663755652E-8	1.0886848848189206E-6	1.4179985964784572E-11	5.840414144754848E-9	2.283534349674435E-9	3.937913675786956E-8	0.0020976085282787306
0.0038797350579595057	0.012267300156899334	0.00331181548193661	2.7655689574488747E-6	0.0023475954782549253	0.005223184083788315	2.811214449122779E-6	0.004914932160332092	0.0013384915345043256	0.002577580544129148	2.2632133938066516E-5	2.0530794429316393E-4	0.001615013284313111	5.254288004973391E-4	0.012086024486587712	7.758133992362508E-4	0.0015432248181086287	2.4714517451724824E-5	3.058240935653286E-8	9.25332985816228E-9	3.277044691860224E-7	7.307008007966161E-5	8.292432995345777E-4	0.0	8.292432995345777E-4	4.980058104475522E-9	2.842764297205046E-6	8.408269847870748E-12	5.017178656841334E-9	1.807598678098417E-9	2.3137679832072306E-8	0.0027064160500897432
0.0040554222558441015	9.941615621740852E-4	0.00229470046932987	1.1684837874196363E-6	0.0023522113158359376	3.696208324428398E-4	3.2990785505551164E-6	0.005353577216411691	0.0018204055489519175	0.0036252436020820338	3.2751953181848106E-5	0.006093126880180287	2.3858424404253213E-4	3.482209738579759E-4	2.707254982743694E-4	0.0018520751732970214	0.004562061003312128	2.127455489160517E-5	4.0771660736004676E-8	5.705348200061571E-9	2.0349626636582463E-7	2.894986346977765E-5	0.0024729570668989903	0.0	0.0024729570668989903	3.993010258101536E-9	6.770667575590363E-7	8.988810856673678E-12	8.499145349206194E-9	2.937738582102782E-9	2.4968838003125636E-8	0.0011368788058634114
0.0037159312151843127	6.77047625877154E-4	0.0016465386805334695	1.1929777641050025E-6	0.0015469253236498033	4.6762420128882055E-4	2.0542597372612334E-6	0.003256835653385827	0.0011580040698375234	0.001854870313353837	1.8954127077487217E-5	2.1211004870763314E-4	1.7335844592236474E-4	2.7764084397408686E-4	2.1976446491863205E-4	0.001325793220029702	0.003844613077915443	1.829271543048441E-5	3.9227014622783875E-8	8.25259861271666E-9	1.7342678977886388E-7	2.6003530518150387E-5	0.003233032657101813	0.0	0.003233032657101813	4.500291586774805E-9	5.56597627762752E-7	7.827024319064258E-12	2.178303501202074E-9	1.2568208399924586E-9	2.17624315718264E-8	0.0010279357641808453
0.00332338962187614	0.001109076013875226	0.00229687055612035	2.050803484927315E-6	0.001751314627712297	0.003829485008903994	2.064574960544461E-6	0.003042586482434043	0.0010645930459621212	0.0017815619781522995	1.7718116235838824E-5	1.6751678595097378E-4	2.618535507258574E-4	0.0010433985114375764	2.4296334982778952E-4	0.0020236557601904944	2.86021260901731E-4	3.992483250759563E-4	3.3979066753698186E-8	6.386453664702189E-5	2.6556389854761662E-6	6.0734151626094836E-5	4.878101250506175E-5	0.0	4.878101250506175E-5	4.9271363801652525E-9	6.142326807421418E-7	1.2915714039415106E-11	2.5360294005874357E-9	1.2535602014156437E-9	3.5966911158081284E-8	0.0016759359288614987
2.7952218304251673E-4	7.100381721093518E-5	3.493058254761077E-4	1.228727907121618E-7	2.53794503561579E-4	2.3898222012968723E-4	2.0335342263288272E-7	3.6983591104385353E-4	1.2108679426700759E-4	2.2943999647169098E-4	2.110897021810183E-6	6.680328496593661E-6	3.5426954090609614E-5	3.681029711407763E-5	4.103775101344594E-5	3.56293153711625E-5	1.8363358673497146E-5	3.7814566667617213E-6	2.9238196041626154E-9	4.082059239039087E-10	2.9203754031844044E-8	2.287024363138874E-6	9.000919574721291E-6	5.832996628168337E-7	9.000919574721291E-6	7.943714329121561E-10	7.384437581468302E-8	1.1317225154515319E-12	2.1920820575575749E-7	7.0179351939722435E-9	3.1437070275148077E-9	1.0964839154585587E-4
9.415178267241169E-8	2.1544361395097714E-8	5.44801146524717E-7	1.5806464463491743E-10	7.692043654773536E-8	2.841929695932287E-6	6.945648013502852E-11	2.298620640015558E-7	4.3897408866633095E-8	8.316524631789403E-8	6.622467043099692E-10	5.367176997694295E-9	5.3355138773177704E-8	2.8910480475081142E-8	3.8932033650386256E-8	8.399035276972125E-9	5.443249169924199E-9	8.54528034108829E-10	7.494420807002439E-13	2.0601697406196975E-12	1.309347882356215E-11	9.719254888554181E-10	2.479076454742594E-9	0.0	2.479076454742594E-9	1.703695826557393E-12	6.94655784678242E-11	4.417752798533193E-16	1.1288525222214074E-13	4.141385369325674E-14	1.2105741961319419E-12	5.492895302720896E-8
4.396044525534691E-6	1.126453500421478E-6	6.868718359923734E-6	2.0199668562900677E-8	2.7106109401985426E-6	4.522225675976339E-6	3.0503089744680836E-9	5.647397062351279E-6	1.8427140699120138E-6	3.4332018009692583E-6	3.183908791738238E-8	1.116753138897755E-7	6.883532212279217E-7	6.963309888356962E-7	5.749314989875125E-7	3.403919022547084E-7	2.4920744752302225E-7	4.61213406543796E-5	4.6047427800205076E-11	8.482717249951732E-12	5.316463947890165E-10	3.5986536947523614E-8	1.2098226664164975E-7	0.0	1.2098226664164975E-7	1.7978811602073093E-11	1.2516521192900032E-9	8.176045868537621E-13	6.823844635389805E-12	2.5820632514105565E-12	2.2872821986298066E-9	1.6609039210744938E-6
6.168422122610746E-7	2.3212955933735487E-7	1.0059682002333163E-6	3.862033141997576E-10	6.347461146081984E-7	9.499767011973582E-8	6.319225029922897E-10	1.1954694207795107E-6	2.7602189987046597E-7	5.29479856497298E-7	4.462285334936899E-9	2.376779955610396E-8	1.2029164848828916E-7	1.5401758478844976E-7	6.946903108312495E-8	5.261080130182284E-8	3.6331700804390914E-8	4.46717871824953E-9	5.4343114392722665E-12	1.0797106065892355E-12	7.384019798514119E-11	5.872180119214151E-9	1.7561937429260623E-8	0.0	1.7561937429260623E-8	6.409824931790052E-13	3.5684719652167647E-10	2.127845645501034E-15	9.084529235957646E-13	3.276349158660742E-13	5.823102463983143E-12	6.091249639119757E-6
1.1201521703184809E-4	5.105654608093304E-5	1.1374784143416427E-4	3.835926347138684E-8	1.1271493396895363E-4	1.1874542713437358E-5	1.1955987911732778E-7	1.2841032562982584E-4	4.255294892210225E-5	7.935233826451576E-5	7.377158257408527E-7	2.6917962189490935E-6	1.2241344569261341E-5	2.8532994911885913E-5	1.0030221697356528E-5	7.595216807075085E-6	5.851250566830741E-6	9.767192028848666E-7	1.3439828544358853E-9	1.1716128656990632E-10	8.190261757836465E-9	1.018982875395698E-6	2.889533896745376E-6	0.0	2.889533896745376E-6	8.418581803687279E-11	3.551204891776439E-8	3.476854390613259E-12	1.5740487528980973E-10	6.019179471676426E-11	9.716479203988086E-9	3.80437530229866E-5
8.119630279643263E-4	1.486052333187008E-4	3.8044399008151336E-4	2.3654783815778615E-7	3.449647486646445E-4	1.009797134132697E-4	4.531513013745708E-7	8.044928928769079E-4	2.642314687938679E-4	4.2883261419282044E-4	4.284253836782028E-6	4.5810981829066206E-5	4.02635945578152E-5	6.40409018625384E-5	4.747095712235135E-5	9.128283502390902E-4	0.002412729890402448	3.974043982447222E-6	8.548247540408422E-9	1.6211496642983343E-9	3.9031500665794566E-8	5.742492865089024E-6	0.0031304451822908065	0.003120734813636265	0.0015700754513773244	9.767254708506412E-10	1.299349092284686E-7	1.7045999600426467E-12	5.010179592951622E-10	2.805782122867424E-10	4.7360103237936635E-9	2.2748527856170228E-4
2.436343099097224E-4	4.460226711198242E-5	1.1417789543944412E-4	7.101627433980155E-8	1.035289136955535E-4	3.032501685691446E-5	1.359911168828357E-7	2.4140425602509893E-4	7.928847118329147E-5	1.286875542226944E-4	1.2856175068421108E-6	1.3744226246670493E-5	1.2083783581534752E-5	1.9223799037426748E-5	1.4245432213234695E-5	2.7385311388592625E-4	7.238207407802706E-4	1.1934592060977122E-6	2.5648994194248386E-9	4.864441461310766E-10	1.1730707907486152E-8	1.7232112175288634E-6	2.9146313070211036E-6	5.805773967095307E-8	7.830994967637636E-4	2.930933715248165E-10	3.899051770525016E-8	5.11484789334348E-13	6.042180526208703E-8	1.9695947948814782E-9	1.4210932550899373E-9	6.827288184189589E-5
7.713617321788522E-4	1.411743961679396E-4	3.6142031727977054E-4	2.2471953020078784E-7	3.2771517532974835E-4	9.593033669115031E-5	4.304919814437006E-7	7.642651327744587E-4	2.510188720981457E-4	4.0738932279696393E-4	4.070024553851078E-6	4.3520255331176155E-5	3.82502589061578E-5	6.0838608766252634E-5	4.5097225431419204E-5	0.008278909406330874	0.0022920840524062514	3.775326393543762E-6	8.120802059663181E-9	1.5400859030606857E-9	3.707977448011352E-8	5.455345983603554E-6	9.224812617691263E-6	0.0	9.224812617691263E-6	9.278854148660278E-10	1.2343766058443855E-7	1.619363360850302E-12	4.759651211010677E-10	2.6654821511239563E-10	4.499191467051516E-9	2.1611013367994487E-4
1.5630604130542964E-7	1.3754752794135576E-8	4.7480601364630785E-8	1.1271221546885226E-10	3.098157282436921E-8	8.935201485257994E-9	3.375484809812512E-11	8.155170857684213E-8	2.0478858552119824E-8	3.625427514084417E-8	3.2505386455439546E-10	2.0075445377834255E-9	5.41161881688393E-9	8.12644142728663E-9	7.750009353189007E-9	3.7403178593867715E-9	2.435883810457297E-9	1.3342895683274264E-9	5.154796266376613E-13	2.6183303418224618E-12	5.158684429655558E-12	6.801833511143143E-10	1.1836783885105534E-9	0.0	1.1836783885105534E-9	5.296827475952933E-14	1.8313599932946526E-11	4.0288558376740837E-16	4.949782605035556E-14	2.162424010926245E-14	1.1216842804498138E-12	3.684428182469328E-8
1.549741651366609E-6	1.319143947537921E-6	4.1616627248623424E-6	3.6914809623449524E-6	1.6222290086782514E-6	5.43901134742541E-6	1.589664900993277E-9	2.4911647543720395E-6	6.08098334566367E-7	1.1752324480018543E-6	1.0023546926626112E-8	5.758458463398236E-8	4.400278071034033E-7	1.5835452595271562E-6	3.043027556325555E-7	4.878691806187556E-7	1.234377091251539E-7	4.3860056283660615E-8	1.2405649499020723E-11	1.3005380873707264E-11	2.7412765920170375E-9	1.856761203269657E-8	4.210348691931566E-8	0.0	4.210348691931566E-8	9.447187728886022E-12	3.3183984842736365E-5	1.244372953890193E-5	2.1529708860462535E-12	7.673837000632507E-13	1.3723346855682962E-11	2.643799486835087E-6
1.5862358060822245E-7	1.2338697308593575E-7	4.849300680062296E-7	7.066844506135448E-9	1.6211317068890762E-7	5.841642908434308E-7	1.5742027513656596E-10	2.719805378847823E-7	6.367539607412716E-8	1.2272731180173212E-7	1.0361215493276205E-9	6.3137450721335525E-9	5.110827240802498E-8	1.48672548383339E-7	3.536101965861565E-8	4.545049368017005E-8	1.2169215603666371E-8	6.401485443484193E-6	1.2664970178579772E-12	1.6715723349753178E-12	2.489193925211673E-10	1.8676162072517963E-9	4.266972080687145E-9	0.0	4.266972080687145E-9	1.2216406081818373E-12	8.16941825672175E-11	3.84486177300837E-15	2.8123705460481737E-10	7.72997120102368E-14	1.0728547904777141E-11	2.493964941623218E-7
9.615728888851528E-8	2.2875871616168335E-8	4.824417711834699E-8	3.4195728923333065E-10	4.552959993049104E-8	2.8162931951600624E-8	4.430393001476449E-11	6.162838591806555E-8	2.9199995621186953E-8	4.6071651393758726E-8	4.968072681908359E-10	1.4496971276790039E-9	5.183465575017557E-9	1.3233778482814782E-8	5.992416886129624E-9	6.224514487152094E-9	2.7239326186790027E-9	8.629236953815699E-9	1.0357104049922503E-12	1.0878208739951357E-13	6.402805614632582E-11	1.7453973685036702E-9	1.2003684786834007E-9	0.0	1.2003684786834007E-9	7.603726017427653E-14	1.532974077335942E-11	3.4861341964316136E-14	6.63343550780878E-14	1.822811393820674E-8	9.753916062824136E-11	6.702737889474317E-8
2.3443757465295262E-8	8.664219046606194E-9	1.3146772869005373E-8	9.318893579992114E-12	1.3738654536099228E-8	1.4959076261959464E-8	1.3304268879124573E-11	1.6914807965613266E-8	7.764446967719475E-9	1.2391658268022893E-8	1.321739028998365E-10	4.0850130949435367E-10	1.5119033690311856E-9	7.122940038066063E-9	1.5988242851131193E-9	2.673383208635347E-9	8.516527579954643E-10	2.4898100826168186E-10	2.709726012337023E-13	2.4088503054706074E-14	1.1397433880829303E-11	2.0068206809062682E-10	3.348411596943632E-10	0.0	3.348411596943632E-10	1.6257421069046107E-14	4.4705323553003186E-12	5.564248597477758E-17	1.720592637595267E-14	9.50081126017025E-15	1.5448027620961394E-13	1.485657103258433E-8
1.6997448657974993E-7	1.1135833284944555E-7	2.2818728485710674E-6	1.1815529483634515E-10	1.6108754522024006E-7	2.6462048311051604E-7	1.5673460451399414E-10	2.4789972418606894E-7	5.983187657936538E-8	1.1529291239553257E-7	9.816993046779427E-10	6.847098014005953E-9	3.806461322958127E-8	1.394181869603566E-7	2.404979002724156E-8	1.795771765497139E-8	9.588596453992192E-9	1.5992606424601254E-9	1.218908424165559E-12	3.77433485931438E-13	1.627315155592847E-10	4.0663901978682564E-9	4.4105120855303535E-9	0.0	4.4105120855303535E-9	2.4537518582985763E-13	1.104919950240706E-10	1.9959538271856402E-10	2.5158691923391438E-11	7.437084508810412E-14	5.584737906369033E-7	1.9401028884563882E-7
0.1286336706250692	0.003391120415029676	0.005780437812343614	2.9101161566395713E-6	0.00768262270925421	8.259215044546401E-4	8.515905402860235E-6	0.02670747619704772	0.0052172813269584836	0.009944096004048934	7.963696324824841E-5	1.7493015397509258E-4	5.983197355132261E-4	9.50251415904564E-4	6.503397981986099E-4	5.932402362983075E-4	5.018943306954622E-4	5.3945008844359516E-5	9.585719805147022E-8	9.070009511447927E-9	5.623982320912385E-7	3.276767877067251E-4	2.494748402562595E-4	0.0	2.494748402562595E-4	1.5814020631936545E-8	1.64753150852716E-6	1.910111634067986E-11	1.4243781437930886E-8	5.150127217264655E-9	5.29981688987203E-8	0.03578180738371958
