32
NULL,open@__open_nocancel,fstat@_fxstat,mmap@__mmap,read@__read,munmap@munmap,open@__open64,close@__close_nocancel,rt_sigprocmask@sigprocmask,exit_group@_Exit,rt_sigaction@__libc_sigaction,sched_yield@sched_yield,mremap@mremap,time@time,read@__read_nocancel,mprotect@__mprotect,madvise@madvise,lstat@__lxstat64,openat@__openat64_nocancel,write@__write_nocancel,syslog@__syslog,getpid@getpid,writev@__writev,close@close,stat@__xstat,socket@__socket,fcntl@fcntl,connect@__connect,getdents@__getdents64,lseek@llseek,getrlimit@__getrlimit,write@__libc_write
0.3549666925584753	0.08706737535094095	4.0127497210221905E-4	0.06671390374207346	6.006935880863083E-7	0.018210848111628878	0.0035583104176810073	7.424662147928656E-8	0.10198958299812189	0.02788432280454953	0.05429944405499731	4.7267879671561945E-4	5.059124438776576E-6	0.028352097944043152	3.768193575545521E-5	6.874230765429658E-5	1.477227396872062E-7	2.4155065023383415E-5	7.557188305028557E-9	0.0017100535112663125	0.009448153231825867	0.011521995765349487	0.006315876234506137	0.004429749276302138	0.0017526035164572723	0.0017587719719964023	0.0	0.0017587719719964023	1.0203471197075365E-7	3.292289086556005E-8	2.100634581756322E-5	0.04140243251126377
0.03540524200147638	0.061744766225507515	9.815870055263143E-4	0.04931132851618276	2.728180013434497E-7	0.0054543774055962795	8.376961640575562E-4	9.164737225167997E-5	0.029697656297286858	0.007641633645260195	0.013876396381888683	1.2309861867909738E-4	3.188628847614647E-6	0.004997679483457347	0.023859209034183673	2.4765353896948893E-5	1.2042356066994841E-7	5.640189714725044E-6	2.9695684255049408E-8	0.0019835370641580444	0.07588164496380971	0.0031529842132462537	0.0018101120157835745	0.0017846206476888342	2.159875869077484E-4	3.713972175580142E-4	0.0	3.713972175580142E-4	2.3976155398005E-8	7.450198057610157E-9	6.3978578416824545E-6	0.008602979321872003
3.4465456243386354E-4	4.017612024812858E-4	5.200364511692024E-6	3.320866815151038E-4	4.599114970805766E-9	3.119044320392829E-4	2.4768231615784366E-5	5.299046987744768E-10	5.245903585944931E-4	1.8500198581894204E-4	3.4862794411562846E-4	3.2468620908980757E-6	3.5806571441516536E-8	9.298868807049075E-5	2.2688138931863962E-7	2.50610606773698E-7	1.2367985318902253E-9	7.641050743788281E-8	7.919198764902797E-12	7.8342272924746E-6	4.026154135589858E-5	4.397421478852182E-5	5.258120234147143E-5	4.7508058484532836E-5	2.4273994832116233E-6	1.2189246445154682E-5	8.086248035900199E-7	1.2189246445154682E-5	3.039112110648709E-7	9.719978540217834E-9	2.1810113071320135E-8	9.760607748342373E-5
0.01565405460440247	0.010706509776165342	9.163587386049358E-5	0.2772355703844678	2.0313331175021132E-7	0.2661761620885907	0.0014423220653072505	4.9636695660034425E-8	0.017824100825896978	0.005371932097246819	0.010364840056837002	9.258868279683615E-5	9.348436332317823E-7	0.0028169005941788266	9.074823000725166E-6	0.08446884126083735	3.9027091491239824E-8	3.7767990756037745E-6	2.6541993142684406E-10	7.614804637128134E-4	0.007456685386778084	0.0015644599722966243	0.007719260671341518	0.0011242086309420426	1.1173830945316423E-4	7.484665958462329E-4	0.0	7.484665958462329E-4	2.01878067320653E-8	6.594225185650227E-9	7.310207524829113E-7	0.0035183904546833926
1.402167820264977E-7	7.001499568411331E-7	1.0046610972307948E-9	9.404170752289529E-8	1.2053396861772984E-12	4.175401046824074E-6	6.677253566516859E-9	2.8652860532468066E-12	3.0709209688282614E-7	6.294063159518138E-8	1.1825608423810615E-7	9.64675236625296E-10	1.3248526596168973E-11	2.821582692985892E-8	2.695980509278213E-10	8.208396563511509E-11	2.5243952756792612E-12	6.626918720220631E-11	4.804620343398242E-15	5.777263104558171E-9	6.71307345774456E-8	2.979291249339204E-8	5.0736583838071215E-8	9.373924167798644E-9	1.3908111668882234E-9	3.0861945750135896E-9	0.0	3.0861945750135896E-9	1.5662049812962249E-13	5.3766171940587505E-14	1.3061194876929299E-11	5.5456910820035264E-8
0.055957071441665555	0.013108294458390506	2.4338489614106448E-4	0.1022054662091118	3.302126720148982E-7	0.08357462799616225	0.001203423511822421	3.097748717869089E-7	0.026493201809013614	0.008456172903586348	0.016566192702976427	1.4856704895031359E-4	6.602130862021502E-6	0.0066855568292319015	2.9211076679488014E-5	0.15767153522238755	4.4005031368716826E-8	3.7932228972881038E-6	4.202705135571117E-10	6.313329877973145E-4	0.004256971527045143	0.00576939319319276	0.0020700277437366997	0.0014464821852585793	1.3675400464080602E-4	5.982521746856144E-4	0.0	5.982521746856144E-4	3.4396603175873894E-8	1.099946751166809E-8	1.1624586257668721E-6	0.006807582053574671
0.004355393718499833	0.0027953204200485827	5.605060738968687E-4	0.0022546167004856054	5.451866053890351E-8	0.005162916390886335	4.009656207446219E-4	9.150933382715683E-5	0.00441837759705167	0.0016675850018050818	0.002758653320850428	2.7858463373950518E-5	3.531716628796325E-6	0.0014866072446809249	3.9726159758012245E-6	2.597591690481276E-6	1.0068946981252766E-8	6.930541365660654E-7	7.85229320063177E-11	2.2844272496205524E-4	3.122060913086582E-4	0.001383934577714168	3.1308084268630786E-4	0.002802547140826287	7.747609511776256E-5	6.579932774536265E-5	0.0	6.579932774536265E-5	3.6850265977068384E-9	1.7021922336850275E-9	2.1690225022047476E-7	0.0016936034980531102
5.431170879112305E-6	7.876436945932622E-6	6.456556806620341E-5	3.3455583521424077E-6	7.188999286722568E-11	5.695006824101447E-6	3.2856770795487277E-7	1.1626296257116938E-11	7.779531327464449E-6	2.7770414466193213E-6	5.137077911212984E-6	4.840425115560186E-8	6.336598690191439E-10	1.4627719069441727E-6	2.9536055530066735E-8	3.7061201442438806E-9	2.6150756257419784E-11	1.2496440915837147E-9	4.233883546051889E-12	1.2713828560584086E-7	7.771032681631712E-7	8.184366056261784E-7	6.952208796926424E-7	4.2903290933840336E-7	3.820242801430115E-8	1.604159385518322E-7	0.0	1.604159385518322E-7	1.0078169553693751E-11	3.4178453760852094E-12	1.1840632473118042E-8	1.4171507195473292E-6
0.08038678033197322	0.032217626403080415	4.232544063675743E-4	0.0396371226960873	8.791154471960269E-7	0.006555600244161732	0.003124116701836037	1.12433480296831E-7	0.086050077202241	0.09489776727598852	0.17442066092431185	0.0011988023622194147	3.511954053870922E-6	0.014882898101162742	3.611610415584334E-5	4.193820123878502E-5	1.1753357037376079E-7	1.1042657140852461E-5	1.6963637472575057E-9	0.002146973207436708	0.0033952461402513134	0.006854483864490936	0.004785159839950123	0.00415163690686556	4.7292273950512513E-4	0.001459956677243736	0.0	0.001459956677243736	8.414592522643545E-8	3.2364029231313154E-8	4.7028609781329545E-6	0.013767585294352649
0.06262638362561185	0.022241942398890536	2.8155634369727775E-4	0.026852859532796373	4.4269932607834547E-7	0.004501564350631003	0.0016033661494786887	1.2025666141655643E-7	0.06443686090707307	0.014265537835945545	0.02605438274449362	2.2080364818729412E-4	2.21917590592379E-6	0.007680591282761252	2.7742793140515833E-5	2.6516665865045974E-5	1.0423928415290493E-7	7.658318135707987E-6	1.5469223376141881E-9	0.0022200369682175898	0.002355667832755085	0.004951347989924424	0.003304857335725932	0.002369571568431849	3.676137046939983E-4	6.581289114727739E-4	0.0	6.581289114727739E-4	3.417203431118829E-8	1.23066398111921E-8	4.293923491476395E-6	0.010319899636065511
0.06459519453579955	0.025104769901963492	3.1588303477787566E-4	0.030329890002382773	5.667591335154832E-7	0.004969303943209899	0.0023011162748630435	1.0922481592303809E-7	0.07127163803848144	0.09904071687477108	0.07689685732226614	0.001698352518632904	2.548262404643349E-6	0.010059981646840101	2.899396173780711E-5	3.194680372923491E-5	1.0418028872224522E-7	8.41319251945629E-6	1.4994332074601199E-9	0.00204178070796561	0.0026469739763268743	0.005340374836499466	0.0036593728938295197	0.0029894657722365245	3.808804989477163E-4	0.0010418965921022442	0.0	0.0010418965921022442	5.8964140905214664E-8	2.082859882516803E-8	4.159605819975296E-6	0.010884297662990787
6.828761411826196E-4	2.5453380084691703E-4	3.2531333847671177E-6	3.0899165312187657E-4	5.715725850835925E-9	5.139582333671923E-5	2.1006021720610436E-5	1.1915061349855436E-9	7.185568540945433E-4	0.001095333608317805	8.059885906782696E-4	5.885912373087814E-4	2.6136854477049132E-8	9.874086630453076E-5	3.043038206661657E-7	3.1489354523040834E-7	1.0944080694388223E-9	8.712078916003911E-8	1.6052047250214543E-11	2.220044692512692E-5	2.689908847947659E-5	5.551535674257715E-5	3.769078623782531E-5	2.927904676352797E-5	4.013824166912643E-6	9.190717751846381E-6	0.0	9.190717751846381E-6	5.04422424038507E-10	1.855432970609407E-10	4.4539490843267955E-8	1.14114685106249E-4
9.1775522132702E-7	1.1497352884577132E-6	5.859261879766696E-9	8.398497477500582E-7	8.986606708079713E-12	1.3272053258834812E-7	4.816034855964354E-8	1.2981736110283853E-12	1.6953195803625652E-6	4.211899316170577E-7	8.026638632256436E-7	6.8937162603194794E-9	8.396100101247382E-11	3.2012165737018994E-7	8.329910686258881E-10	8.191016419783202E-10	1.622491620839657E-12	3.811009229286513E-10	2.825429440716483E-14	2.7213651993959113E-8	1.3948178367478455E-7	1.7979926325795452E-7	8.264210391399141E-8	6.543138291145247E-8	8.581668843075797E-9	2.3470478044530793E-8	0.0	2.3470478044530793E-8	1.324743272595363E-12	4.4504305086484917E-13	7.68456322818047E-11	8.29810554314085E-6
0.008687912842934516	0.052309477795442955	5.123386555931772E-5	0.034459640859102546	1.0794094896799904E-7	0.001172835426745772	4.5610729000738137E-4	8.696844752826406E-9	0.010888740929636374	0.0033390749163850334	0.006488533879407128	5.7964368584853654E-5	6.463327071915711E-7	0.0017878972186754064	2.0460696561076623E-4	5.656415538935746E-6	1.3221361342164856E-8	2.8721973966245653E-6	2.2535604227770044E-10	1.957794040449369E-4	9.010618819594873E-4	0.0038113821869763457	7.413549296815766E-4	5.704732204138551E-4	7.21918142296043E-5	2.2620626796418817E-4	0.0	2.2620626796418817E-4	1.2905532229240101E-8	4.191329453537703E-9	6.151354364217315E-7	0.0022782227823479467
0.0010073649599069653	0.0011813935734838784	9.835527766274588E-6	0.0027144639260433005	1.2353321477534307E-8	1.7412445769940643E-4	5.927413570138255E-5	1.6041642411143685E-9	0.004364958307656887	7.549454196407579E-4	0.0014428050816925762	1.0948262105415653E-5	1.7494869470042236E-7	2.4635582923839255E-4	4.6740284499091015E-4	7.676896426768987E-7	1.8286656285523508E-9	1.6327354266645967E-7	2.3963851491875425E-8	0.008556625996798892	5.783598305615396E-5	1.12826761102971E-4	6.160662176324772E-5	1.0661872717440207E-4	6.464256757110558E-6	2.7201262138513444E-5	0.0	2.7201262138513444E-5	4.652996663134577E-9	5.396944828581542E-10	5.1243754392893574E-6	3.9486287949649863E-4
0.01306065281362972	0.006111370291933387	7.214805693737417E-5	0.04111894426189786	2.1127641265902004E-7	0.12222470919748538	6.84486155851207E-4	8.25899797780058E-9	0.013129947087738437	0.004773865903113749	0.00953308188974441	8.665759980190405E-5	6.894450481328674E-7	0.0025211371086225516	5.8401113689489665E-6	9.493669357407663E-6	1.5666630093879075E-8	1.966497492295612E-6	1.9782528490256514E-10	1.6703615779835798E-4	6.297523539188207E-4	0.0011865933954014805	6.701678120182577E-4	7.405541278798249E-4	7.550487857841648E-5	3.4534698965283994E-4	0.0	3.4534698965283994E-4	2.1752382500135144E-8	6.7963761420496785E-9	5.471826735999501E-7	0.0022990115339725217
5.007985736909344E-7	6.515130868029245E-8	1.71603330620521E-9	4.357344814679963E-8	9.530203334164217E-13	1.6369569577167825E-8	3.495864943796522E-9	3.527278954614483E-12	1.345020627922122E-7	3.6478506316433966E-8	6.320301911638745E-8	5.81657859661463E-10	6.88035079626773E-12	1.9219657561513856E-8	2.425028485659839E-10	4.519950800519026E-11	1.280743252075454E-13	2.346148010048577E-11	2.351523515331232E-15	2.6760261634970787E-9	7.433632599671647E-9	1.1307502292863557E-8	1.0442402037817582E-8	5.322512439785797E-9	6.517764253467238E-10	1.6948485107499372E-9	0.0	1.6948485107499372E-9	7.875444954977805E-14	3.3232337267915487E-14	6.4691438474012665E-12	3.4782236874105036E-8
1.9614366719118053E-6	4.9587809873825925E-6	5.730707572016136E-8	2.003692485133441E-6	1.913786942105039E-11	7.107659340045179E-6	1.5649069539662956E-7	2.308360390411775E-11	3.191154361937007E-6	8.50419224176202E-7	1.63492714863475E-6	1.4233242677599165E-8	3.5155702519044967E-9	1.7379087488736136E-6	5.219959478226724E-6	1.928125556001407E-9	1.425989020115303E-11	4.600243356880343E-5	1.725066724060417E-5	6.061291301433528E-8	5.045753311032404E-7	2.008065323410776E-6	3.659230244805402E-7	6.257584139386476E-7	2.2734124696969153E-8	5.2125532291839454E-8	0.0	5.2125532291839454E-8	2.904167667405411E-12	9.62199553654118E-13	1.6170488486925678E-10	3.1966916308847197E-6
2.0754950760374143E-7	5.749550545495297E-7	8.874012387262606E-6	2.0546890085526352E-7	2.0077748629342747E-12	7.648369637553868E-7	1.5676943522993344E-8	3.0341652308596415E-12	3.50492611490092E-7	9.070247011138447E-8	1.7420942735601664E-7	1.5064076017781641E-9	3.1848071068999475E-10	1.890243383258448E-7	1.0056854205101754E-8	1.9703856944662763E-10	1.8036105782353368E-12	7.767754653654591E-11	7.966706652902156E-14	6.687727407265291E-9	5.930775819336109E-8	1.8710885204278306E-7	4.3012092336285796E-8	5.8186696276518286E-8	2.339986822833975E-9	5.440112802261256E-9	0.0	5.440112802261256E-9	6.352289891141734E-9	1.0040947995948292E-13	2.2247700363909228E-10	3.0070360004598946E-7
0.0013719153777675256	0.021465330151902107	7.766130523620249E-6	7.8300123699345E-4	1.2075980566876703E-8	1.6347572358545038E-4	6.490619473133673E-5	2.605517828002557E-9	0.0048956017504628024	8.472567453809618E-4	0.0016086961144681187	1.2242506683077533E-5	9.502665039520884E-8	2.541274194049441E-4	1.0502577673452107E-6	8.490219499904193E-7	2.6062513451759064E-9	4.947140467793404E-7	3.760145915412242E-11	0.008579872679964275	4.2425631111449346E-4	2.3173738735656114E-4	6.683877355017313E-4	8.281685330918411E-5	1.1465519392473383E-5	3.171985234039475E-5	0.0	3.171985234039475E-5	1.787566934369315E-9	5.93162525748267E-10	1.0236491445420867E-7	3.6586488922656877E-4
0.013840781247083378	0.004597397040046318	6.684769376013477E-5	0.004582276668323412	1.133326893724361E-7	8.324878874838736E-4	3.187147791571225E-4	5.873343973399206E-8	0.01739410792812076	0.003842226294098739	0.007037208976998101	5.9518457920286605E-5	4.376754894038422E-7	0.0021059131959896	6.6318139697155835E-6	1.0379094775551058E-5	4.6862156470707316E-8	1.3514851700703475E-6	1.38908125668844E-10	0.0019710116644068546	4.7860779163360294E-4	8.545345141608127E-4	5.455700231895039E-4	4.1580179439519176E-4	4.916558712346546E-5	1.564118189571198E-4	0.0	1.564118189571198E-4	9.163562921764768E-9	3.329667122587374E-9	3.834014638021172E-7	0.001752230205130104
0.005414511175568302	0.0037447847259290293	3.304535001902781E-5	0.003031849026790457	4.967094696828526E-8	0.007553487325597251	0.0022111035720387092	1.17086860113035E-8	0.007000180106000168	0.002052074555706022	0.003934568120562439	3.505039058132427E-5	3.8781501973144903E-7	0.017516850409098946	5.81654456569036E-6	3.5357822965326412E-6	1.151453354868457E-8	3.7352014098180053E-6	1.35942418848697E-10	2.705158549336604E-4	0.0022030137654130487	6.231381700272689E-4	0.01739251198918604	0.0010767608831168541	8.913174812426067E-5	0.0011896690344392617	0.0	0.0011896690344392617	7.329387653305344E-9	2.447867160007056E-9	3.741150687355029E-7	0.002316229465253187
0.004993167438013048	0.0027900599646425123	3.072926580524653E-5	0.0030325712310036476	6.57871975635731E-8	5.723998018523856E-4	0.0065215718177515794	7.446258318543628E-9	0.008149887963950246	0.0028738775705565564	0.005696627465663917	5.17117961442668E-5	2.565826680496531E-7	0.00131597198756715	2.4762659230932423E-6	4.1435649857759685E-6	9.718230842760234E-9	7.898793153474129E-7	9.06266718717668E-11	0.008717421564984005	2.891178811214118E-4	4.730689648576839E-4	3.538081891090834E-4	0.0026308940195095675	2.8967911987659252E-5	0.003535490032573551	0.0	0.003535490032573551	1.2418991028535293E-8	3.984795077292095E-9	2.5048129749367986E-7	8.956722157427981E-4
0.004933251515291928	0.0020561670716656173	2.6745212156295616E-5	0.002040929979855828	6.345952519556241E-8	6.839256382726485E-4	0.005503029624675745	1.0927038268179472E-8	0.004860830332091827	0.0018490583091582535	0.00293350186540105	3.036247732634181E-5	2.228214359075206E-7	9.261147509358788E-4	2.4317835979198844E-6	2.6389985245283726E-6	9.942617988484464E-9	6.74858862554597E-7	7.052564852036444E-11	2.9688240776207237E-4	2.1436587055436666E-4	3.899456391974054E-4	2.9357180113542407E-4	0.0018874203967992227	2.4834876898462287E-5	0.004629051602684812	0.0	0.004629051602684812	3.254939113241598E-9	1.7410207211621085E-9	1.9491571859243867E-7	7.957504719724797E-4
1.632585892316972E-4	1.5604426809101598E-4	1.7051710442773974E-6	1.9437580938970453E-4	2.6443299943751935E-9	2.030287999614067E-5	9.86779883171116E-6	1.6622483077889832E-10	2.2242616020674125E-4	8.045021544220409E-5	1.5054112507943883E-4	1.4132333125955461E-6	1.1032929212847016E-8	9.226000832749638E-5	9.26346933569583E-8	2.0479491275254486E-7	2.893537647664985E-10	4.2238554817479037E-8	7.533881470467252E-11	3.669406449453031E-6	1.642054580597928E-5	4.202392263599138E-5	1.4986892201270094E-5	1.1773547572761384E-5	1.4544931838113989E-6	4.922273915924086E-6	0.0	4.922273915924086E-6	2.996234689297556E-10	1.0171796689541341E-10	2.1059013135804864E-7	3.779330125921851E-5
0.001081846366348826	4.6932464165544684E-4	5.8015182986849536E-6	4.543508264077634E-4	1.3825396733539857E-8	1.4761988116072537E-4	0.0034553305595512777	2.1563654874402814E-9	0.0011924219125131854	4.1977244933755914E-4	6.745486539801813E-4	6.836190207065494E-6	4.961373507202752E-8	2.0336302151749641E-4	5.006301897791529E-7	5.816572269833323E-7	2.161003530486456E-9	1.5503819799588778E-7	1.59219218297368E-11	6.396270792426907E-5	4.9156292919992036E-5	8.841741631942536E-5	6.315391077035461E-5	0.0013052829014759324	5.5683228911365365E-6	0.004483595603052116	0.004470172506567767	0.002248506020710252	7.471040111783247E-10	3.881441400459032E-10	4.3970208779021326E-8	1.771706263571852E-4
3.246065071247283E-4	1.4085105723021807E-4	1.7421765169182358E-6	1.3635620020281843E-4	4.14829423563201E-9	4.4327405198779455E-5	0.0010366013882865868	6.470697597434239E-10	3.5780831160954414E-4	1.2596073403809958E-4	2.0242181657299644E-4	2.051378214644524E-6	1.491194337687868E-8	6.103637085836247E-5	1.502728894034606E-7	1.745547890463941E-7	6.484487071564973E-10	4.652230068924897E-8	4.7777666088601264E-12	1.91899267481196E-5	1.4752467499822026E-5	2.6540119442324294E-5	1.8951393861626983E-5	3.915908026541706E-4	1.6710039746014988E-6	4.028956976943034E-6	8.048509425085522E-8	0.0011215737481478764	8.377815024396484E-8	2.7301892614999536E-9	1.3194343150004566E-8	5.317844501591084E-5
0.001027749858500812	4.4585659207806904E-4	5.5114199169393054E-6	4.3163152557998375E-4	1.3134073356985024E-8	1.4023831543371232E-4	0.0032825506505489467	2.0485388623824253E-9	0.0011327961991449208	3.9878220127062856E-4	6.408186090413048E-4	6.49435422305684E-6	4.7132856185544436E-8	1.931940829031851E-4	4.7559674156252467E-7	5.52572113123263E-7	2.052944985315123E-9	1.4728568769913254E-7	1.512576407942264E-11	6.076432482770857E-5	4.669828791258952E-5	8.399620310042871E-5	5.999597066361703E-5	0.01185664593996703	5.289885182834877E-6	1.2751889678193869E-5	0.0	1.2751889678193869E-5	7.0974591740352E-10	3.6873542992653734E-10	4.1771528062164165E-8	1.6831140893288897E-4
1.2912492118754415E-7	6.776900723825064E-8	1.207773428399726E-8	6.48053577789996E-8	1.7427026964182356E-12	4.08403446020695E-8	4.030854887149349E-9	1.7376056326017886E-13	1.035066920511257E-7	5.0189716491409285E-8	7.896169989494027E-8	8.51717284012855E-10	8.876939432913261E-11	3.2991407584537855E-8	5.07616362360984E-10	6.197617862008818E-11	1.7103641170356183E-13	2.043270036729213E-11	7.71563626481381E-13	2.055706782670174E-9	7.19761963153163E-9	1.891071821682753E-8	8.646569557614264E-9	8.78799412415488E-9	2.0292620348778827E-9	1.7907427469631464E-9	0.0	1.7907427469631464E-9	1.9590237847862384E-13	2.526952734353678E-8	2.158778852362972E-9	5.868496709438283E-8
2.853761916515693E-8	1.5743839278939735E-8	3.4246203701485134E-10	1.760913406201373E-8	4.188054494827915E-13	1.9810581730688446E-8	1.137507349139783E-9	3.165559363524629E-14	2.4665306870226993E-8	1.2047496899916261E-8	1.9059554040403525E-8	2.0511870926393856E-10	1.466059461334678E-11	1.1475931573361255E-8	1.8310336812959073E-11	1.6768752418469306E-11	3.6786567791144784E-14	5.085717042068286E-12	5.207434160472083E-16	5.073908247275426E-10	1.7881386989246174E-9	9.379081885435989E-9	2.059501462381056E-9	3.5083674719586653E-9	1.9956870912202133E-10	4.462391386970127E-10	0.0	4.462391386970127E-10	2.4691165606365462E-14	1.2665785061705339E-14	1.436826845381539E-12	1.5486594358981372E-8
7.294305669905979E-6	4.794908889821986E-5	2.6992851759560977E-8	3.532887508484692E-6	3.9797400075789576E-11	1.1459685420666026E-6	2.218772759492764E-7	4.977849365059702E-12	8.388078896924204E-6	2.0081575199021217E-6	3.843604584813625E-6	3.2615411880691125E-8	5.332485586012952E-10	1.548021003122758E-6	3.0939525723405424E-9	3.661435870541331E-9	7.781743492985605E-12	1.0482079298960808E-9	4.427601652666874E-9	9.080943704264628E-8	4.508600666750558E-7	6.761518134398555E-7	3.638643838903251E-7	2.9294482848369977E-7	1.1520272723018943E-7	1.0856838022651458E-7	0.0	1.0856838022651458E-7	5.597230436997494E-10	2.081724345816585E-12	1.2388555884769933E-5	2.777084363941197E-6
0.08485931321607222	0.014446752443654808	7.938131413625125E-5	0.011358303877901746	1.3220475867393057E-7	0.0035189941724251637	7.671219340997045E-4	1.5016700959449928E-8	0.04264207088155414	0.008384339833214318	0.01613107515568634	1.283546219005743E-4	8.830926478869052E-7	0.004696898012482063	7.304219377246173E-6	1.19710753628695E-5	2.9096057446849776E-8	3.925496388711042E-6	8.323278429984645E-10	3.308228827143906E-4	0.0015355130666123908	0.0019525754431936498	0.0011947698863573751	8.946406646628084E-4	2.3390267755032102E-4	3.812035122754564E-4	0.0	3.812035122754564E-4	2.241686981507919E-8	7.2813486906654E-9	2.307471758267736E-6	0.028620219289826204
