32
NULL,sched_yield@sched_yield,rt_sigprocmask@sigprocmask,exit_group@_Exit,rt_sigaction@__libc_sigaction,time@time,open@__open_nocancel,read@__read_nocancel,mmap@__mmap,munmap@munmap,mprotect@__mprotect,write@__write_nocancel,syslog@__syslog,getpid@getpid,writev@__writev,close@close,open@__open64,fstat@_fxstat,read@__read,close@__close_nocancel,mremap@mremap,stat@__xstat,socket@__socket,fcntl@fcntl,connect@__connect,madvise@madvise,lstat@__lxstat64,openat@__openat64_nocancel,getdents@__getdents64,lseek@llseek,getrlimit@__getrlimit,write@__libc_write
0.42120278667436584	0.3517134163044058	0.023131862508188248	0.0047469580635500315	0.00913134079028537	3.599991028718215E-4	8.775728705027842E-4	2.8445586926965494E-7	8.275221049259439E-4	1.1622976809001211E-4	9.073987214322592E-7	2.2499642853754278E-5	9.436252206585813E-5	1.3384615462669474E-4	7.388471765173442E-5	1.2230369339408234E-4	7.641766318707872E-5	5.528697770342027E-6	8.111200535007483E-9	1.6215718775258465E-9	7.211120617346394E-8	4.8302470225189135E-5	2.2008423456574632E-5	0.0	2.2008423456574632E-5	1.2609640549769193E-9	2.758610942292302E-7	1.885892699227427E-12	1.2211621148086094E-9	4.3624573028435695E-10	5.185103466547758E-9	0.13076978680665127
0.26330117925145674	7.923256941079097E-5	5.407279555715564E-4	2.9663693438240616E-4	3.6457055929083715E-4	2.405543932800627E-5	3.399380667994987E-5	3.7860684827074306E-8	4.2829776793722925E-5	2.1829854231566743E-5	4.126881269114612E-8	9.680645774047837E-7	3.7543790105726822E-6	1.5577577387420688E-5	5.2649540024967935E-6	5.5234767559816004E-6	1.913434206093197E-6	1.009430028312051E-6	1.5066798397155215E-9	2.3976743426377233E-10	1.1739385102711077E-8	2.2565761924878724E-5	8.236669029178868E-7	0.0	8.236669029178868E-7	5.455732286000521E-10	1.3807086324107769E-8	1.7598371355480977E-13	4.196538177953961E-11	1.832370781150706E-11	4.902587242951845E-10	0.061383952142503466
0.00839051920665642	2.0902100367185654E-4	0.01793160395697526	0.015217436266941855	0.027686376591140295	4.145444041914476E-4	7.470099210906772E-4	4.581945452376029E-7	0.0010216399607139144	1.1856459383816694E-4	1.1333099474137267E-6	3.684093362308167E-5	7.74453434189239E-5	1.2278259929098055E-4	1.0385214978549456E-4	7.997366042977797E-5	6.193295869254265E-5	7.464765520458671E-6	1.6926921802794353E-8	2.4862538810595903E-9	7.6173224655859E-8	2.242061273653397E-6	3.2041470269829046E-5	0.0	3.2041470269829046E-5	8.690238316921656E-10	2.43840270060746E-7	3.918038652387591E-12	1.7886607118184798E-9	7.785350918170655E-10	1.0904208263531172E-8	0.004157744299180681
0.00846925668520152	4.287928723005259E-5	0.013432925952902987	0.0027358342898906075	0.005251184794210063	1.7426584632307943E-4	4.987292962933236E-4	2.601016639984276E-7	5.392528729212871E-4	6.260601418027328E-5	5.922982352575344E-7	3.194231019759108E-5	5.262695609056282E-5	8.047049103279763E-5	5.62732398010591E-5	3.545597830188875E-5	2.7942972000165005E-5	3.735304724209333E-6	4.766693904200432E-9	2.0749107014267563E-9	3.837928389980113E-8	1.824645804690611E-6	1.3383912738686903E-5	0.0	1.3383912738686903E-5	6.401924317289259E-10	1.623347153162593E-7	1.8127676537101716E-12	6.942893772629557E-10	2.4811568082264395E-10	5.020441242790692E-9	0.004200330803893595
0.00784815450744507	2.490894713350811E-4	0.014865713677627715	0.014412897566638648	0.013020798239509131	2.527484529362356E-4	5.671923279360759E-4	3.098753222688148E-7	6.859147150394878E-4	7.755690949799737E-5	7.874469835090107E-7	3.132055508885534E-5	5.911190721620404E-5	8.94128619966337E-5	6.969851264808164E-5	5.0513404372543014E-5	4.370105286167759E-5	4.797364100059353E-6	8.453718399122013E-9	2.0741748475292545E-9	4.853660092344898E-8	1.8391819705114416E-6	2.2402645759497538E-5	0.0	2.2402645759497538E-5	6.922026757312022E-10	1.7826734148610843E-7	2.4051854719374607E-12	1.2473495007916436E-9	4.684650813084189E-10	6.679261783722372E-9	0.0038842221634302096
6.596232282327847E-5	1.5979804805691453E-6	3.239672125663709E-4	9.216188988757015E-5	1.8035682966178972E-4	6.663495926623552E-6	7.116287949407948E-4	1.7969529593855874E-6	4.7341725463359807E-4	5.692414060399828E-6	2.9061902429031685E-8	5.423804872658929E-7	3.0296939981070074E-6	3.39510539296431E-5	3.47885220899599E-6	1.7991758603078793E-6	1.2473368329811525E-6	1.645267737787492E-7	5.210537081027164E-10	4.9374813186181495E-11	2.797065092715692E-9	2.8156028268546055E-8	6.615613250278521E-7	0.0	6.615613250278521E-7	2.0911986776254693E-11	9.365824201234383E-9	5.968526534997031E-14	3.323702142483353E-11	1.1342325350854403E-11	1.6438725196123108E-10	3.348353322836595E-5
2.705660753708396E-4	3.3405349339920954E-6	7.33923769854299E-4	2.0171638890885562E-4	3.65731771569116E-4	3.0000597125937154E-5	7.499676418511931E-4	3.098944099121503E-4	5.937003314612792E-4	4.470054105621272E-5	2.769061893288113E-7	2.129282666210633E-5	9.273090969496915E-4	1.2984905516121188E-5	1.1515574922514942E-5	1.4207901853418855E-5	3.3949371943310128E-6	1.167349783316747E-5	1.3266754275200955E-9	1.1325155188751986E-6	3.488121945060262E-8	7.403550145360998E-7	1.2380126179580893E-6	0.0	1.2380126179580893E-6	5.836561059504081E-10	2.156155142955858E-8	2.3654965726812094E-11	5.6661787593659376E-11	2.0819715736440537E-11	5.3749639523645895E-9	1.3722670099592171E-4
8.483051474690833E-6	2.222621918613678E-7	6.717294033244078E-5	1.4004541759979968E-5	2.7116566747718254E-5	1.3235580258953763E-6	1.1805897892440198E-5	6.89591190977993E-6	3.528718522952277E-5	1.6377657187749235E-6	4.647535311835031E-9	1.0549759979365862E-4	2.4188512319443905E-7	5.460209743358479E-7	2.1912254734622426E-7	8.695276692097667E-7	1.9301998160925397E-7	8.402438923640648E-8	4.7718354987563874E-11	1.693655274609352E-11	2.146030893692797E-9	3.2328535260417264E-9	6.52608510671647E-8	0.0	6.52608510671647E-8	4.0754831798073465E-12	5.355529064075218E-10	1.9024120434856567E-11	6.2310466804509E-12	1.3322516869390084E-12	4.111802255404752E-9	7.437516940021476E-6
1.2179986491445935E-4	2.6504354430612002E-6	4.722278814147374E-4	1.5009959583764002E-4	2.911593729887791E-4	1.2466707871136786E-5	7.143242044116523E-5	8.240525489798018E-8	0.004160794179390979	0.003989763407785792	0.0012889682273917308	7.256349620666707E-6	8.546844412083492E-5	6.139179626754734E-6	8.880884635961604E-5	5.253604787383997E-6	1.0646035123179087E-5	5.537895481190658E-7	1.2052833155713886E-9	2.103011731922258E-9	6.637077743045474E-9	6.58960222776977E-8	6.138957417736332E-6	0.0	6.138957417736332E-6	2.322323604111506E-10	2.5121772402148987E-8	3.095725205205573E-13	5.658627418031658E-11	1.9286292091162655E-11	8.641113988370979E-10	7.7245351519209E-5
1.7314635033904098E-4	4.344125927295837E-6	7.330999720856185E-4	2.4224865368086885E-4	4.777841810915393E-4	4.87423543572786E-5	7.951669345731704E-5	2.2261743247694844E-7	0.0014522660348274233	0.0012466288740771627	0.0024060417272495638	5.110872957730033E-6	4.38995842226344E-5	5.416855482970242E-5	1.6782422762357626E-5	6.9004017741197695E-6	4.288761034417757E-6	2.4429793127520603E-6	2.051088751031767E-9	4.895488311291077E-9	7.797942175010274E-8	1.446052676428733E-7	2.2287877793601724E-6	0.0	2.2287877793601724E-6	1.859007032697952E-10	2.058957954684418E-8	9.151228215324002E-13	9.821613687040546E-11	3.2668703304664626E-11	2.5578360613906004E-9	1.2212330894126907E-4
9.590792834578951E-5	2.5939423313405477E-6	3.928230838263362E-4	1.4130612339025256E-4	2.837327816292649E-4	1.115971651950849E-5	3.258506744773083E-5	2.3156603330654815E-8	5.663954350371331E-4	0.001853281064427748	6.746138953762958E-8	5.157682907405424E-7	3.2078879454779773E-6	5.329736243175006E-6	2.921960844351427E-6	2.6110400192266746E-6	1.8878055695110964E-6	3.0799949215798405E-7	1.4246598560122033E-9	4.57528528658034E-11	4.343999955800967E-9	5.738087440815061E-8	9.912820809946328E-7	0.0	9.912820809946328E-7	2.5591178192005665E-11	1.0636112171261695E-8	7.131845910974705E-14	6.298727680932952E-11	2.0378446215473628E-11	1.9834535885086363E-10	4.6749747202628725E-5
1.0862944854166207E-5	2.7606378923192284E-7	8.908602614925199E-5	1.7741835372599662E-5	3.407850610681292E-5	7.737989253834389E-7	2.4943052699247757E-4	4.377398382377223E-9	3.074479245943416E-6	4.3286048070851317E-7	3.986420254416788E-9	1.0561048915665184E-4	3.5613876406837567E-6	5.443539682193029E-7	6.835018094820934E-6	1.91949685217162E-7	1.5543404391933971E-7	2.308082003491353E-8	2.9413777302224287E-11	2.1118562302851952E-11	2.6377705268821626E-10	3.4052596213098937E-9	8.272043340187956E-8	0.0	8.272043340187956E-8	5.873324822326876E-12	1.3046628191103394E-9	8.528337351033563E-15	4.396924541145931E-12	1.5725875254981466E-12	2.3412360392750352E-11	5.54556508409843E-6
1.0154527150172475E-4	1.257471242513856E-6	2.9098667624601824E-4	7.690612875032321E-5	1.3851522960069102E-4	9.466780110293706E-6	2.2436512975838138E-5	3.6292976156399E-8	2.046599928655918E-5	3.2124289282053867E-6	1.0492411050179159E-7	2.3138137897555866E-5	2.2584341844387887E-6	2.449214378077453E-6	2.939170171030103E-6	1.1763702217616073E-6	7.491076066954491E-7	4.693251845043066E-7	4.688723705208579E-10	7.583935487122618E-10	1.913709790256348E-9	4.618154921396658E-8	3.9088541500092027E-7	0.0	3.9088541500092027E-7	2.06420247201438E-10	4.888948565538207E-9	1.197049100647078E-13	1.9126787695418088E-11	7.599047648092548E-12	3.340979052370235E-10	2.863084065475281E-5
4.3980405515708356E-5	8.352025872881536E-7	1.5755385687375118E-4	4.787397568343748E-5	9.226311856517185E-5	2.0698445581372903E-4	1.2199928535990265E-5	3.486518161578637E-8	1.5072563829019305E-5	8.84889072902176E-5	2.00819668374472E-8	2.3256531994088393E-6	2.3723846369201784E-5	1.5540349925860229E-6	2.1263254021567203E-4	6.439966745919928E-6	2.2920328478198774E-5	1.484782883555604E-7	1.2817348850373245E-10	1.3761883413367585E-10	2.0516788713354664E-9	2.6439613213260277E-8	1.3514395519097605E-5	0.0	1.3514395519097605E-5	3.8979085208885464E-11	3.3805194361308574E-8	4.9763008627425685E-14	1.6395938742945312E-11	5.913566838760294E-12	1.382817719406645E-10	5.7079361470849055E-5
6.125921849858075E-5	1.1215742253669884E-6	1.5917815094248258E-4	6.039208181521601E-5	1.220682712391304E-4	3.3876470964960404E-6	7.286758536944646E-6	4.258319410262672E-9	7.843846899254888E-6	2.1574217407143905E-6	1.3492229999853458E-8	1.0645019076408629E-4	7.232704615191081E-7	7.793096478483915E-7	8.602347906353733E-7	1.619267904070896E-5	7.036245924253989E-5	6.406324492803221E-8	1.2249697422412972E-10	4.733478955511748E-11	5.358531291530296E-10	1.60939946950689E-8	4.162820043736319E-5	0.0	4.162820043736319E-5	1.8085495264091246E-11	1.548516352203733E-9	2.9229125188850825E-14	2.6132860678825722E-11	8.92541168888538E-12	8.144510234981534E-11	2.8815203246937612E-5
4.909121429656908E-5	7.339833974550642E-7	8.618526817185397E-5	4.326206662703599E-5	6.53237258619175E-5	2.9380455883428275E-6	9.147832422857987E-6	7.404242453629817E-9	6.6523850000070344E-6	5.207441316626313E-6	1.5936754029165793E-8	2.7803094192663765E-6	8.990955014306789E-7	8.230913091508775E-7	1.0813053487768648E-6	1.2027614503500556E-5	6.213847073839541E-5	9.003750463235451E-8	1.6723486628084892E-10	1.212470285540928E-10	6.583460742534441E-10	1.4794497374198979E-8	5.6581225686502255E-5	0.0	5.6581225686502255E-5	4.283455061562237E-11	1.797333316102127E-9	3.8725147425259306E-14	6.3923233011797585E-12	4.254218559080908E-12	1.0802475532799762E-10	2.1928834399970925E-5
3.091097170793864E-5	7.226858152798388E-7	9.169517009546668E-5	4.214259840983846E-5	6.719658618262586E-5	1.121241933382524E-5	1.81505764038058E-5	2.8299744969440428E-8	1.1477116252835094E-5	6.460574072432877E-5	1.7013852299718203E-8	2.1777754495562134E-6	2.1728961456112493E-6	1.3844466760178151E-5	1.6282365067721296E-6	3.2943243613112E-5	3.5184577717438746E-6	6.857912482433982E-6	1.5258252373232985E-10	1.1303917050356695E-6	4.440418393386002E-8	6.490751685094406E-7	1.7113288652283544E-7	0.0	1.7113288652283544E-7	5.527132806104721E-11	2.068105746533849E-9	1.6003652753953413E-13	8.072396661976793E-12	4.4250529449411864E-12	4.473610682078238E-10	2.6908127690522402E-5
2.756031018737511E-6	8.064496394691325E-8	1.1990651956137702E-5	4.51780736407247E-6	8.426081577645886E-6	3.2517038282186596E-7	3.336313345497199E-6	1.2515698155043098E-9	2.214705752928153E-6	4.14261664073679E-6	8.604098682206087E-10	2.4387524756213648E-8	3.135781859436777E-7	1.3111964382618998E-7	4.332559808768714E-7	3.320945822438853E-7	7.597352720058286E-8	4.5139895031940146E-8	1.0117364599733104E-11	2.0475148197688354E-11	2.5871206654254566E-10	9.890313696499673E-10	3.860194382841086E-8	1.0452159054403116E-8	3.860194382841086E-8	1.1905004190239331E-11	2.1772694149133465E-10	1.306859890916126E-14	3.921067990619034E-9	1.2319059034101263E-10	3.651137046842919E-11	1.7936650363207645E-6
1.590842474123105E-9	3.621109803397608E-11	1.0307195345393929E-8	2.2687072470163546E-9	4.301118571525011E-9	1.585876992953434E-10	7.510359071596905E-9	8.791442417580294E-12	6.029508368389698E-10	5.075347563923045E-8	4.982550201810039E-13	3.8494465559434876E-11	6.915829140406223E-10	1.0210414034323211E-10	5.676397598020301E-10	4.585954409643961E-11	3.1204766623799716E-11	2.040605944300574E-11	5.1784114736781265E-15	2.9677653390060903E-13	1.9193621199645294E-13	1.0028817740566464E-12	1.6520693705266996E-11	0.0	1.6520693705266996E-11	3.0361610144744676E-14	3.903670191651706E-13	3.505245068604349E-17	5.902434439634452E-16	2.1566198230970124E-16	9.800444062532622E-14	2.1450176679703497E-9
4.375753978790948E-8	1.2498050638651354E-9	1.8980092961064773E-7	7.078996078721965E-8	1.294081848781421E-7	5.698177603794467E-9	7.618537453783957E-8	3.540614875250742E-10	1.2788206343196414E-8	8.080631345545216E-8	1.3116506223128495E-11	4.4759845222951615E-10	7.110927572480327E-9	3.6133292948325342E-9	5.451755058781071E-9	1.4942382239526721E-9	7.946698903298763E-10	8.222556724627538E-7	1.6637743525629688E-13	6.481724260347765E-13	5.336209584582567E-12	1.6376100368756943E-11	3.970131502942826E-10	0.0	3.970131502942826E-10	2.9398421567858447E-13	3.793709470789382E-12	1.4550315044921254E-14	2.370017571972339E-14	8.734892282432093E-15	4.071121581594206E-11	2.777046265930083E-8
7.4349951059213345E-9	1.7601578333202878E-10	4.097943295548679E-8	1.049704266803802E-8	2.0183429837381755E-8	2.245094336276204E-9	3.850907168218651E-9	3.642855851102783E-12	5.668681872942632E-9	4.4088176895425967E-10	5.344237229163016E-12	7.984313076245563E-11	5.701359646527854E-10	4.375892124250063E-10	2.835009642972423E-10	1.8350961591190033E-10	1.1641884260076322E-10	1.7615298516618582E-11	2.0989101874761E-14	8.752083612147572E-15	3.35417932893173E-13	2.1856285248972872E-12	5.9737914322905E-11	0.0	5.9737914322905E-11	2.4667812093904712E-15	9.590524282360917E-13	1.6699261237349928E-17	3.212642216421357E-15	1.1636201724989847E-15	4.638728095841517E-14	1.0793527417539663E-7
1.014961259680698E-6	2.4630466116560306E-8	3.8076988870137985E-6	1.4080006537928388E-6	2.5309483289199195E-6	4.181134103238824E-7	4.618956961729631E-7	1.7289904932569694E-10	8.357938850719494E-7	5.403164628547062E-8	8.435295511360585E-10	7.287856115025564E-9	4.727849933192674E-8	2.473323396477011E-7	4.578453219043921E-8	2.0017650618079308E-8	1.4796054533454014E-8	6.326188557219235E-9	6.783292908926201E-12	5.588818877989818E-13	2.520382058678337E-11	1.8386963856568343E-9	7.8516728786138E-9	0.0	7.8516728786138E-9	2.2560256459771065E-13	8.544644806426507E-11	5.857331563699844E-14	4.1373413253723067E-13	1.6786152238716922E-13	1.6386317126384148E-10	4.5974279898037224E-7
1.940382312735304E-5	1.418082532414092E-7	1.94514097965138E-5	8.42947660669443E-6	1.3094900539558E-5	5.595913886247488E-7	1.748078561606538E-6	1.337878187626323E-9	1.2763294015555266E-6	9.259726876185669E-7	2.914425323866335E-9	4.899335982103052E-7	1.7335435135758254E-7	1.6608352632616292E-7	2.0100187832362953E-7	8.772535181035585E-6	3.895839429056153E-5	1.6548433058244516E-8	3.0426134906225064E-11	2.1427674356964693E-11	1.256245864114047E-10	4.55908763031967E-9	5.524100883023613E-5	5.521432365352942E-5	2.7633805883875977E-5	7.585439234556721E-12	3.6424656532650836E-10	7.0804103973138215E-15	1.3363466962880286E-12	8.211360381963884E-13	1.973627599625614E-11	9.02599259738142E-6
5.821628531645299E-6	4.255546525978937E-8	5.837357320796408E-6	2.5295535188996947E-6	3.929875085172746E-6	1.6809781812937566E-7	5.247776368086417E-7	4.023352064630281E-10	3.832384199604014E-7	2.7830494569149445E-7	8.746794509536289E-10	1.4698344050203407E-7	5.204233815385816E-8	4.995568177435618E-8	6.033033998801836E-8	2.631798835582788E-6	1.1687507630629159E-5	4.983819678389682E-9	9.129298739466906E-12	6.437971734734203E-12	3.803418563541343E-11	1.3679195360329683E-9	8.010585205326393E-9	1.040337871017226E-9	1.3811612058385411E-5	2.276499393530319E-12	1.0930518324772088E-10	2.125572275244212E-15	1.0804059054713853E-9	3.403080044597912E-11	5.924930582089827E-12	2.708327820643032E-6
1.8433556828236136E-5	1.3471729141632355E-7	1.8478763979655937E-5	8.007970132584165E-6	1.2440104801603139E-5	5.3160965213421E-7	1.6606678639618754E-6	1.2709790972121495E-9	1.2125079887971486E-6	8.796704673394869E-7	2.7686927713440424E-9	4.654350209954657E-7	1.646859624620753E-7	1.5777870683903764E-7	1.9095100601271412E-7	1.394675538901584E-4	3.701032370675193E-5	1.5720947320293586E-8	2.890471033344186E-11	2.0356207658852685E-11	1.1934287060027374E-10	4.331115593397514E-9	2.5350814531007688E-8	0.0	2.5350814531007688E-8	7.206137897650876E-12	3.4603282648824864E-10	6.7263624580318885E-15	1.2695241863715835E-12	7.800760563761455E-13	1.874938576624562E-11	8.574658013684225E-6
4.5313715509781524E-10	1.0933719475056763E-11	2.359597255295974E-9	6.671458190965577E-10	1.1678935145733465E-9	7.962477182532989E-11	1.8063238270022146E-10	1.7968153513788902E-12	1.2314820063374159E-10	8.907820016300307E-11	1.7152605135747295E-13	1.797159752697893E-11	2.146419807177782E-11	2.967300971066836E-11	8.555827409575312E-11	1.8649438604902235E-11	1.3045143348615619E-11	2.1268317124823676E-11	1.7447644237909107E-15	4.8332739623249744E-14	3.605510716004534E-14	8.033288524010159E-13	7.2110971353808495E-12	0.0	7.2110971353808495E-12	2.532009934690757E-16	7.452908931760059E-14	5.806919079176175E-18	1.46187181295966E-16	6.48267974999011E-17	1.623330276863205E-14	4.4533231549108873E-10
2.071532404329386E-8	4.5305375370866304E-10	1.0281225290607312E-7	2.6863574966695477E-8	5.173928508286423E-8	1.928684703387746E-8	4.704558238045919E-8	6.652666820857334E-8	1.6916979204882816E-8	9.621208462194584E-8	1.547158937366155E-11	3.420018242201351E-10	4.765260949410848E-9	2.3280254585585398E-8	3.622131768378753E-9	7.0254318603213524E-9	1.0048072451319434E-9	7.354141444186035E-10	6.125361290821485E-14	1.8314557062234136E-12	4.771555343626286E-11	1.0530053770378428E-11	1.9562590670990595E-10	0.0	1.9562590670990595E-10	1.5513991063016275E-13	5.946144091245067E-7	2.2297945420438016E-7	8.444102393090458E-15	3.030199006821858E-15	6.429376948689855E-13	5.442411090954853E-8
2.2262995953152253E-9	4.901596871972538E-11	1.1626073753889645E-8	2.935652949469123E-9	5.637503607780331E-9	1.7801224483908254E-9	5.760888554707216E-9	1.320239054704378E-10	1.6584199598936556E-9	1.0395120744352996E-8	1.5095597417063141E-12	3.984207426436176E-11	5.803556554888183E-10	2.118967707954928E-9	4.4675945576263914E-10	6.401879470443133E-10	9.697690396705573E-11	1.1470598854991243E-7	6.737228829306641E-15	2.4624171444511435E-13	4.334935448392987E-12	1.1975681901066815E-12	2.103889453093669E-11	0.0	2.103889453093669E-11	2.0628829698644218E-14	3.835901728345913E-13	8.92343275351449E-17	5.0390877372325226E-12	3.2145030645312796E-16	2.4959957901263833E-13	5.4433294550033826E-9
7.368670206251574E-10	2.133581130627728E-11	1.9828502755769987E-9	1.2338637086176033E-9	1.8390436209182996E-9	1.5770852876939423E-10	2.954733085422325E-10	6.004594799390684E-12	2.35624766537799E-10	4.166582534685671E-10	2.2095066085329268E-13	5.350082924385244E-12	3.074417734491386E-11	1.1949624859124966E-10	3.2367971305247494E-11	4.3354885710487814E-11	1.0430861305261702E-11	1.4859335215143374E-10	4.0821001882832026E-15	7.164955747016697E-15	1.0913989660982605E-12	6.018310964012835E-13	3.8152304811801846E-12	0.0	3.8152304811801846E-12	6.837731857970584E-16	4.8924025078777735E-14	6.217257218836658E-16	2.6635189956563143E-16	3.2662945384643655E-10	1.7395980729506506E-12	1.373782663627419E-9
2.0377826250371576E-10	5.691182945257627E-12	5.597347963290808E-10	3.289842248966537E-10	4.983043422149075E-10	8.886516569360782E-11	6.854890052002343E-11	9.525306071181182E-14	9.270947328788319E-11	2.4333853159278086E-10	8.600776792923557E-14	1.549532264217054E-12	8.842388659305129E-12	9.341264043931018E-11	8.39940555720307E-12	2.955838909419785E-11	4.714884434854033E-12	2.763641107511953E-12	1.0728087423847224E-15	7.952155244046576E-16	1.853218274436457E-13	8.288964722166804E-14	1.1179672580618527E-12	0.0	1.1179672580618527E-12	1.007814328631656E-16	1.3590038469653013E-14	3.292648643250548E-19	5.369337662580401E-17	3.4397863608503823E-17	9.183730531251963E-16	2.4572850104910007E-10
1.8354869498405739E-9	4.104755131125426E-11	9.96474573272996E-9	2.4617263377047795E-9	4.7666004631366685E-9	1.5028196522299347E-9	3.65688860880358E-8	1.5903091933463844E-12	1.3848663809666108E-9	4.319700274304399E-9	1.325474984435665E-12	2.351054325389846E-11	1.9260896705115548E-10	1.7537093967868586E-9	1.5841932183595697E-10	1.1496710611801997E-10	4.0997145335601534E-11	1.1395905805427605E-11	4.5314259326880596E-15	1.9410115939425464E-14	2.6025623660660527E-12	1.2731114768676652E-12	1.813408282421598E-11	0.0	1.813408282421598E-11	2.04651693205544E-15	3.050534666557557E-13	3.5717185982224834E-12	4.472510078011125E-13	2.6997252517800037E-16	9.993775025645753E-9	3.6540988098531654E-9
0.2952371981147629	1.8446732173726945E-6	5.320578350667499E-4	1.1668181515641805E-4	2.177361508247694E-4	7.785220994826582E-6	1.2190475149050575E-5	1.4469764566720239E-8	1.79841333137108E-5	5.569052105009955E-6	1.6398032327848598E-8	3.361418185441605E-7	1.2268406541401708E-6	3.7985716457527644E-6	2.0732457204332562E-6	1.8178056998075619E-6	1.0373608577598966E-6	2.8938344658138406E-7	3.9060095884636637E-10	6.759881589431756E-11	3.0153335731506327E-9	5.43144731871109E-6	5.232743520171522E-7	0.0	5.232743520171522E-7	1.1131115394849424E-10	4.006465418158461E-9	6.072826736968583E-14	2.8276029158468903E-11	1.0643434784580299E-11	1.6924097085559647E-10	0.05437511179415971
