32
NULL,time@time,open@__open_nocancel,read@__read_nocancel,mmap@__mmap,munmap@munmap,mprotect@__mprotect,rt_sigprocmask@sigprocmask,exit_group@_Exit,rt_sigaction@__libc_sigaction,sched_yield@sched_yield,write@__write_nocancel,syslog@__syslog,getpid@getpid,writev@__writev,close@close,open@__open64,fstat@_fxstat,read@__read,close@__close_nocancel,mremap@mremap,stat@__xstat,socket@__socket,fcntl@fcntl,connect@__connect,madvise@madvise,lstat@__lxstat64,openat@__openat64_nocancel,getdents@__getdents64,lseek@llseek,getrlimit@__getrlimit,write@__libc_write
0.661983153042927	0.024440632526514613	0.03541092859597848	1.2314214129744642E-5	0.05263442154173757	0.004131477965860937	5.752063194930998E-5	0.047089177128566986	0.016038977805199084	0.03153182165432619	2.868917468336793E-4	7.703684459304063E-4	0.003646206330732145	0.004636650338175648	0.0033901565908016334	0.002875604557135583	0.0024976552107430364	2.5641963908451233E-4	4.1744139621492047E-7	3.8393929075320195E-8	2.7880243484029883E-6	0.0021016574758126773	0.0012526590821821907	0.0	0.0012526590821821907	6.31700460945952E-8	8.480748040734243E-6	8.611916272746265E-11	7.209243013849032E-8	2.532907617437506E-8	2.3847932078695726E-7	0.06740101707704345
0.004779644782676524	8.483076427728624E-4	0.028527958560134542	6.721821809568095E-5	0.01804349766564881	5.776341977635991E-4	2.957172653905963E-6	0.005358344581633427	0.001481243213859272	0.0028847181857035832	2.5286539926879144E-5	1.202942604108286E-4	5.623053847705395E-4	0.0019389756201784961	4.1640706492169274E-4	3.0991765669497677E-4	2.2875955380214546E-4	2.6082874805105094E-5	4.554623083008318E-8	5.116321434140012E-9	3.9704279670696694E-7	3.9094321413511104E-5	1.1228294904422265E-4	0.0	1.1228294904422265E-4	3.887100302802273E-9	1.8887644819825741E-6	8.978331911777234E-12	5.8813553443512066E-9	2.0672908300977152E-9	2.4465156584337704E-8	0.0017297922886638523
0.017351464832087892	0.0023198676968272033	0.03324423448672398	0.011266352892351542	0.02470174111632126	0.002303498653764191	1.3046457553925697E-5	0.014067937767898072	0.003322887094609299	0.006059370988478676	5.266313628830632E-5	9.857815637947704E-4	0.03536893728786865	0.0017701890336449411	9.781133757675157E-4	9.542862782593399E-4	4.1691004731998283E-4	4.671969546167761E-4	1.1093011673045953E-7	4.221221617615939E-5	1.7859922324726915E-6	1.1871090626920682E-4	1.8198533538313954E-4	0.0	1.8198533538313954E-4	3.65509333497817E-8	3.653415213052253E-6	8.82777155080374E-10	9.048765590049818E-9	3.5737939255312046E-9	2.3086224559792533E-7	0.005861007723480772
5.790981122269175E-4	1.189085298371407E-4	6.271748926608155E-4	2.3672983234264902E-4	0.001403716968693908	8.329990161125365E-5	3.9468947764689844E-7	0.001992082474454286	3.309846342367498E-4	6.333552591805958E-4	4.7453161759127E-6	0.003942923534248483	3.1993574205652736E-5	5.826519283186183E-5	3.1634454035514815E-5	5.47986582924872E-5	2.8546261019299915E-5	4.857567929019853E-6	5.113430366663405E-9	8.249016690154642E-10	9.42284802250268E-8	3.9900477834495154E-6	1.2956585665722187E-5	0.0	1.2956585665722187E-5	5.329128039855463E-10	9.540564724177128E-8	7.010472085632986E-10	8.305196660828817E-10	2.6154144319351916E-10	1.5376215965108108E-7	2.627046956813998E-4
0.009275238273828694	0.0013747337283873207	0.00594031621563739	3.1932111872073806E-6	0.1453758671294303	0.13833764121598704	0.044312695265337675	0.008385273761001812	0.002405791884837381	0.004661720348324609	4.1304643206200666E-5	3.7564586953180943E-4	0.0035438837523613315	8.256650436539012E-4	0.003606546484409472	5.715390546757209E-4	6.947905695358008E-4	4.416344419363799E-5	8.771632366703157E-8	2.214214803958997E-8	5.145821502410271E-7	7.192791362176488E-5	3.591027228982588E-4	0.0	3.591027228982588E-4	1.363598498159496E-8	2.1174524165094863E-6	1.4102441795519443E-11	9.6123445634971E-9	3.3987420016612285E-9	3.898216369682672E-8	0.0028985044517043403
0.02107619624342125	0.003287126995609948	0.0070496037154493575	9.564391850706629E-6	0.05360015648831376	0.043433098279849855	0.0827152610428499	0.012206058603477827	0.0037975151442390755	0.0074710264803712735	6.681453041528196E-5	3.2552169219348217E-4	0.0020765023291870704	0.00276906344124831	0.0010711402998417605	7.567736352154435E-4	6.172435773213031E-4	1.2293275534128393E-4	1.455595741265092E-7	1.5162089681747756E-7	3.251592108985919E-6	9.440952602314886E-5	3.066618517287552E-4	0.0	3.066618517287552E-4	1.4668798403303486E-8	2.1860965553579316E-6	4.4380117481141774E-11	1.6648542652300038E-8	5.765302037642873E-9	1.236450040348923E-7	0.004942071346580852
0.008723469473163898	0.0012707988857029874	0.0033088582807582053	1.8778696866921674E-6	0.02157033565523095	0.06398149790949899	5.1361935683187525E-6	0.006070831330727704	0.00216173057419386	0.004334246839291374	3.934488278591624E-5	9.068059249452625E-5	3.4207991603161137E-4	5.821152450476956E-4	3.550438961083638E-4	3.895994208955396E-4	3.54227475911548E-4	3.365195189696934E-5	9.327361874831828E-8	4.518340706178787E-9	3.717686596853765E-7	5.376775883914444E-5	1.786998640216046E-4	0.0	1.786998640216046E-4	4.679864934327987E-9	1.0986511676653782E-6	1.1011224780461043E-11	1.0636610109429592E-8	3.602641592941447E-9	3.056737479901172E-8	0.0020692847498340896
0.03913246225304276	0.006057818091600227	0.01424908313120319	1.0108531417828029E-5	0.01703089396580521	0.002198506724147662	1.8605930145526853E-5	0.03436019079559427	0.037451208999331374	0.06901610847032767	4.681519716319529E-4	9.665002633053544E-4	0.0015038743210679284	0.0028731011481673897	0.002075991175486318	0.0017811977615995096	0.0012934459228923219	1.704096054610122E-4	3.1458935988491815E-7	5.263406025587821E-8	1.5941725370267806E-6	2.399605044514388E-4	5.989584492897516E-4	0.0	5.989584492897516E-4	3.118515923350992E-8	5.190744313243029E-6	7.795000908147302E-11	3.218135223923234E-8	1.3543911398226472E-8	2.167562642300134E-7	0.009309197840491584
0.02842983360553905	0.003050764475816438	0.009907216777258261	8.202351029998946E-6	0.01181202766751733	0.0014969001426887168	1.218450796070807E-5	0.02824538975252357	0.005780185082086685	0.010527332415796835	8.74928169031218E-5	0.0010289601572773574	0.0010457400352211882	0.0021489341011279983	0.001500438616322646	0.0010671112069402132	6.94288375069471E-4	1.2048656298045492E-4	1.5423860773096925E-7	5.830877823984202E-8	1.0388906520122723E-6	1.6890142706337533E-4	2.802094925436703E-4	0.0	2.802094925436703E-4	2.9372208260012542E-8	3.6747721852658648E-6	5.517580855178341E-11	1.3178454561781681E-8	5.32400479762777E-9	1.533259271227663E-7	0.006577727960151749
0.03034338919343479	0.0040700662302305	0.011197408938226176	8.343028636208025E-6	0.013206028710348629	0.0016630429128877517	1.444784612667591E-5	0.029740267874211367	0.03981765376897924	0.03035567807244702	6.825268430938308E-4	9.351801569327831E-4	0.0011790023509503425	0.002284626313844776	0.0016277788762781786	0.0013097798583699197	9.697783257491565E-4	1.312782973243033E-4	2.0015670273917644E-7	5.2180408888247445E-8	1.1755758148295724E-6	1.8265730991145134E-4	4.3375668197976155E-4	0.0	4.3375668197976155E-4	2.847448270175451E-8	4.013094496215665E-6	5.968362253577012E-11	2.2740260659778448E-8	8.836713587982869E-9	1.6588549442126506E-7	0.007112431119579403
3.170899093545766E-4	3.959784241937556E-5	1.1294643649040876E-4	8.812455888836143E-8	1.3450864497579587E-4	1.711758802405873E-5	1.4250094074025265E-7	3.041960788549359E-4	4.417394631255113E-4	3.203914288494073E-4	2.3988032506289534E-4	1.0186544344563117E-5	1.1916474138646819E-5	2.3762287301803594E-5	1.6804321081785993E-5	1.2896972790976605E-5	8.895576823948942E-6	1.3586889999995692E-6	2.010949101143806E-9	5.710531744730515E-10	1.2070449931293137E-8	1.9047078008980054E-6	3.835750746471703E-6	0.0	3.835750746471703E-6	3.0191083346997094E-10	4.1440372777967236E-8	6.212541822980417E-13	1.9343034636058445E-10	7.875841657806187E-11	1.7267589974308292E-9	7.409504527185009E-5
6.460854704770436E-4	1.2243723789062116E-4	0.009991119602182156	3.392990743134619E-7	4.027120037549572E-4	8.02186506559765E-5	4.4688003856104537E-7	0.0023248278677837873	3.8460359753020995E-4	7.305941713198829E-4	5.479028473670168E-6	0.003957288026396538	2.1017878239495578E-4	1.3742517786505113E-4	3.0167605968681063E-4	4.58063077502998E-5	3.281046982603996E-5	4.105131043824619E-6	5.126839538378425E-9	1.420345389144688E-9	5.982692076486695E-8	5.538179315359158E-6	1.5839920674509367E-5	0.0	1.5839920674509367E-5	8.048297342576294E-10	3.187742653035781E-7	1.4545375458213115E-12	8.146652987906031E-10	2.9380474464675997E-10	3.954108116843839E-9	2.56931894206197E-4
0.006658667407400317	8.609982431146267E-4	0.0022618871441509227	1.988784375880831E-6	0.0019867748311180873	2.991268789673883E-4	5.039776332966574E-6	0.00763438358590866	0.0015608191868653643	0.00286418497240394	2.3714922381519773E-5	9.130602382965274E-4	2.3913104122671468E-4	3.728856456769726E-4	2.593738503533941E-4	1.9072424009289503E-4	1.395910861032951E-4	2.9838143459279152E-5	4.2684682100783745E-8	2.880506014497327E-8	2.128352330631306E-7	2.858321140663818E-5	6.81334157440871E-5	0.0	6.81334157440871E-5	1.3360769733867197E-8	7.17110142956002E-7	9.344899651063822E-12	3.6904005814183154E-9	1.4660878728497434E-9	2.595447820890533E-8	0.0012524928959709277
0.0024818390265643146	0.008065510823517983	0.00214667463569285	1.8189863700557322E-6	0.001482494875338012	0.003450011858759358	1.7774018939064605E-6	0.0031871400599843406	8.655130976571309E-4	0.0016613628614334849	1.4605496007619368E-5	1.34781220147695E-4	0.0010620821759830903	3.4709859780275977E-4	0.007975156726144444	5.097285096230113E-4	0.0010151398939696895	1.6333469156719127E-5	2.0264333215646772E-8	6.076422340763333E-9	2.170550732877291E-7	5.3709004972239136E-5	5.455534948601098E-4	0.0	5.455534948601098E-4	3.480265126342755E-9	1.8715024856085726E-6	5.497813605257703E-12	3.200899721376275E-9	1.1595290449776093E-9	1.5128475231201975E-8	0.001953634188277746
0.0029336291899777728	6.290991480241064E-4	0.00147131542755843	7.64800716960115E-7	0.0014890252879918946	2.42298921632579E-4	2.102445681909224E-6	0.003468681978697357	0.0011811380042099347	0.0023481146608143742	2.124381018542712E-5	0.004019596594362864	1.5309280128586718E-4	2.2871552608679026E-4	1.7477152342366885E-4	0.0012182743425046658	0.0030060532376206023	1.38519661342698E-5	2.6950780212177297E-8	3.7258298025926554E-9	1.3309955450601893E-7	1.771521194660506E-5	0.0016297312560741085	0.0	0.0016297312560741085	2.8278893099887196E-9	4.400942023363078E-7	5.855080821539322E-12	5.489375493213951E-9	1.902027059836009E-9	1.6265225122822516E-8	7.061793105585792E-4
0.0027157412757708413	4.2388885101796885E-4	0.0010523456779655083	7.824767820619592E-7	9.678566644970991E-4	3.0728178812338227E-4	1.2954966175183844E-6	0.002103671379147136	7.497769216114519E-4	0.0011931744198059627	1.2246880003784487E-5	1.3930460143533535E-4	1.1093566273254538E-4	1.8246761075166792E-4	1.419886465467167E-4	8.7208054232873E-4	0.0025339644532675837	1.1925135038097175E-5	2.5932735992846545E-8	5.416527560544076E-9	1.1349867564525572E-7	1.5811678585484436E-5	0.00213190064795514	0.0	0.00213190064795514	3.1291485658680568E-9	3.620710543123848E-7	5.107297048798309E-12	1.3574186471067913E-9	8.041761778041748E-10	1.4201568971621012E-8	6.358715361984297E-4
0.0024103041719610273	7.109132892591563E-4	0.001482909870565758	1.3469732003429282E-6	0.0011070074555796319	0.002523413944945186	1.307113959621423E-6	0.0019651255234185237	6.892721759418483E-4	0.001146932348155624	1.1451226211633378E-5	1.0991941103669082E-4	1.6938386890603968E-4	6.874523001262017E-4	1.5746012409179584E-4	0.0013305608102397702	1.860694442601761E-4	2.628083173813922E-4	2.248370417743914E-8	4.214006404041151E-5	1.7497480703636455E-6	3.879608590522599E-5	3.089795054809709E-5	0.0	3.089795054809709E-5	3.402024761624271E-9	4.003562640715463E-7	8.466583902236868E-12	1.5980454347059258E-9	8.03750220568417E-10	2.3578563202999273E-8	0.001074514686234786
2.0090614887752765E-4	4.495278538992539E-5	2.2728752027180788E-4	8.054380333027479E-8	1.6303728491776366E-4	1.5755043410787436E-4	1.2903998523629617E-7	2.3968034694092232E-4	7.851971208637043E-5	1.4842029080505733E-4	1.3677809818588071E-6	4.345766458952426E-6	2.3050958979488743E-5	2.4173894711447322E-5	2.67777915495263E-5	2.3273826396168272E-5	1.1857209630844254E-5	2.4817268565455094E-6	1.9293779640732994E-9	2.665589878610861E-10	1.9162075635097784E-8	1.4524959544421391E-6	5.8056392014936704E-6	3.84881867537606E-7	5.8056392014936704E-6	5.363002927141048E-10	4.8204247201796066E-8	7.412213745839504E-13	1.4463355314910113E-7	4.628243037269116E-9	2.0590631036342125E-9	7.048510306431811E-5
6.51233594710281E-8	1.3636024898936165E-8	3.5795799216382277E-7	1.0413046991258537E-10	4.932293317792459E-8	1.875198249574389E-6	4.418068687980575E-11	1.5032154982588123E-7	2.860109732275899E-8	5.403138689575826E-8	4.303500242855796E-10	3.519715689732446E-9	3.505042827431925E-8	1.9058209597356564E-8	2.5533822617407618E-8	5.4810657909231675E-9	3.5138062739503115E-9	5.617706888440819E-10	5.013969801062913E-13	1.3584824831307126E-12	8.62678481551805E-12	6.581396173800861E-10	1.5952813258894943E-9	0.0	1.5952813258894943E-9	1.1302767149290383E-12	4.563422958822982E-11	2.904470928910641E-16	7.212841709802722E-14	2.6648690383790904E-14	7.959301450017663E-13	3.6725246856880286E-8
3.1607514202892828E-6	7.137434464017839E-7	4.48059945772067E-6	1.3317814753916697E-8	1.7194794958941695E-6	2.9819810037845586E-6	1.932833821849798E-9	3.6592240556679894E-6	1.1947504285828048E-6	2.2197771211768624E-6	2.0624559447335258E-8	7.271013487111362E-8	4.489455515445986E-7	4.57702077787327E-7	3.744725943884729E-7	2.2107374329584995E-7	1.6047037370560686E-7	3.0420696059854097E-5	3.039421011384014E-11	5.553556680437175E-12	3.4926692097227787E-10	2.28611790836202E-8	7.778763469900664E-8	0.0	7.778763469900664E-8	1.2054490025554753E-11	8.175490975847182E-10	5.396667531506644E-13	4.383189013935456E-12	1.666433261671132E-12	1.5097431496639678E-9	1.0668392493422293E-6
4.3184300150397874E-7	1.4931768495486882E-7	6.572120007504823E-7	2.5414800515556393E-10	4.0957671154811727E-7	6.264833659222457E-8	4.0615572267139967E-10	7.801518760567953E-7	1.796251261306631E-7	3.4364193633438283E-7	2.8983756758740862E-9	1.556155160714919E-8	7.869227417875445E-8	1.0161056950240246E-7	4.530790523878671E-8	3.4307723897052155E-8	2.3448760534548438E-8	2.9324066650324178E-9	3.6211129840770913E-12	7.073880718688713E-13	4.8664825684311454E-11	3.908535481641845E-9	1.1315045334588983E-8	0.0	1.1315045334588983E-8	4.603450545421118E-13	2.344939126317967E-10	1.3962977870189487E-15	5.833787678996113E-13	2.114803944296332E-13	3.821111862084319E-12	4.020106096629166E-6
7.970776576775482E-5	3.2996520772057964E-5	7.391748891294895E-5	2.521147204518888E-8	7.272472134509049E-5	7.819394491667832E-6	7.696623228168149E-8	8.319132673412332E-5	2.761805556909275E-5	5.132585225515168E-5	4.783185153611977E-7	1.7550943088267531E-6	7.961726637426814E-6	1.8815004369164605E-5	6.521359404420559E-6	4.937420874298925E-6	3.7675026749860794E-6	6.409299490367543E-7	8.921300794600326E-10	7.642415813233422E-11	5.389307534597177E-9	6.530331158788372E-7	1.8581131752570576E-6	0.0	1.8581131752570576E-6	6.214458754589153E-11	2.3270525520786162E-8	2.29362662016578E-12	1.0101272302842537E-10	3.886390975103153E-11	6.409882230282842E-9	2.4484598694161526E-5
5.928122283296054E-4	9.302682457021297E-5	2.4348734735514226E-4	1.5502011261913434E-7	2.159860012917784E-4	6.633901938760486E-5	2.85787292109534E-7	5.207700192311158E-4	1.7116355332260497E-4	2.761358205359317E-4	2.769180780281446E-6	3.007826196542325E-5	2.5803162437920394E-5	4.208399353883311E-5	3.0653687681974936E-5	6.015074151913126E-4	0.0015912725864997423	2.5899987527680474E-6	5.6498253306603484E-9	1.0631411971864993E-9	2.554427999485578E-8	3.5029527947760827E-6	0.002065276151300865	0.0020591718454997967	0.0010356886950301772	6.792130259273571E-10	8.457252135235326E-8	1.1119497477300332E-12	3.1291650059460354E-10	1.7956684210649054E-10	3.089631698945398E-9	1.4107548624358847E-4
1.7787533089261002E-4	2.7921405915654407E-5	7.30752296850693E-5	4.654035021611495E-8	6.482114864411031E-5	1.9922241935476613E-5	8.57655213920814E-8	1.5626753454825898E-4	5.136141426306745E-5	8.286519951805767E-5	8.309756136844337E-7	9.024084585475258E-6	7.744006384101382E-6	1.2632809085069786E-5	9.198800377271342E-6	1.804552326470263E-4	4.7738290422246014E-4	7.77823397247237E-7	1.6952296879985606E-9	3.190074843183765E-10	7.677388520530136E-9	1.05119985592192E-6	1.8322732095197584E-6	3.8308561951947174E-8	5.166260013448636E-4	2.0381639858619245E-10	2.5378321985347532E-8	3.3365338667529066E-13	3.9863153331668056E-8	1.2979377267082426E-9	9.270790652395301E-10	4.2340906057963064E-5
5.631693212036497E-4	8.837512308840054E-5	2.313120370645103E-4	1.4726850666125385E-7	2.0518586480532428E-4	6.302181151543458E-5	2.714968207714982E-7	4.947295015489009E-4	1.6260471281287522E-4	2.62327960152618E-4	2.6307110174086994E-6	2.857423238684399E-5	2.4512904391357375E-5	3.99796308884943E-5	2.912088458918918E-5	0.005461950196565016	0.0015117027948532281	2.4604887851667103E-6	5.36731218475824E-9	1.0099800202337614E-9	2.4266967072987523E-8	3.327791589591867E-6	5.799066871636919E-6	0.0	5.799066871636919E-6	6.452497443279944E-10	8.034356777135215E-8	1.0563479542353746E-12	2.972694637724352E-10	1.7058780461520524E-10	2.9351381491694227E-9	1.3402116560608875E-4
1.2006973427453545E-7	8.117973968516484E-9	2.986736291192479E-8	7.402107816895244E-11	1.828571800289761E-8	5.7669114747128765E-9	1.9865268200111308E-11	5.191830542215322E-8	1.292202075020536E-8	2.2678371443810445E-8	2.0379313893301965E-10	1.2959377259432486E-9	3.420249533427934E-9	5.25586558033657E-9	4.981586032500735E-9	2.3589683266473253E-9	1.500516854183588E-9	8.709283205435143E-10	3.3543791376650024E-13	1.7263070610602904E-12	3.3203733718885325E-12	3.2483269516600234E-10	7.268134795289103E-10	0.0	7.268134795289103E-10	3.767009966533209E-14	1.1803121234978902E-11	2.6313776997863427E-16	2.952908342377049E-14	1.326227559017902E-14	7.326718152232846E-13	2.0434532435650936E-8
1.0528978938649888E-6	8.608577495024147E-7	2.7278595555924946E-6	2.4351440198802175E-6	1.0468041889042174E-6	3.5898209754765093E-6	1.0212973835220617E-9	1.622578413103705E-6	3.9525902757979127E-7	7.614625387905705E-7	6.502855010245105E-9	3.770506087463364E-8	2.8848911153855225E-7	1.045453247131044E-6	1.9919671507777063E-7	3.2054184522336116E-7	8.012573379165429E-8	2.8890476672260208E-8	8.297908145825235E-12	8.56948467171362E-12	1.8092123532930002E-9	1.2930712870826648E-8	2.7101659539413914E-8	0.0	2.7101659539413914E-8	6.335720302040178E-12	2.1895971497848052E-5	8.210815416774664E-6	1.3803239186354841E-12	4.947564249939761E-13	9.010538322923272E-12	1.7651326677894358E-6
1.079951608665657E-7	8.043848971807297E-8	3.180242229576492E-7	4.6615993547459665E-9	1.045546771606257E-7	3.8553890408705465E-7	1.0105261483005138E-10	1.7728379446200788E-7	4.14042098601348E-8	7.955107867155933E-8	6.723595442671689E-10	4.135381601460127E-9	3.3523608043770114E-8	9.814791355298387E-8	2.3156502402635256E-8	2.985432836144969E-8	7.894943183402397E-9	4.22392293232907E-6	8.472904241523433E-13	1.10170993745701E-12	1.642819233395033E-10	1.2967870174238421E-9	2.746156698917396E-9	0.0	2.746156698917396E-9	8.165506264082165E-13	5.366775848620782E-11	2.536394470492E-15	1.8556611329002383E-10	4.982654510163789E-14	7.07756581076557E-12	1.6651598587500203E-7
6.333873841612385E-8	1.435874700747846E-8	3.0943026717569854E-8	2.2648283301434383E-10	2.8373592619851182E-8	1.871405855589854E-8	2.732995039046878E-11	3.929496342624741E-8	1.878360572465475E-8	2.940227394045926E-8	3.190099712634498E-10	9.376073979489499E-10	3.3330520815842477E-9	8.7342270172612E-9	3.8763233156132085E-9	4.053916617822262E-9	1.7179728057671658E-9	5.7212882486130535E-9	6.789450156642246E-13	7.111665406021753E-14	4.301949128056738E-11	1.289773968092986E-9	7.500856115383125E-10	0.0	7.500856115383125E-10	5.294785272542452E-14	9.971660167728205E-12	2.301244271312641E-14	4.125691811161107E-14	1.2027557183010759E-8	6.438696609553503E-11	4.8468123792592635E-8
1.6957537082309606E-8	5.559713352430809E-9	8.43745380163321E-9	6.101652924475604E-12	8.703253163605396E-9	9.862677506755382E-9	8.3696522632298E-12	1.0838111039367646E-8	5.016525042252671E-9	7.954363016528623E-9	8.528886933689188E-11	2.6472531511238344E-10	9.734008186708635E-10	4.69106631506867E-9	1.0333443628065256E-9	1.7449421625729572E-9	5.432925895105956E-10	1.6308353371271677E-10	1.7832716234706588E-13	1.5676098767990638E-14	7.513622502311546E-12	1.2851823781971404E-10	2.1142170533027872E-10	0.0	2.1142170533027872E-10	1.1534260504142722E-14	2.9084479075534444E-12	3.6260543654531946E-17	1.0797958233368342E-14	6.0879711992540405E-15	1.0067558718296958E-13	9.67350691276994E-9
1.021399424096511E-7	7.228448344651888E-8	1.5042221841463382E-6	7.791400006912729E-11	1.0334439939676398E-7	1.7525919374919946E-7	9.993103982851883E-11	1.6126059699614523E-7	3.8735270649261014E-8	7.438304639276699E-8	6.337777639460815E-10	4.492468174802889E-9	2.497946137141129E-8	9.226579453689755E-8	1.575998177990907E-8	1.1779075334341422E-8	6.1798795674575205E-9	1.0613203867524106E-9	8.103103417340615E-13	2.482387972965365E-13	1.0775017660864752E-10	3.0556474587649116E-9	2.8309821747426326E-9	0.0	2.8309821747426326E-9	1.7144436868452406E-13	7.281429754901741E-11	1.317659857096913E-10	1.660396491034081E-11	4.762150839414366E-14	3.686851295178837E-7	1.3952758090972513E-7
0.10012178195356532	0.0014485395451331567	0.002626702396383209	1.6190427701600073E-6	0.0033212147785392247	4.098121580648513E-4	3.687963886049653E-6	0.016095508965410774	0.002962144293195452	0.005566368721294202	4.38701095733552E-5	9.178371696015695E-5	2.7241146942819056E-4	5.144480886957955E-4	3.191699004082351E-4	2.98822529503465E-4	2.466585495213835E-4	2.690519658339864E-5	5.659434381739835E-8	4.825519812871882E-9	2.859013360431755E-7	8.304439745167693E-5	1.2202591316363184E-4	0.0	1.2202591316363184E-4	1.1162471315913571E-8	8.415587509681048E-7	1.0137011637683898E-11	6.952512092863365E-9	2.596188679422589E-9	2.8151257975733983E-8	0.01944658122414245
