32
NULL,time@time,open@__open_nocancel,read@__read_nocancel,mmap@__mmap,munmap@munmap,mprotect@__mprotect,rt_sigprocmask@sigprocmask,exit_group@_Exit,rt_sigaction@__libc_sigaction,sched_yield@sched_yield,write@__write_nocancel,syslog@__syslog,getpid@getpid,writev@__writev,close@close,open@__open64,fstat@_fxstat,read@__read,close@__close_nocancel,mremap@mremap,stat@__xstat,socket@__socket,fcntl@fcntl,connect@__connect,madvise@madvise,lstat@__lxstat64,openat@__openat64_nocancel,getdents@__getdents64,lseek@llseek,getrlimit@__getrlimit,write@__libc_write
0.8370629087191472	0.012728665358164939	0.018702119041520814	6.789547687642951E-6	0.027279767845731728	0.00243171932294524	2.9745641466415925E-5	0.024706658096530158	0.008513066238666605	0.016576730289953427	1.5198504260931583E-4	4.10198519971107E-4	0.0019246761673207928	0.002579912562653116	0.0017847518014913874	0.0015147031567474677	0.0012950577271170324	1.3369516525519917E-4	2.4030014284928197E-7	2.0442023879859004E-8	1.4964746523442877E-6	8.38598062377668E-4	6.484681572444619E-4	0.0	6.484681572444619E-4	4.3048853855656616E-8	4.587817317886603E-6	4.5995271995335936E-11	3.73201678631595E-8	1.3294372534307458E-8	1.273802684062717E-7	0.028048472289013984
0.0029238970679144743	4.227355632608563E-4	0.014566608936816071	3.4402272351482445E-5	0.009212758926583207	2.91304752447949E-4	1.4916715583765307E-6	0.0026992430704178443	7.402545561802076E-4	0.0014481684018468974	1.2654281633646835E-5	6.042924723312796E-5	2.837080845356332E-4	9.806854653260223E-4	2.0904948453247482E-4	1.5472703192462704E-4	1.1538946845081594E-4	1.2828884021502775E-5	2.2365124060337464E-8	2.5594644930806184E-9	1.954603637155843E-7	1.4260399963248677E-5	5.6737975508326226E-5	0.0	5.6737975508326226E-5	1.7353457811268884E-9	9.494834065701113E-7	4.455451352282345E-12	2.9746423701887146E-9	1.0384753259067522E-9	1.2135360296873826E-8	7.117776963630217E-4
0.010019624451742372	0.0011348661784320868	0.01690228404076534	0.005766310454418619	0.012534544533666403	0.0011641123113231714	6.580122401051828E-6	0.007040685512663911	0.0016292506499598607	0.0029899044523655394	2.5777853627998383E-5	5.005093390569913E-4	0.018091647696288748	8.630490441233138E-4	4.8595183652014193E-4	4.7576778652285985E-4	2.0719768305072506E-4	2.3796296624920484E-4	5.238101603512851E-8	2.1609230143850564E-5	8.904371303985624E-7	5.129854230335588E-5	9.038668535807528E-5	0.0	9.038668535807528E-5	1.7379043232725624E-8	1.8117571719584344E-6	4.5135611751018213E-10	4.490372074374121E-9	1.7483699258403134E-9	1.1663339531010002E-7	0.00270157221693211
3.384964157309259E-4	5.968590523002494E-5	3.184215244236288E-4	1.2110783222731257E-4	7.160354553062073E-4	4.257540913282787E-5	1.9983957242951696E-7	0.0010157324101021318	1.6747933084048297E-4	3.211987179661686E-4	2.3986262895861842E-6	0.002018376683252944	1.6077893611174775E-5	2.8785257155826933E-5	1.5816579452730392E-5	2.7770759207804954E-5	1.4452082354086188E-5	2.445391903193817E-6	2.5121372528274885E-9	4.1673671875453687E-10	4.763368925831956E-8	1.547026785814308E-6	6.559907857587411E-6	0.0	6.559907857587411E-6	2.4447708091208526E-10	4.7404736253267796E-8	3.5884617225442255E-10	4.214825770539047E-10	1.318050592626213E-10	7.861101894205113E-8	1.1977710012307033E-4
0.005852046345269987	6.737136744329049E-4	0.0029091264103899075	1.5767728965737463E-6	0.07435306555597668	0.07079852199550463	0.02268469706910551	0.004162297029762105	0.0011853176558594806	0.0023107829919068327	2.0397759091525723E-5	1.8869504236284582E-4	0.0017991802642428178	3.85053493897177E-4	0.001833298362331482	2.7996592567622883E-4	3.5062955033660624E-4	2.109704454123107E-5	4.280343282174356E-8	1.1164344292142661E-8	2.3729742341987122E-7	2.7167072430251395E-5	1.8169181491445365E-4	0.0	1.8169181491445365E-4	6.4675501649971535E-9	1.027455658198353E-6	6.864267801842853E-12	4.821757776961933E-9	1.688963953026859E-9	1.8980357373105576E-8	0.0011781094893851406
0.011369703296229614	0.0016572739473396491	0.0035742281372833917	4.853188444758782E-6	0.0273917717407168	0.022245256790052917	0.04234393373827563	0.006172474779189968	0.0019049703168332163	0.0037646652833773406	3.356741028356262E-5	1.6475414367084318E-4	0.0010587993391876973	0.0013974868861602475	5.417123361020532E-4	3.8131294909422294E-4	3.12816645969052E-4	6.225860243094045E-5	7.215557015847295E-8	7.751437612902892E-8	1.65397399284643E-6	4.485594998449742E-5	1.5555673604790172E-4	0.0	1.5555673604790172E-4	6.888271365699899E-9	1.0931414149059236E-6	2.242572308768638E-11	8.44758354830682E-9	2.9073192210341334E-9	6.248098772816087E-8	0.0024447027389499117
0.0049678965994381825	6.385504208837302E-4	0.0016739610521350685	9.371286727374757E-7	0.011019905139573702	0.03275685781152546	2.6086197740634087E-6	0.0030671554466944278	0.0010862613755386757	0.002187690740660561	1.9812328320609902E-5	4.539171488207857E-5	1.7268296145401619E-4	2.8687891294321605E-4	1.7798007198740313E-4	1.9577001329940601E-4	1.7964969741407242E-4	1.6739772914411276E-5	4.653536928306129E-8	2.2556718265345665E-9	1.8372780574518888E-7	2.218632572501654E-5	9.074038286063182E-5	0.0	9.074038286063182E-5	2.07688914137098E-9	5.480708346706604E-7	5.4809623662456906E-12	5.4077280628778874E-9	1.8218204590065708E-9	1.521500314443585E-8	9.058057542913179E-4
0.02222258637885987	0.0030384856624224793	0.0071863512905093315	5.05483484569323E-6	0.008597774255498193	0.0011340900479007408	9.412137589762485E-6	0.017379015414529214	0.019052543844792127	0.03515246462595263	2.3792258471509544E-4	4.89205980613146E-4	7.568839909024721E-4	0.0014164051311645926	0.0010439114344679367	8.930662335747975E-4	6.536701225853996E-4	8.482849949665328E-5	1.55123853905232E-7	2.663917452749514E-8	7.835190670708086E-7	9.879992610291372E-5	3.0292817309863644E-4	0.0	3.0292817309863644E-4	1.4491312838125733E-8	2.584694758147964E-6	3.9104894871435015E-11	1.628927337595766E-8	6.819881465547049E-9	1.0874194959997686E-7	0.004069915172926771
0.01616217968500486	0.0015212997556690669	0.005004862549142294	4.119838507072249E-6	0.005974614476355372	7.729030779267942E-4	6.1708216183863E-6	0.014334698544734025	0.0028954954353773905	0.0052939152747123455	4.3765216800507E-5	5.234051294870457E-4	5.271465147022248E-4	0.0010621961384298913	7.567051194307243E-4	5.340534610660509E-4	3.504122926097919E-4	6.007604227771622E-5	7.492330658223897E-8	2.9663906210708935E-8	5.093601828141095E-7	7.006091613230625E-5	1.4130635492446827E-4	0.0	1.4130635492446827E-4	1.3913909925057588E-8	1.8326120192333732E-6	2.775142712250488E-11	6.6401148509964735E-9	2.6571116703195497E-9	7.711881884549583E-8	0.0028954662613631973
0.01724997291016482	0.002035718987989909	0.005649015877972561	4.178878505194095E-6	0.006670584883670509	8.569499229501731E-4	7.311766187490426E-6	0.015067298638055731	0.02029590153036883	0.015408504910957313	3.481196584946499E-4	4.7457004781521853E-4	5.935594620585353E-4	0.0011268342022681236	8.192916121101442E-4	6.561854150693068E-4	4.90115636306394E-4	6.536351191076933E-5	9.789303333789547E-8	2.6482338473960945E-8	5.764750401384869E-7	7.545093460088868E-5	2.1929892456792804E-4	0.0	2.1929892456792804E-4	1.3361424579572567E-8	1.998357798965079E-6	2.996203477477801E-11	1.1502832723410269E-8	4.439559679982851E-9	8.327862836353189E-8	0.0031190397859872576
1.8014368421999388E-4	1.9788467690621627E-5	5.699538204180387E-5	4.4176192471044114E-8	6.795655838753234E-5	8.829733763916394E-6	7.210671427877405E-8	1.5414288103572204E-4	2.2523936363522977E-4	1.626800218958122E-4	1.2278767711883587E-4	5.172325252611827E-6	6.000615252601447E-6	1.1728504618847056E-5	8.461944960772037E-6	6.456786613283226E-6	4.490697752781795E-6	6.767328124464644E-7	9.82815821998177E-10	2.8999058690226035E-10	5.92031598803223E-9	7.875961910813447E-7	1.9363488545862357E-6	0.0	1.9363488545862357E-6	1.4211385966958996E-10	2.064469394861002E-8	3.1202943453554954E-13	9.765750908951148E-11	3.947519296713486E-11	8.672949652995055E-10	3.2521224302695045E-5
4.003312721572135E-4	6.069842202965014E-5	0.005102867674400785	1.694852147789495E-7	2.015979647701306E-4	4.001718507991859E-5	2.2460466214887936E-7	0.0011818447814525468	1.937178230151214E-4	3.6890170019719475E-4	2.7550870556781564E-6	0.0020256006951870653	1.0633536952300885E-4	6.815247785723671E-5	1.5292067972241363E-4	2.275793224364959E-5	1.648667700161026E-5	2.013303249826785E-6	2.476101988907468E-9	7.154053472838596E-10	2.926750099820895E-8	1.9725126576830057E-6	7.973922408792737E-6	0.0	7.973922408792737E-6	3.73132617567802E-10	1.597084602606832E-7	7.207943093403571E-13	4.1058153307524885E-10	1.4703702489444738E-10	1.958632570957373E-9	1.0507279682503916E-4
0.0037054893311710643	4.219379812987775E-4	0.0011277208203054779	9.86545183334602E-7	9.825600474595805E-4	1.500626974737236E-4	2.547155169522708E-6	0.003856695750660059	7.736299320419288E-4	0.0014272620314520622	1.1722539267684697E-5	4.661717389877667E-4	1.1900909674821496E-4	1.7713552454696668E-4	1.282090808887119E-4	9.325094373211426E-5	6.939699255958376E-5	1.476983039787383E-5	2.0213438460882215E-8	1.4677299698222724E-8	1.0183004412238455E-7	1.3190788512198771E-5	3.395673690743783E-5	0.0	3.395673690743783E-5	6.339120907260748E-9	3.497290339732348E-7	4.599681035959556E-12	1.8404747441157072E-9	7.217550660727833E-10	1.2774846621388911E-8	5.990390673272312E-4
0.0019660312989323173	0.004120921600800407	0.0010678283228667902	9.142098750485491E-7	7.407763825107513E-4	0.0017568907791609405	8.940651046867389E-7	0.00159702214274035	4.306204466587168E-4	8.302776771663667E-4	7.277561018444211E-6	6.80887454038746E-5	5.398795369678567E-4	1.683582163249465E-4	0.004077230323641892	2.5717938347660297E-4	5.180860517078311E-4	7.770224190903914E-6	9.779207768490594E-9	3.0607227846134263E-9	1.0378896634292449E-7	1.4995149276153209E-5	2.7859858080509756E-4	0.0	2.7859858080509756E-4	1.620514188003089E-9	9.443954677912786E-7	2.7009968830666388E-12	1.6128368690405794E-9	5.801249633097824E-10	7.4312142032101524E-9	6.231663340992539E-4
0.001675612526680706	3.156996480051395E-4	7.408673085277064E-4	3.8009284608582097E-7	7.498823142655116E-4	1.237340818771853E-4	1.06440137601064E-6	0.001754677614673566	5.944548241426445E-4	0.001186150352058342	1.0710450411034049E-5	0.0020572162537067207	7.694837995516422E-5	1.1192805162540712E-4	8.756274776637027E-5	6.219119807239639E-4	0.0015380022135242726	6.8730436780146345E-6	1.3239179793900707E-8	1.8795534715916065E-9	6.512894749886255E-8	7.277837424137428E-6	8.33902616160863E-4	0.0	8.33902616160863E-4	1.3028255654697417E-9	2.1832477461542276E-7	2.9232371392460793E-12	2.7895533249633373E-9	9.622054945592873E-10	8.120781141022696E-9	3.088497684592859E-4
0.001532536158332873	2.1199871873255868E-4	5.303600210133776E-4	3.9147255589658496E-7	4.8587044050189007E-4	1.5766964148091744E-4	6.544518461410876E-7	0.0010614537928063336	3.758013343329522E-4	5.987873331205098E-4	6.140059119570372E-6	7.091312177552504E-5	5.5802391932919007E-5	8.937569436912049E-5	7.122715662395277E-5	4.450768634114394E-4	0.0012965963989466545	5.930742889987399E-6	1.2814231638802238E-8	2.7510791405166267E-9	5.574942786021188E-8	6.61508593986765E-6	0.0010911055667840184	0.0	0.0010911055667840184	1.4881059683475801E-9	1.7995664663067838E-7	2.5534010739606765E-12	6.815829417562069E-10	4.030193881307116E-10	7.100218251128897E-9	2.826991564617317E-4
0.0013939488787554446	3.597571062443045E-4	7.491080082978342E-4	6.823551481732084E-7	5.574978464222842E-4	0.0012966249803057718	6.607236852057318E-7	9.9016237047268E-4	3.4515260569084995E-4	5.755035284433261E-4	5.738274965503466E-6	5.585378578951684E-5	8.557812336549661E-5	3.486461638086485E-4	7.907469397252594E-5	6.842827583039491E-4	9.4923074954001E-5	1.3509627953299275E-4	1.1073071133724675E-8	2.1572516863901027E-5	8.968518778867749E-7	1.8555386898407966E-5	1.5553357131551205E-5	0.0	1.5553357131551205E-5	1.632768740642546E-9	1.989524304484906E-7	4.281929411481467E-12	8.051527732106936E-10	4.032108397358948E-10	1.1925521412903189E-8	5.017157372329365E-4
1.2332151039849291E-4	2.238999019235244E-5	1.1369572894003046E-4	4.004000758672411E-8	8.203705627094006E-5	8.03221020329393E-5	6.473588156193179E-8	1.2002199386734039E-4	3.918790727858396E-5	7.434585495630717E-5	6.840090827406422E-7	2.151434573425151E-6	1.1500782239463959E-5	1.1650122032549466E-5	1.344195131434681E-5	1.1683774779403992E-5	5.967472485590213E-6	1.2419872846015687E-6	9.428581347224892E-10	1.3295968548914906E-10	9.333123071785324E-9	5.662155534280702E-7	2.9277821422692146E-6	1.9703050589066093E-7	2.9277821422692146E-6	2.6431666785149486E-10	2.3560827076831307E-8	3.718186597436171E-13	7.403935149781574E-8	2.3682028721473153E-9	1.0330843078080738E-9	3.04954886177719E-5
4.347346898405115E-8	6.6955073329092055E-9	1.816190769002417E-7	5.2742906392251115E-11	2.457660793489877E-8	9.597425414309178E-7	2.200415516317353E-11	7.570992440605211E-8	1.4207755462620678E-8	2.69479429575265E-8	2.133651374093213E-10	1.766943415986041E-9	1.7765336579994182E-8	9.413394944000398E-9	1.2893307500484303E-8	2.6973061394374368E-9	1.7528006079011554E-9	2.7403013969630254E-10	2.3708967192699405E-13	6.937426526296453E-13	4.193758169040086E-12	2.2247935745901922E-10	7.969168328246504E-10	0.0	7.969168328246504E-10	5.735190975369498E-13	2.2817720008346237E-11	1.4527402062902495E-16	3.599390135010673E-14	1.3170518996118052E-14	3.9808194077841274E-13	1.5204484096448588E-8
1.908945346846608E-6	3.5665111603562587E-7	2.2588358948619977E-6	6.803360497997268E-9	8.607473385594384E-7	1.522819816441671E-6	9.714427319225963E-10	1.8374418189142207E-6	5.974477927610353E-7	1.1136671487966117E-6	1.0330670015184737E-8	3.624969210155022E-8	2.2590755242373713E-7	2.247430766806834E-7	1.8784548919581453E-7	1.100301545409009E-7	8.076774362092611E-8	1.559353308471903E-5	1.4895590878023025E-11	2.7952893147180112E-12	1.726413263241158E-10	8.854827481764994E-9	3.9222816417132685E-8	0.0	3.9222816417132685E-8	6.015198595828857E-12	4.0397044417010703E-10	2.75931922488392E-13	2.2149115994215217E-12	8.375499876143532E-13	7.719367855708046E-10	4.5824983275666633E-7
2.731876307063972E-7	7.5015260472019E-8	3.3155878733822384E-7	1.2737588646990737E-10	2.0659439807504047E-7	3.130680963252844E-8	2.0508003112720802E-10	3.9391303889768125E-7	8.978176305244889E-8	1.7243925072973848E-7	1.448816559582031E-9	7.822085703735096E-9	3.972463169619608E-8	5.0541561803995626E-8	2.267497942001771E-8	1.7087902934477547E-8	1.1792305266584456E-8	1.4388315406135864E-9	1.7446606347753665E-12	3.54739858532124E-13	2.396760555575804E-11	1.361636610348838E-9	5.7004819509904325E-9	0.0	5.7004819509904325E-9	2.0655051680332434E-13	1.178607137273814E-10	6.979113183538321E-16	2.9416308287285363E-13	1.0587040630538716E-13	1.9095089773919145E-12	2.038408411215054E-6
4.77415966829302E-5	1.6688988675842126E-5	3.733086634393836E-5	1.2527811833054075E-8	3.682782935777381E-5	3.944431039221954E-6	3.9027828829108885E-8	4.190593375103553E-5	1.3832312977562606E-5	2.579733734772247E-5	2.39920969290603E-7	8.809487530314449E-7	4.017579316698393E-6	9.465275910062492E-6	3.2728438526327023E-6	2.4663660980151812E-6	1.9014230553657194E-6	3.203162725935626E-7	4.3935616419901377E-10	3.818491385348943E-11	2.6426870068234563E-9	2.5796464427052594E-7	9.393544585403847E-7	0.0	9.393544585403847E-7	2.6948866072590607E-11	1.1657341839579996E-8	1.170913222579035E-12	5.1114702587226986E-11	1.955736177832169E-11	3.272346378003221E-9	1.0234454614772674E-5
3.3546762219645066E-4	4.652068302561749E-5	1.2272772232989836E-4	7.734312757799042E-8	1.0844194065034595E-4	3.401938173681618E-5	1.443634597758123E-7	2.631444752224784E-4	8.584953637328919E-5	1.386973230761751E-4	1.3890726590696085E-6	1.5308501916350123E-5	1.2982860186558666E-5	2.064262046557247E-5	1.5366951572962843E-5	3.0763319763353397E-4	8.144825949928289E-4	1.286931574376049E-6	2.7912028148215638E-9	5.394059089547284E-10	1.2547416638012146E-8	1.4561520005748835E-6	0.001057206234594773	0.0010541407757926886	5.301350616513725E-4	3.227799655308491E-10	4.20822092799765E-8	5.557458253602616E-13	1.5722655527479335E-10	9.001447851171993E-11	1.5441885890471106E-9	6.243156696661728E-5
1.0066022250543948E-4	1.3962953230037723E-5	3.683291593358423E-5	2.3220228544307963E-8	3.254537377654338E-5	1.021628260802147E-5	4.3323882765969876E-8	7.896171843885546E-5	2.576104474368453E-5	4.162149663503652E-5	4.1683290430612073E-7	4.592852622328023E-6	3.89639377069529E-6	6.196597570883424E-6	4.611430751322649E-6	9.229147314752047E-5	2.443453430362099E-4	3.864944313895094E-7	8.374980564013543E-10	1.6185465900380102E-10	3.771312347574077E-9	4.369507756756911E-7	9.201343003148051E-7	1.9611096229672034E-8	2.6445572077201486E-4	9.685892377705721E-11	1.2627906827937482E-8	1.6675772225749067E-13	2.0406040622691398E-8	6.638730680025753E-10	4.633506442583411E-10	1.8737139689876393E-5
3.1869294196329315E-4	4.419446871952919E-5	1.1659086094116442E-4	7.34756716820729E-8	1.030194236683424E-4	3.2318280907387627E-5	1.3714472772877917E-7	2.499862324147891E-4	8.155672709590554E-5	1.3176191980665992E-4	1.3196136468288721E-6	1.4543017537219567E-5	1.233366690013838E-5	1.9610409502209723E-5	1.4598544484651012E-5	0.002795828212288827	7.737553110987183E-4	1.2225800119189422E-6	2.651631864939845E-9	5.124335246174633E-10	1.1919997215306737E-8	1.3833387614891393E-6	2.9121739907631205E-6	0.0	2.9121739907631205E-6	3.066397172648663E-10	3.9977935849490175E-8	5.27956381925177E-13	1.4936461863951642E-10	8.551340599836638E-11	1.4669731796095146E-9	5.9309746847396695E-5
6.066903072961426E-8	4.049540513208816E-9	1.520404866198837E-8	3.777355494539606E-11	9.1615374811223E-9	3.0385039758262494E-9	9.969466693583957E-12	2.631989688282008E-8	6.474402882508145E-9	1.1392456846211852E-8	1.0201202319513891E-10	6.571300962380665E-10	1.7402241824354526E-9	2.6279900553286104E-9	2.5335792207586844E-9	1.1905251337998008E-9	7.572673895869425E-10	4.4528178234071905E-10	1.635007992643646E-13	8.834126739828407E-13	1.6738131316159982E-12	2.047664173300677E-10	3.6692099610959455E-10	0.0	3.6692099610959455E-10	1.7356612149914595E-14	5.957945795254019E-12	1.3372004793770438E-16	1.4827704642658554E-14	6.625104626868371E-15	3.7232873688738084E-13	1.1745797604511282E-8
7.244537532585002E-7	4.366477740821593E-7	1.3784065896366646E-6	1.2472872838543355E-6	5.26570400012383E-7	1.8354720543527072E-6	5.143663678617853E-10	8.136461920278073E-7	1.9609959511691366E-7	3.7968362548109236E-7	3.22844982440765E-9	1.8843206722664004E-8	1.4565222682957887E-7	5.30683918578817E-7	9.99940917585409E-8	1.6340858944085934E-7	4.0421385709460955E-8	1.4644215262059058E-8	3.945516389476556E-12	4.363983355457506E-12	9.236870898307394E-10	4.0932922054795425E-9	1.3595977878703493E-8	0.0	1.3595977878703493E-8	3.16202034004366E-12	1.1209079955490115E-5	4.203318607013529E-6	6.934990531544047E-13	2.4643376978452153E-13	4.476663565954957E-12	8.261915658695337E-7
7.385957002950989E-8	4.076132235649662E-8	1.6088630324800427E-7	2.3868446056801163E-9	5.25641309068224E-8	1.9712874789796154E-7	5.085919755418385E-11	8.900670129938872E-8	2.0554184534261468E-8	3.968293487886579E-8	3.3387490298104883E-10	2.0695830755685162E-9	1.6946920332744565E-8	4.977873427152226E-8	1.1642014786872505E-8	1.5202890232015157E-8	3.979743991373053E-9	2.162314677977024E-6	4.027277005700125E-13	5.616201313007406E-13	8.383779013058754E-11	4.130708669733242E-10	1.3772785272627922E-9	0.0	1.3772785272627922E-9	4.0965531860121727E-13	2.6745004909955713E-11	1.2924314101930395E-15	9.499451421857354E-11	2.480485020324627E-14	3.6065851324529978E-12	7.754932204578353E-8
4.731741580042141E-8	7.190779939052466E-9	1.5251032994203574E-8	1.1455980053548923E-10	1.4188129151268837E-8	9.339394042492035E-9	1.3710421929453908E-11	1.9472311496769376E-8	9.376011008934231E-9	1.4670823694301142E-8	1.5951122935386097E-10	4.6312744973984854E-10	1.6371745646216675E-9	4.277934883676405E-9	1.905925145618653E-9	1.996820908433949E-9	8.526632021085311E-10	2.887475592332004E-9	3.369032394703547E-13	3.530344025098255E-14	2.108912869751946E-11	3.597597537692453E-10	3.7340479096300533E-10	0.0	3.7340479096300533E-10	2.464813476260636E-14	4.861561177688808E-12	1.1768484935543212E-14	2.0675919225319137E-14	6.157202456221649E-9	3.292734760398109E-11	1.5750157773230086E-8
9.992635999512551E-9	2.8153697300916626E-9	4.243606384500241E-9	3.063770029007821E-12	4.39098245559723E-9	5.049405319068602E-9	4.2272115331120155E-12	5.435725608036351E-9	2.5149210104848006E-9	3.9912555676490055E-9	4.281039266081984E-11	1.3249722555529353E-10	4.893343681403515E-10	2.3723923781287902E-9	5.179435024812011E-10	8.861902792189403E-10	2.7392555460163463E-10	8.232805972133541E-11	8.852813315995729E-14	7.866446414283253E-15	3.829515791607016E-12	4.8828728020678633E-11	1.0634872325144985E-10	0.0	1.0634872325144985E-10	5.292239196742904E-15	1.446586083884327E-12	1.8144627881332252E-17	5.438197535069499E-15	3.060016533904902E-15	5.0379680062705446E-14	4.4498720861633106E-9
9.496058214901432E-8	3.645990529523354E-8	7.674149594839135E-7	3.8793304717612686E-11	5.1672021608087704E-8	8.888297789488417E-8	5.008708382360125E-11	8.013684367739226E-8	1.9061289652098297E-8	3.6796231539416394E-8	3.121893714654294E-10	2.2342021578059664E-9	1.2485232505235926E-8	4.64922000043287E-8	7.801577373542496E-9	5.783465866408403E-9	3.069648094712098E-9	5.050153433206223E-10	3.8266031220615185E-13	1.236552284986606E-13	5.45358907914161E-11	8.12680920133105E-10	1.4104743573762852E-9	0.0	1.4104743573762852E-9	7.933241670263902E-14	3.623662863293021E-11	6.739773549077035E-11	8.491234960665489E-12	2.3553764774998775E-14	1.8858085983707918E-7	4.855388262821022E-8
0.05069963338517232	7.55836153724588E-4	0.0016192546551083693	8.442493872706837E-7	0.0017642076547030505	3.9431723601637174E-4	1.9461015969356467E-6	0.008363724991935396	0.001522473267216252	0.002877305712022381	2.2547358706000405E-5	4.979839225166939E-5	1.6821284376412283E-4	2.827247242703152E-4	1.836881065239169E-4	1.6642056240976603E-4	1.3117502933273652E-4	1.63794944366289E-5	2.7111202517963293E-8	2.607181804397582E-9	1.7393065547607346E-7	1.2715414122894234E-4	6.447822256260837E-5	0.0	6.447822256260837E-5	5.468694969342678E-9	4.742911752118708E-7	5.352291254873259E-12	3.6362360964779992E-9	1.3386481761534638E-9	1.4846325967600663E-8	0.012909430019121175
