32
NULL,time@time,open@__open_nocancel,read@__read_nocancel,mmap@__mmap,munmap@munmap,mprotect@__mprotect,rt_sigprocmask@sigprocmask,exit_group@_Exit,rt_sigaction@__libc_sigaction,sched_yield@sched_yield,write@__write_nocancel,syslog@__syslog,getpid@getpid,writev@__writev,close@close,open@__open64,fstat@_fxstat,read@__read,close@__close_nocancel,mremap@mremap,stat@__xstat,socket@__socket,fcntl@fcntl,connect@__connect,madvise@madvise,lstat@__lxstat64,openat@__openat64_nocancel,getdents@__getdents64,lseek@llseek,getrlimit@__getrlimit,write@__libc_write
0.957336262347827	0.0031753800710197693	0.004693293269450983	1.6852723817274697E-6	0.006814781923057824	6.405463211501773E-4	7.427618182363477E-6	0.006171014360652719	0.002115809099101084	0.004127888967537835	3.7780825090291385E-5	1.0221656576884055E-4	4.832751931906244E-4	6.400621299639626E-4	4.4923237238565913E-4	3.8012833608846536E-4	3.2386270855513764E-4	3.43178382731088E-5	5.888178066566773E-8	5.1148889960358056E-9	3.784567265200148E-7	2.666856405512836E-4	1.6206795160959023E-4	0.0	1.6206795160959023E-4	1.0439233234127617E-8	1.1422665941154387E-6	1.151622256177915E-11	9.314140704148905E-9	3.3087721625148603E-9	3.189336101929084E-8	0.008578587643651154
6.610892504519473E-4	9.983658188385353E-5	0.0034929211916654313	8.243834762037387E-6	0.0022049580566744615	7.074976232394867E-5	3.538996319109606E-7	6.46282672670422E-4	1.769126198087524E-4	3.4585905260972133E-4	3.0221954895519518E-6	1.4514658594783126E-5	6.82231928403221E-5	2.3579613002616884E-4	5.0161157244500945E-5	3.718537827053673E-5	2.7559025146169064E-5	3.113554170620228E-6	5.356574889347095E-9	6.153739113671957E-10	4.76251847967927E-8	4.538806801000888E-6	1.3536395026518785E-5	0.0	1.3536395026518785E-5	4.1874931618421976E-10	2.2869381593278893E-7	1.0706607542651125E-12	7.084993567067949E-10	2.47597626754464E-10	2.915921642378706E-9	2.0316792871782847E-4
0.00243019347166208	2.6415396822174127E-4	0.004045518811695391	0.0013819780692597842	0.0029878686681579984	2.7884221486033136E-4	1.5582728630795678E-6	0.0016762784909310452	3.8637765729929017E-4	7.079464974670657E-4	6.1018640476149185E-6	1.1984236718692668E-4	0.004335144545773594	2.0730613932020724E-4	1.1580466634223933E-4	1.1325031676118705E-4	4.893595640835E-5	5.690984788503205E-5	1.2480606572631884E-8	5.178540919056867E-6	2.1388564324214418E-7	1.3389962933317202E-5	2.1287095632530088E-5	0.0	2.1287095632530088E-5	4.161683445291301E-9	4.344676878107794E-7	1.0815940906440678E-10	1.053121703569482E-9	4.1158293192972113E-10	2.7933949152339065E-8	6.774837015524154E-4
7.985755224054243E-5	1.4089861675066433E-5	7.620760840820452E-5	2.9030790616104897E-5	1.7117243232700084E-4	1.0214917464818772E-5	4.737431714254304E-8	2.4313013617848427E-4	4.0022045498199444E-5	7.673297487996645E-5	5.727296255762276E-7	4.8369198352112984E-4	3.84538419818854E-6	6.919462897287756E-6	3.7782287635747495E-6	6.624410208279252E-6	3.4429165338776446E-6	5.858319782041083E-7	6.004390385921859E-10	9.978934587917155E-11	1.1432361337860259E-8	4.593422975307151E-7	1.5616809710214966E-6	0.0	1.5616809710214966E-6	5.872935058067619E-11	1.1383016979059616E-8	8.600167285308624E-11	1.0034830801452045E-10	3.137753960461672E-11	1.885539648358737E-8	3.11680833470728E-5
0.0012812262548687024	1.6089214561588346E-4	7.17085878404488E-4	3.8293617642593937E-7	0.017819145465704716	0.016971470729941995	0.005436274791093396	0.0010095145175248945	2.866130731837668E-4	5.576572380429252E-4	4.924508226383311E-6	4.567510306645489E-5	4.334777657988663E-4	9.769173883744059E-5	4.4068041468513453E-4	6.862480287913961E-5	8.432660170214845E-5	5.2636537698199935E-6	1.0339790615778898E-8	2.6949678505516773E-9	6.121572561519285E-8	8.344184716083991E-6	4.3625628277048E-5	0.0	4.3625628277048E-5	1.5657976882602028E-9	2.546966017539326E-7	1.6754632790407004E-12	1.1559414387775313E-9	4.0616068203834043E-10	4.630623543897523E-9	3.3887396843052035E-4
0.002835969238033815	3.895247643535746E-4	8.467871342549455E-4	1.1603155638431573E-6	0.006547682316280839	0.0053297251896070414	0.010147496430738041	0.0014654692805903021	4.519787562811649E-4	8.927463224123047E-4	7.961935787457955E-6	3.929167850144841E-5	2.527679247789722E-4	3.343121801398484E-4	1.2885390438468848E-4	9.043924163995978E-5	7.416266183011185E-5	1.4838516796918816E-5	1.7224737651710904E-8	1.856691868135783E-8	3.959659557734277E-7	1.0649151662215004E-5	3.687413552173346E-5	0.0	3.687413552173346E-5	1.6536348648729158E-9	2.604802459111588E-7	5.358305339116659E-12	2.0006595989706542E-9	6.889841745430748E-10	1.4929190664308573E-8	5.746414412487932E-4
0.0011970529663667211	1.4999294099415258E-4	3.9837182315077563E-4	2.2387263631765812E-7	0.0026343777344447687	0.007850139971961058	6.176813758710185E-7	7.302409450130449E-4	2.586028098691703E-4	5.206500304842876E-4	4.7162984420957386E-6	1.0824696743064285E-5	4.113001545798294E-5	6.881085929480271E-5	4.239422722860832E-5	4.6667762167910394E-5	4.275403744832455E-5	4.012353620928142E-6	1.1128171549451417E-8	5.383669854962756E-10	4.419929647881952E-8	6.214307609605323E-6	2.158955057805651E-5	0.0	2.158955057805651E-5	5.002922833293583E-10	1.3116874638609303E-7	1.3092563163613083E-12	1.2863358357989383E-9	4.335094326030972E-10	3.634385970932008E-9	2.4068985479853028E-4
0.005349193566420164	7.14553823594077E-4	0.0017107595311174509	1.2084516446416153E-6	0.0020308952916127504	2.725008663216951E-4	2.222172077262984E-6	0.004143158553809188	0.004557733210674577	0.008407417604174216	5.6874725670020484E-5	1.1700167549402522E-4	1.8036731882881018E-4	3.3992319575105215E-4	2.4901299914057166E-4	2.1298823250809074E-4	1.55329193066849E-4	2.0335018363965182E-5	3.7067277993195976E-8	6.374228017883306E-9	1.8873642903022086E-7	2.762621111907194E-5	7.190631847764974E-5	0.0	7.190631847764974E-5	3.4839031800966213E-9	6.189802246075855E-7	9.353005504771667E-12	3.8613693926505185E-9	1.6207470227326517E-9	2.6008239618275114E-8	0.0010793440328637433
0.0039024221111265463	3.5447722188134263E-4	0.0011908392342722415	9.852573683838538E-7	0.0014096182727648097	1.856382130785802E-4	1.4541599641660695E-6	0.003419061502292022	6.883165616136885E-4	0.0012569159472415	1.0385862419545198E-5	1.252621370336069E-4	1.255603693424955E-4	2.548592847472549E-4	1.8044725841608516E-4	1.2727604352144638E-4	8.300574334948294E-5	1.4400511340851657E-5	1.7876793563294088E-8	7.10184150245236E-9	1.227523900065442E-7	1.9423496327571517E-5	3.335984669189675E-5	0.0	3.335984669189675E-5	3.3414183975863384E-9	4.388083745588488E-7	6.6350087538389906E-12	1.5605788464838033E-9	6.269054787388578E-10	1.843780004457353E-8	7.623324874308311E-4
0.004159648600992348	4.7704230194975736E-4	0.0013446186300828257	9.991387327490137E-7	0.0015749629627612725	2.0584418502975915E-4	1.7257365458999335E-6	0.0035933633791688678	0.004857419915160873	0.0036793771368519063	8.331253385206002E-5	1.135405370188723E-4	1.4142562610514032E-4	2.7038699400496835E-4	1.9538690917484915E-4	1.5645192517916784E-4	1.1640111694266898E-4	1.566664058189564E-5	2.337293803136813E-8	6.338494159657423E-9	1.3889475130768302E-7	2.0986796761601742E-5	5.2006498768492256E-5	0.0	5.2006498768492256E-5	3.2093824775514174E-9	4.78516364106813E-7	7.1641058131212085E-12	2.723149797786218E-9	1.0531614408764877E-9	1.991209638475285E-8	8.234219170128524E-4
4.3448036183187775E-5	4.630034342082002E-6	1.3563449579914931E-5	1.0562913140561535E-8	1.6039861219421556E-5	2.120940256938577E-6	1.7005239242752723E-8	3.675854699211648E-5	5.391118300407405E-5	3.8848812233428713E-5	2.9424298146449845E-5	1.237564178382008E-6	1.4294839007777536E-6	2.814168208107959E-6	2.0179796205847134E-6	1.5391719472326495E-6	1.0653122425298396E-6	1.6220923509099945E-7	2.346399770265207E-10	6.941298495701065E-11	1.426443618260944E-9	2.189875612274864E-7	4.583881875919925E-7	0.0	4.583881875919925E-7	3.413667816434692E-11	4.943266115991428E-9	7.460778446528227E-14	2.3058293246514207E-11	9.349132524001248E-12	2.07371159985625E-10	8.583285094088364E-6
8.919052182290354E-5	1.4375817031692627E-5	0.0012236303143263836	4.076103564358401E-8	4.802557483761796E-5	9.769514468427308E-6	5.342495620622154E-8	2.833656463539647E-4	4.641024493100649E-5	8.833749533856334E-5	6.597077971593387E-7	4.8543678576520464E-4	2.5568293839571185E-5	1.651229883219175E-5	3.671198503614344E-5	5.486504427835685E-6	3.945333960700493E-6	4.899583239779167E-7	5.943342481483916E-10	1.7203661385942415E-10	7.162779115997043E-9	6.408300337626632E-7	1.9056587982576065E-6	0.0	1.9056587982576065E-6	8.996277082607338E-11	3.855406521857708E-8	1.736040923404762E-13	9.792622404015308E-11	3.512161080975819E-11	4.716990727194703E-10	3.0140154312120193E-5
9.334443417966104E-4	9.782435008835879E-5	2.6587195277068477E-4	2.3510053261226162E-7	2.283318092989716E-4	3.538152849028256E-5	6.02502178314326E-7	9.182105101033807E-4	1.8336999720224023E-4	3.379199921939234E-4	2.7727972550910597E-6	1.1162691639157421E-4	2.8080860990778543E-5	4.2089430268759705E-5	3.0294323352365444E-5	2.1971087368810497E-5	1.629281895725284E-5	3.507700704035323E-6	4.804785435786623E-9	3.513073505661677E-9	2.4192527226707275E-8	3.0607202960206254E-6	7.966735800946691E-6	0.0	7.966735800946691E-6	1.5162207585481926E-9	8.302223689289826E-8	1.0935161613783483E-12	4.310842063014811E-10	1.6962237853502075E-10	3.0371055869208922E-9	1.3799944659906007E-4
3.4355307603458186E-4	9.869762848025094E-4	2.5926427246654145E-4	2.2008309148192039E-7	1.767387279508391E-4	4.228924158533369E-4	2.1276929612007397E-7	3.8446225304741903E-4	1.0334243812861682E-4	1.990701879500653E-4	1.7445721897737945E-6	1.6390616051096218E-5	1.298075023401099E-4	4.138496969528287E-5	9.775545919989523E-4	6.200827356056422E-5	1.2419601107489147E-4	1.9528166507345E-6	2.349726614653443E-9	7.379207123750212E-10	2.5993519717893444E-8	6.432822757932034E-6	6.676994995714333E-5	0.0	6.676994995714333E-5	3.9207591644289783E-10	2.2781620692988313E-7	6.562637059686625E-13	3.8500187947899586E-10	1.3869717599093058E-10	1.8054210519131096E-9	2.3420910732776327E-4
4.0417060328678666E-4	7.452415491539329E-5	1.7658936138143202E-4	9.080373661676145E-8	1.772879176231759E-4	2.9688551958936386E-5	2.5229378367455375E-7	4.1867259128714043E-4	1.4178800181323829E-4	2.828559494578774E-4	2.5544380013830746E-6	4.929807689888846E-4	1.8355009178549437E-5	2.686059089287076E-5	2.088115322525443E-5	1.4886644313165452E-4	3.6842261001200757E-4	1.6460609910586787E-6	3.162124099097468E-9	4.495362394965819E-10	1.568292337553968E-8	2.017234527500417E-6	1.9978096074653695E-4	0.0	1.9978096074653695E-4	3.1257882196809484E-10	5.2284365204648984E-8	6.988545013859834E-13	6.648419012501667E-10	2.2940203103699771E-10	1.941382658989099E-9	8.117127213384175E-5
3.7181378278880304E-4	4.981245660844377E-5	1.261434863784195E-4	9.355055287881602E-8	1.1431107234433487E-4	3.778155516056688E-5	1.5442089692055297E-7	2.52798026729235E-4	8.949490729221072E-5	1.4232686142269993E-4	1.4611479262754884E-6	1.697414719903468E-5	1.32842336769261E-5	2.1421595500894073E-5	1.6976387631790508E-5	1.065205041330524E-4	3.1060086090752275E-4	1.4192441802836748E-6	3.0621674253409804E-9	6.584431212981525E-10	1.3397063635585682E-8	1.805095276091056E-6	2.6142873478330784E-4	0.0	2.6142873478330784E-4	3.571318338477504E-10	4.3045281632586366E-8	6.104585339203282E-13	1.6033573724709185E-10	9.560022501294337E-11	1.697484596678758E-9	7.332933994219596E-5
3.3088856076955047E-4	8.515382862332117E-5	1.7889797890721437E-4	1.628483211914358E-7	1.3162634229763406E-4	3.095291817350181E-4	1.5610059607343351E-7	2.3603058803003198E-4	8.222955333423668E-5	1.3688681339421772E-4	1.3661040806700536E-6	1.337445268074193E-5	2.0443772578345527E-5	8.339554943183177E-5	1.8877936349124947E-5	1.6282539205894996E-4	2.2594259452153945E-5	3.22040759484848E-5	2.6462748330549947E-9	5.169746193290855E-6	2.141190055238668E-7	4.635659539081476E-6	3.6822708666604234E-6	0.0	3.6822708666604234E-6	3.913177365242161E-10	4.7783328840234446E-8	1.023621781011271E-12	1.9013008200214416E-10	9.572720180284763E-11	2.8507794728740435E-9	1.274583730832389E-4
2.7595516181509573E-5	5.34053810652791E-6	2.7574833689746264E-5	9.675883149821064E-9	1.9642422696646405E-5	1.932847512099293E-5	1.5459832254444826E-8	2.8943251120127528E-5	9.425662094490076E-6	1.786371424936467E-5	1.6437482492084966E-7	5.230814366332967E-7	2.794454297975592E-6	2.883959781146464E-6	3.239979264258821E-6	2.8202371220491142E-6	1.4332109822555531E-6	3.008870130385474E-7	2.27242213306742E-10	3.218346216092878E-11	2.306890198530729E-9	1.6773501663169464E-7	7.021131139761494E-7	4.721738971477242E-8	7.021131139761494E-7	6.362788143751914E-11	5.792472490411169E-9	8.958308918724457E-14	1.7743122411083987E-8	5.675361840130408E-10	2.4885711780291973E-10	8.279645045613294E-6
9.082622990110731E-9	1.5959301022394717E-9	4.364227132759106E-8	1.2670545084313771E-11	5.8850210657903E-9	2.3003463999276234E-7	5.253994582103611E-12	1.8214783652672464E-8	3.418918045774523E-9	6.4777885644877506E-9	5.132298707131444E-11	4.262039139239761E-10	4.2715076630305526E-9	2.29334028649806E-9	3.0951948102235477E-9	6.562271926085678E-10	4.216054054633652E-10	6.724279819727304E-11	5.730063273949724E-14	1.663837856233147E-13	1.0360045510243503E-12	7.624872766507396E-11	1.9126859428322996E-10	0.0	1.9126859428322996E-10	1.3753810584474802E-13	5.525435979786809E-12	3.504611702615412E-17	8.613742738782689E-15	3.1609153039942526E-15	9.60254728427982E-14	4.3424744226973496E-9
4.340414161812773E-7	8.481874960060031E-8	5.443560746863048E-7	1.6308814193987931E-9	2.0526365493499445E-7	3.658207130418243E-7	2.3128181597923127E-10	4.416139446194473E-7	1.4331573664177945E-7	2.6691517247150515E-7	2.4764241145360318E-9	8.757943995567993E-9	5.450372968726367E-8	5.484228338275741E-8	4.5173627773505784E-8	2.6568945373548607E-8	1.9352583194908115E-8	3.732617524998106E-6	3.579913770553387E-12	6.729984636792113E-13	4.2149111561640044E-11	2.639453057393167E-9	9.38546502751495E-9	0.0	9.38546502751495E-9	1.4447645458152242E-12	9.832815353825341E-11	6.619137652380758E-14	5.291318791427969E-13	2.0040756866936944E-13	1.8517395693566832E-10	1.2506574542126232E-7
6.010225812507352E-8	1.7854797599645327E-8	7.979390425884337E-8	3.0606573938788923E-11	4.929399087196828E-8	7.629151700155257E-9	4.885285464615472E-11	9.446753739775658E-8	2.150259679202281E-8	4.126802138124477E-8	3.467535102862102E-10	1.8812314992356133E-9	9.561336345632573E-9	1.2232027943131653E-8	5.4512357958537905E-9	4.11631321758894E-9	2.82133981315805E-9	3.501587491626298E-10	4.1862548539014925E-13	8.5374691407701E-14	5.8486000153945186E-12	4.525112064304633E-10	1.3620571788120586E-9	0.0	1.3620571788120586E-9	4.982346492884126E-14	2.8420203146187363E-11	1.678837873698592E-16	7.015259186210634E-14	2.52859245493222E-14	4.593061445407193E-13	4.922292418911568E-7
1.1072628643342846E-5	3.964521118746746E-6	8.928968312203057E-6	2.99336133797714E-9	8.75212558227938E-6	9.51435248915589E-7	9.268338050942935E-9	9.98862315189136E-6	3.2917419967557334E-6	6.137027275436439E-6	5.70744030096631E-8	2.1055642518173722E-7	9.615271913538254E-7	2.266139475711115E-6	7.811413351856286E-7	5.891537593524577E-7	4.523755792887138E-7	7.691329668569403E-8	1.0478186806196335E-10	9.131391141464711E-12	6.397572340677783E-10	7.531118522661925E-8	2.2332896172642635E-7	0.0	2.2332896172642635E-7	6.4630878185533994E-12	2.795887232469528E-9	2.807847937194707E-13	1.2139933748012875E-11	4.647991402362325E-12	7.847067408741486E-10	2.833751887891639E-6
8.114936081043347E-5	1.0931601583999949E-5	2.9214560785311473E-5	1.8478481387540393E-8	2.552400377147095E-5	8.154700813352827E-6	3.4066426095650275E-8	6.271897285892128E-5	2.0449184736725815E-5	3.298157848444711E-5	3.306199671425856E-7	3.663857670702058E-6	3.0933363070742774E-6	4.9507545418467E-6	3.662799173444422E-6	7.366329064025095E-5	1.951453788852492E-4	3.081131861507836E-7	6.669342164713342E-10	1.2907265302059868E-10	3.0178125006247363E-9	4.0022352299716635E-7	2.533435149832157E-4	2.526196418155527E-4	1.2703350594278154E-4	7.745999269134426E-11	1.0071835842499277E-8	1.328654289812606E-13	3.7022508908742675E-11	2.1355978908621778E-11	3.69173087163792E-10	1.628076656592014E-5
2.434920386807622E-5	3.281087257568057E-6	8.76787516559943E-6	5.5477184542339E-9	7.660245732132592E-6	2.448927261450138E-6	1.0223459030226403E-8	1.8820089787990478E-5	6.136233185721275E-6	9.897411472408919E-6	9.921253088197513E-8	1.099229864296669E-6	9.283701530080672E-7	1.4861448899565926E-6	1.0991627376699502E-6	2.2099349894836283E-5	5.854374821269812E-5	9.253439713636077E-8	2.001130981973792E-10	3.872969234136277E-11	9.070668796600973E-10	1.2010373257124602E-7	2.172805232430095E-7	4.699702562425483E-9	6.337228504346019E-5	2.324399185541627E-11	3.0223344243551784E-9	3.986779246023335E-14	4.890010217457476E-9	1.5902923489620912E-10	1.1077452770644831E-10	4.886404977210397E-6
7.709157851297232E-5	1.0384979171359208E-5	2.77537196104849E-5	1.755448575886891E-8	2.424770473929313E-5	7.746934192999354E-6	3.236297286609724E-8	5.958278133208478E-5	1.942664630889967E-5	3.1332371836607346E-5	3.1408768843502655E-7	3.4806505986054313E-6	2.9386575125454854E-6	4.703197642588932E-6	3.47964503030979E-6	6.699499380591709E-4	1.8538735422598258E-4	2.927063336519991E-7	6.335849228953768E-10	1.2261852052611343E-10	2.866910188889981E-9	3.802107969519279E-7	6.876767060273638E-7	0.0	6.876767060273638E-7	7.35866930871902E-11	9.568205046440395E-9	1.262216430009351E-13	3.517124009088429E-11	2.0288097260572907E-11	3.507130031553458E-10	1.546666518914388E-5
1.571103703262489E-8	9.280051688676022E-10	3.578639649619985E-9	9.033705107277167E-12	2.1015453964750474E-9	7.13945110972478E-10	2.2864118417241796E-12	6.224079747525711E-9	1.5258339287363638E-9	2.6769454714183635E-9	2.3985565626232885E-11	1.5618610825945953E-10	4.1031362031617076E-10	6.237676967435938E-10	6.003174876007446E-10	2.7911290646640893E-10	1.7682178911699925E-10	1.0584752646374354E-10	3.881346848447408E-14	2.1164031033591323E-13	3.955551712146748E-13	3.477628446337123E-11	8.56345832268389E-11	0.0	8.56345832268389E-11	4.167998722502012E-15	1.4155627296786374E-12	3.1926486591139595E-17	3.4240462581401898E-15	1.5453417232659515E-15	8.889815968290125E-14	2.3390976789691612E-9
1.472953014785144E-7	1.0437672919020192E-7	3.318213106896232E-7	2.9883640068681043E-7	1.2586702929946524E-7	4.4017690922213987E-7	1.227000477079987E-10	1.9572925747374047E-7	4.709164237597354E-8	9.107889325885453E-8	7.7455912423824E-10	4.549483641056905E-9	3.5084822388698115E-8	1.276068346618821E-7	2.4057291175517755E-8	3.907421144144097E-8	9.683097662824172E-9	3.518562459158047E-9	9.4967116779819E-13	1.0473865156915432E-12	2.2160970674377038E-10	1.5149736640397755E-9	3.2560373720184373E-9	0.0	3.2560373720184373E-9	7.589475683764806E-13	2.686201492295142E-6	1.007304589033522E-6	1.6561511364767603E-13	5.89666472887729E-14	1.0802999902324764E-12	2.1399585648802106E-7
1.51043423737656E-8	9.741218113575861E-9	3.870190994919382E-8	5.718962278209056E-10	1.2562316390858726E-8	4.727459934875651E-8	1.2129304071524939E-11	2.1402262852761897E-8	4.934956027041565E-9	9.517692456940358E-9	8.00909851116916E-11	4.992984520507795E-10	4.07896090632282E-9	1.1972969225534891E-8	2.7986603579354443E-9	3.636671809933159E-9	9.533817258078324E-10	5.181891036210657E-7	9.69235821911525E-14	1.3474741603974013E-13	2.0118427149872852E-11	1.5173772209488204E-10	3.297859121362249E-10	0.0	3.297859121362249E-10	9.829079141216019E-14	6.481508177569955E-12	3.1025389665406654E-16	2.2764906642829512E-11	5.934590987121193E-15	8.657529178229297E-13	2.0164846434149393E-8
8.610159504468968E-9	1.7178619620926265E-9	3.738744882286891E-9	2.7756620797296002E-11	3.391010380607133E-9	2.3034727131527124E-9	3.2614454385730562E-12	4.71254278340244E-9	2.251918167709541E-9	3.52220011250359E-9	3.827080136149927E-11	1.126323512003176E-10	4.0251242871699226E-10	1.0529965716786518E-9	4.662617068127073E-10	4.888385903376941E-10	2.0578080193826748E-10	7.013277885393859E-10	8.091871461576649E-14	8.601941076135423E-15	5.275966982018968E-12	1.5545160641665266E-10	8.967935253578461E-11	0.0	8.967935253578461E-11	6.0433159010775E-15	1.195635293146354E-12	2.8230974746073162E-15	4.934157230419998E-15	1.475543220338519E-9	7.898805993907025E-12	5.850292759367232E-9
2.311448017931322E-9	6.695816436915108E-10	1.0182826509582134E-9	7.343295970915259E-13	1.0421638842327936E-9	1.2112210043943031E-9	1.0008136569128572E-12	1.298707983276952E-9	6.006643554475305E-10	9.518758367919091E-10	1.0219216529680848E-11	3.179360495341707E-11	1.1753519620430984E-10	5.700256613710124E-10	1.2415547742010222E-10	2.116231145029681E-10	6.523146870297869E-11	1.9754048669004894E-11	2.1199121806007704E-14	1.8874965781331538E-15	9.18699490499992E-13	1.4981403059810808E-11	2.5271468551439595E-11	0.0	2.5271468551439595E-11	1.2781304112863328E-15	3.488208238690831E-13	4.353165525785616E-18	1.288477868081437E-15	7.288590451881078E-16	1.2086050625266645E-14	1.1594840804776743E-9
1.425959548039833E-8	8.75915178521762E-9	1.843349386380536E-7	9.422070493889141E-12	1.2447137160134374E-8	2.1504610754031705E-8	1.2023135348693342E-11	1.9483165567961495E-8	4.623128016888962E-9	8.910515307733808E-9	7.56132919910221E-11	5.443984485123193E-10	3.0420367353043384E-9	1.1270426810275596E-8	1.906048964594703E-9	1.4228912937723191E-9	7.447750333324515E-10	1.2788844328454997E-10	9.308853263498672E-14	3.012016599490219E-14	1.320142264944632E-11	3.678235170138778E-10	3.4099601369497177E-10	0.0	3.4099601369497177E-10	1.9358524511134677E-14	8.850034073838176E-12	1.6166596696062595E-11	2.036825696407215E-12	5.682580431101972E-15	4.523461625766284E-8	1.6873232341613307E-8
0.013118902913463022	1.491514333533909E-4	3.153040185989253E-4	1.8364488865218998E-7	3.490395243600423E-4	7.512171389272334E-5	3.88530927744909E-7	0.0019269038844370594	3.432194467643335E-4	6.454406119315849E-4	5.024597451338138E-6	1.048914100841332E-5	3.244776003412253E-5	5.7382284041175326E-5	3.6888287793885514E-5	3.3137859950242395E-5	2.74400674512096E-5	2.9656268956151266E-6	6.212936971575426E-9	5.498698603682372E-10	3.150276665086225E-8	7.847353959459275E-6	1.3570724274895093E-5	0.0	1.3570724274895093E-5	1.3244361355098345E-9	9.525674702785939E-8	1.128266733039075E-12	7.717403473933216E-10	2.876657388248556E-10	3.132503901527031E-9	0.0023100848117645046
