32
NULL,time@time,open@__open_nocancel,read@__read_nocancel,mmap@__mmap,munmap@munmap,mprotect@__mprotect,rt_sigprocmask@sigprocmask,exit_group@_Exit,rt_sigaction@__libc_sigaction,sched_yield@sched_yield,write@__write_nocancel,syslog@__syslog,getpid@getpid,writev@__writev,close@close,open@__open64,fstat@_fxstat,read@__read,close@__close_nocancel,mremap@mremap,stat@__xstat,socket@__socket,fcntl@fcntl,connect@__connect,madvise@madvise,lstat@__lxstat64,openat@__openat64_nocancel,getdents@__getdents64,lseek@llseek,getrlimit@__getrlimit,write@__libc_write
0.8617930539241175	0.009829608323676482	0.014178918788391106	4.68802567878823E-6	0.021251831230674353	0.001583582454095055	2.327935358266506E-5	0.01877982917071566	0.006322265603617767	0.012543305605707262	1.133454766785299E-4	3.0317725287994513E-4	0.0014578054116705327	0.0017466417411141845	0.0013418108178672042	0.0011309164961340991	0.0010040234097521352	9.93849401466602E-5	1.522184896570632E-7	1.5031839670533317E-8	1.066210679370687E-6	8.563993753522925E-4	5.048102458865449E-4	0.0	5.048102458865449E-4	1.931301775513988E-8	3.293272443479714E-6	3.3418104549063934E-11	2.9093807618190566E-8	1.0094158081262917E-8	9.252009433483698E-8	0.027394910858289098
0.0017691626926379955	3.2833026154414474E-4	0.01098416711261621	2.5883420883502532E-5	0.006944626318108374	2.260247226616551E-4	1.1352140771347368E-6	0.002071622871412955	5.771974060101276E-4	0.0011184474570573688	9.843381108030676E-6	4.664270316353982E-5	2.1699046414974467E-4	7.520438700042253E-4	1.6141295257223842E-4	1.204787120863531E-4	8.815163299195965E-5	1.0215893030873559E-5	1.830650314148279E-8	1.991162084472909E-9	1.5544742212347125E-7	1.4568736131955492E-5	4.3208332456911085E-5	0.0	4.3208332456911085E-5	1.791801256399394E-9	7.328488927343154E-7	3.518023491480768E-12	2.26119102674761E-9	8.011148516366604E-10	9.590118861247176E-9	6.538200737214449E-4
0.005936968865512348	9.353828319529099E-4	0.01287320384004965	0.00433642091294691	0.009579215078411515	9.162977173482459E-4	5.079162034061214E-6	0.005540668410730144	0.0013452085031770726	0.002426893003049709	2.1362434707576952E-5	3.8280902481553007E-4	0.013622793895406504	7.243805615685179E-4	3.8852609659432725E-4	3.79053049114792E-4	1.6464245235543547E-4	1.8127483736040057E-4	4.814126480534419E-8	1.6246886869598332E-5	7.081143489439102E-7	4.537501102053124E-5	7.176227222769279E-5	0.0	7.176227222769279E-5	1.6019374162153952E-8	1.4560350355833826E-6	3.402785070759449E-10	3.568578537798671E-9	1.444870733147281E-9	9.028538997215624E-8	0.00226775641051399
2.1617043399550838E-4	4.586008334790965E-5	2.4174030233801102E-4	9.112106282781838E-5	5.400546451360267E-4	3.24457656294343E-5	1.5132652601370175E-7	7.675689740485512E-4	1.281271923811111E-4	2.4456069368462553E-4	1.8375278156730242E-6	0.0015175921338351685	1.236344174337853E-5	2.3046157107366575E-5	1.2288993944884004E-5	2.120036911420038E-5	1.0987030114119414E-5	1.8873785862719613E-6	2.0526710715987533E-9	3.197842741503619E-10	3.6543074048519777E-8	1.4736035366902987E-6	4.9802019995022265E-6	0.0	4.9802019995022265E-6	2.3776608000345214E-10	3.735071545599311E-8	2.69826614691988E-10	3.1904462583950673E-10	1.0115187848647268E-10	5.919951765136558E-8	9.95000647491555E-5
0.0034558174109772443	5.312074444716913E-4	0.002292763284472804	1.2535815145830109E-6	0.055949785568933194	0.053250992447655125	0.017055100032729725	0.003242614678504831	9.381434929972706E-4	0.001807732482515922	1.6086918273120684E-5	1.4519374378082215E-4	0.0013649331695613244	3.281120250170747E-4	0.0013906716718296915	2.2212230088126147E-4	2.675825805356116E-4	1.7311852596745097E-5	3.515336364817729E-8	8.560668812586977E-9	2.0277932165231994E-7	2.67057742500568E-5	1.3818773327037488E-4	0.0	1.3818773327037488E-4	5.783583893995669E-9	8.255959003794525E-7	5.537969976242637E-12	3.6921067379916972E-9	1.3169143518434112E-9	1.5310537460571523E-8	0.001090444116270831
0.008327657461783183	0.0012364252829408784	0.002673939859199028	3.688547473343611E-6	0.02056181867687896	0.01671691070910575	0.03183544158417158	0.004650963058360204	0.0014518264171835059	0.0028470201577141282	2.551352082004551E-5	1.248364702074845E-4	7.953866125455495E-4	0.0010687025647905823	4.095935065710987E-4	2.8932254258526833E-4	2.3443876265385715E-4	4.7240428582711E-5	5.669536445599146E-8	5.834092648675867E-8	1.251928623157246E-6	3.287025071034073E-5	1.1636307768456926E-4	0.0	1.1636307768456926E-4	6.026901643064962E-9	8.396984491612304E-7	1.7066923474890076E-11	6.308562504464055E-9	2.19411391859664E-9	4.7551064886367285E-8	0.0017961793194941225
0.0033691895872594614	4.825395815060882E-4	0.0012657860424923409	7.330604448201717E-7	0.008283692066672172	0.024627739641531855	1.953481728587683E-6	0.002329745639506887	8.33866608487467E-4	0.0016655713655211045	1.5158242889245715E-5	3.500534982116093E-5	1.3099773712495826E-4	2.2854537435813648E-4	1.3666178556129033E-4	1.5020811987476664E-4	1.3554131620735716E-4	1.3049825102052884E-5	3.657924246964769E-8	1.7488232795067157E-9	1.4492162555582193E-7	1.945302647022646E-5	6.831306814814962E-5	0.0	6.831306814814962E-5	2.0944948820095105E-9	4.2624723330536217E-7	4.274215596080701E-12	4.064810338871583E-9	1.3831816686679596E-9	1.1866140877390074E-8	7.602408031678056E-4
0.015106448906239498	0.0023041911844126073	0.005454204022889872	3.941010432600957E-6	0.006477512006399699	8.581762882069207E-4	7.061956965559567E-6	0.013203162549283514	0.014428838680697248	0.02656120633972208	1.803177977741142E-4	3.726480568325866E-4	5.763311491414513E-4	0.0011270881708602073	7.996987694665328E-4	6.872927910804973E-4	4.947025462486234E-4	6.607396075957784E-5	1.242503225743357E-7	2.0312584724078638E-8	6.223835245657526E-7	8.686322661263381E-5	2.286528302048707E-4	0.0	2.286528302048707E-4	1.3347572584838124E-8	2.0146518244821817E-6	3.0183927446990016E-11	1.226786512828485E-8	5.202134837178357E-9	8.393566378145854E-8	0.0034235052258651416
0.010884954996145942	0.0011606437296295651	0.0038018263339550332	3.2032678373063545E-6	0.004501535854568744	5.876394906476759E-4	4.629234474459389E-6	0.01087096558602447	0.002240130300983332	0.004059155060310473	3.388697139399957E-5	3.968103964082322E-4	4.018103158932558E-4	8.463534535311869E-4	5.793325228721956E-4	4.1336063691740314E-4	2.656606335638955E-4	4.6873512146223254E-5	6.212828277721537E-8	2.2498380878001795E-8	4.0819046846084014E-7	6.12586267614478E-5	1.0681541558352092E-4	0.0	1.0681541558352092E-4	1.2437081347800908E-8	1.4313222212539832E-6	2.141661522610092E-11	5.004728234911918E-9	2.050504122411303E-9	5.951618270311805E-8	0.002425199858493302
0.011618062983235313	0.0015519836823164315	0.004297436756574083	3.26041326441515E-6	0.005035128937398003	6.523686164059548E-4	5.496052243438557E-6	0.011446339612971132	0.015343528509356297	0.011693483038745858	2.6292230556134106E-4	3.60806473368756E-4	4.530410627422542E-4	8.999201397084816E-4	6.284619339642226E-4	5.068758956046481E-4	3.7152522340638323E-4	5.1061564996940094E-5	7.999020786990375E-8	2.0145733286532255E-8	4.613668238505791E-7	6.630276838176378E-5	1.6580796320280248E-4	0.0	1.6580796320280248E-4	1.216894300355146E-8	1.56272970226772E-6	2.3164944942396395E-11	8.678019663109286E-9	3.4019640393552383E-9	6.438741325044444E-8	0.0026239262411976508
1.2169404824567565E-4	1.507130924367172E-5	4.3316677642341115E-5	3.4407360512530737E-8	5.124095661381026E-5	6.7086773475624535E-6	5.414195951185512E-8	1.170418563426645E-4	1.7019362915320966E-4	1.233942260193952E-4	9.232746380694227E-5	3.928837435098812E-6	4.575840911677824E-6	9.34978826201614E-6	6.484677054613034E-6	4.989479896105634E-6	3.404458201748107E-6	5.281132833887693E-7	8.034670194969474E-10	2.2038997059906575E-10	4.7332001493108305E-9	6.905983663557928E-7	1.463893136013436E-6	0.0	1.463893136013436E-6	1.283640196855345E-10	1.6125882188668804E-8	2.409985107777896E-13	7.364426818279589E-11	3.030233223994921E-11	6.698741863695408E-10	2.7304304550264227E-5
2.3622553400152747E-4	4.7583145244332595E-5	0.0038463348367363845	1.3285455938810319E-7	1.5541567878045283E-4	3.147144031340018E-5	1.7199515071933565E-7	8.965809925429731E-4	1.492433828815872E-4	2.827011495627095E-4	2.127879626460844E-6	0.0015231436002933634	8.101533545874797E-5	5.3804854898112996E-5	1.1630814961168232E-4	1.7834441810078006E-5	1.266433560994829E-5	1.6088238604978209E-6	2.0937838116187854E-9	5.504044842670358E-10	2.3448563453420446E-8	2.0750886919964364E-6	6.105432049227616E-6	0.0	6.105432049227616E-6	3.5497285235465625E-10	1.2366525831651316E-7	5.69963726738285E-13	3.1375234749079456E-10	1.1410214584468738E-10	1.5500933501392424E-9	9.759412762118126E-5
0.002273715031158623	3.47713300270054E-4	8.998185374166397E-4	8.049006438775692E-7	7.902700153536732E-4	1.265073309427913E-4	1.9608790835396834E-6	0.002986125084125611	6.261217325260463E-4	0.001138589534371779	9.546026797530694E-6	3.526773476433944E-4	9.533122515912256E-5	1.6003180680443667E-4	1.0439576798413029E-4	7.801583306778615E-5	5.531866209427017E-5	1.206018531602338E-5	1.852156720771582E-8	1.1159112603778992E-8	8.991554866823411E-8	1.0887064930898995E-5	2.6874635129073223E-5	0.0	2.6874635129073223E-5	5.891403891409425E-9	2.9494290875320846E-7	3.792957907447584E-12	1.453005211686691E-9	5.908235870624211E-10	1.0535382296595329E-8	4.867391786560904E-4
8.999563622777946E-4	0.0031066452415036113	8.311117206870977E-4	7.100063506296857E-7	5.734598661865449E-4	0.001331087743147715	6.853723464770602E-7	0.0012354200736770396	3.3847426497445466E-4	6.463636458440979E-4	5.707161037980483E-6	5.216004532317771E-5	4.0956468944844545E-4	1.37482129887048E-4	0.003072076080019056	1.9719019504764882E-4	3.9112045000985084E-4	6.4118641396886505E-6	8.306765232051342E-9	2.3559003800653226E-9	8.535528492305639E-8	2.04611657763316E-5	2.1014564554564403E-4	0.0	2.1014564554564403E-4	1.527573256886121E-9	7.248221673104651E-7	2.1600063605929473E-12	1.2345789318459657E-9	4.511206949456048E-10	5.945130469542485E-9	7.473528274955959E-4
0.0010929910886066196	2.4267618255351228E-4	5.680993212584183E-4	3.019739332775174E-7	5.720051603268677E-4	9.53301657201258E-5	8.06215897828679E-7	0.0013392683040009308	4.582867927245122E-4	9.076300561002697E-4	8.23253190002318E-6	0.0015472526704317156	5.9180314839946946E-5	9.125249683893937E-5	6.784880113069934E-5	4.695870158874073E-4	0.001156993359472063	5.428760380423661E-6	1.0808593298094641E-8	1.4457500780033887E-9	5.270396672657909E-8	6.509003565435884E-6	6.272116463686543E-4	0.0	6.272116463686543E-4	1.2567614379965385E-9	1.7264028292413235E-7	2.287465591350076E-12	2.1091923982079783E-9	7.344576472154353E-10	6.354787757653428E-9	2.6382057835003757E-4
0.001034775887858873	1.6224496048279042E-4	4.045527254448492E-4	3.060571374375483E-7	3.689735435159441E-4	1.195377960905688E-4	4.935628865837612E-7	8.106249304131396E-4	2.9052062982896763E-4	4.606689298374908E-4	4.741558234669045E-6	5.371368668017068E-5	4.269907043445372E-5	7.23059513233482E-5	5.49028195813051E-5	3.360143312464108E-4	9.751853755644672E-4	4.646558601316606E-6	1.0273813681019856E-8	2.091357749231399E-9	4.459882323666767E-8	5.742854091704098E-6	8.204470495903213E-4	0.0	8.204470495903213E-4	1.321673049340963E-9	1.4127312898303948E-7	1.986135457822107E-12	5.169660993154191E-10	3.1017964233373966E-10	5.522926309825138E-9	2.3515925571665464E-4
9.080956241194888E-4	2.7333488099839964E-4	5.711247704635852E-4	5.237414459710392E-7	4.241017499214842E-4	9.717651659210016E-4	4.997050962917608E-7	7.58613549422361E-4	2.677063084555047E-4	4.4376818377900063E-4	4.4438255536939304E-6	4.242534226498091E-5	6.52944074283763E-5	2.6661863839587933E-4	6.094626759588833E-5	5.116836071583374E-4	7.153262241164609E-5	1.0112323528451194E-4	8.963771488804163E-9	1.6218911714381918E-5	6.738408908354901E-7	1.4650310350645777E-5	1.1845199867658595E-5	0.0	1.1845199867658595E-5	1.430751808044497E-9	1.5626565551458546E-7	3.2811797495177624E-12	6.115322600509528E-10	3.107433746797269E-10	9.137815501703477E-9	4.058438443276165E-4
7.575593091001931E-5	1.727747986680312E-5	8.747956442069347E-5	3.1432527560853634E-8	6.256330118963869E-5	6.0748868189067616E-5	4.9354620085892316E-8	9.23901019085645E-5	3.0406739227223196E-5	5.728719214498414E-5	5.291655399263215E-7	1.6817121766153E-6	8.876845571350643E-6	9.48455144691709E-6	1.0330153089630881E-5	8.984338933305367E-6	4.557372926278955E-6	9.601740780798603E-7	7.678159735150807E-10	1.0320961803266597E-10	7.454520117885986E-9	5.352459811930144E-7	2.2292410724693737E-6	1.4813366376153907E-7	2.2292410724693737E-6	2.1637737364105645E-10	1.872492304916104E-8	2.8706547007691985E-13	5.5666313428759986E-8	1.7814105725379973E-9	7.974678657493908E-10	2.6480975595999566E-5
2.2747666706347692E-8	5.367730173107252E-9	1.379218474731653E-7	4.0424285169709925E-11	1.9158411704926895E-8	7.21818671402809E-7	1.7134960659840036E-11	5.82029611249919E-8	1.121006760029383E-8	2.1073240324896077E-8	1.6892856738294457E-10	1.3640623389231914E-9	1.3509558631607648E-8	7.468657616421779E-9	9.854609081082464E-9	2.144098710170012E-9	1.3632132562831005E-9	2.2074256764554477E-10	2.1062055720783075E-13	5.234400467969193E-13	3.3838881254409484E-12	2.5031654396601977E-10	6.181862861323502E-10	0.0	6.181862861323502E-10	4.414235100706005E-13	1.7708951676911333E-11	1.1337064008047236E-16	2.7962728071771748E-14	1.0458308035859222E-14	3.107465588894073E-13	1.4108268902932345E-8
1.1921685785260546E-6	2.7432573877958715E-7	1.7243230680415482E-6	5.132388157751133E-9	6.58868558500041E-7	1.149441301209696E-6	7.390549576895688E-10	1.410610584051217E-6	4.6277078899537563E-7	8.569451219725951E-7	7.981251258464515E-9	2.8126586353131018E-8	1.728526168803548E-7	1.7898141934924282E-7	1.4447467263093333E-7	8.555011219197212E-8	6.166795123178787E-8	1.1701911825827299E-5	1.2094528873409569E-11	2.1471616194727033E-12	1.3566796899521897E-10	8.42400292427179E-9	2.985876660370634E-8	0.0	2.985876660370634E-8	4.7959418220469035E-12	3.173366788586467E-10	2.0773892857721629E-13	1.6812903480229592E-12	6.428081699221826E-13	5.811591977264323E-10	4.003978017714812E-7
1.5380093810323648E-7	5.805910203496405E-8	2.540013478502097E-7	9.975840573168521E-11	1.5843829597691432E-7	2.4632130499932405E-8	1.5682717982356296E-10	3.021270079619697E-7	7.025046929938168E-8	1.3374843818303372E-7	1.1335558417571157E-9	6.04338992597463E-9	3.041491810128952E-8	3.9885359597702335E-8	1.7629881604182108E-8	1.3395492965256262E-8	9.076498812840407E-9	1.1543465810488693E-9	1.4954669265280921E-12	2.7560713957111847E-13	1.909632740445647E-11	1.4772731486949642E-9	4.373388537114436E-9	0.0	4.373388537114436E-9	2.1452308451186738E-13	9.110386767486195E-11	5.46392673168131E-16	2.2534760587642774E-13	8.245370903679238E-14	1.495682620615687E-12	1.5468105178477517E-6
2.8685205733754604E-5	1.2791197698114119E-5	2.8624875500314148E-5	1.002381424996232E-8	2.8105055426832543E-5	3.0987300596785314E-6	2.9685389364389947E-8	3.2329110254830454E-5	1.0817829168094187E-5	2.0001374843996338E-5	1.8712560499047332E-7	6.847820016853851E-7	3.0851029790073677E-6	7.377351190109125E-6	2.542213790964722E-6	1.9332475500474456E-6	1.458108888744607E-6	2.5105059423519103E-7	3.608000492989478E-10	2.997053421065385E-11	2.137328483397683E-9	2.457924226275873E-7	7.178948374047749E-7	0.0	7.178948374047749E-7	3.031714949354722E-11	9.103530670537935E-9	8.843213861591613E-13	3.899136637351384E-11	1.5132393815368133E-11	2.4713508859878876E-9	9.318567751878881E-6
2.2585008766026453E-4	3.5611055354669465E-5	9.36152852367067E-5	6.073921501997232E-8	8.236427571614887E-5	2.5812010164833442E-5	1.0889978348224602E-7	2.0065449759857216E-4	6.630774139109394E-5	1.0660102824378888E-4	1.0719879703692075E-6	1.1598620711507134E-5	9.932205625093135E-6	1.6652718279110654E-5	1.185437251538871E-5	2.3161290756775981E-4	6.124429283249251E-4	1.0093280025730273E-6	2.238710276997356E-9	4.1066001683044225E-10	1.0032231398409556E-8	1.2735032062263507E-6	7.948677379498095E-4	7.925358285648276E-4	3.985992334445972E-4	2.871048102938242E-10	3.2971723122942796E-8	4.324640083268909E-13	1.192439924372936E-10	6.926204497115173E-11	1.2016837495969913E-9	5.221141310223106E-5
6.776647992616152E-5	1.0688487670300513E-5	2.8095813089003463E-5	1.8235088704884006E-8	2.471907173954638E-5	7.751537743933357E-6	3.268123672900294E-8	6.0210512778597884E-5	1.9897141726478212E-5	3.198980468232795E-5	3.216826594113617E-7	3.4798227512679535E-6	2.9808453716548414E-6	4.998793553096888E-6	3.5573597064477414E-6	6.948504081399272E-5	1.837333150332606E-4	3.03116952981077E-7	6.717281507285299E-10	1.2322327025973042E-10	3.0151186710558794E-9	3.8216928691525276E-7	6.999512375502689E-7	1.4744232228148186E-8	1.9883420349015653E-4	8.615406380446042E-11	9.894097107415904E-9	1.297661075822321E-13	1.5342207242163827E-8	4.99596507066331E-10	3.605796269745866E-10	1.5670397603560293E-5
2.145567086559774E-4	3.3830364680473726E-5	8.893415844271179E-5	5.770201905184289E-8	7.824574296855356E-5	2.452130969766129E-5	1.0345437258561704E-7	1.906209956691673E-4	6.299209753987561E-5	1.0127056401118355E-4	1.0183844204975462E-6	1.1018644759409815E-5	9.435556880632965E-6	1.5820017876264174E-5	1.1261607982679416E-5	0.0021022990887545217	5.818184101778551E-4	9.58857693746564E-7	2.126766093575321E-9	3.9012542567744E-10	9.530580977926318E-9	1.2098231141790842E-6	2.2153048852405193E-6	0.0	2.2153048852405193E-6	2.727484579443866E-10	3.1323009281343874E-8	4.108391331614871E-13	1.1328133103419319E-10	6.579867450017003E-11	1.1415949085073827E-9	4.9600640254536325E-5
4.943869274752856E-8	2.822609801820888E-9	1.1048963650861508E-8	2.833443576612795E-11	6.3961217185673276E-9	2.1607609019643395E-9	6.9481638603931374E-12	1.9383035316813E-8	4.7644198027221376E-9	8.326354677064879E-9	7.470316350492356E-11	4.886126339480282E-10	1.2704357964468348E-9	1.9544835761744504E-9	1.8732685082735908E-9	8.693762495972167E-10	5.464259694825753E-10	3.315156367189236E-10	1.225624727180998E-13	6.639152985138956E-13	1.2380106811948466E-12	1.0010519751323165E-10	2.642533633988689E-10	0.0	2.642533633988689E-10	1.3177349022735761E-14	4.426717581380152E-12	1.001045038988843E-16	1.0477535579553759E-14	4.781851652632501E-15	2.7874389358463103E-13	7.058455238561677E-9
3.6580288855056136E-7	3.333218227261157E-7	1.0531782854286813E-6	9.371904914517192E-7	4.060016888701916E-7	1.3828284970020698E-6	3.954381082540538E-10	6.305436188272255E-7	1.555448994243305E-7	2.9779702612172297E-7	2.558644273793039E-9	1.4677284347544835E-8	1.1143085891498427E-7	4.045272237303381E-7	7.722111414971459E-8	1.2379917365116934E-7	3.1018511547461264E-8	1.1184824525289526E-8	3.4892466950312404E-12	3.3082071189501788E-12	6.9716977533379E-10	4.932521835480815E-9	1.0504086357084782E-8	0.0	1.0504086357084782E-8	2.545453207623045E-12	8.42734285223857E-6	3.160185690088407E-6	5.347949800571224E-13	1.93849270493503E-13	3.5423520035641493E-12	6.790554156675034E-7
3.7517834014346904E-8	3.116490954349123E-8	1.227292525963227E-7	1.7946435607358188E-9	4.055978589401729E-8	1.4851155873365837E-7	3.913565065053988E-11	6.885215061039669E-8	1.6286419721847426E-8	3.11026722247419E-8	2.645077367935572E-10	1.608512541660983E-9	1.2942494067363221E-8	3.7997205995950996E-8	8.968101692206078E-9	1.1536345901615706E-8	3.0571644884616866E-9	1.6257139398759094E-6	3.564317947319797E-13	4.2504993818525467E-13	6.331793612504434E-11	4.945909159613736E-10	1.0644656766586365E-9	0.0	1.0644656766586365E-9	3.2524933859910935E-13	2.0914689959478016E-11	9.789661235165951E-16	7.142120901749105E-11	1.9529292738848617E-14	2.731691811276172E-12	6.405830670713365E-8
2.491210822588349E-8	5.448855521983602E-9	1.1803069626315417E-8	8.717905757142469E-11	1.0734146826542652E-8	7.2036446179212886E-9	1.0298884362263064E-11	1.5006681407142146E-8	7.212300435691019E-9	1.125025508064423E-8	1.2237082832348392E-10	3.6001501474257125E-10	1.2726492700379835E-9	3.3745822042726973E-9	1.4856142966572469E-9	1.5551556685383423E-9	6.528146575913521E-10	2.201491425773288E-9	2.6403301663515844E-13	2.7352077308810475E-14	1.654799116491321E-11	4.852468153746635E-10	2.841823133660107E-10	0.0	2.841823133660107E-10	2.174016688346539E-14	3.839264857778801E-12	8.857228569073615E-15	1.560875934772105E-14	4.629176478964727E-9	2.478181899672231E-11	1.831521512297178E-8
6.599979217617314E-9	2.1239116997245113E-9	3.2275503834062087E-9	2.364572308998697E-12	3.3092089789123683E-9	3.7979454368864984E-9	3.1715237614547494E-12	4.1523076565077436E-9	1.931700094652385E-9	3.052541705161941E-9	3.280987847890139E-11	1.0193845625709758E-10	3.7287750893292065E-10	1.8118374615586735E-9	3.971380722748138E-10	6.7084519882734E-10	2.073382391864575E-10	6.283730479140762E-11	6.972946033715045E-14	6.0445653053629174E-15	2.8934696790016942E-12	4.691548900216622E-11	8.039222011345794E-11	0.0	8.039222011345794E-11	4.927139308509643E-15	1.1236625630544077E-12	1.4003993084534405E-17	4.095824787957747E-15	2.3336208975265784E-15	3.888296156703947E-14	3.6473839963794217E-9
3.587794833416115E-8	2.7992693069658854E-8	5.792470943042134E-7	3.049756089236651E-11	4.002882297610033E-8	6.758006398299028E-8	3.864433455613288E-11	6.258886543884006E-8	1.521080157380473E-8	2.9041172066231737E-8	2.488502536067425E-10	1.7436317838569322E-9	9.650093447958275E-9	3.571212040659673E-8	6.117899098249574E-9	4.583101744035615E-9	2.394087349498868E-9	4.1514166043024417E-10	3.3854660741087515E-13	9.643668555117876E-14	4.1560423325277624E-11	1.1693678541619508E-9	1.0955654700286189E-9	0.0	1.0955654700286189E-9	7.568924271471952E-14	2.8252646303024313E-11	5.07150583654781E-11	6.3909351950400694E-12	1.8626321501251958E-14	1.4190223490998623E-7	5.3594463107294665E-8
0.04258744397918213	2.1750737721594457E-4	4.971610234729924E-4	3.4621672631340486E-7	5.792146525147226E-4	7.011964062380739E-5	6.781656504009946E-7	0.005481240051794917	8.66674241355619E-4	0.001651076616724405	1.2104086557254428E-5	2.202936274512989E-5	5.1022255849642335E-5	8.701216247068098E-5	6.754942264328522E-5	6.539628623742655E-5	6.02833335298224E-5	5.357380925136682E-6	9.739273831313789E-9	1.1620310635779217E-9	4.985999976653464E-8	7.895603369160632E-6	3.008948507948907E-5	0.0	3.008948507948907E-5	9.886067263593555E-10	1.5991705669204186E-7	2.224836183688033E-12	1.7210801413540231E-9	6.123343516187619E-10	6.183452944770551E-9	0.00668430608900189
