32
NULL,munmap@munmap,madvise@madvise,mmap@__mmap,lstat@__lxstat64,openat@__openat64_nocancel,fstat@_fxstat,time@time,open@__open_nocancel,read@__read_nocancel,mprotect@__mprotect,rt_sigprocmask@sigprocmask,exit_group@_Exit,rt_sigaction@__libc_sigaction,sched_yield@sched_yield,write@__write_nocancel,syslog@__syslog,getpid@getpid,writev@__writev,close@close,open@__open64,read@__read,close@__close_nocancel,mremap@mremap,stat@__xstat,socket@__socket,fcntl@fcntl,connect@__connect,getdents@__getdents64,lseek@llseek,getrlimit@__getrlimit,write@__libc_write
0.27999921437664693	0.20982847762645	1.2283541725849022E-6	0.02649545890763963	1.4256185791477577E-5	5.0951366303679745E-11	5.988861000289879E-4	0.00635374011869741	0.28859792555338126	2.1561844943822878E-5	9.385150784645375E-6	0.07327136561719572	0.015212097178867968	0.02888869440678187	2.3614378518663478E-4	0.0032259791414007504	0.028782003330188387	0.022125159252982602	0.016966605332507843	0.004987098524431795	0.003864381877001824	3.756110746592148E-7	0.0	1.985721046832115E-6	0.002079243244260614	0.0018988467577746402	0.0	0.0018988467577746402	3.092604325259499E-8	1.128110467418379E-8	1.3734744574419308E-7	0.0034890041673837475
0.21739214293960415	0.035311121690873644	1.7051419879690135E-7	0.03378606772491072	1.803982878617263E-6	2.6643416724206703E-11	3.0807489222925926E-4	0.006921903269648292	0.0164453853832216	6.330133299442302E-6	0.05078587153282478	0.013709500276283116	0.004307982723935493	0.008382252729423025	7.535603232134962E-5	9.036913126249615E-4	0.007499629975394078	0.011586285114916434	0.002244812429446544	0.0018614000826144598	0.001524463701898919	2.50227138548503E-7	0.0	3.832594628421793E-6	3.711188034995201E-4	7.583284875490056E-4	0.0	7.583284875490056E-4	1.3096597723004467E-8	4.565721015840199E-9	7.41521254198656E-8	0.0018384433739133798
2.8606742057478152E-6	1.3181067243909083E-7	2.9111743730380682E-12	1.4757914890223846E-7	7.15622434269866E-11	6.187939768931662E-16	7.127408432219219E-9	7.102683674740936E-8	5.509525299188675E-7	1.436311954235691E-10	7.582590656826474E-11	4.2221215106590127E-7	1.4742065766834905E-7	2.430549704259648E-7	2.430843652808533E-9	1.8794078837063827E-8	6.37190566384709E-8	1.3907838591647304E-7	5.267459864726331E-8	4.7501128016236924E-8	2.9496251055164293E-8	5.557776448636013E-12	0.0	1.6504956729329524E-11	1.2216866073020435E-8	1.4092854445578235E-8	0.0	1.4092854445578235E-8	2.2957788536642994E-13	1.1908390173703457E-13	1.7100106089334093E-12	2.7877526836339554E-8
0.016935982573168223	0.09448616560427248	1.330729384183096E-7	0.09048338474538689	2.2556104172093226E-6	1.3028573798400535E-11	2.5132495302711315E-4	0.0022931389289164122	0.008229539946585247	3.3513674280805852E-6	0.027208106477780686	0.01403609270782458	0.003925617303994708	0.0075941278970528756	6.680855422396775E-5	0.0014197569420707624	0.01380231639823038	0.003480352578079874	0.015578371304605237	0.0022738306299397173	0.002909103262516104	1.8125991605672395E-7	0.0	6.29421803191207E-7	0.0010904000436768493	0.001513986943437959	0.0	0.001513986943437959	1.0946803059689775E-8	3.858878274043632E-9	3.613922626989443E-8	9.866095677231515E-4
8.902049644122285E-7	2.4380395102378623E-6	1.1851293461474162E-11	9.09289103179124E-7	2.9245738825378622E-5	1.096708466667234E-5	6.662766738990649E-8	1.484441686671032E-6	1.9741518819603036E-6	3.1003703232036555E-6	6.564427913663276E-10	1.1357611346783E-6	3.9981092954590915E-7	7.761994927946586E-7	7.132605995955295E-9	5.454559074325695E-8	2.1269609609742448E-7	2.1887154759051155E-6	1.6553277102422072E-7	7.383326693264366E-7	1.9756736592058173E-7	1.2732536618941211E-11	0.0	1.3466549916882115E-9	1.0074776941353921E-7	7.202472454603738E-8	0.0	7.202472454603738E-8	1.2405364073495975E-12	4.4368750680516146E-13	4.995968774137206E-12	1.3944848402157022E-6
7.893878991342731E-8	2.1911105307628285E-7	1.0397997933569044E-12	8.090167856362885E-8	1.8963636444495787E-11	3.011142218628597E-15	5.6441687812499665E-6	1.2862504661505284E-7	1.5670296270271449E-7	5.8367427050529695E-9	5.87400996391227E-11	9.961566294423815E-8	3.517063698403497E-8	6.838651672077944E-8	6.28238261575091E-10	4.837385156032861E-9	1.900264355837478E-8	1.964740577378984E-7	1.4283075725507675E-8	6.515402904640261E-8	1.751812148696871E-8	1.1168612463256363E-12	0.0	1.200336114853982E-10	8.773452137656261E-9	6.352343468217161E-9	0.0	6.352343468217161E-9	2.4155724038683934E-10	3.9186410542418636E-14	8.419133802706119E-12	1.252032803211432E-7
4.58765239234918E-4	2.3334440222746086E-4	5.758515911709514E-9	3.1328816970369733E-4	7.485262981944358E-8	1.6951455015568609E-12	1.7726507350743343E-5	1.5958232989591765E-4	4.1190592664025396E-4	2.2985521469912675E-7	2.067391697465247E-7	7.831169615261538E-4	3.416254303928822E-4	6.431720540480176E-4	6.2051361249101524E-6	2.8451480626410872E-5	4.591930638483551E-5	2.0258586004141019E-4	1.0762830590779751E-4	1.7235111275750334E-4	1.1715380849611627E-4	1.1389921820984427E-8	0.0	4.4699586595239245E-8	1.784048566332494E-5	5.866821574601046E-5	5.140819534585299E-7	5.866821574601046E-5	1.9381450006003598E-7	6.419957388803174E-9	4.728102475367157E-9	7.926417445434738E-5
0.011980153053390416	0.0019350671239745233	1.4164735913345775E-7	0.016390089453262487	3.7992014495445537E-6	2.3724094610125826E-11	2.933507195450162E-4	0.0030893384807383286	0.04087243064934993	1.24728385846303E-4	4.299023373081035E-6	0.017967539588436696	0.006188952014893563	0.012033238331176152	1.1007592851658234E-4	8.786054252532732E-4	0.0030844971146657715	0.011706177279395465	0.0022484216620948594	0.002440191216197892	0.002186879715093423	2.155317551180622E-7	0.0	7.486400545678342E-7	6.353927311581074E-4	0.0011021390537958298	0.0	0.0011021390537958298	1.9175896080429222E-8	6.8241744619688954E-9	6.514116284833079E-8	0.0012505958643743475
0.11920933763875124	0.006699490553628189	7.237794417426712E-7	0.06844297583485288	5.5269453978560655E-6	1.1448453502076149E-9	0.0013597909645530564	0.006312496514230687	0.0576323059245386	0.036379446578547095	1.3117333055664255E-5	0.03867638330944589	0.009076024438083013	0.017242726119782913	1.4634066846223065E-4	0.004457053333531651	0.15461952112076455	0.010421511905586786	0.003294421105325991	0.0033555053205151174	0.0024903848970054573	3.3524407467533697E-7	1.801297579294745E-4	1.4647472767054653E-6	0.0010666134531219101	0.0012193400829135705	0.0	0.0012193400829135705	2.0953366575791577E-8	7.571625668599913E-9	2.874338511039381E-7	0.0027162373917195065
0.0017802712552688143	1.9335485952715666E-4	1.643141945454816E-8	0.0011909728540408326	1.5381175200904653E-7	9.143131757478231E-10	3.3167399214502496E-5	3.3550014219248584E-4	0.0010608066260615599	1.4261787908813545E-4	4.803454342794838E-7	0.008106875675912952	0.001381097717528377	0.002647957069163528	1.998918512020167E-5	0.017211156424911063	9.39045901668848E-5	4.325777126814402E-4	1.7458293914382667E-4	2.8037942452887286E-4	2.548851809735454E-4	2.440768538948035E-8	0.0	8.446285584305608E-8	3.635238918997227E-5	1.270704032826475E-4	0.0	1.270704032826475E-4	2.4243754352179256E-9	8.10415622353533E-10	2.043369091714025E-7	1.4774306725775268E-4
0.002271579705738961	0.03964225311815164	3.69361124232202E-8	0.012656700312304557	6.591687142055985E-7	6.0268941853897815E-12	1.4767832936656212E-4	0.0013318563329301643	0.0024162256221990776	2.1809258488881715E-6	1.9125224211511257E-6	0.004121645929168912	0.0016670188896561477	0.00334666252220364	3.0899066129304246E-5	1.4003662481548097E-4	2.683719909099516E-4	0.0019723436978760366	4.1568270186610355E-4	7.351251856186428E-4	6.536818797672535E-4	1.428021146725137E-7	0.0	2.729163444495502E-7	1.474941408685835E-4	3.287796358475844E-4	0.0	3.287796358475844E-4	6.211054616751805E-9	2.0693096183420808E-9	1.6785546767992365E-8	4.246515899951669E-4
0.07546844062252374	0.007049979330951911	5.735905961239466E-7	0.01846752767062124	5.7816383220874305E-6	1.0522181586584269E-10	0.0012008600263308622	0.012035249595408713	0.02928085144105873	1.9784537204894266E-5	1.335427881065425E-5	0.052844725066752474	0.07178981495552543	0.1314506368044802	9.140169475527094E-4	0.00399917294716889	0.003249719308404553	0.016604229641585394	0.007322427655365391	0.008036727286662897	0.006096361167270277	9.524282689889647E-7	0.0	2.1208532963633076E-6	0.0013012671773114247	0.0028523131420097095	0.0	0.0028523131420097095	4.877085233551429E-8	2.0979202297946996E-8	2.933465292302364E-7	0.003383195505439445
0.08094430506908203	0.005377855926018453	4.76999371012215E-7	0.012309686867586161	3.4054939029737554E-6	5.5990933862139205E-11	6.361932155253776E-4	0.00621152420373115	0.019920799911768775	1.3341872762764011E-5	7.071076781775297E-6	0.03404701195637188	0.007674001409511478	0.014013805966840147	1.1972755852962533E-4	0.003991435640751509	0.0022049344250873984	0.00996728605979595	0.004456560525548991	0.0037479592710755573	0.0024854036376254674	4.6252049018703575E-7	0.0	1.1389095559142258E-6	7.982493965730725E-4	9.58687015836075E-4	0.0	9.58687015836075E-4	1.4416831658573942E-8	5.6158803354027904E-9	1.5591230648290637E-7	0.0018485156207100324
0.0733522149889624	0.005633163524354701	4.920756056357978E-7	0.01401352724652539	4.060490926657557E-6	6.990309044650873E-11	7.977708780655256E-4	0.007981988917227968	0.02261504448418989	1.4742580766741954E-5	9.503484179192548E-6	0.04149276731457043	0.0737605498371278	0.05499597239684552	0.0012740240010491299	0.00371968386652769	0.002502739605046498	0.011726438470003368	0.00520406015974341	0.00537208643226186	0.004242812180238197	6.012934388203093E-7	0.0	1.426868915444459E-6	9.288388913366422E-4	0.0019122020626089866	0.0	0.0019122020626089866	3.228349008727812E-8	1.2370241506511854E-8	1.9475610525668088E-7	0.002299556783146773
8.004924452692466E-4	5.906533849978542E-5	5.109975000995718E-9	1.423663012465677E-4	4.1211274498029286E-8	7.057947588998956E-13	8.037479350772583E-6	7.95064159635697E-5	2.2892734769124095E-4	1.5300748659142345E-7	9.046093840827994E-8	4.0248353922268075E-4	8.128095894775803E-4	5.677594899727394E-4	4.509593614676981E-4	4.027359805755207E-5	2.5357738384337276E-5	1.1963195160660782E-4	5.319398175885731E-5	5.0676901070797764E-5	3.650906468990938E-5	6.058194553322725E-9	0.0	1.432169769540032E-8	9.499179762303477E-6	1.568410286051654E-5	0.0	1.568410286051654E-5	2.551668604701953E-10	1.0347169289984749E-10	1.966311091829395E-9	2.3084236753115062E-5
0.0031314184031322073	3.283399025454566E-4	2.5496260719504367E-8	0.0012981747199290784	6.460627995732608E-7	3.689207184999501E-12	4.257603478627209E-5	4.4322139237030844E-4	0.04456193295473953	1.0584310198382277E-6	6.740385747746242E-7	0.009247459781996498	0.0016308245060279406	0.0031193850363056626	2.391999733761674E-5	0.017311406201334215	0.0010433308368420556	0.0011100870593811216	0.0013734462119336674	3.66030240016886E-4	3.2739162226309946E-4	2.9219109052587554E-8	0.0	1.110672829811144E-7	1.0094765420249809E-4	1.6316357560576308E-4	0.0	1.6316357560576308E-4	2.8260577403364275E-9	1.0028585184411548E-9	1.0102111225374039E-8	1.9178370517801126E-4
0.04836113776257427	0.002793058995310472	3.4344093068926263E-7	0.008887797567441937	1.4920328285076302E-6	1.8884881686141756E-11	2.8090809810225214E-4	0.005325774212861014	0.011613146547093667	4.36210750818128E-6	9.84968301488797E-6	0.03248513775741593	0.007349512326838182	0.014202942792998129	1.1833676261080881E-4	0.0042150108528260215	0.0012414446946869362	0.004276013855174274	0.0015379176870058556	0.001965301658813334	0.0019049655848425008	2.2565096095070838E-7	0.0	5.022676664683365E-7	3.2735540805218713E-4	9.632796994565572E-4	0.0	9.632796994565572E-4	1.7511140741529556E-8	6.1810301002088165E-9	5.2503130783816085E-8	8.413192579002126E-4
0.01164680460125606	0.0163004592799323	1.0124116801375126E-7	0.004607883881514936	3.467066693104415E-6	1.5438655358417388E-11	2.379399683544625E-4	0.03502850184135106	0.00852111869145147	5.29253703910502E-6	2.9034364443285443E-6	0.01218622196519046	0.004050647869056384	0.007877184906613762	7.159308251561744E-5	7.677371666909988E-4	0.004915659940435353	0.002931755542189818	0.038297093575024865	0.0035277594130956563	0.00568808887797693	1.215467092947881E-7	0.0	6.402083472337877E-7	0.002272052171561701	0.003014002275019874	0.0	0.003014002275019874	1.2335755151471085E-8	4.396635044982431E-9	4.285193072486551E-8	9.704235457640487E-4
0.009600598549190018	0.001186307740784048	1.1214524173863776E-7	0.00368891041371062	1.1327916794040582E-6	1.9866199409076357E-11	2.3082090048129697E-4	0.002477158592128875	0.006344061368545808	3.3144024037165195E-6	3.6856452603034773E-6	0.01546027414063303	0.006086475496262179	0.012164603527638831	1.1212665670438249E-4	0.017775919308916237	6.986985768461372E-4	0.0030995466349558296	0.0013380829851535915	0.006724661722529569	0.0146181029183117	1.7768522737739328E-7	0.0	4.232522449944432E-7	2.4163827617713394E-4	0.007863705005997071	0.0	0.007863705005997071	2.146268604557567E-8	7.40900632453722E-9	5.536450667803324E-8	6.823328617819844E-4
0.009838472345690031	0.0010003272874810622	7.56349556153341E-8	0.0022764188990996095	8.753131759944161E-7	1.6370547880057794E-11	1.888830736825446E-4	0.0018640783725116113	0.0038470037196738213	2.685871950551761E-6	1.802492264068036E-6	0.007688458647394106	0.003635332251449136	0.005505369346852632	6.066016196908706E-5	7.691234924838513E-4	4.290581544296895E-4	0.002453694485392548	0.0010497078091134815	0.004469626666183002	0.011388037586223037	1.6341365209840876E-7	0.0	3.279784809090436E-7	1.9044732239245098E-4	0.00943849786551462	0.0	0.00943849786551462	4.279540217271667E-9	2.8875051268998285E-9	4.5667765237178606E-8	5.215177252432625E-4
0.008884573107772485	0.0063849084269025575	7.412389055558731E-8	0.0028650506019212013	9.268538185767852E-7	2.2222172020198777E-11	0.0015839366680969677	0.0031727019711020113	0.005751224152586228	4.372959573879293E-6	2.0122596158146474E-6	0.007379936822931884	0.003514752358595339	0.00566749104406698	6.0267047088556217E-5	6.357921231932329E-4	6.260610371639345E-4	0.004750020894799635	0.0010516166335356382	0.011154252393697514	0.0016967501472824663	1.488441676711458E-7	1.801297579294745E-4	3.550037930512433E-6	3.1551222461229724E-4	3.536060841896531E-4	0.0	3.536060841896531E-4	5.964748726004857E-9	3.151498259021923E-9	6.200127958809518E-8	0.0014149646725350126
4.431150442010016E-9	2.8486251678371837E-6	5.2407553797740595E-14	2.409077679316505E-9	1.0476501032185353E-12	4.5485406757687554E-17	2.383654872562387E-10	1.4790399144006076E-9	6.167947370387426E-9	2.0039941579059094E-12	1.916737873503783E-12	6.7547311020274886E-9	2.755388000504072E-9	5.312109489797424E-9	5.014293651330989E-11	2.976234240642237E-10	8.926580823950351E-10	2.3265028231765224E-9	2.7806436693635784E-9	1.4326854056551445E-9	1.2311904437220793E-9	8.77581438891275E-14	0.0	6.424684786712997E-13	3.140375397958291E-10	6.169059462040976E-10	0.0	6.169059462040976E-10	8.808382720872714E-15	3.196289846316569E-15	1.2701339875557465E-13	1.0634768182747472E-9
6.530890223424859E-6	1.223650662441829E-6	8.008667916444231E-11	3.135007461391918E-6	1.0317559105654401E-9	7.159774001783995E-13	1.2218993016434846E-4	2.352504126711068E-6	5.170249975759468E-6	1.857934261764758E-8	2.760221334308839E-9	9.952976949234735E-6	4.871822009670151E-6	8.898653421078208E-6	8.855751885025452E-8	4.008414226200374E-7	5.752782597112965E-7	3.0196780619369938E-6	1.2373424225820725E-6	1.7531676885936863E-6	1.5306668101983812E-6	1.7485702885709443E-10	0.0	5.106854431523873E-10	2.292066679492622E-7	7.697130463883793E-7	0.0	7.697130463883793E-7	1.3919414706765851E-11	5.475317387569628E-12	2.003141134152553E-9	7.459355847773923E-7
8.791441274180475E-7	1.2097329301889157E-7	9.004390573237638E-12	6.687139636866011E-7	2.682716894988427E-10	1.8708020730257056E-15	1.596659944836326E-8	2.4328841023001535E-7	2.0565880691835658E-6	4.468310964339685E-10	3.887417927477805E-10	1.4777238410613968E-6	3.798159022774926E-7	7.206479947445451E-7	6.271306662047437E-9	6.100517773447359E-8	2.49245585779361E-7	4.472771310399917E-7	1.3140539649310538E-7	1.3622928775385324E-7	1.0907331736003474E-7	1.0520324336469774E-11	0.0	5.115642101405352E-11	4.1767371819738325E-8	5.398482917498602E-8	0.0	5.398482917498602E-8	9.189701025147084E-13	3.38838746203185E-13	5.140838329941204E-12	5.078048483648811E-6
5.469991554749412E-4	9.307298222303017E-5	1.0628625247158556E-8	8.089923980465932E-4	1.1026835283026128E-7	4.0938172409485645E-12	1.9367545835097166E-5	4.557858095718134E-4	8.635703260660754E-4	2.9055954434882994E-7	7.447122431023836E-7	9.054663839501695E-4	3.6533146860661726E-4	7.071255562711567E-4	6.650106308809918E-6	3.5000410428935416E-5	9.367168042272523E-5	3.250834312681612E-4	1.0703503137221164E-4	1.3415004809777276E-4	1.2869703371303672E-4	1.5058289520166206E-8	0.0	3.382055881416348E-8	2.4037217326154455E-5	6.532983857574764E-5	0.0	6.532983857574764E-5	1.1795059656796452E-9	4.250178144921276E-10	1.1426398333937507E-8	5.227881520393358E-5
0.002187943777305257	2.2447176697043233E-4	1.7008617884964245E-8	5.30294460841688E-4	2.0636955532872178E-7	3.646046608801179E-12	4.204677775806092E-5	4.1832046421046496E-4	9.609385369104105E-4	6.030967822775844E-7	4.1459586258946255E-7	0.001988763362403874	8.39977697248971E-4	0.0012967834770377627	1.3899795272959649E-5	1.709657848585444E-4	1.0736363180725282E-4	5.607255635047845E-4	2.3662638381894593E-4	0.0028048339693663923	0.007032795677782118	3.6124180219840484E-8	0.0	7.395905502878497E-8	4.4052113994558263E-5	0.009035546080561339	0.008972507737608935	0.004549285529688461	1.0268398148629945E-9	6.574260148354626E-10	1.0166161415147123E-8	1.1794181494883139E-4
6.564091140095206E-4	6.73578354473965E-5	5.10299828347345E-9	1.591124537588253E-4	6.191537856089294E-8	1.0938798827370996E-12	1.2615806262015346E-5	1.255151065847185E-4	2.883130533904582E-4	1.8097016465470228E-7	1.244008524434387E-7	5.966742004436792E-4	2.520119435551693E-4	3.890721984468251E-4	4.170283774824916E-6	5.129128715474413E-5	3.221262362192499E-5	1.6823849764412193E-4	7.099276582011026E-5	8.414587359726063E-4	0.002109842007246788	1.0837824893010193E-8	0.0	2.2200353776718258E-8	1.3218208417490526E-5	1.8915138128784585E-5	5.1168272718173434E-8	0.002262045413565226	5.342737624621179E-8	1.8589102720789647E-9	3.050031754072594E-9	3.539192881773557E-5
0.002078538115464873	2.132473093382861E-4	1.6158121123577356E-8	5.037776841948346E-4	1.9605027838082304E-7	3.463730158774258E-12	3.994427604088151E-5	3.9740282102280913E-4	9.128878887588849E-4	5.729396076265285E-7	3.938644639066541E-7	0.001889317492649539	7.979755595103713E-4	0.0012319392812953423	1.3204751681319945E-5	1.6241683353789048E-4	1.0199503444323513E-4	5.326871138780665E-4	2.247941482747156E-4	0.023974232158726558	0.006681128658868311	3.43178313152719E-8	0.0	7.02608158654005E-8	4.18493376997402E-5	5.9886181684113374E-5	0.0	5.9886181684113374E-5	9.754938476062354E-10	6.245521681625161E-10	9.657813975173039E-9	1.1204426746293314E-4
4.8567146259133154E-8	1.9747985105352473E-8	5.115098827818918E-13	2.619254038337895E-8	9.193742703888494E-12	3.0075741434277943E-14	9.406823362164727E-9	2.3655665143266887E-8	4.6040018752131945E-8	2.9005648267792016E-10	1.8065254624094013E-11	5.0235940985638436E-8	3.205038322914024E-8	4.843118132657129E-8	5.531954284962569E-10	3.1061550543085497E-9	5.271519865709211E-9	3.277129200544103E-8	1.0664861231106478E-8	1.511900313647744E-8	6.322676604244195E-9	1.5030244280261477E-12	0.0	5.086079180630493E-11	1.522624536204151E-8	2.771761869347625E-9	0.0	2.771761869347625E-9	4.841902838794174E-14	1.606505759289026E-8	8.415110249103344E-11	1.1336862415592414E-8
1.3107088365915149E-8	1.1153095435335695E-8	1.4243562690596284E-13	7.933770810747339E-9	2.5157914844817227E-12	4.109066879205044E-17	6.458815965164507E-10	9.314227688571877E-9	1.332281742341365E-8	8.5557473572156E-12	5.589261069879089E-12	1.3310188035748721E-8	8.297700044268084E-9	1.2630937536261968E-8	1.433094899378473E-10	8.267716696765025E-10	1.560261294304029E-9	1.3398738787815834E-8	2.7519996189893784E-9	4.960389227236302E-9	1.7684682436898437E-9	3.8628469877533854E-13	0.0	5.865686662019581E-12	7.561034994427319E-10	7.351747935768552E-10	0.0	7.351747935768552E-10	1.1919703205603534E-14	7.353845106135849E-15	1.144693769771716E-13	6.461945489417052E-9
1.3115509087155889E-7	1.9243463483478756E-7	1.4642631575024781E-12	1.1807937309134154E-7	4.5972499088679706E-11	1.722801108925474E-10	3.619301679592925E-9	1.254012304238504E-7	2.044195027945097E-6	8.206068371184279E-11	7.352273620184843E-11	1.5969774803141787E-7	4.89716721240332E-8	9.42233990549378E-8	8.476766889494784E-10	9.685755768889479E-9	4.279736027837419E-8	2.1481028247462154E-7	2.5596498711396995E-8	2.948719396399485E-8	1.7887326911641528E-8	1.5084683608563455E-12	0.0	7.273991800824586E-11	3.794123872077336E-8	8.486983775949431E-9	0.0	8.486983775949431E-9	2.1675110353505326E-11	5.009552885905397E-14	4.820448705359457E-7	3.236418357990338E-8
0.0030107181030308945	3.544692322081784E-4	3.1191254518509226E-8	0.0011706966016112135	3.306644410815537E-7	5.812506652559691E-12	6.962158305313407E-5	7.504041542746698E-4	0.0017800676375518824	1.4013547084377818E-6	9.577616843365904E-7	0.018349644389304195	0.003136576034202808	0.0059960060726013285	4.538306805897208E-5	1.6892692443221105E-4	1.9508942738225078E-4	9.087259435114761E-4	4.5340206669657117E-4	5.834390857114147E-4	5.734739419764903E-4	5.094347016052095E-8	0.0	1.2605088609126545E-7	7.096880360136316E-5	2.8890503015991184E-4	0.0	2.8890503015991184E-4	5.169120105807645E-9	1.8322732761214893E-9	1.6200811273419208E-8	2.0499309748977373E-4
