32
NULL,time@time,open@__open_nocancel,read@__read_nocancel,mmap@__mmap,munmap@munmap,mprotect@__mprotect,rt_sigprocmask@sigprocmask,exit_group@_Exit,rt_sigaction@__libc_sigaction,sched_yield@sched_yield,write@__write_nocancel,syslog@__syslog,getpid@getpid,writev@__writev,close@close,open@__open64,fstat@_fxstat,read@__read,close@__close_nocancel,mremap@mremap,stat@__xstat,socket@__socket,fcntl@fcntl,connect@__connect,madvise@madvise,lstat@__lxstat64,openat@__openat64_nocancel,getdents@__getdents64,lseek@llseek,getrlimit@__getrlimit,write@__libc_write
0.8937897316982958	0.0074406850868673335	0.01110187496535194	3.9776433805499294E-6	0.015964425696667568	0.001608340746042263	1.7392863697271894E-5	0.014490325407654029	0.00496039915642781	0.009674515286797048	8.857581167092611E-5	2.4038238033849987E-4	0.0011426190446837837	0.001514253621772475	0.001058392953623616	8.935821944319212E-4	7.587358905282611E-4	8.089211567991999E-5	1.3904529378699302E-7	1.2030725910029546E-8	8.939226900619984E-7	6.29544967449043E-4	3.7955023609454884E-4	0.0	3.7955023609454884E-4	2.542229564505872E-8	2.6949932947427484E-6	2.7053596703399145E-11	2.1806518841107515E-8	7.75115747162621E-9	7.491985058062246E-8	0.025897659223233005
0.0015611627591469862	2.4439618777370595E-4	0.008466791449291597	1.9983982675251987E-5	0.005348199736561913	1.736135940779952E-4	8.634377551993364E-7	0.001568597292223873	4.2896884371850896E-4	8.393826333732839E-4	7.3332753438800916E-6	3.517140370776928E-5	1.6560489225763965E-4	5.712656358223782E-4	1.2160199490267482E-4	9.014119333547221E-5	6.693753123859661E-5	7.5220184804183515E-6	1.2974430182066436E-8	1.4907741796234765E-9	1.1517244297477957E-7	9.973364773165055E-6	3.289104617838437E-5	0.0	3.289104617838437E-5	1.02617531999167E-9	5.54068884909545E-7	2.5920115613881122E-12	1.7229198836304795E-9	6.014061938272707E-10	7.059132510257839E-9	5.450439514047923E-4
0.005608117557194466	6.53468384823355E-4	0.009823121037438938	0.0033483183949170737	0.007262905314633026	6.841945166938473E-4	3.8053290725575436E-6	0.004083212197603087	9.423269518602619E-4	0.0017289208134843718	1.4905373483397623E-5	2.905921476348465E-4	0.010506184393085781	5.040580568481964E-4	2.819110123093856E-4	2.7566197962668E-4	1.1976566925864869E-4	1.3799754751008786E-4	3.0400654858218134E-8	1.2548986330020775E-5	5.189112072477974E-7	3.202519466705199E-5	5.219516011639196E-5	0.0	5.219516011639196E-5	1.0151711970377226E-8	1.0555764171926045E-6	2.6212631353452395E-10	2.5890192730669616E-9	1.0089943924052106E-9	6.776649753060296E-8	0.0018390840252589808
1.886717954819578E-4	3.4426463300203796E-5	1.8514313485788278E-4	7.030867005664674E-5	4.1527306514609064E-4	2.5035238491375486E-5	1.1547278220067784E-7	5.894961452236369E-4	9.698317958404763E-5	1.8605359456227158E-4	1.3888091349860624E-6	0.0011721165138785469	9.363473376983562E-6	1.6769008546656728E-5	9.169638127379459E-6	1.6062044642059353E-5	8.36159082096254E-6	1.4179338585706414E-6	1.4537597652458125E-9	2.4181248692159725E-10	2.7674279363650454E-8	1.0310977385077215E-6	3.7949481056060578E-6	0.0	3.7949481056060578E-6	1.4363840247152004E-10	2.7604404526157286E-8	2.0840654212754325E-10	2.438566573902691E-10	7.618948180703596E-11	4.569574377934995E-8	8.160782143375203E-5
0.003028277351110759	3.948404949552281E-4	0.0017456395346606467	9.287242862198298E-7	0.04319089004024142	0.041130789323209446	0.013173561491285084	0.0024527325688448844	6.956067584070959E-4	0.0013547383336543815	1.1960324271026559E-5	1.1072445909988107E-4	0.0010510980760534817	2.3678940565347294E-4	0.0010676488598565376	1.6640754529343712E-4	2.0465259592215062E-4	1.2722044829375905E-5	2.5056738723795222E-8	6.531711620514879E-9	1.4802943796855603E-7	1.8438357029801372E-5	1.0588843026712442E-4	0.0	1.0588843026712442E-4	3.81656709584199E-9	6.175507345043577E-7	4.058961873360552E-12	2.8139521229567316E-9	9.875065821592314E-10	1.1217897160960248E-8	9.222563156553136E-4
0.006701358590867421	9.525110488445872E-4	0.0020713159347337377	2.813751946826568E-6	0.01588549441615196	0.012925959058149174	0.024590122384580054	0.0035650056560362266	0.0010974144999845842	0.002169942039680473	1.9343606566842185E-5	9.536600620060799E-5	6.14345996329811E-4	8.107091105386658E-4	3.1316150377802294E-4	2.197324392011952E-4	1.804378902190525E-4	3.598128261840999E-5	4.1704402300769776E-8	4.499829979069653E-8	9.59713506139072E-7	2.5365126558186543E-5	8.973826105072729E-5	0.0	8.973826105072729E-5	4.033676327865908E-9	6.330174735303055E-7	1.2989781917327474E-11	4.87127211828548E-9	1.6754048041046494E-9	3.619111073653822E-8	0.0015860836761389795
0.0028571516206646946	3.675604773952594E-4	9.740674392968059E-4	5.430808761718339E-7	0.0063925880834768255	0.01902783496538153	1.5067858036505602E-6	0.001775301832273629	6.273487120590457E-4	0.001264258701379015	1.1447564947054243E-5	2.6283250152003796E-5	1.0047918043362434E-4	1.668726169653631E-4	1.0306117389585798E-4	1.132291928794007E-4	1.0390456766890736E-4	9.706063607435369E-6	2.6945493297691942E-8	1.3061984012149894E-9	1.069611386464812E-7	1.4097122418379178E-5	5.2482262806709226E-5	0.0	5.2482262806709226E-5	1.2279107830584889E-9	3.184663527621271E-7	3.171348707049628E-12	3.1274819065903285E-9	1.0529395454166348E-9	8.80308053940323E-9	6.702493070517038E-4
0.012720704429689289	0.0017469658819338426	0.004179706975760124	2.9273336882016003E-6	0.004953727280445511	6.804106099202688E-4	5.423080308814449E-6	0.01005570017188579	0.011038152842936683	0.02037179808094856	1.3781430685429758E-4	2.83458792611315E-4	4.4017149951562054E-4	8.23132837095627E-4	6.042063139754977E-4	5.160684417632166E-4	3.774297773347038E-4	4.913366708401093E-5	8.956229975608998E-8	1.5438199785225052E-8	4.560018549507074E-7	6.262302494648166E-5	1.74850980418367E-4	0.0	1.74850980418367E-4	8.503144774648076E-9	1.5004660588004387E-6	2.2625403975775954E-11	9.397097553669021E-9	3.933627152784211E-9	6.29138235919399E-8	0.0030001976975979595
0.009270054165905914	8.741040675453922E-4	0.0029180212824460885	2.3921160765004904E-6	0.003448579424999411	4.654573817572054E-4	3.560879817587743E-6	0.008310676539174312	0.0016731941921814808	0.0030594957646765952	2.5279617118678427E-5	3.038401580299233E-4	3.0732018155786963E-4	6.187486183608438E-4	4.390121857368327E-4	3.0931811604011073E-4	2.0247500865468843E-4	3.4891886725159196E-5	4.3347974280405364E-8	1.7221554410995E-8	2.974835743993466E-7	4.43713027522609E-5	8.155128663922363E-5	0.0	8.155128663922363E-5	8.156538948957447E-9	1.0665905563338901E-6	1.6092755495866912E-11	3.8252049130924306E-9	1.5311912407913497E-9	4.471864935116896E-8	0.002135062519359187
0.009877096879021469	0.0011703685979045917	0.0032888060863474565	2.4233225154613613E-6	0.003846986729178795	5.149209255978746E-4	4.216779326514926E-6	0.00872684286429341	0.011769777594584335	0.008920911411419088	2.0194259010481163E-4	2.7525198927009896E-4	3.455426420300699E-4	6.556789625260562E-4	4.747125083967935E-4	3.796095718338284E-4	2.831644631768269E-4	3.791175315460711E-5	5.656866236890979E-8	1.5361835283374604E-8	3.36131378079203E-7	4.7825646484791085E-5	1.266318838910285E-4	0.0	1.266318838910285E-4	7.83428341772224E-9	1.1615908687820468E-6	1.7354302220599003E-11	6.637154030515006E-9	2.5610277575527975E-9	4.823390579767353E-8	0.002299558791640557
1.0321292580163684E-4	1.1370755372565675E-5	3.31906634692637E-5	2.562139255179724E-8	3.918910346609887E-5	5.308407143984491E-6	4.157534542577189E-8	8.928269416331906E-5	1.3063128635075626E-4	9.419402928119834E-5	7.13035718274467E-5	3.000234740056516E-6	3.4940989095350973E-6	6.8247577753209375E-6	4.90381656348733E-6	3.7352848853852346E-6	2.593358377544167E-6	3.9255698852306793E-7	5.679502893448396E-10	1.6823134843313896E-10	3.4522813351992614E-9	4.988661547461387E-7	1.1173330025694138E-6	0.0	1.1173330025694138E-6	8.33092187795222E-11	1.200120852310753E-8	1.8074873077179725E-13	5.6287368383676133E-11	2.275392789985247E-11	5.02377006441653E-10	2.3972099426688037E-5
2.0925458130589423E-4	3.513967671076327E-5	0.00296430721434462	9.858699700457892E-8	1.1689842476586523E-4	2.390777731468829E-5	1.301272090979866E-7	6.867048516264921E-4	1.1240229046108085E-4	2.140770132073986E-4	1.5988404276877832E-6	0.0011763316307475075	6.186266490924919E-5	3.993746828976792E-5	8.87647187848633E-5	1.3284157999795556E-5	9.573054046751444E-6	1.1825281444115023E-6	1.4382385669114815E-9	4.162466704929559E-10	1.7298572947218212E-8	1.4008717573121161E-6	4.62609646327656E-6	0.0	4.62609646327656E-6	2.1938095253662112E-10	9.326185472528581E-8	4.1984092449315804E-13	2.3796242615259845E-10	8.523641628689E-11	1.140740316564954E-9	8.02035171469318E-5
0.0021547377768455305	2.4249069299741856E-4	6.543660715335441E-4	5.723350854945584E-7	5.648973513796908E-4	8.95474620271422E-5	1.4727710231138246E-6	0.0022351307413393043	4.470317136902516E-4	8.247155592146521E-4	6.771134915985279E-6	2.706509764794866E-4	6.904968810650351E-5	1.0302535151440245E-4	7.41391543929267E-5	5.382508170729405E-5	4.000175634686612E-5	8.551242349459658E-6	1.1715001937988002E-8	8.52036990447684E-9	5.919399592066208E-8	7.777448480077552E-6	1.9568790399189946E-5	0.0	1.9568790399189946E-5	3.704359203681981E-9	2.030133351817322E-7	2.664032368528861E-12	1.0599999153806145E-9	4.159315154069934E-10	7.398736518896084E-9	4.0864159012760326E-4
8.051717558971727E-4	0.0023926037694479894	6.275230205152388E-4	5.321924175362507E-7	4.296574656594546E-4	0.001024155263474942	5.176501480356016E-7	9.305591029422681E-4	2.499922248880025E-4	4.820184341323079E-4	4.223730099167375E-6	3.965011379628736E-5	3.142707267943173E-4	9.968067016004587E-5	0.00236750155906928	1.4989875698005325E-4	3.0080883605682307E-4	4.654732158724162E-6	5.6803722663149214E-9	1.783681558919943E-9	6.221626265279939E-8	1.3051093366091096E-5	1.617395242028044E-4	0.0	1.617395242028044E-4	9.539199214121522E-10	5.510163322444443E-7	1.5814122002505617E-12	9.345655346587639E-10	3.3622842187372997E-10	4.350456833761646E-9	6.046888152403027E-4
9.540518374497788E-4	1.8193410048492837E-4	4.304717884870834E-4	2.2006812949317678E-7	4.3241552871888504E-4	7.344769363588739E-5	6.145761053802018E-7	0.001015933094191555	3.434567760477329E-4	6.857626465974873E-4	6.191135041734929E-6	0.0011946270975920585	4.471169637676131E-5	6.510292867714617E-5	5.0653747438881666E-5	3.607447557242367E-4	8.928563936488734E-4	3.981812832244131E-6	7.648235250422236E-9	1.0892215774455561E-9	3.794200076896318E-8	4.628868516233329E-6	4.841674354448105E-4	0.0	4.841674354448105E-4	7.641407590226048E-10	1.267925737747033E-7	1.6912566969330646E-12	1.6140061587678236E-9	5.563673161680516E-10	4.6981124311109035E-9	2.267464048080451E-4
8.801105542894127E-4	1.2176278577016224E-4	3.079922269685185E-4	2.2658468471070742E-7	2.7924391087442047E-4	9.291936469744308E-5	3.769188384673847E-7	6.138321001908814E-4	2.166663399201652E-4	3.45166680151579E-4	3.540024219000217E-6	4.113042095742376E-5	3.240131536694083E-5	5.1873857885984774E-5	4.117591290452894E-5	2.58112184653048E-4	7.527435911233295E-4	3.429946992920028E-6	7.397521737170352E-9	1.595229136145448E-9	3.2376444899905956E-8	4.137143116335595E-6	6.33558470459396E-4	0.0	6.33558470459396E-4	8.703738022572169E-10	1.0432817083923155E-7	1.4759148289958281E-12	3.916213314417506E-10	2.3204709674294035E-10	4.103919758862602E-9	2.0446474816831765E-4
7.81620357693764E-4	2.0744718460024997E-4	4.3551642985188385E-4	3.9458848374412384E-7	3.2109777058589176E-4	7.517245823997242E-4	3.808600035565514E-7	5.731744699015007E-4	1.9916699247419302E-4	3.320830616049954E-4	3.311301877596096E-6	3.240857127369355E-5	4.971001484522675E-5	2.021753777053777E-4	4.5767453804501814E-5	3.9512620486526265E-4	5.485285335385475E-5	7.808674338855825E-5	6.3964063255198995E-9	1.2527679183233804E-5	5.191276025060255E-7	1.0956911339224415E-5	8.967665829404114E-6	0.0	8.967665829404114E-6	9.532583715224198E-10	1.1580703048123731E-7	2.47839530424458E-12	4.6367734021969967E-10	2.3242744127838819E-10	6.902245169083993E-9	3.334960863855633E-4
6.530653793860706E-5	1.3019469572471078E-5	6.690335032386915E-5	2.3425039137342556E-8	4.775370940161242E-5	4.6930651091025366E-5	3.7651714680175345E-8	7.018112371450085E-5	2.281524370987719E-5	4.328479509353101E-5	3.981301193581298E-7	1.2662050132463967E-6	6.777542749630323E-6	6.978030130221597E-6	7.842307278345311E-6	6.8338577236577854E-6	3.4767767785453043E-6	7.280190263545012E-7	5.490591371375243E-10	7.79011095283095E-11	5.578269021913303E-9	3.7319644782573145E-7	1.7037674939427693E-6	1.1442037980099141E-7	1.7037674939427693E-6	1.5455460911906682E-10	1.4021263360518582E-8	2.1681839565409092E-13	4.2996510009779486E-8	1.3753072974377792E-9	6.023074121298993E-10	2.214061713882118E-5
2.1127975817882213E-8	3.903737100421153E-9	1.056359646623432E-7	3.06867120841048E-11	1.4320124699598024E-8	5.574543634290886E-7	1.2809275264957263E-11	4.413999149908607E-8	8.283464960716526E-9	1.570602973119938E-8	1.2445758186522244E-10	1.031262399597151E-9	1.0337414633258413E-8	5.547122186780271E-9	7.47672609328815E-9	1.589036208756436E-9	1.0231622506784801E-9	1.6237850526126287E-10	1.3886427750381288E-13	4.031109090567836E-13	2.503022631942892E-12	1.6471584922102618E-10	4.6447115466920507E-10	0.0	4.6447115466920507E-10	3.334754715150938E-13	1.3365551245578991E-11	8.484583007979001E-17	2.0955184643917627E-14	7.678903133476761E-15	2.3248024062912487E-13	1.1307165192040792E-8
1.0270047888927804E-6	2.067446828963366E-7	1.319842608588809E-6	3.952894734443555E-9	4.997578757518566E-7	8.879121063783421E-7	5.633670965988612E-10	1.0707168633010697E-6	3.4686412831848213E-7	6.467135916789214E-7	5.99758923811291E-9	2.1195751124599953E-8	1.3211025328012041E-7	1.3269826770044164E-7	1.092408411641634E-7	6.433723783352934E-8	4.6952991409369426E-8	9.04945788200313E-6	8.648686184376949E-12	1.629188769980208E-12	1.0193500230840414E-10	5.871100722563436E-9	2.2779988636354312E-8	0.0	2.2779988636354312E-8	3.5066765454472187E-12	2.379496452407252E-10	1.6041105353898486E-13	1.2849686893953749E-12	4.858659287415007E-13	4.4875867873512594E-10	3.356656343241505E-7
1.4052813546057847E-7	4.3506773715779816E-8	1.935938698761985E-7	7.413012859472547E-11	1.1991055553332357E-7	1.8656911429372493E-8	1.1893416052793753E-10	2.2910866381463784E-7	5.2115638826503574E-8	1.0010072311960705E-7	8.410456548493715E-10	4.55659749117879E-9	2.318264689208472E-8	2.9624168342970392E-8	1.3204635199016106E-8	9.976672043394509E-9	6.850569476988992E-9	8.460064932520742E-10	1.0141554366201575E-12	2.067201338728823E-13	1.4146189001817012E-11	9.875285946888995E-10	3.3086485408880523E-9	0.0	3.3086485408880523E-9	1.2199384531464658E-13	6.883612009164719E-11	4.065055731959867E-16	1.7056624362042863E-13	6.140320226376623E-14	1.1121336085235535E-12	1.1978499033090386E-6
2.5956285989142236E-5	9.648257626576728E-6	2.1693020307562395E-5	7.252658980927787E-9	2.129154127221555E-5	2.3422822132839146E-6	2.2557450990478032E-8	2.4243230028146756E-5	7.975259193607067E-6	1.488588946672325E-5	1.3837570642696592E-7	5.100698300913955E-7	2.3346559474435207E-6	5.488319562659774E-6	1.892775073343836E-6	1.4280423119551743E-6	1.098796334144649E-6	1.8610694063389916E-7	2.536144512084343E-10	2.211537728929504E-11	1.5472737328158453E-9	1.7083240810409E-7	5.426608305894876E-7	0.0	5.426608305894876E-7	1.5890064512218302E-11	6.7730725111986445E-9	6.8041132215178E-13	2.951863895725134E-11	1.1281521154105363E-11	1.901539555618591E-9	7.742905086219921E-6
1.920810615386074E-4	2.6719511469249948E-5	7.129133559881674E-5	4.4748958268568656E-8	6.233707898202777E-5	2.005655363064856E-5	8.314143174261773E-8	1.5224585508086982E-4	4.950665094687095E-5	7.99772753219083E-5	8.009933034335353E-7	8.877635207086332E-6	7.540858971292225E-6	1.1987670341839477E-5	8.883322861175284E-6	1.784951022402389E-4	4.7290199662726804E-4	7.445114068883491E-7	1.6111477804326057E-9	3.126858028561113E-10	7.292598271978002E-9	9.150319071064218E-7	6.139291985331363E-4	6.121650420815786E-4	3.078462215965364E-4	1.8877888579617337E-10	2.4407972966044094E-8	3.2121459750794567E-13	9.038123526071683E-11	5.183264382362671E-11	8.92484673495671E-10	4.530940617367728E-5
5.763464230281463E-5	8.019763158467231E-6	2.1395915662151094E-5	1.3434809243461614E-8	1.8708532880742463E-5	6.023078824484295E-6	2.4951023756038365E-8	4.5684425724335855E-5	1.4855575407300611E-5	2.400030632098716E-5	2.4036233027160895E-7	2.6634662929275283E-6	2.2631537305256156E-6	3.5985259961422967E-6	2.6657785933953295E-6	5.3549409664958496E-5	1.418709258324769E-4	2.2359672388782578E-7	4.834238003270837E-10	9.382486627846336E-11	2.1919568093753752E-9	2.7458866043710514E-7	5.295347532513829E-7	1.1388637859754001E-8	1.5357102322155163E-4	5.664827432434193E-11	7.324289405988963E-9	9.638412559568986E-14	1.1850004040435712E-8	3.8539484606315903E-10	2.6780006950086877E-10	1.3598467629812552E-5
1.8247626461347013E-4	2.538343242249063E-5	6.772649273787278E-5	4.2511337061468785E-8	5.9219983627948464E-5	1.9053648278619428E-5	7.898403818410431E-8	1.4463297274342136E-4	4.7031126681337E-5	7.597810183786171E-5	7.609405363556752E-7	8.43371906742893E-6	7.163786820189998E-6	1.138824040160191E-5	8.439122316787583E-6	0.0016234578696959633	4.492550654477255E-4	7.072829533680965E-7	1.5305841521212825E-9	2.970503018142617E-10	6.927940117249525E-9	8.692767682219368E-7	1.6759417971530013E-6	0.0	1.6759417971530013E-6	1.793392104460793E-10	2.318747979604995E-8	3.051526237051125E-13	8.58618234896206E-11	4.924081090667444E-11	8.478569836075642E-10	4.304376040094573E-5
3.679451811862528E-8	2.281476437638401E-9	8.763763561163547E-9	2.1899920463755103E-11	5.166945386712982E-9	1.7814494310055326E-9	5.6248387206288575E-12	1.5143120502523816E-8	3.705115951680933E-9	6.513662718786177E-9	5.830281200199435E-11	3.791566035327092E-10	1.0030950758455408E-9	1.5138938638572812E-9	1.4599511175876726E-9	6.794201773249494E-10	4.3175159321997195E-10	2.5685425574813056E-10	9.363303941850995E-14	5.128895602603583E-13	9.61008402544112E-13	9.203142051439058E-11	2.0920582514679812E-10	0.0	2.0920582514679812E-10	1.0128257503161078E-14	3.4384670644171917E-12	7.73919384858349E-17	8.396812045468357E-15	3.767559211477708E-15	2.1549134068600825E-13	6.635218487053827E-9
3.427781837147638E-7	2.535850033154989E-7	8.038282531505953E-7	7.245181019533179E-7	3.061240310467297E-7	1.0671167629989635E-6	2.9872824653806594E-10	4.7464112178864195E-7	1.141613943042486E-7	2.2097357565292124E-7	1.879273667170183E-9	1.1013414953787119E-8	8.496282233053654E-8	3.0918150630523936E-7	5.8156100996597525E-8	9.47755382590585E-8	2.3499890561844445E-8	8.521939906047722E-9	2.302564531333854E-12	2.537321214089013E-12	5.37009477182453E-10	3.2098312094049148E-9	7.909544744107886E-9	0.0	7.909544744107886E-9	1.842438741149312E-12	6.509385379578913E-6	2.4409687691056052E-6	4.027920493496488E-13	1.432510051030435E-13	2.614996628576637E-12	5.321952474501165E-7
3.514262809724214E-8	2.367175612925985E-8	9.373378462557541E-8	1.3865064848827111E-9	3.0554309177921156E-8	1.1460323354791476E-7	2.953390134836992E-11	5.1893571273931395E-8	1.1962616700262131E-8	2.3089632622075302E-8	1.943095761287025E-10	1.2085950691475375E-9	9.876262943011451E-9	2.9007596506143053E-8	6.764046549349173E-9	8.820333439151335E-9	2.313777341804819E-9	1.2557104492257023E-6	2.3499417641121746E-13	3.264411927774007E-13	4.8749846939995797E-11	3.221784491234531E-10	8.010993541100097E-10	0.0	8.010993541100097E-10	2.385204992597292E-13	1.5684695470937217E-11	7.517882505807286E-16	5.516561365642249E-11	1.4417495546073333E-14	2.097847871138734E-12	5.025109559250652E-8
2.0573056753078067E-8	4.170327982002546E-9	9.041807274740239E-9	6.731191271601906E-11	8.224708416272139E-9	5.586305389614955E-9	7.927932948295082E-12	1.1374364917319612E-8	5.431024654167056E-9	8.50413596658347E-9	9.237875846312969E-11	2.7112066383873443E-10	9.718037485842207E-10	2.5349578054059316E-9	1.1209154132385317E-9	1.1752597841071718E-9	4.97152251789194E-10	1.6987332217934405E-9	1.9493235616195003E-13	2.0737253606307095E-14	1.2800477534418518E-11	3.1532829648680343E-10	2.1702403591244073E-10	0.0	2.1702403591244073E-10	1.4649002665881188E-14	2.87221715888947E-12	6.841524743654689E-15	1.1972550341435672E-14	3.5756363487051666E-9	1.9142058697564778E-11	1.5058029315465388E-8
5.505207613902155E-9	1.6273322233447538E-9	2.4773469044818074E-9	1.7760595218708744E-12	2.534847528517122E-9	2.9432333921302316E-9	2.4378640447467736E-12	3.148666264319671E-9	1.4518914349127164E-9	2.30432009372886E-9	2.4719270154444303E-11	7.688546927357823E-11	2.8556066360470586E-10	1.3801948727210701E-9	3.0044721080604337E-10	5.126513074366803E-10	1.5831698933744742E-10	4.775053241475628E-11	5.114113122316193E-14	4.563613756257046E-15	2.2252188503954523E-12	3.287864649442872E-11	6.140601268638099E-11	0.0	6.140601268638099E-11	3.116278457054273E-15	8.436066073680785E-13	1.0508692714556746E-17	3.135513229925789E-15	1.7656810486651365E-15	2.9175452108321224E-14	2.978799044743601E-9
3.330266435583462E-8	2.1280730419205278E-8	4.466431626223018E-7	2.2798333956976995E-11	3.022985462239519E-8	5.213335242995892E-8	2.923786030581395E-11	4.716657710707005E-8	1.1188789732644747E-8	2.1583641645727793E-8	1.831567638036809E-10	1.3166022502964953E-9	7.362315503310713E-9	2.7302824457958845E-8	4.600561533006362E-9	3.433019480592351E-9	1.8035922365888865E-9	3.0560937989631976E-10	2.252708549577603E-13	7.281240161298785E-14	3.198126529327656E-11	7.376427552309697E-10	8.266366490599057E-10	0.0	8.266366490599057E-10	4.711844103436264E-14	2.140596988034012E-11	3.9180207125255634E-11	4.936389285873192E-12	1.3784414307450682E-14	1.0962737970010856E-7	4.2728668473967574E-8
0.04225519214839361	4.505341719979378E-4	9.683396636173596E-4	4.834624847258E-7	0.0010476706816951661	2.589534348954476E-4	1.162161119928033E-6	0.004858542527096888	8.848338548702597E-4	0.001676244144849775	1.3133587431491015E-5	2.8489572029859242E-5	9.927177803204708E-5	1.541847948844824E-4	1.0573427114359655E-4	9.128438502328698E-5	7.61498335244598E-5	8.269412983381366E-6	1.561948343523225E-8	1.4789659699944845E-9	8.744828097103164E-8	3.7932347610871445E-5	3.773000693696578E-5	0.0	3.773000693696578E-5	3.3089805753608212E-9	2.6534903789818244E-7	3.0127240049069347E-12	2.144726264863426E-9	7.850591767080487E-10	8.358090745581752E-9	0.007987479757558697
