33
NULL,getsockname@getsockname,write@__libc_write,time@time,open@__open_nocancel,read@__read_nocancel,mmap@__mmap,munmap@munmap,mprotect@__mprotect,rt_sigprocmask@sigprocmask,exit_group@_Exit,rt_sigaction@__libc_sigaction,sched_yield@sched_yield,write@__write_nocancel,syslog@__syslog,getpid@getpid,writev@__writev,close@close,open@__open64,fstat@_fxstat,read@__read,close@__close_nocancel,mremap@mremap,stat@__xstat,socket@__socket,fcntl@fcntl,connect@__connect,madvise@madvise,lstat@__lxstat64,openat@__openat64_nocancel,getdents@__getdents64,lseek@llseek,getrlimit@__getrlimit
0.42406165770791054	0.49991227143715844	0.01739268616728612	0.0050661168684031374	0.00791146478888691	2.4364282900461785E-6	0.010975206477617414	0.00141955936690776	1.2019869162654504E-5	0.00977589780155103	0.003240897031983392	0.006449458985394768	5.8132182140633845E-5	1.5797231587059136E-4	8.069059466662723E-4	9.013574983596944E-4	7.13219101952405E-4	5.732870693755511E-4	5.152425772906089E-4	4.894414505620306E-5	7.730652836181803E-8	7.755231045328063E-9	5.300979387869514E-7	3.478830744584999E-4	2.595819938911334E-4	0.0	2.595819938911334E-4	1.2318640568830146E-8	1.7271256276033747E-6	1.6873911570495393E-11	1.4976871238666522E-8	5.177033664942702E-9	4.6691565545138774E-8
0.3632321192133325	0.0	0.03799964301152251	0.00839931823937372	0.012769337593001223	4.038894598270201E-6	0.018188614539938166	0.0020243362274333554	1.99027272416483E-5	0.016172118855212955	0.005367239878127484	0.010679308956639823	9.628444112333384E-5	2.6154957747517583E-4	0.0013083968586686807	0.0015155983681725054	0.0011748133285701505	9.723040655773838E-4	8.571694529129992E-4	8.668996903752315E-5	1.2813011944766796E-7	1.2940411341166917E-8	9.280468203164723E-7	7.684701104817762E-4	4.308051110001705E-4	0.0	4.308051110001705E-4	1.8878607562312927E-8	2.8661456583258686E-6	2.838169809572346E-11	2.4802030242745987E-8	8.575489933240006E-9	7.85466951257125E-8
0.10712698650210516	0.0	0.021898417599954336	0.0013338710742507546	0.00263888285495683	1.0644312694654075E-6	0.0030805949452168495	6.493876213673102E-4	3.4299175850155517E-6	0.010756230575228795	0.0020225500840188376	0.003909938678848781	3.0757858537279454E-5	6.841997111118929E-5	2.689319235424057E-4	3.3490147367618527E-4	2.6687784616814917E-4	2.234761078726244E-4	1.9843297080519563E-4	1.9508601819250403E-5	3.061099521747667E-8	3.483257858669352E-9	1.9888838082319713E-7	1.1888005769986388E-4	9.924012751959141E-5	0.0	9.924012751959141E-5	4.939236549391842E-9	6.322155902426148E-7	6.9734988994145555E-12	5.676037697736679E-9	1.987894053375068E-9	1.932780044868963E-8
0.003458333329394534	0.0	7.712607311630422E-4	5.489171978927123E-4	0.017566213048327256	4.1362645267821395E-5	0.011139731292546291	3.7945546627977554E-4	1.8703317847180487E-6	0.003327309603046144	9.241741536039167E-4	0.0017975060951115956	1.5809296861402472E-5	7.433215361180301E-5	3.4834555048250166E-4	0.0011985392283236686	2.577589597980612E-4	1.9243517396398931E-4	1.4210629588515448E-4	1.6032319445895238E-5	2.9179327398660468E-8	3.170086741029183E-9	2.4510226789688725E-7	9.71915252776557E-6	6.980122048847618E-5	0.0	6.980122048847618E-5	2.9542595453342157E-9	1.1666539755289598E-6	5.575511361262675E-12	3.666227387608302E-9	1.2925671330737259E-9	1.5197067751657026E-8
0.010556345157902143	0.0	0.0031632336279166055	0.001565145928079863	0.020637500927580744	0.006923491339791609	0.01541205640613282	0.0015230034873641022	8.268757082258763E-6	0.008916436083036182	0.002159718642044287	0.003918197637206717	3.444488766185337E-5	6.106611685016266E-4	0.021755446876245307	0.0011519497964915981	6.21119469170838E-4	6.085433288459649E-4	2.6785287766806004E-4	2.898469868157322E-4	7.661508718413563E-8	2.59462938812603E-5	1.1250502480194208E-6	4.418859703427029E-5	1.1736081032453015E-4	0.0	1.1736081032453015E-4	2.575976090185475E-8	2.317733408699835E-6	5.433009700020953E-10	5.882578146257365E-9	2.3525762165627253E-9	1.4383351138338412E-7
4.0389483969394943E-4	0.0	1.3657559354378874E-4	7.618763599923369E-5	3.901786410355653E-4	1.4540030431956392E-4	8.681629328576585E-4	5.44062803759339E-5	2.485405890696652E-7	0.0012287555123754131	2.0474571693300837E-4	3.9175671149139693E-4	2.9450713498712425E-6	0.002423615338087504	2.011190046336726E-5	3.6763663516613045E-5	1.970098185658555E-5	3.40282859847842E-5	1.772326644896748E-5	3.0007301772072804E-6	3.2712233664414278E-9	5.104579968873245E-10	5.818351484860527E-8	1.100651830364065E-6	8.052953946192149E-6	0.0	8.052953946192149E-6	3.915653125153427E-10	5.968206244553846E-8	4.308783956699407E-10	5.160858130131122E-10	1.631059380613064E-10	9.443785789098959E-8
0.00665738142454332	0.0	0.001274152977807164	8.988017284206663E-4	0.003725372732414651	2.0057695224013053E-6	0.08945622997887993	0.08508434444686856	0.027237276765609407	0.005235950218456156	0.0015094268558960627	0.0029203097852573685	2.596417552607783E-5	2.3217675972057088E-4	0.0021854913292814254	5.228277538285172E-4	0.0022234535009169366	3.555345829594089E-4	4.307857191970414E-4	2.7215136612562882E-5	5.619299177328583E-8	1.367707111370657E-8	3.193828145939843E-7	1.8469355554105898E-5	2.2268667960056884E-4	0.0	2.2268667960056884E-4	9.434582237024802E-9	1.3196084337613387E-6	8.808382596092536E-12	6.019408949625821E-9	2.135667388046861E-9	2.4350595727529877E-8
0.013664703092063593	0.0	0.0028980867880759814	0.0020800886181024537	0.0044611231370897215	5.918511784059293E-6	0.03306140806271725	0.026792862363507572	0.05084175283642063	0.007590915929561631	0.002356842645792064	0.0046385822441086895	4.1524340917462233E-5	2.0134424349428913E-4	0.0012883114082834985	0.0017165261376893412	6.638248626712812E-4	4.694817932265676E-4	3.828179991094579E-4	7.578438994271598E-5	9.112847432495633E-8	9.325460901241782E-8	2.001891484207133E-6	3.5906171520281584E-5	1.9029034792802517E-4	0.0	1.9029034792802517E-4	1.0096154206087726E-8	1.3630417994972566E-6	2.7345025830962326E-11	1.034504538628161E-8	3.5831587233648805E-9	7.618092936099012E-8
0.0061732535337539534	0.0	9.969550469808228E-4	8.227226121814891E-4	0.0021103180359759513	1.181752307023578E-6	0.013339063617814503	0.03937475498403149	3.242758948149243E-6	0.0037926673094345106	0.001347133409810376	0.002699721182374086	2.453976426321512E-5	5.667546281912762E-5	2.1750463914019176E-4	3.6790351417896936E-4	2.2200753109305558E-4	2.4218641580087396E-4	2.201744363176009E-4	2.0712965876562905E-5	5.8606697500102806E-8	2.822291611471345E-9	2.303306513231641E-7	1.6217387092344084E-5	1.1112762858635322E-4	0.0	1.1112762858635322E-4	3.5701949556185296E-9	6.888789515781875E-7	6.8419823952698635E-12	6.617948850063168E-9	2.244426671174261E-9	1.8992278649778596E-8
0.027315506676484823	0.0	0.004485459485287141	0.003885031334272994	0.009066666937078393	6.308711101283875E-6	0.010772295434500187	0.0015531406056195302	1.1767977685444767E-5	0.021326962121458667	0.023033738965159267	0.04248859784448531	2.8870256485777503E-4	5.960335634237964E-4	9.530174121318998E-4	0.0018026759808307128	0.0012890153792909826	0.001101986287156312	8.041135670810534E-4	1.0439258867922897E-4	1.9783689040706879E-7	3.244258987785962E-8	9.827447392429298E-7	7.223939277208193E-5	3.7321358714216297E-4	0.0	3.7321358714216297E-4	2.2210721546370076E-8	3.234523013104225E-6	4.798264997279434E-11	2.010966163512954E-8	8.428560803878075E-9	1.3341838477014147E-7
0.01969236987815087	0.0	0.0032303676847547425	0.002025065068256503	0.006379364316428872	5.161983200907288E-6	0.007555870297760747	0.0010766543639862173	7.805203336391706E-6	0.017636114005919305	0.0036462232440497306	0.006645152213665626	5.551389073493674E-5	6.368659172535574E-4	6.706255950419277E-4	0.0013640959014068535	9.423977492238947E-4	6.695147300757727E-4	4.385603075724804E-4	7.468959947875714E-5	1.0032290025823564E-7	3.6062497162993854E-8	6.502859159471327E-7	5.1603446132568795E-5	1.7836851238026735E-4	0.0	1.7836851238026735E-4	2.0586735908661254E-8	2.317634443435665E-6	3.4358872123652444E-11	8.4704639748194E-9	3.4165823777233806E-9	9.54749067936055E-8
0.021010489786133815	0.0	0.0034619644251931434	0.0026474494444331453	0.007156470154739287	5.234217407272593E-6	0.008396029375785097	0.0011849248505787096	9.178174757298433E-6	0.018504132671317213	0.02452126557973431	0.01876476968192663	4.208187422258668E-4	5.778676054498311E-4	7.506805876035125E-4	0.0014438461858278296	0.0010165201452862302	8.155778713628675E-4	6.056606045640127E-4	8.09796984323512E-5	1.280771872426215E-7	3.2223664185755804E-8	7.312006474209867E-7	5.5395011951483986E-5	2.71706589744153E-4	0.0	2.71706589744153E-4	2.0145609386212145E-8	2.517422940615648E-6	3.697608220911029E-11	1.4293260587020128E-8	5.549992451419143E-9	1.0276728086234626E-7
2.1994110823960115E-4	0.0	3.611599379443098E-5	2.586660365993477E-5	7.233718861163974E-5	5.527337988046048E-8	8.561638991062069E-5	1.2220721583994139E-5	9.074269675928215E-8	1.8939415170803072E-4	2.72020077034601E-4	1.9808117113748186E-4	1.4745848509039157E-4	6.293875665245689E-6	7.6013491115304285E-6	1.5014613738820772E-5	1.0503414882913607E-5	8.039966645151048E-6	5.5733394723724E-6	8.381702215732004E-7	1.2882510025268292E-9	3.5260013087423795E-10	7.508141084838086E-9	5.784094869191535E-7	2.413822881153339E-6	0.0	2.413822881153339E-6	2.125670162193042E-10	2.600582403304852E-8	3.8501366731848286E-13	1.2236496732928554E-10	4.9701274385361875E-11	1.0700865584246812E-9
4.607504056928445E-4	0.0	1.1381529529906437E-4	7.849322230478585E-5	0.006125873077299256	2.0899966161302415E-7	2.519193915171692E-4	5.195421547678605E-5	2.798447583802419E-7	0.0014293372150732456	2.37200142211352E-4	4.504673661456812E-4	3.390370262910208E-6	0.002432277007654458	1.276449034727061E-4	8.456554622985836E-5	1.8276305607994197E-4	2.8218276129110757E-5	2.0248406926309323E-5	2.5039990425482923E-6	3.3066367512736855E-9	8.691753077548425E-10	3.657775187231041E-8	1.3265547176627542E-6	9.78618231136527E-6	0.0	9.78618231136527E-6	5.731499378049644E-10	1.945806644740144E-7	8.955463668756644E-13	5.052411937483871E-10	1.8270495253934103E-10	2.4354840069914856E-9
0.0038645898096435383	0.0	7.218399162562696E-4	5.834634181744664E-4	0.0014856614815094609	1.289132884789295E-6	0.0013217591642725958	2.2777531920930395E-4	3.1996513614378225E-6	0.004808012610730154	0.0010062490602518192	0.0018383496814689236	1.5403845096281377E-5	5.635548719537249E-4	1.5674933628873912E-4	2.564934120368363E-4	1.6857165183823365E-4	1.258351249369586E-4	9.052553613671076E-5	1.9221280213818882E-5	2.954838327255626E-8	1.7832972056986014E-8	1.4290908649813173E-7	1.0645408386089218E-5	4.4112927599719116E-5	0.0	4.4112927599719116E-5	9.510014501271023E-9	4.743874121407484E-7	6.050554201889084E-12	2.395098725496171E-9	9.626371450767186E-10	1.6804567534646457E-8
0.0024889499396710353	0.0	5.819364906156767E-4	0.0049736042572892025	0.0013248903408301618	1.1242688307015235E-6	9.375616716968328E-4	0.002126927700774931	1.1238661749215416E-6	0.001970356511444171	5.390299163699459E-4	0.0010337113360020893	9.122666038297284E-6	8.290098881121217E-5	6.534321484510962E-4	2.1418378018464956E-4	0.004908583255210468	3.124015902000731E-4	6.251975797396827E-4	9.559598673153457E-6	1.3164417210384422E-8	3.730909213582932E-9	1.2939450604237318E-7	8.421488466702612E-6	3.361559806436482E-4	0.0	3.361559806436482E-4	2.465489547278961E-9	1.1508473348857521E-6	3.3707144013622627E-12	1.9979685481351852E-9	7.255455197878839E-10	9.276501496046757E-9
0.0019787495363093022	0.0	3.4271417720175597E-4	4.0065478765817134E-4	9.266112293081256E-4	4.811516232987388E-7	9.403739569413562E-4	1.647954324378576E-4	1.3179809729180075E-6	0.002148503033962565	7.304812709343074E-4	0.0014516795733121037	1.3152638313053973E-5	0.002470919234853155	9.62016348540368E-5	1.451214762483333E-4	1.0837546080484872E-4	7.489952241686711E-4	0.001847879128031163	8.55285637252126E-6	1.71336116046985E-8	2.3037161614956123E-9	8.291184316965434E-8	5.345921446466984E-6	0.001002010714305517	0.0	0.001002010714305517	2.062528683951979E-9	2.7536417791193813E-7	3.6200498751804724E-12	3.3922713529467945E-9	1.1766670433036217E-9	1.0056024535767958E-8
0.0018448926195831063	0.0	3.152297244309805E-4	2.718764919696979E-4	6.681070766205703E-4	4.886136042031758E-7	6.159954288662825E-4	2.0295807123439435E-4	8.198584763528986E-7	0.0013099342907146733	4.6444696902493216E-4	7.421210288406202E-4	7.606648280576424E-6	8.580613422247847E-5	7.018183377368642E-5	1.1531104666228758E-4	8.811476956390818E-5	5.361885833801215E-4	0.0015580363236865973	7.3294170092452E-6	1.6289742839246957E-8	3.3391710010451134E-9	7.027345066842238E-8	4.890196125417294E-6	0.0013108061298231545	0.0	0.0013108061298231545	2.168617757988254E-9	2.2605696835880696E-7	3.1454036604679464E-12	8.611416871981874E-10	5.021774294010042E-10	8.74566114030166E-9
0.0016539792958171825	0.0	5.769872104775408E-4	4.4957730979842107E-4	9.317816521839987E-4	8.388609419980386E-7	7.022237440715495E-4	0.0015718823506518896	8.272583781049145E-7	0.001226085180747546	4.285211606362616E-4	7.152553045839071E-4	7.137294827640524E-6	6.780551997523837E-5	1.0607462580781091E-4	4.2782952165716767E-4	9.760029200549196E-5	8.257015495666814E-4	1.1558862700190175E-4	1.6280582023769563E-4	1.423375569598166E-8	2.5901760466821457E-5	1.0819818841590884E-6	1.949736661311608E-5	1.941886951740436E-5	0.0	1.941886951740436E-5	2.339453501052969E-9	2.5000872121458883E-7	5.231338605566144E-12	1.0092429363476537E-9	5.030226158194856E-10	1.4568374107005502E-8
1.420464898147571E-4	0.0	3.37420183889202E-5	2.8503004197663797E-5	1.4018396352304113E-4	4.996747501544097E-8	1.0168911427455874E-4	9.786470958977036E-5	8.092656550588172E-8	1.47999566871692E-4	4.8418967948920055E-5	9.159608036285178E-5	8.449243303617344E-7	2.671480844691689E-6	1.420214713810777E-5	1.5035813348299626E-5	1.6382950627860118E-5	1.435185670811633E-5	7.31708635619539E-6	1.5226470925904681E-6	1.2155416703364207E-9	1.6399948759341588E-10	1.1799438379926763E-8	3.9247904723013776E-7	3.584973482824017E-6	2.365708718563661E-7	3.584973482824017E-6	3.492755262957495E-10	2.9698256721226814E-8	4.549456439590388E-13	8.890145199862288E-8	2.845197976473703E-9	1.2638272735248635E-9
4.709057109502072E-8	0.0	1.6669153633450305E-8	8.800277073266801E-9	2.1836056957070113E-7	6.415833457610714E-11	3.0881179584341744E-8	1.1528704486521183E-6	2.781778243607822E-11	9.252012503068143E-8	1.776688203066031E-8	3.3508004579636874E-8	2.68519343211771E-10	2.1527969467777267E-9	2.1371877073574395E-8	1.1746197525956163E-8	1.542942507251838E-8	3.3877912152627987E-9	2.174715781776237E-9	3.4409635898662956E-10	3.317508330150293E-13	8.346924585421964E-13	5.292586124806374E-12	1.4290289811919998E-10	9.888430601440194E-10	0.0	9.888430601440194E-10	7.052893762814979E-13	2.7890891767975558E-11	1.790702851529884E-16	4.500641434878407E-14	1.6720736958919507E-14	4.908598761564192E-13
2.233233495513063E-6	0.0	5.042705543462675E-7	4.52155927588599E-7	2.754275890525398E-6	8.195626529584266E-9	1.0791873813998157E-6	1.8483851051099909E-6	1.2128294845788872E-9	2.258453538171389E-6	7.365974184598163E-7	1.3699219291621067E-6	1.2740215361402918E-8	4.4627261301019324E-8	2.7573242241840505E-7	2.8356201888363805E-7	2.2796611439613977E-7	1.362685798719786E-7	9.907957084198696E-8	1.874202889082748E-5	1.9137632079424982E-11	3.4127932950811587E-12	2.1457686764032266E-10	6.173188799951898E-9	4.8073769212260726E-8	0.0	4.8073769212260726E-8	7.715798847447805E-12	5.025088263297665E-10	3.3137017821279356E-13	2.7139519185229598E-12	1.0307290500603442E-12	9.270244236659131E-10
3.092095139884313E-7	0.0	2.4387794091908535E-6	9.454204118191704E-8	4.060109149324693E-7	1.582945234687431E-10	2.5636640510586376E-7	4.064430261915414E-8	2.5460639829230284E-10	4.825691937323672E-7	1.118144178117058E-7	2.1361822466626219E-7	1.809370621056424E-9	9.592876998846858E-9	4.8513061659415E-8	6.320958546082238E-8	2.7968934175387005E-8	2.1308398843208133E-8	1.4553388332287527E-8	1.8058005880999552E-9	2.3671635656173006E-12	4.369597939144359E-13	3.006653144923613E-11	9.034723438745751E-10	7.027421716480058E-9	0.0	7.027421716480058E-9	3.483142679552457E-13	1.4460469615322975E-10	8.644144862187932E-16	3.634054429555791E-13	1.3222906051568357E-13	2.366038038253287E-12
5.4489531511363316E-5	0.0	1.1170080787960912E-5	2.076773098660387E-5	4.601877674984022E-5	1.5919127724507156E-8	4.5557350912614556E-5	5.243287717353432E-6	4.821330010165544E-8	5.1802974787420084E-5	1.722396683413957E-5	3.198973514509229E-5	2.9879125632249625E-7	1.0882166343240615E-6	4.947577299423575E-6	1.1727540021004152E-5	4.038951445694455E-6	3.07711258119387E-6	2.3437830302329035E-6	3.9635848377401404E-7	5.718179009922334E-10	4.755153944213506E-11	3.3571406822331746E-9	2.0034187855966862E-7	1.156370313457694E-6	0.0	1.156370313457694E-6	4.970884121072419E-11	1.4458612763567787E-8	1.409701129963539E-12	6.299220916540691E-11	2.4273549105679048E-11	3.939606154873168E-9
4.0364530323238815E-4	0.0	6.945228926980806E-5	5.9630506488767746E-5	1.5417038430888815E-4	9.689656446337319E-8	1.3729772742896546E-4	4.381802703558697E-5	1.807209558687101E-7	3.2360286926904106E-4	1.0593282849033326E-4	1.715331396627793E-4	1.7185092018258916E-6	1.8517890711142466E-5	1.628039578779932E-5	2.6534211832316418E-5	1.9012131377827613E-5	3.694629337764199E-4	9.780533378025572E-4	1.5904139764331438E-6	3.5479557266550624E-9	6.552745702165672E-10	1.5797827596141535E-8	1.0721779247755885E-6	0.001269527162267401	0.001265687266351595	6.366825865001749E-4	4.708659755055269E-10	5.2702943584051244E-8	6.844552131560314E-13	1.980399757457896E-10	1.1203464077188446E-10	1.901691844032743E-9
1.211171168538527E-4	0.0	2.084415033504828E-5	1.789754760048765E-5	4.6269100015487625E-5	2.9090042892987384E-8	4.120521674216566E-5	1.315817407434094E-5	5.423465400669407E-8	9.710351242811345E-5	3.1787518595962904E-5	5.1475110716554E-5	5.156904308735798E-7	5.555742181926066E-6	4.886009894393881E-6	7.964991073591167E-6	5.705293458474999E-6	1.1084074296651076E-4	2.934167025507486E-4	4.77625951583814E-7	1.0645688482096555E-9	1.9662251585866603E-10	4.7479092910158174E-9	3.21722253548402E-7	1.1525760650336868E-6	2.3546679292835896E-8	3.1757486394864775E-4	1.4129638032235618E-10	1.581496207672968E-8	2.0537894748201688E-13	2.4503933183806825E-8	7.982871621165343E-10	5.706249120594771E-10
3.834614749242898E-4	0.0	6.597940584715832E-5	5.664875024075482E-5	1.4646126805715603E-4	9.20513610010468E-8	1.3043230936184914E-4	4.162695599523666E-5	1.7168420821992234E-7	3.074214726293928E-4	1.0063577683305394E-4	1.6295581840479017E-4	1.632577086679809E-6	1.7591924463675314E-5	1.5466312951364954E-5	2.52073984849904E-5	1.806145118304245E-5	0.003356987837520622	9.291468833280836E-4	1.5108871186149932E-6	3.370544200599695E-9	6.225083041061953E-10	1.500787503807131E-8	1.0185648764479967E-6	3.6478862497346353E-6	0.0	3.6478862497346353E-6	4.473208532667148E-10	5.006759230877714E-8	6.502298018944745E-13	1.8813721003395443E-10	1.0643247487080543E-10	1.8065998873879025E-9
7.105680514113776E-8	0.0	1.497082967493013E-8	4.97835832089594E-9	1.8641641590682145E-8	4.542488034115243E-11	1.1231146698079368E-8	3.928907968789658E-9	1.2222207415819642E-11	3.1818063876119004E-8	7.82377577935032E-9	1.3786920030823276E-8	1.2346153897892465E-10	7.921346834341213E-10	2.1258689115061682E-9	3.192760248333204E-9	3.060171491425013E-9	1.4373717474504347E-9	9.174821763067083E-10	5.349446204957213E-10	1.9943608839365258E-13	1.0608478086219348E-12	2.0199829124504282E-12	1.8661629062977092E-10	4.44938239039452E-10	0.0	4.44938239039452E-10	2.3353386697890285E-14	7.208163799085941E-12	1.6066996849518455E-16	1.807520374339636E-14	8.041966317075977E-15	4.4735391623702833E-13
8.156773964876947E-7	0.0	9.585452837597609E-7	5.372117209352152E-7	1.6729881933550959E-6	1.4977859917840088E-6	6.558224527239564E-7	2.2131561500049795E-6	6.413992483028376E-10	1.0051357865185499E-6	2.473264410522535E-7	4.7527829395043815E-7	4.081621357070252E-9	2.3219931065636047E-8	1.768008708107912E-7	6.44978402624127E-7	1.2129781750989642E-7	1.988391605701136E-7	4.9706682835756954E-8	1.7835044621221975E-8	5.518063124886009E-12	5.271463375535436E-12	1.1136385609094025E-9	2.528892804025011E-9	1.686013572242483E-8	0.0	1.686013572242483E-8	4.075685079200546E-12	1.345854335689375E-5	5.046846644744632E-6	8.625042609676736E-13	3.1088753041254596E-13	5.590920773100142E-12
8.291738733032325E-8	0.0	8.978163109385455E-8	5.025585864640353E-8	1.947743947535724E-7	2.867679342694949E-9	6.549690020980196E-8	2.3762539846612313E-7	6.347749610052334E-11	1.0969623191692957E-7	2.5883555802602578E-8	4.961146395388438E-8	4.2173734004077625E-10	2.5435510689994448E-9	2.052088924578296E-8	6.05483638863843E-8	1.4072636398807905E-8	1.85177472922382E-8	4.896930503998899E-9	2.596276458627119E-6	5.633837607411225E-13	6.774811186182784E-13	1.0111831870022624E-10	2.5653016668253216E-10	1.707838222303578E-9	0.0	1.707838222303578E-9	5.204324297972961E-13	3.300820794053048E-11	1.5594716638062631E-15	1.140611766712426E-10	3.13088697559624E-14	4.3516377844687956E-12
6.363683303223954E-8	0.0	1.4905364593490314E-8	8.990809929784008E-9	1.8843744711480883E-8	1.375320861372117E-10	1.7720240013901584E-8	1.1413621738509899E-8	1.7226990887165892E-11	2.395569187793821E-8	1.1454197421201512E-8	1.7999048555029797E-8	1.9519853812830034E-10	5.645545853269863E-10	2.015653307312871E-9	5.227030785988595E-9	2.312142999200304E-9	2.4146097283525904E-9	1.0499901525193294E-9	3.458048206663001E-9	4.1703676015254286E-13	4.274283942353309E-14	2.51402171977868E-11	2.051951147882503E-10	4.624964714242451E-10	0.0	4.624964714242451E-10	3.5588351491766356E-14	5.960508686502135E-12	1.4128476813203044E-14	2.5730062152256923E-14	7.392839044758966E-9	3.953040562806164E-11
1.2429605845254677E-8	0.0	5.06612057419571E-9	3.4761329037415457E-9	5.281213145270894E-9	3.766728445927368E-12	5.453796783589976E-9	6.148500530575064E-9	5.268943766869492E-12	6.71393089557937E-9	3.0820588954109054E-9	4.907529325458393E-9	5.252605498856063E-11	1.6250152496191986E-10	6.061947005209914E-10	2.891457784205807E-9	6.345611477677892E-10	1.0767566491348428E-9	3.370156942752561E-10	9.979634778414598E-11	1.1040932241504206E-13	9.62193170679316E-15	4.617972962145896E-12	3.396681446264756E-11	1.3167673041380012E-10	0.0	1.3167673041380012E-10	8.24544516043833E-15	1.7900579828350935E-12	2.21244534402146E-17	6.764458307042166E-15	3.765430108909522E-15	6.142445325907528E-14
1.193697388069126E-7	0.0	4.829638748584277E-8	4.515378809442077E-8	9.238227452403357E-7	4.807366114342739E-11	6.461204993139251E-8	1.0756515482975193E-7	6.279087259957266E-11	9.91201681115914E-8	2.4089858463702847E-8	4.6187851232124104E-8	3.957718598782396E-10	2.743547011433734E-9	1.523888615970822E-8	5.6590808982357854E-8	9.55899040330853E-9	7.162137048030238E-9	3.80664151561867E-9	6.216086162139998E-10	5.336935285083291E-13	1.5161691438230805E-13	6.58996714744683E-11	4.300519940587113E-10	1.7509241774171616E-9	0.0	1.7509241774171616E-9	1.2110040339985546E-13	4.443674735423416E-11	8.090964915481196E-11	1.0196859493286117E-11	2.984825715835224E-14	2.263875941941735E-7
