32
NULL,time@time,open@__open_nocancel,read@__read_nocancel,mmap@__mmap,munmap@munmap,mprotect@__mprotect,rt_sigprocmask@sigprocmask,exit_group@_Exit,rt_sigaction@__libc_sigaction,sched_yield@sched_yield,write@__write_nocancel,syslog@__syslog,getpid@getpid,writev@__writev,close@close,open@__open64,fstat@_fxstat,read@__read,close@__close_nocancel,mremap@mremap,stat@__xstat,socket@__socket,fcntl@fcntl,connect@__connect,madvise@madvise,lstat@__lxstat64,openat@__openat64_nocancel,getdents@__getdents64,lseek@llseek,getrlimit@__getrlimit,write@__libc_write
0.9858599895887491	0.0011064767530766235	0.0016143530144583158	5.716837627063543E-7	0.002382430397946252	1.916455945128719E-4	2.6031756914555304E-6	0.0021551147255935528	7.385108415262204E-4	0.0014465442409169632	1.3185226827132457E-5	3.5449510822921254E-5	1.6643386768640207E-4	2.153930875701769E-4	1.5567186221933583E-4	1.323362268378123E-4	1.141124619588237E-4	1.1870665851811408E-5	1.957717319294549E-8	1.7705184566354918E-9	1.2933378708010632E-7	9.69981561048255E-5	5.716675801068791E-5	0.0	5.716675801068791E-5	3.053513546953859E-9	3.912078761893595E-7	3.9841475447105156E-12	3.2875941323893797E-9	1.1603738913551534E-9	1.103380477967461E-8	0.0031113201488037184
2.1058393391436666E-4	3.9951443918398986E-5	0.001335552102801383	3.144125924731858E-6	8.447017010803312E-4	2.718506462790042E-5	1.3926818114491042E-7	2.528029357250046E-4	7.022852749908805E-5	1.3660355861508443E-4	1.1980630903526164E-6	5.670616545637316E-6	2.644607009986357E-5	9.092925503281875E-5	1.9636175342897052E-5	1.4632061425191568E-5	1.081437663312839E-5	1.2312438994283345E-6	2.1552661509708343E-9	2.415272969064077E-10	1.869417179589322E-8	1.8605531099848965E-6	5.307681650256011E-6	0.0	5.307681650256011E-6	1.842489136397128E-10	8.881898310387737E-8	4.249860028101197E-13	2.7821931617574376E-10	9.793685605454693E-11	1.15828148559671E-9	8.204383811623475E-5
7.640427869993373E-4	1.0879700612743559E-4	0.0015581426453336253	5.269774548622827E-4	0.001158225336625565	1.0829511083026777E-4	6.12136107621619E-7	6.625209806257037E-4	1.5740761741634226E-4	2.8664035491999206E-4	2.493802743720205E-6	4.625263870398811E-5	0.0016550808699867473	8.346802280546252E-5	4.6162657573201805E-5	4.490762292250879E-5	1.968550452131024E-5	2.1879137432980237E-5	5.258215823346916E-9	1.9743421708267386E-6	8.387208120537293E-8	5.600776097388969E-6	8.598611870971809E-6	0.0	8.598611870971809E-6	1.7231372589568E-9	1.7222545387861812E-7	4.1301092211749635E-11	4.2768431442379064E-10	1.6932952171304538E-10	1.0831767960982644E-8	2.760518903908861E-4
2.5497156646754196E-5	5.595614092982215E-6	2.9462369656653842E-5	1.107401897753609E-5	6.575237436388511E-5	3.913237890646907E-6	1.857931826521619E-8	9.343439341151005E-5	1.5607819800385988E-5	2.9844016418787067E-5	2.2388449340202845E-7	1.8442143962437986E-4	1.5106365716920843E-6	2.7489341130479324E-6	1.4977595963216951E-6	2.5785661074620257E-6	1.3493541970107183E-6	2.2845982672807053E-7	2.422248100660704E-10	3.8842107037432016E-11	4.420440406085953E-9	1.9020477052853367E-7	6.129502809342736E-7	0.0	6.129502809342736E-7	2.5204631744774342E-11	4.509263184364233E-9	3.2789243827618676E-11	3.924013436198422E-11	1.2388579393699769E-11	7.192291043604035E-9	1.2414620372207632E-5
4.0752019382322356E-4	6.463967958174762E-5	2.7955476302540534E-4	1.504435050363857E-7	0.006800436111457209	0.006470486021560527	0.002072572090460054	3.9539029416264365E-4	1.1398352650673693E-4	2.2060021065615603E-4	1.9555101901808785E-6	1.7632803546834784E-5	1.6595073422519274E-4	3.89386703927883E-5	1.6897264606955734E-4	2.6946443860376065E-5	3.267643995401088E-5	2.0827600174799093E-6	4.142075084853557E-9	1.03886320617589E-9	2.424774640660467E-8	3.417496334469016E-6	1.6882267527563652E-5	0.0	1.6882267527563652E-5	6.415674659371589E-10	9.96715858869497E-8	6.673443631146161E-13	4.5432930610579415E-10	1.6087719808293296E-10	1.844777936339402E-9	1.374200468311819E-4
9.165604562728418E-4	1.538472209394696E-4	3.316108128984619E-4	4.489815353631244E-7	0.0025076345049186294	0.002031706738495058	0.0038687171858541505	5.752166670995191E-4	1.7965756158263478E-4	3.530316787849943E-4	3.1579078464088994E-6	1.530785669542965E-5	9.734663041190189E-5	1.2987762094379807E-4	5.0409074777553634E-5	3.567177207778071E-5	2.9113764356061704E-5	5.770059940328201E-6	6.858073048404815E-9	7.095923980397282E-9	1.5229089141499214E-7	4.4643730914580965E-6	1.4462352958299352E-5	0.0	1.4462352958299352E-5	6.887274111504926E-10	1.0300472117170685E-7	2.086073620676107E-12	7.854718393124839E-10	2.723495329308547E-10	5.811824051200737E-9	2.329029344335762E-4
3.826084047212116E-4	5.9791085188026315E-5	1.5623690191069142E-4	8.876191910391392E-8	0.0010098723284681884	0.0029927276122993767	2.4159398628593793E-7	2.871586531239892E-4	1.0254157188033336E-4	2.0531095349001413E-4	1.863907153944093E-6	4.2988653285282166E-6	1.6163138484631542E-5	2.7499058933665682E-5	1.682413571188745E-5	1.8428963970767498E-5	1.6750955588095426E-5	1.5902821935390483E-6	4.398478139682101E-9	2.1428911037068854E-10	1.7549592660355522E-8	2.5673096645600106E-6	8.448200842137808E-6	0.0	8.448200842137808E-6	2.216534439940785E-10	5.1924635995827344E-8	5.223757150180262E-13	5.026654688585078E-10	1.7048870187553337E-10	1.4501491947001915E-9	9.85863090368039E-5
0.0017185318041020492	2.851572833965357E-4	6.731889859110106E-4	4.77622548622161E-7	8.016858003846106E-4	1.0395248477593101E-4	8.761657738794092E-7	0.001621339564738966	0.0017603263937742396	0.0032418013803870087	2.2010871784207714E-5	4.5522203567803126E-5	7.109435540946584E-5	1.357907889893823E-4	9.815652415612187E-5	8.427463896216494E-5	6.120438459203642E-5	8.054339466240424E-6	1.4907160512246358E-8	2.478200467434711E-9	7.540579625016469E-8	1.1466278346606172E-5	2.834760865676548E-5	0.0	2.834760865676548E-5	1.472060946427981E-9	2.455386321922749E-7	3.684705772476704E-12	1.5235582376278328E-9	6.41705424381942E-10	1.0246081262482491E-8	4.438563915632372E-4
0.001241117166221542	1.4250884863034987E-4	4.6512695063454315E-4	3.8516395675643456E-7	5.525419156003006E-4	7.035743635284638E-5	5.700464138349901E-7	0.0013248572743782242	2.725069733015592E-4	4.957801103047236E-4	4.124010746570424E-6	4.821776516182419E-5	4.912793941801925E-5	1.0095982713294682E-4	7.049964388341107E-5	5.021053110266979E-5	3.266892565865564E-5	5.660596905477901E-6	7.277158008824341E-9	2.7319526634394473E-9	4.885542783150191E-8	8.013284105932796E-6	1.3190628448974488E-5	0.0	1.3190628448974488E-5	1.3789332208214822E-9	1.727939114420686E-7	2.5925586304304302E-12	6.208868211282579E-10	2.512902838676268E-10	7.20435757440938E-9	3.114560607240237E-4
0.0013296581936602524	1.9114210131791632E-4	5.277655395408693E-4	3.931519683498195E-7	6.201715795925795E-4	7.845836656825027E-5	6.788250102408109E-7	0.001399820382145929	0.0018677870758935634	0.0014284876260155124	3.199263095854155E-5	4.393630194000184E-5	5.560454395998764E-5	1.0772124145051695E-4	7.677360172302397E-5	6.18557688114246E-5	4.5806558055553436E-5	6.190164429090257E-6	9.475912597163293E-9	2.4508107194239357E-9	5.5489635573010525E-8	8.700824728444395E-6	2.0496576430867026E-5	0.0	2.0496576430867026E-5	1.341060500800206E-9	1.893955080328648E-7	2.8145841795194236E-12	1.0751755765545758E-9	4.1831989214211555E-10	7.82289405885144E-9	3.3810313071885444E-4
1.3881154368893297E-5	1.8573556738859092E-6	5.318528174409366E-6	4.149225677585272E-9	6.310776838288801E-6	8.068641417914216E-7	6.68831810436715E-9	1.4306222477205893E-5	2.0713579694694506E-5	1.5067019221760341E-5	1.1220198104060372E-5	4.783045785454575E-7	5.614936528986728E-7	1.119437460465478E-6	7.918550784529764E-7	6.08602921980032E-7	4.199011468328121E-7	6.401262938719477E-8	9.512581102070808E-11	2.6806768215834005E-11	5.692570391900682E-10	9.065488687472683E-8	1.8115755422595362E-7	0.0	1.8115755422595362E-7	1.4206521021016714E-11	1.9540693895962676E-9	2.927281840204942E-14	9.142551569658512E-12	3.72722608303984E-12	8.136299751279733E-11	3.519339368615349E-6
2.8535917503668917E-5	5.775924470302011E-6	4.677306051055715E-4	1.6034256038969725E-8	1.898897208756996E-5	3.783739582136887E-6	2.107236409257087E-8	1.0911386635216561E-4	1.815175869742749E-5	3.4454392671639534E-5	2.587425540690068E-7	1.8509708716408314E-4	9.877237621510215E-6	6.4744055679370545E-6	1.4170267837727618E-5	2.1653737356041994E-6	1.5528753699518138E-6	1.9395093872494337E-7	2.43785627296563E-10	6.689143141463481E-11	2.8213577260085366E-9	2.6367121011484515E-7	7.496874966855433E-7	0.0	7.496874966855433E-7	3.80792128113706E-11	1.5008854248002047E-8	6.887117522592985E-14	3.858634633315176E-11	1.3934944212997646E-11	1.8725968496098923E-10	1.2189959964524699E-5
2.9250800302857807E-4	4.031715925478906E-5	1.063766363743525E-4	9.359744072724811E-8	9.311029556953287E-5	1.4113092841770938E-5	2.3594163105853765E-7	3.5829736255732925E-4	7.368134190520664E-5	1.3504371847672319E-4	1.1194724286508268E-6	4.273351385677782E-5	1.1253739696333426E-5	1.7607385981649904E-5	1.223487267332427E-5	9.010401915812226E-6	6.588402377424455E-6	1.4037195846713745E-6	2.0195877648724503E-9	1.3487504746232201E-9	1.0046467165150716E-8	1.3479539659514804E-6	3.2145020635409214E-6	0.0	3.2145020635409214E-6	6.283677368512588E-10	3.38306361145639E-8	4.4088032419524956E-13	1.7411797963966248E-10	6.931925476155112E-11	1.2245105793476678E-9	5.9027746096682065E-5
1.0989421057579063E-4	3.774196809809575E-4	1.0113788178644549E-4	8.572711209050083E-8	6.98874824547977E-5	1.615110731074545E-4	8.375690254548039E-8	1.5035796330861264E-4	4.1046400325761906E-5	7.869829850299824E-5	6.922665357999255E-7	6.3321452191334294E-6	4.9782619211606935E-5	1.6373149499257643E-5	3.732044572924741E-4	2.3942079536130735E-5	4.756571152008514E-5	7.711024184066291E-7	9.632038270511599E-10	2.858140456072798E-10	1.0228586854096463E-8	2.538882036040355E-6	2.5555129997872745E-5	0.0	2.5555129997872745E-5	1.644489762491305E-10	8.782218153531075E-8	2.602422623930739E-13	1.5153441301301597E-10	5.496820708097963E-11	7.16182474056828E-10	9.22892335276294E-5
1.2973333161974616E-4	2.972995294361638E-5	6.972718316685316E-5	3.632305743701684E-8	7.041611541219958E-5	1.1466678602640238E-5	9.9327269843927E-8	1.6415653835437014E-4	5.608948134835149E-5	1.1135491019843763E-4	1.0076362794268511E-6	1.8803756895658443E-4	7.259681149156365E-6	1.0864875831245891E-5	8.301855593007393E-6	5.7152731959938405E-5	1.4072999485673668E-4	6.575596342676154E-7	1.2821803719480887E-9	1.7602898974197247E-10	6.323161727585975E-9	8.498627147897972E-7	7.627815182997304E-5	0.0	7.627815182997304E-5	1.3411129743720552E-10	2.090501192492435E-8	2.7820188199269176E-13	2.598032910111094E-10	9.013678223279508E-11	7.728413091558158E-10	3.379703660189816E-5
1.1935180868756772E-4	1.994967446988653E-5	4.9651368777988245E-5	3.6944325907657727E-8	4.559206977347826E-5	1.4452656756879518E-5	6.091214281343337E-8	9.91860513449958E-5	3.5519833389332916E-5	5.6500094284607476E-5	5.798099790282994E-7	6.535606163184363E-6	5.237758123035399E-6	8.632360696665744E-6	6.71435279159671E-6	4.088489065361581E-5	1.1857066849974319E-4	5.636062641780094E-7	1.2277769621172428E-9	2.543440122133115E-10	5.369018284129858E-9	7.555686015874979E-7	9.972840918289836E-5	0.0	9.972840918289836E-5	1.4728190893845067E-10	1.7126001705455504E-8	2.4163688017286083E-13	6.433564614126134E-11	3.810128492817125E-11	6.719090360397139E-10	3.030270624881002E-5
1.0603797680261868E-4	3.33505520544374E-5	6.980145387718606E-5	6.339434265810739E-8	5.211157445401392E-5	1.1798578845792127E-4	6.14735795650099E-8	9.270724547269194E-5	3.266217293293602E-5	5.43170156952257E-5	5.422386620953543E-7	5.1600566746887734E-6	7.9783911061586E-6	3.221651768663968E-5	7.436367612932266E-6	6.220990008480393E-5	8.735637960168442E-6	1.2289461660607338E-5	1.0650349566053903E-9	1.9709546248701133E-6	8.181524033437341E-8	1.8309757764776649E-6	1.4625693511523754E-6	0.0	1.4625693511523754E-6	1.600774940812317E-10	1.891202615283277E-8	3.9845294931343905E-13	7.567535988943799E-11	3.807412433340506E-11	1.1096367294686043E-9	5.074558988103339E-5
8.877462625100795E-6	2.1216558537013155E-6	1.0700949788285005E-5	3.807256641219816E-9	7.675544751145936E-6	7.377864055529991E-6	6.095462995827542E-9	1.1329824182028128E-5	3.7264647048999777E-6	7.036614679212214E-6	6.485403419010758E-8	2.056109618910628E-7	1.085926917424566E-6	1.1424682720958225E-6	1.262633350794089E-6	1.0961075357771304E-6	5.609863540713346E-7	1.1670699821207948E-7	9.168315196102856E-11	1.2587569957073803E-11	9.02924552766281E-10	6.950878485640698E-8	2.746663751228497E-7	1.8001498707553054E-8	2.746663751228497E-7	2.5198003217925603E-11	2.278078444523251E-9	3.497265204730825E-14	6.7649022248050645E-9	2.165410332168359E-10	9.715151220533826E-11	3.3531134601013473E-6
2.884601319658031E-9	6.426947197340566E-10	1.679298686177766E-8	4.891631844129815E-12	2.323413535377686E-9	8.770947832240105E-8	2.0834599818091566E-12	7.06991735304314E-9	1.3533248825860524E-9	2.5541941759438895E-9	2.0370049474322707E-11	1.6561647063753522E-10	1.6450568804996689E-9	8.970091049868752E-10	1.2010637884728456E-9	2.586884515189744E-10	1.6611200322231162E-10	2.6479881716861513E-11	2.386698897315929E-14	6.359080106863068E-14	4.0613320840375414E-13	3.1265776567240065E-11	7.545992511234797E-11	0.0	7.545992511234797E-11	5.291877027037458E-14	2.1465195398690672E-12	1.3670543918328274E-17	3.418521829202363E-15	1.2648776562605885E-15	3.7463247862860774E-14	1.736121397281809E-9
1.396043824249238E-7	3.36658114446796E-8	2.1073260469154282E-7	6.234696625007452E-10	8.117947251748858E-8	1.3960772192746697E-7	9.128592212831295E-11	1.7293967994823598E-7	5.669408218021839E-8	1.0523527588597537E-7	9.778422910334334E-10	3.437486452829914E-9	2.112778424057571E-8	2.159186399404156E-8	1.7679700767634088E-8	1.0455759642744296E-8	7.598503630207358E-9	1.4221556965728595E-6	1.4437554673948818E-12	2.6163227118364636E-13	1.6437075983766386E-11	1.0936972658415903E-9	3.6834934027444743E-9	0.0	3.6834934027444743E-9	5.655631388019095E-13	3.861234404577201E-11	2.5241523530226094E-14	2.0753924530065309E-13	7.899315536298741E-14	7.061424876640217E-11	5.0774000293436276E-8
1.9114715174113232E-8	7.0186049259885884E-9	3.089327776132696E-8	1.1993691876721523E-11	1.925789495783773E-8	2.9500611514376784E-9	1.9112182720502013E-11	3.6734599298592976E-8	8.507775321118299E-9	1.6259353480896014E-8	1.3726165230352027E-10	7.330989577838737E-10	3.6996876669996077E-9	4.780649060487517E-9	2.1379856899365114E-9	1.6197806423193333E-9	1.109209714409694E-9	1.3843498379590775E-10	1.722179754954852E-13	3.3368206561535365E-14	2.290540415711329E-12	1.8590976579217047E-10	5.352859625037977E-10	0.0	5.352859625037977E-10	2.1844643999666077E-14	1.1025146253061401E-11	6.587466954583669E-17	2.762213393681585E-14	1.0026865423257164E-14	1.8029083771583256E-13	1.8813999839888934E-7
3.529118247609401E-6	1.5502300878626988E-6	3.482634374354161E-6	1.1945252028576862E-9	3.419567654870249E-6	3.6931753631918783E-7	3.6208241301680454E-9	3.934755235925261E-6	1.3116920215535441E-6	2.4349295913262945E-6	2.269577800257119E-8	8.299292217806492E-8	3.752478846009656E-7	8.853972695458748E-7	3.0846231902873257E-7	2.3381831910692783E-7	1.7844743362228757E-7	3.021984654513492E-8	4.229906214715462E-11	3.619954639278141E-12	2.5472646621044956E-10	3.1112927612198034E-8	8.798906115620749E-8	0.0	8.798906115620749E-8	2.9597371204849724E-12	1.0979221766001808E-9	1.0737187125035267E-13	4.784657953002575E-12	1.843260668049497E-12	3.000644794540879E-10	1.165878042328658E-6
2.6065763286817888E-5	4.3803007821470296E-6	1.1489282328482802E-5	7.329885162586253E-9	1.01783097575622E-5	3.121765886108043E-6	1.344421902269267E-8	2.4543043251640603E-5	8.108859291051895E-6	1.307495322116909E-5	1.3112163124223248E-7	1.4117990943859498E-6	1.2183182508377463E-6	1.9908284971085003E-6	1.4504957326960748E-6	2.8174525613604458E-5	7.444808241604914E-5	1.2247493877402657E-7	2.6761280007681497E-10	4.9966621294451325E-11	1.2085519085144057E-9	1.6743311007845573E-7	9.659984324190579E-5	9.631053692539145E-5	4.8444503054156734E-5	3.1985596981082246E-11	3.99959725891582E-9	5.263531137104943E-14	1.4834668260615817E-11	8.510991369850286E-12	1.4625276019200698E-10	6.724720865355374E-6
7.821132194617191E-6	1.3147181026889848E-6	3.4481530736122975E-6	2.2005758091781957E-9	3.0546867339737713E-6	9.374912274880145E-7	4.034647993341662E-9	7.364641770573634E-6	2.433244211841472E-6	3.9236456812149075E-6	3.934699048337186E-8	4.235684470752388E-7	3.6563969768905786E-7	5.976062545376343E-7	4.352762287687555E-7	8.452499564827727E-6	2.233447860463175E-5	3.67810769798235E-8	8.029726664615425E-11	1.499305167785903E-11	3.6322524401453296E-10	5.0244857240145125E-8	8.683835165653377E-8	1.7917485509987363E-9	2.4164508445531108E-5	9.598156367847974E-12	1.200189934071922E-9	1.5793841630675816E-14	1.8645188680069495E-9	6.074020934733227E-11	4.388482196704127E-11	2.018278752202183E-6
2.476237418086866E-5	4.161268779998889E-6	1.0914773718957739E-5	6.963362518931106E-9	9.66935485342201E-6	2.965665502531901E-6	1.2771956007819257E-8	2.3315796044296913E-5	7.703384924338178E-6	1.2421154926381159E-5	1.2456504190184487E-7	1.3412036723695827E-6	1.1573976202677558E-6	1.891279362621548E-6	1.3779653289085894E-6	2.5550262369109064E-4	7.072538998950653E-5	1.1635071754200942E-7	2.5423112372248816E-10	4.746809673026894E-11	1.1481196328814702E-9	1.590608061773526E-7	2.748398803284473E-7	0.0	2.748398803284473E-7	3.0386193265423224E-11	3.799601907231965E-9	5.0003341968336177E-14	1.409287739922808E-11	8.08540884191024E-12	1.3893955580770764E-10	6.388458780105551E-6
5.166737320224045E-9	3.7558679465308876E-10	1.3962210462498105E-9	3.466461847264989E-12	8.479999586333562E-10	2.6975592680114696E-10	9.212080583221809E-13	2.430139648883062E-9	6.070206645229058E-10	1.0638999516561074E-9	9.563457866182417E-12	6.072480943877125E-11	1.6003217171207516E-10	2.4601442839195716E-10	2.3326275328594875E-10	1.1050603109970876E-10	7.023079098245167E-11	4.073451458872844E-11	1.574537026418282E-14	8.074804974117391E-14	1.5539328168303706E-13	1.4999530483531348E-11	3.4003225238307916E-11	0.0	3.4003225238307916E-11	1.7444815966468095E-15	5.529637724857544E-13	1.2321277968954599E-17	1.3806110884581025E-15	6.218240134823339E-16	3.430689301341533E-14	9.500381044301275E-10
4.66735497469214E-8	4.032659771057325E-8	1.28065641323385E-7	1.138775529508788E-7	4.920752988170619E-8	1.6787404839430485E-7	4.804051701636567E-11	7.647797155549653E-8	1.8735521395222826E-8	3.605175194569967E-8	3.0813534561317004E-10	1.7766802293066476E-9	1.3551618858198205E-8	4.894005080292407E-8	9.380545851926091E-9	1.50118954305506E-8	3.7760056057300045E-9	1.353038294029721E-9	3.9494258640571014E-13	4.0152989549730787E-13	8.460568962659784E-11	6.129292404320711E-10	1.2818113443515126E-9	0.0	1.2818113443515126E-9	2.9716250859280284E-13	1.024107373273714E-6	3.840320773207076E-7	6.534703960199208E-14	2.3457698215411445E-14	4.2513285914194334E-13	8.283954433359921E-8
4.786940009217263E-9	3.76888864179293E-9	1.4928476474014992E-8	2.1802766724162863E-10	4.91578383679094E-9	1.803053294379261E-8	4.754400954436098E-12	8.352718188386991E-9	1.962073697856845E-9	3.765526495588535E-9	3.185487674447535E-11	1.94808563518321E-10	1.5744313359199977E-9	4.595533848096361E-9	1.0902542717082374E-9	1.3985757490426522E-9	3.721708479690335E-10	1.9755937499651355E-7	4.032847213684541E-14	5.160458819317349E-14	7.683007052984932E-12	6.148236108697591E-11	1.298927316602484E-10	0.0	1.298927316602484E-10	3.827740321470052E-14	2.5257040524171764E-12	1.187526306982103E-16	8.679283626200596E-12	2.3627196433252707E-15	3.3136405594154886E-13	7.81727170791061E-9
2.792877660437688E-9	6.753150698031808E-10	1.4592242700574209E-9	1.0589427300834801E-11	1.3372931473297876E-9	8.761214863406751E-10	1.2885260543760497E-12	1.8603677014570244E-9	8.910261966607551E-10	1.3946589110831315E-9	1.511705686484209E-11	4.4389788489162886E-11	1.5726785848354467E-10	4.107470889161185E-10	1.8334272413939542E-10	1.911397133587484E-10	8.137371570584953E-11	2.674546631118376E-10	3.215447909409162E-14	3.351922777114609E-15	2.0054600026332182E-12	6.086811391562858E-11	3.55638569034235E-11	0.0	3.55638569034235E-11	2.4947110226394845E-15	4.716233917338622E-13	1.0762338746699063E-15	1.95504133477877E-15	5.625467935302952E-10	3.0112146756112957E-12	2.285003510194178E-9
7.464029250137578E-10	2.61046973948229E-10	3.980714923538481E-10	2.881243213631569E-13	4.0989622595777955E-10	4.6158521285931886E-10	3.943093656468313E-13	5.131293622685697E-10	2.3799671357988304E-10	3.7732918032623755E-10	4.042146641635449E-12	1.252941437352841E-11	4.593349783467676E-11	2.2002760940066168E-10	4.8884102102711585E-11	8.200536985116537E-11	2.56928857751042E-11	7.666144771147412E-12	8.447595512361624E-15	7.408042556108444E-16	3.5167724391272284E-13	6.1412523600199845E-12	1.0022117379037538E-11	0.0	1.0022117379037538E-11	5.452527216090404E-16	1.3748745850457078E-13	1.7163285625052486E-18	5.121228576734366E-16	2.8854830929014167E-16	4.7653868632391825E-15	4.5690945075049545E-10
4.536734177531035E-9	3.3847586949295274E-9	7.03854302035068E-8	3.666193473889131E-12	4.8541846315707105E-9	8.187995709351416E-9	4.6977080932471825E-12	7.594268983750454E-9	1.8347773565939508E-9	3.519340221718021E-9	3.001249771595608E-11	2.1121425801163076E-10	1.1722078717896671E-9	4.31578596768837E-9	7.414077357377877E-10	5.537502087649909E-10	2.917129480027797E-10	4.989204650919166E-11	3.853709054537881E-14	1.1667674286721338E-14	5.034298323021604E-12	1.4421888524670544E-10	1.337210831979771E-10	0.0	1.337210831979771E-10	8.09023704414518E-15	3.417089742815282E-12	6.1619222149824075E-12	7.765438762888943E-13	2.2568838766760614E-15	1.7241240804497202E-8	6.567132453193312E-9
0.004381099206081952	6.206726838101998E-5	1.1527006476227859E-4	7.293245076178767E-8	1.4345485760820377E-4	1.8218891498267688E-5	1.5973801277837565E-7	7.434020120174613E-4	1.355515340416968E-4	2.543933382781139E-4	1.9958664148942205E-6	4.13922048665829E-6	1.1966288146908845E-5	2.2925405199552644E-5	1.423611507952359E-5	1.3390917706547856E-5	1.1054708125883085E-5	1.2037925526458824E-6	2.542893703728814E-9	2.1796933026980208E-10	1.2733644252413437E-8	3.510475048593246E-6	5.4656385882898365E-6	0.0	5.4656385882898365E-6	4.965503090622755E-10	3.7506793199435684E-8	4.567783294997804E-13	3.112559584596649E-10	1.1648760915027497E-10	1.2686633282744915E-9	8.977464822392719E-4
