32
NULL,time@time,open@__open_nocancel,read@__read_nocancel,mmap@__mmap,munmap@munmap,mprotect@__mprotect,rt_sigprocmask@sigprocmask,exit_group@_Exit,rt_sigaction@__libc_sigaction,sched_yield@sched_yield,write@__write_nocancel,syslog@__syslog,getpid@getpid,writev@__writev,close@close,open@__open64,fstat@_fxstat,read@__read,close@__close_nocancel,mremap@mremap,stat@__xstat,socket@__socket,fcntl@fcntl,connect@__connect,madvise@madvise,lstat@__lxstat64,openat@__openat64_nocancel,getdents@__getdents64,lseek@llseek,getrlimit@__getrlimit,write@__libc_write
0.5306582636657867	0.03673193386189705	0.05395732144805984	1.994069689866202E-5	0.07872162265774736	0.006623575342437734	8.594008909169436E-5	0.07211163721785421	0.024995579693764116	0.0485900368848877	4.459705657072754E-4	0.001197467519033182	0.005557470593568568	0.007529780146969755	0.005213430109088347	0.004451464307045068	0.003792237123515947	3.9553309653550647E-4	7.109427550972253E-7	5.988634472931995E-8	4.388092214992438E-6	0.002614511629278532	0.001897902448993886	0.0	0.001897902448993886	1.2625836347039727E-7	1.3343573227341842E-5	1.4260690875977822E-10	1.0921436327643354E-7	3.89837018829176E-8	3.952170255170393E-7	0.09864436520472594
0.008763895575261898	0.0015397487284569886	0.05046768435825067	1.1886738626689069E-4	0.031993686017620364	0.0010240564346753525	5.359905219662476E-6	0.009608925273079242	0.002657415299161355	0.005192450542947035	4.5445882124095425E-5	2.1430398725592585E-4	9.992999328922911E-4	0.0034244595800111263	7.433026491392364E-4	5.5366566959087E-4	4.1310560727179685E-4	4.614118134081646E-5	7.99174671062282E-8	9.096977536503075E-9	6.968373436323427E-7	6.289351314667109E-5	2.0312473186543618E-4	0.0	2.0312473186543618E-4	6.324504870310672E-9	3.3487911100690113E-6	1.4333219418804757E-11	1.0675076022279637E-8	3.734076161982273E-9	3.893916669413261E-8	0.0031741613486459216
0.03055992887596118	0.004156411254962614	0.058839442017532696	0.0199077406685318	0.04383813712172606	0.004060855260568078	2.3320692306166574E-5	0.025015977936905513	0.005876007573467635	0.01079154643635839	9.332002923087919E-5	0.001742546584527958	0.06252404840212486	0.0030743412306286524	0.0017341923401036654	0.0016906151709378996	7.503856432452183E-4	8.262508980523014E-4	1.8800197387662958E-7	7.46096504422492E-5	3.127726033126493E-6	2.122312840866121E-4	3.2923789395770573E-4	0.0	3.2923789395770573E-4	6.100484821276341E-8	6.42671624717628E-6	1.557073506710405E-9	1.6460158596447343E-8	6.39623360426135E-9	3.9901357544008134E-7	0.011208455917400648
0.001028144448521542	2.1544162098406107E-4	0.0011181226036761456	4.1804032000816797E-4	0.0024931474812713537	1.4832789805560795E-4	7.14490149440302E-7	0.003538460957235567	5.902112260141369E-4	0.0011315689464189357	8.486217491422468E-6	0.006969287910323045	5.753607829022614E-5	1.0288048245400291E-4	5.688199157758839E-5	9.802687722272759E-5	5.1601894369439324E-5	8.636207189234284E-6	8.98729132446904E-9	1.4664961118454454E-9	1.6651624972222106E-7	6.711501211275353E-6	2.349405524177184E-5	0.0	2.349405524177184E-5	8.818490017977103E-10	1.6990571201374412E-7	1.238994184066281E-9	1.5034620466349508E-9	4.726510996141477E-10	2.7149207162566E-7	4.8674310572968085E-4
0.01679671774683775	0.002500056072067606	0.010612961639163513	5.634507709897E-6	0.25712488345741497	0.24449644976136561	0.07832250715714927	0.01502183915338284	0.004310166411342337	0.00838459717370383	7.414769330061952E-5	6.656179502372022E-4	0.006273271943719886	0.001443910059079825	0.006374963769256941	0.001017562371943144	0.0012410313338683456	7.789679273548877E-5	1.5364525195928245E-7	3.919303041166824E-8	8.978866396143386E-7	1.1663609131943884E-4	6.416455777079322E-4	0.0	6.416455777079322E-4	2.3065305302605273E-8	3.7400349973660165E-6	2.4128727930258E-11	1.7453549020914984E-8	6.135819313086369E-9	6.666764663320551E-8	0.005368799835635874
0.03486487271468046	0.006010246560444456	0.01285819479815426	1.6983230459094933E-5	0.09521017385260765	0.07682971857404926	0.14619902550669733	0.022150798296803244	0.006889498364592902	0.01359254928025115	1.213798010394009E-4	5.834674092270802E-4	0.0037107781755012542	0.004917904677653946	0.001931632915884318	0.001372503921906883	0.0011256541110862249	2.1998786960412107E-4	2.580785216689444E-7	2.6835908915175954E-7	5.765555372497025E-6	1.8633393499051828E-4	5.597462014989554E-4	0.0	5.597462014989554E-4	2.5039477530696138E-8	3.936243922930436E-6	7.853017253033409E-11	3.046598003591663E-8	1.0512372127527212E-8	2.187629204649277E-7	0.010256350458117007
0.015144471549818697	0.0023352507776017595	0.006027184697122045	3.3484834620465484E-6	0.03833957206635781	0.11310981098239725	9.346821506923282E-6	0.011014222830705734	0.003908845515989412	0.007856758092988754	7.119045726159616E-5	1.6398156560961345E-4	6.226005707209991E-4	0.0010355080524598653	6.445345240479635E-4	7.043798813028132E-4	6.438083294660703E-4	6.033428256739006E-5	1.6499010294636294E-7	8.150689023573047E-9	6.61804817287948E-7	9.442112129132371E-5	3.2500875673977805E-4	0.0	3.2500875673977805E-4	7.706187590378695E-9	1.971126629898013E-6	1.949416813696271E-11	1.934419445246683E-8	6.533298530323641E-9	5.4105677448737165E-8	0.0041059892307423575
0.06774674764752081	0.011065980869309181	0.02585700524051664	1.7939127383931107E-5	0.030966826147116218	0.003975425618851725	3.393803455217278E-5	0.061766732161645736	0.0665144471347565	0.122693090999482	8.333947814822962E-4	0.0017220964191673644	0.00272577913785381	0.005094519921609204	0.0037333826477202853	0.003205320023193867	0.0023496557574505493	3.042971015579685E-4	5.554518723090748E-7	9.361972355923095E-8	2.8297118030659186E-6	4.2119896093727676E-4	0.0010913959282769755	0.0	0.0010913959282769755	5.241027647356575E-8	9.28152883596557E-6	1.369127263140588E-10	5.881605585492233E-8	2.45310112627565E-8	3.8065631504352113E-7	0.018440045359003426
0.04896803774088343	0.0055982964151138105	0.01787606546571034	1.4473237123833191E-5	0.02138495619139697	0.0026919134825932	2.21448473969515E-5	0.05044039348725879	0.010355455511592728	0.018942652280601966	1.5728956725685907E-4	0.0018249411292348148	0.0018848337448026163	0.0037886190734903744	0.002683948715871358	0.0019114364526648397	0.0012596904313653603	2.140052640607279E-4	2.6949536315063304E-7	1.0329538522716311E-7	1.8323884442986187E-6	2.9725595831233E-4	5.121526446449171E-4	0.0	5.121526446449171E-4	4.95395556883187E-8	6.536062570595421E-6	9.623961255895461E-11	2.429412103909684E-8	9.692891068766957E-9	2.6738955598768344E-7	0.013050322116257947
0.052480282516903745	0.00744767187736884	0.02026076501048047	1.4761867399674234E-5	0.023962314475169617	0.0029984704822350683	2.629573157526702E-5	0.05328617040830882	0.07058844902675032	0.05413852627350856	0.001210321673494052	0.0016620318677920015	0.0021310164232356977	0.004038978956556898	0.002920598071244387	0.0023526710593530695	0.0017591631302966634	2.338552212705059E-4	3.5177206796808027E-7	9.26012287886638E-8	2.0803317458914828E-6	3.2140262782842075E-4	7.89995118394339E-4	0.0	7.89995118394339E-4	4.7895617819204277E-8	7.15833560406523E-6	1.0442874286187562E-10	4.157693119881436E-8	1.6026682953392035E-8	2.902013010745422E-7	0.014109995230644955
5.473125643731193E-4	7.251540768709222E-5	2.0422404981006355E-4	1.5579891253851147E-7	2.4391432435173226E-4	3.0845658025529424E-5	2.5933216139803914E-7	5.444534936232297E-4	7.827263360593511E-4	5.708155124175633E-4	4.240229368833138E-4	1.8090524394580786E-5	2.152286428746359E-5	4.1978570455762594E-5	3.0119441220905146E-5	2.3146161869630833E-5	1.6145848749096553E-5	2.4181067285988633E-6	3.530189458552098E-9	1.0127721046486656E-9	2.1342045233255693E-8	3.3495934892857064E-6	6.998549714052451E-6	0.0	6.998549714052451E-6	5.085695932157588E-10	7.385351676094471E-8	1.0863185529329057E-12	3.548535175009269E-10	1.4299882661322937E-10	3.0188872281541133E-9	1.469392020079337E-4
0.001198847600689919	2.2153305536211652E-4	0.01766518588158527	5.984869913155206E-7	7.249667307933097E-4	1.417441505119389E-4	8.073440677719925E-7	0.0041269614500617415	6.848045068843805E-4	0.001303557657235851	9.780976331019333E-6	0.0069946747670511815	3.7211102627194133E-4	2.4212947541039204E-4	5.344984641586902E-4	8.16327788807584E-5	5.9149995460656626E-5	7.244941878094546E-6	8.959038216014346E-9	2.5163343346810488E-9	1.0470715487326375E-7	8.802725568349073E-6	2.861879089524976E-5	0.0	2.861879089524976E-5	1.3397246973236948E-9	5.642755275738659E-7	2.2837635527239627E-12	1.477416295502683E-9	5.298521270675762E-10	6.184946606416743E-9	4.665453655784414E-4
0.011435884819541699	0.0015449771237487934	0.004049441647975898	3.472560289536188E-6	0.0035869160518202433	5.27288633851496E-4	9.011570181335615E-6	0.013556857239693616	0.0027618135834479346	0.005097957199458168	4.204476008648586E-5	0.0016138747986602603	4.2750353856380665E-4	6.39155880651499E-4	4.60973813012461E-4	3.38162727825469E-4	2.5235691516135595E-4	5.2498435910805835E-5	7.237013725968654E-8	5.089036348663615E-8	3.680839236895109E-7	5.619601512136652E-5	1.235479131107554E-4	0.0	1.235479131107554E-4	2.2222980516806343E-8	1.2563039787659687E-6	1.6139212329801546E-11	6.713203717976857E-9	2.625513871096055E-9	4.48153642815833E-8	0.002649466058257388
0.005499543976622788	0.014273261218908241	0.003799246704718667	3.205002367099059E-6	0.002663272827146582	0.0060753184135055455	3.202968059205545E-6	0.005676510169911475	0.0015440047767163528	0.0029741332389750024	2.611102705015387E-5	2.3815232352534133E-4	0.0018746656392449788	6.047017204672882E-4	0.014070028427396302	8.998980107886996E-4	0.0017949729338359525	2.8184144447093494E-5	3.5317291026541084E-8	1.0722570253703196E-8	3.7413730627947726E-7	6.927158903913357E-5	9.64652417958951E-4	0.0	9.64652417958951E-4	5.801063863990555E-9	3.2980873293993162E-6	9.142718312112723E-12	5.789968035019945E-9	2.0853717750311776E-9	2.513293346988514E-8	0.0030190225424003487
0.005161822984712724	0.0011453277903317675	0.0026687174108447425	1.3620051019255675E-6	0.0027144981915392945	4.3566831849420194E-4	3.823892338335533E-6	0.006254474041595452	0.002126132860870482	0.004236739747386959	3.827306104582169E-5	0.007106177401981679	2.7747298563951837E-4	4.0616305284540787E-4	3.158257775265859E-4	0.002161404930781369	0.0053217651856584045	2.4828589012896956E-5	4.762297915774227E-8	6.654646597283773E-9	2.3667977443041225E-7	3.145440005705637E-5	0.002884626539416219	0.0	0.002884626539416219	4.709401802096294E-9	7.892355424854938E-7	1.0278717891352441E-11	9.946069054543595E-9	3.435457259819843E-9	2.85480635401852E-8	0.0014071869929311632
0.004683011230271692	7.707382574356899E-4	0.001900705451837431	1.3854810886157122E-6	0.0017631689944939564	5.483930619713721E-4	2.3524145190511137E-6	0.003773397163533468	0.0013415681768339503	0.002145838867714788	2.1951814639778754E-5	2.4698458305967715E-4	2.0015740640781158E-4	3.2218894289141355E-4	2.547360088433028E-4	0.0015454630835420686	0.004482637766210324	2.1238250939263972E-5	4.562531211650367E-8	9.604082219407048E-9	2.0084203923698974E-7	2.8173033810992186E-5	0.00376985742291426	0.0	0.00376985742291426	5.294443712772328E-9	6.452483115544448E-7	8.955894733598433E-12	2.501795280395902E-9	1.4522585243786067E-9	2.4899403209091052E-8	0.0012686366734373814
0.004224729835134518	0.0012784462082795548	0.00266316532288947	2.3904214717727076E-6	0.002007722919817338	0.004480482207809123	2.371505189726694E-6	0.003530571501080664	0.0012350067729744335	0.002065294746228147	2.05533522924236E-5	1.950806215684799E-4	3.038405166908184E-4	0.0012178440777757917	2.82310102498136E-4	0.002372755835568603	3.3332057289009594E-4	4.672945280394424E-4	3.953248059488657E-8	7.448221302152179E-5	3.104261435906737E-6	6.902146285003175E-5	5.64265837398101E-5	0.0	5.64265837398101E-5	5.786242462381489E-9	7.132248681767134E-7	1.478855942986095E-11	2.931509629338203E-9	1.4525271005036288E-9	4.1179682620989235E-8	0.002015585721408423
3.638825857658005E-4	8.140974149685981E-5	4.0524407916497815E-4	1.424984391884928E-7	2.929574045065821E-4	2.7865449133971537E-4	2.3433422819426803E-7	4.3023602121382347E-4	1.408856800776068E-4	2.670974388744707E-4	2.4574819626711154E-6	7.755988433945906E-6	4.108135886910981E-5	4.261730139571305E-5	4.777676069771324E-5	4.14510843257145E-5	2.1384743067825973E-5	4.392802529188941E-6	3.404956814957326E-9	4.743099493280689E-10	3.358080758159926E-8	2.4698115206730633E-6	1.0489167050654945E-5	6.802751312208023E-7	1.0489167050654945E-5	9.296095479480185E-10	8.55435098630289E-8	1.182377537046154E-12	2.556521405967578E-7	8.184492851950455E-9	3.2818542083906375E-9	1.332487894430762E-4
1.2707369380798302E-7	2.445395842171425E-8	6.341923139918826E-7	1.837410601010733E-10	8.827101697948366E-8	3.3142441824535382E-6	7.956472086369975E-11	2.672370478204303E-7	5.0882301755733217E-8	9.643521306632176E-8	7.671948212092955E-10	6.2431980540931026E-9	6.209976059564918E-8	3.355177478060415E-8	4.544104951043236E-8	9.68803259584565E-9	6.302083460428077E-9	9.844462321285605E-10	8.653819271339207E-13	2.40151540908667E-12	1.4992001249078525E-11	1.0155704528469706E-9	2.8720326810492025E-9	0.0	2.8720326810492025E-9	1.9862318324934744E-12	8.078145250983895E-11	4.352384653029289E-16	1.306488517367928E-13	4.789500597546495E-14	1.1881139783309375E-12	6.515286066076236E-8
5.793265519149139E-6	1.2856523533307008E-6	7.95596003817415E-6	2.3535803769053297E-8	3.1002125944005434E-6	5.264939734092196E-6	3.498320167774561E-9	6.549542329984755E-6	2.1384394873230553E-6	3.985316312659012E-6	3.696931869459788E-8	1.2924446891681376E-7	7.967191749764636E-7	8.031252268693742E-7	6.67670030567241E-7	3.9017143873480673E-7	2.888289337775499E-7	5.387740260359381E-5	5.352159029580941E-11	9.844210901069315E-12	6.018297862816886E-10	4.002320147179909E-8	1.4048370373991474E-7	0.0	1.4048370373991474E-7	2.10066101659115E-11	1.4438850472754984E-9	9.46944746306676E-13	7.930862285927728E-12	3.0000352067832706E-12	2.649119245664745E-9	2.047226325763527E-6
8.15382775344242E-7	2.671226732763087E-7	1.1642425657535217E-6	4.478209770586206E-10	7.324848156655278E-7	1.1050447809028731E-7	7.294851400946678E-10	1.391005701115643E-6	3.2069358906828975E-7	6.155056919809375E-7	5.18540693578984E-9	2.7642500819700912E-8	1.39390806484631E-7	1.7894534058586207E-7	8.069132579714922E-8	6.106819232589703E-8	4.2234124395059064E-8	5.166801898243593E-9	6.3029889238978006E-12	1.2535513894375396E-12	8.517986315807491E-11	6.118632777846457E-9	2.0425385249435615E-8	0.0	2.0425385249435615E-8	7.464867293713379E-13	4.1508822828570973E-10	2.2472811354512346E-15	1.0568121785266325E-12	3.8080936535863694E-13	6.135918203716908E-12	7.1109032268819235E-6
1.4460193915745442E-4	5.897165771971675E-5	1.3176318151175308E-4	4.446932035644496E-8	1.30238307926834E-4	1.388068313894432E-5	1.382626316701792E-7	1.4933247784945566E-4	4.945740357486291E-5	9.227428315483208E-5	8.577841908158649E-7	3.129299897172348E-6	1.4186096870127214E-5	3.319860192327779E-5	1.165819317890756E-5	8.829451348771298E-6	6.80798856769509E-6	1.1353641661038115E-6	1.5625487414597073E-9	1.3599326105058334E-10	9.459643838906037E-9	1.0952288290711501E-6	3.36311017187543E-6	0.0	3.36311017187543E-6	9.835645690136287E-11	4.1281301643414185E-8	4.034611877946888E-12	1.8325738443137666E-10	7.002762317638699E-11	1.127517206828168E-8	4.611070886669626E-5
0.001024671990115921	1.6920553894155636E-4	4.3930019405589803E-4	2.7459122761801284E-7	3.9341112133843017E-4	1.1842202381711293E-4	5.190946893812328E-7	9.329634488815546E-4	3.0626098740231934E-4	4.964382515185026E-4	4.964097447250979E-6	5.33475988172065E-5	4.65049300989977E-5	7.43368206106732E-5	5.502716143520855E-5	0.001064625228882991	0.002813707868479063	4.613559601079536E-6	9.944002710348065E-9	1.886352175853289E-9	4.51961854223024E-8	6.213040280883384E-6	0.003650748519434195	0.003639567138783658	0.0018309622395585965	1.149270046037245E-9	1.5069693430216922E-7	1.9442612288098016E-12	5.76148168229997E-10	3.2437388892358526E-10	5.401295721213782E-9	2.8042685560768574E-4
3.0746128048703006E-4	5.078557122803763E-5	1.318419311759478E-4	8.243774088754808E-8	1.1806891344228929E-4	3.5562882118427595E-5	1.5578130272650378E-7	2.799547192693466E-4	9.190046084257676E-5	1.4897549814328888E-4	1.4896270526607498E-6	1.6005363107060085E-5	1.395693899058359E-5	2.231445924444387E-5	1.6512970517800565E-5	3.1939294948705104E-4	8.441144301711962E-4	1.3855167276624305E-6	2.9836956431359786E-9	5.660211825157083E-10	1.3583530591865576E-8	1.8643832155471033E-6	3.3561886699511507E-6	6.771002795083556E-8	9.132493286077516E-4	3.4486952812842714E-10	4.5220745221010914E-8	5.833960881628138E-13	7.046467755320918E-8	2.296190940356801E-9	1.6207145254334134E-9	8.416009229191362E-5
9.734344224915795E-4	1.6074460673343557E-4	4.173334831304058E-4	2.608606028621462E-7	3.737390417576607E-4	1.1250046402815608E-4	4.931379446793519E-7	8.86311663467084E-4	2.9094675201373545E-4	4.7161441644850017E-4	4.715873351051604E-6	5.068001228379924E-5	4.4179503500244764E-5	7.061969170526905E-5	5.2275590266669944E-5	0.009655339437718458	0.00267301157876197	4.382863754672629E-6	9.446764065940055E-9	1.7920272620214272E-9	4.293620112559543E-8	5.902364206378309E-6	1.0622268317284348E-5	0.0	1.0622268317284348E-5	1.091802093101592E-9	1.4316150400196673E-7	1.847040638072998E-12	5.473385286418346E-10	3.0815393831537905E-10	5.131210018233404E-9	2.6640442685343176E-4
1.870550850627831E-7	1.545129727106011E-8	5.480684906114119E-8	1.3140081468789448E-10	3.480929596991411E-8	1.0610051872474318E-8	3.7892762085428845E-11	9.443648950708739E-8	2.3688201639547576E-8	4.18095359387857E-8	3.754368592978786E-10	2.3347766882298455E-9	6.25644467175971E-9	9.51938361054193E-9	9.009777886084866E-9	4.347521562774034E-9	2.796924069679058E-9	1.55945581103444E-9	6.072410634997378E-13	3.0533341211096515E-12	6.029258893333397E-12	8.143660298447423E-10	1.35683075993887E-9	0.0	1.35683075993887E-9	6.694688742628173E-14	2.1339404712239872E-11	4.639542525381519E-16	5.6299416940740455E-14	2.4820037420276724E-14	1.291644613224492E-12	4.7553639562019156E-8
2.0950240210340537E-6	1.5279627744026796E-6	4.834965715712263E-6	4.3071719971177266E-6	1.8692957151505896E-6	6.342672574832941E-6	1.8317989492048365E-9	2.8931940403562007E-6	7.048779193084793E-7	1.363142045149229E-6	1.1620354124018744E-8	6.689982315991155E-8	5.112023085963765E-7	1.844466884575448E-6	3.543267370621279E-7	5.705277686302071E-7	1.4353826766949467E-7	5.1179495034675114E-8	1.4343126860607555E-11	1.515082427662772E-11	3.1952416167998376E-9	1.8608263801997477E-8	4.8863096469227324E-8	0.0	4.8863096469227324E-8	1.100713990379474E-11	3.8700926778402135E-5	1.4512540096107475E-5	2.4989122676759837E-12	8.897952346685569E-13	1.4675326199674386E-11	3.081461601403559E-6
2.1420641775691286E-7	1.4282909055994293E-7	5.636832303477488E-7	8.24472755478033E-9	1.8676101233282948E-7	6.812120588233669E-7	1.8133020120642886E-10	3.1597922376866455E-7	7.381955951766975E-8	1.4236454965047246E-7	1.2012308232402879E-9	7.338178048016251E-9	5.9407138858902865E-8	1.7315724438467033E-7	4.120295915401872E-8	5.3132748045324735E-8	1.4147268129126274E-8	7.465754009469478E-6	1.464225307912554E-12	1.947779361668473E-12	2.901056328412756E-10	1.878191900059935E-9	4.951609539426901E-9	0.0	4.951609539426901E-9	1.4236417971651808E-12	9.492658127719815E-11	4.4306603413438696E-15	3.279923797403917E-10	8.961570043671575E-14	1.2362838038169469E-11	2.9087154034702107E-7
1.3387708991805857E-7	2.5861809914262805E-8	5.501002015749622E-8	3.974237840980907E-10	5.130599581840244E-8	3.26088367552571E-8	4.979254015920642E-11	7.043113888288867E-8	3.360988373334175E-8	5.28490883468359E-8	5.717449924744611E-10	1.6651760853063698E-9	5.909554422848171E-9	1.524902109522692E-8	6.86617988431479E-9	7.15992377198832E-9	3.1017633888180808E-9	1.0019365750930186E-8	1.2020376269210993E-12	1.2533070187353292E-13	7.367949430724769E-11	1.649014148150391E-9	1.3638865792970696E-9	0.0	1.3638865792970696E-9	8.995819242649694E-14	1.7577423520065862E-11	4.0644114015619877E-14	7.541931191079662E-14	2.125859657389301E-8	1.1371898419388267E-10	7.464952226878786E-8
3.0063446387434914E-8	9.982066673934986E-9	1.518633211147261E-8	1.0830418241080373E-11	1.575379338916849E-8	1.746506413377162E-8	1.5235604822233157E-11	1.9570411583414014E-8	9.00129618932871E-9	1.4347106793214016E-8	1.532354117968548E-10	4.73758540254643E-10	1.7478987572552693E-9	8.295082689466797E-9	1.853773290585569E-9	3.120360824497803E-9	9.85565897168436E-10	2.902136779300202E-10	3.1549350784028987E-13	2.795051235411614E-14	1.3282843491307816E-11	2.1084312786347111E-10	3.8644026648070407E-10	0.0	3.8644026648070407E-10	1.9360276072709338E-14	5.185573600464973E-12	6.318795600913161E-17	1.9840212803552698E-14	1.100118135562252E-14	1.754016827339855E-13	1.7639767668862726E-8
2.5526543506608614E-7	1.2795284153176844E-7	2.6564860369441335E-6	1.3636852828447506E-10	1.8371556025534655E-7	3.076448687627686E-7	1.7861320353359295E-10	2.857718611250487E-7	6.874964676666113E-8	1.3251575008979088E-7	1.1275516451714012E-9	7.916886907669545E-9	4.389369421351383E-8	1.6191514199204214E-7	2.7733544484823374E-8	2.066566641532623E-8	1.1019551525244951E-8	1.8236869628301896E-9	1.3988222765981345E-12	4.360109385544736E-13	1.8900303485025342E-10	3.809422099714642E-9	5.069390550523609E-9	0.0	5.069390550523609E-9	2.8444903488387603E-13	1.2791818008180335E-10	2.327349263653528E-10	2.933211836461574E-11	8.532887549073716E-14	6.511992152992645E-7	2.168796161604678E-7
0.1994013739522373	0.003395337679259983	0.006417192950473194	3.3995794994426208E-6	0.007724218598506985	0.0011749083320005045	8.52086329220739E-6	0.030391139179073375	0.005853172479940168	0.01105466115000862	8.845470047859649E-5	1.9664580746357082E-4	6.663440781090813E-4	0.0011390476038157194	7.277540474257355E-4	6.709162372381096E-4	5.362498556989814E-4	6.419320086872454E-5	1.1480306328064783E-7	1.029128531457269E-8	6.851242908036666E-7	4.3170049582016436E-4	2.644483017614211E-4	0.0	2.644483017614211E-4	2.2441969387809803E-8	1.8956843976446731E-6	2.4816206998311497E-11	1.4998569078281735E-8	5.536681543465833E-9	6.893096378399797E-8	0.05060672528588052
