32
NULL,time@time,open@__open_nocancel,read@__read_nocancel,mmap@__mmap,munmap@munmap,mprotect@__mprotect,rt_sigprocmask@sigprocmask,exit_group@_Exit,rt_sigaction@__libc_sigaction,sched_yield@sched_yield,write@__write_nocancel,syslog@__syslog,getpid@getpid,writev@__writev,close@close,open@__open64,fstat@_fxstat,read@__read,close@__close_nocancel,mremap@mremap,stat@__xstat,socket@__socket,fcntl@fcntl,connect@__connect,madvise@madvise,lstat@__lxstat64,openat@__openat64_nocancel,getdents@__getdents64,lseek@llseek,getrlimit@__getrlimit,write@__libc_write
0.4735129601238737	0.03984974102640646	0.05976845816865349	2.2729408859221807E-5	0.08535122207024723	0.007493848552054073	9.30122560706547E-5	0.07976851596458427	0.02793003241653815	0.053884504488470236	4.965355474833862E-4	0.001342882089964796	0.006170703406396915	0.008648121677667917	0.0058328992092234935	0.005011502127826833	0.004174390622958969	4.576731759968419E-4	8.226238073134092E-7	6.760505030413342E-8	5.075086987273401E-6	0.0033627087962699877	0.002082494203706987	0.0	0.002082494203706987	1.519275971023629E-7	1.507618795657054E-5	1.5403997095747607E-10	1.1949372406286493E-7	4.3089508576716166E-8	4.26753988226886E-7	0.1109139647192007
0.008613047631454533	0.0022525326201944347	0.0683395801415326	1.6050669636610563E-4	0.043567856982175614	0.0014224936793805572	7.66311658837842E-6	0.013443902627683885	0.003763730593046752	0.007339377846945864	6.4367217918197E-5	2.9781621865281966E-4	0.0013752120431193683	0.004676104528295281	0.0010390510055170543	7.799263648406516E-4	5.82534003998482E-4	6.538425692693834E-5	1.1252173649339746E-7	1.2694934447275413E-8	9.786211986277112E-7	1.1486989282537194E-4	2.8636918054166915E-4	0.0	2.8636918054166915E-4	9.073326802170847E-9	4.619587250322403E-6	2.255822737054524E-11	1.509653683115285E-8	5.295787796321363E-9	6.151562901939786E-8	0.0049043637413071686
0.03076310712489648	0.00622590999542291	0.08037389672621746	0.02687174363319393	0.060603815516328575	0.005611400977773831	3.2975627567219066E-5	0.03527548273483465	0.008492677570128475	0.01560254518812416	1.3559179032055096E-4	0.002381540669161634	0.08451182966294807	0.004332751860441724	0.0024583080300812116	0.0023797354372451286	0.0010886978961949343	0.0011236414402017668	2.7089212744266175E-7	1.0069889830230575E-4	4.3351577615554435E-6	3.5904727380700054E-4	4.8163826217028965E-4	0.0	4.8163826217028965E-4	8.524349059322136E-8	9.002070837808926E-6	2.1085687884982863E-9	2.431075987442263E-8	9.43283884426036E-9	5.581911234894331E-7	0.01658639142659403
0.0010198377936865915	3.112978085863701E-4	0.0015434620017822512	5.643954997435522E-4	0.0034110663784927436	2.0398506839154352E-4	1.0152683688312308E-6	0.0048310368685562525	8.184106088619511E-4	0.0015676131922271357	1.1817184280576246E-5	0.009407103380847591	8.131887381018906E-5	1.445409997223768E-4	8.084132372711674E-5	1.3573716594225135E-4	7.257614810230621E-5	1.1976136790365817E-5	1.2683389515764825E-8	2.0288098497626146E-9	2.2834178613617038E-7	1.2144908777486992E-5	3.31601065059143E-5	0.0	3.31601065059143E-5	1.2515201197866163E-9	2.398077079200094E-7	1.6724145954065511E-9	2.111632783063222E-9	6.685633780837324E-10	3.669847312602787E-7	7.193816460557589E-4
0.01634000905395741	0.0036941501242619876	0.014878326317446481	7.846584739247464E-6	0.34774174685863896	0.3300549564229704	0.10570895810662395	0.021130568099120676	0.006134645393304955	0.011909992502586023	1.0551699750576195E-4	9.140507347479612E-4	0.008526860945232653	0.002049186022824881	0.0086701269791511	0.0014320857851107273	0.0017197671924609108	1.1074899849262698E-4	2.1576741435337023E-7	5.367136209618187E-8	1.2793628148607966E-6	2.113964247885332E-4	8.878588011972723E-4	0.0	8.878588011972723E-4	3.2102384058811544E-8	5.228083246234271E-6	3.55811276403172E-11	2.47883898295675E-8	8.740448190295207E-9	9.83624030176627E-8	0.008339367622093719
0.03509056503223427	0.00869597774836746	0.01833750441554234	2.329281709890096E-5	0.12979872239353954	0.1037705030273195	0.1973193404456419	0.03133302512558979	0.009830882916544562	0.019363313672983315	1.7306735959055783E-4	8.119650924241117E-4	0.005111454332054452	0.006770066513329194	0.0027108923960510495	0.0019414264853839457	0.0015971675494278535	3.0449713801374836E-4	3.6097201375193754E-7	3.6342022738374297E-7	7.864829173479526E-6	3.178009689912687E-4	7.943384530143488E-4	0.0	7.943384530143488E-4	3.476162524384889E-8	5.567764014280293E-6	1.0969787960017928E-10	4.3346454275611785E-8	1.49913666264091E-8	3.0555857056257614E-7	0.01496182759885045
0.01505083664699578	0.0034311959310262567	0.008614583420408843	4.715839703969339E-6	0.05236620922090446	0.15270489782694147	1.33120898577688E-5	0.015601045431849463	0.0055525176361558735	0.011128908021783351	1.0087358146719049E-4	2.3395717066403956E-4	8.908408576647181E-4	0.0014689969877037703	9.231654087419063E-4	9.979013093686876E-4	9.088405321751646E-4	8.570655410498201E-5	2.295956634352286E-7	1.1637133561526832E-8	9.392228335511335E-7	1.6844555232691283E-4	4.584685077979314E-4	0.0	4.584685077979314E-4	1.1048296722089219E-8	2.7931571716201556E-6	2.8220209200416048E-11	2.7240465545763925E-8	9.230853093354669E-9	7.832963970115887E-8	0.006340840435294805
0.06758793058085613	0.01622496925124314	0.037040939122216246	2.515054537452174E-5	0.04466653328091468	0.0055910610893940595	4.896326048038146E-5	0.08670758128632022	0.09120606994630223	0.16815590651930734	0.0011473741113989203	0.0023864032530060194	0.003906118493041569	0.007216449233420262	0.005286843688527229	0.004545738534096958	0.003344937801242268	4.3109470072364396E-4	7.838825176407758E-7	1.2948829594596053E-7	4.040565880570833E-6	7.527682345668502E-4	0.0015581684163260027	0.0	0.0015581684163260027	7.376495191836103E-8	1.3160403065504881E-5	1.948883434367363E-10	8.419050748911632E-8	3.494893434198468E-8	5.418454491154438E-7	0.02851217150789063
0.04850690849821121	0.008370224834241125	0.025414487041879038	2.005547924764768E-5	0.030648682408786456	0.0037612928436797934	3.184969148568923E-5	0.06998823667134586	0.014696483416869133	0.026914034761733527	2.246339940628821E-4	0.002497168085925419	0.0026808159690035133	0.005315931486277442	0.00376574877941968	0.0027075275249714313	0.0018016396630447	3.0076581706836916E-4	3.8250808437446203E-7	1.4112204047709528E-7	2.606376420614367E-6	5.260781519945848E-4	7.409508769572215E-4	0.0	7.409508769572215E-4	6.882913124096171E-8	9.194734129986337E-6	1.3614148161741198E-10	3.56058870590257E-8	1.412893535067598E-8	3.7826631784946144E-7	0.01996875708963318
0.052232622588917144	0.011004670761776658	0.028904461325861126	2.0587884594504097E-5	0.034454436026350024	0.004208660726311187	3.782462510767992E-5	0.07433823206740636	0.09628338789838696	0.07490095749074191	0.001649533518371857	0.0022874775918942545	0.003041680437937977	0.005699131687370401	0.004119635278587883	0.0033338418380775736	0.0025013203339351035	3.302695407750281E-4	4.986508028758383E-7	1.2721498472549008E-7	2.9686729924285016E-6	5.721431970635371E-4	0.0011285290682341894	0.0	0.0011285290682341894	6.702825123523845E-8	1.011902426461378E-5	1.484435298497864E-10	5.964471395751335E-8	2.295187019491251E-8	4.125279977550926E-7	0.021722162459152698
5.440573300355426E-4	1.0756039043936329E-4	2.9137326054410565E-4	2.169334136658868E-7	3.506757134592504E-4	4.324583524045749E-5	3.7363323586991393E-7	7.589964211202156E-4	0.0010666409548568986	7.888066122011989E-4	5.724435086716275E-4	2.4862596522937996E-5	3.0720044943273804E-5	5.9153427587222005E-5	4.2438175635386276E-5	3.2826716437053265E-5	2.3052472286627913E-5	3.411436104356074E-6	5.00295885120769E-9	1.3894391238956428E-9	3.043083108497634E-8	5.9545917631117054E-6	1.0062980406298796E-5	0.0	1.0062980406298796E-5	7.100905908472306E-10	1.0428894356447113E-7	1.5417984486770483E-12	5.138427210395208E-10	2.0610446282817953E-10	4.28478410728905E-9	2.2589430077712088E-4
0.001181633235501133	3.2447894473113653E-4	0.02389797512387569	8.31357050435709E-7	0.0010367612571516947	1.981986703617381E-4	1.1531475081809324E-6	0.005644313660795732	9.519117749466371E-4	0.0018103461828102574	1.3658955233459683E-5	0.009441857776041476	5.08394173696176E-4	3.3611034498919604E-4	7.30677573916073E-4	1.1527068375736057E-4	8.356873023346186E-5	1.0264784924357818E-5	1.2799355008554624E-8	3.4680187385536043E-9	1.4760903879797924E-7	1.617331784642456E-5	4.043980636782315E-5	0.0	4.043980636782315E-5	1.8943867105197756E-9	7.793955598648413E-7	3.639255726502687E-12	2.094906530927426E-9	7.529375028272279E-10	9.900363139540748E-9	7.207313401156062E-4
0.011633949689786403	0.0023154928432501808	0.005835920380991364	4.852508574137726E-6	0.005339728540464173	7.523867720703132E-4	1.2706745649561171E-5	0.01883870948158233	0.003937009313664815	0.0072663429384052	6.0335555888074244E-5	0.002187926230636962	6.159805535543151E-4	9.246726633367485E-4	6.629444302111237E-4	4.917607955650297E-4	3.6858919422164317E-4	7.407818470832614E-5	1.0406628139436262E-7	6.91778141662632E-8	5.336429891216825E-7	9.765738367606708E-5	1.8055999870924159E-4	0.0	1.8055999870924159E-4	3.103006870563517E-8	1.8033370712284296E-6	2.329903102609594E-11	9.845686169082882E-9	3.843426776679263E-9	6.469959506394456E-8	0.003986076260805629
0.004791323524506909	0.01936255638270623	0.0052928358169261275	4.4178562718404735E-6	0.003818957748785805	0.00823535733678001	4.565391158218723E-6	0.007943805392898537	0.0021869612131861136	0.004205546864726173	3.699195701005485E-5	3.2675833263806354E-4	0.002549414467959226	8.516079952756994E-4	0.01901183198193218	0.0012366095808860021	0.002437534943459466	4.046870608068281E-5	5.0396048629906115E-8	1.4752314160787058E-8	5.321897131058579E-7	1.3368641942198965E-4	0.001308919867122754	0.0	0.001308919867122754	8.167321288601806E-9	4.51361009419214E-6	1.370962331809797E-11	8.201777945197612E-9	2.960222734727545E-9	3.773543983568219E-8	0.0049439653728672915
0.005201275876698509	0.0016607888406679856	0.0037986041608127586	1.9272246612525894E-6	0.003919567800910437	6.102743107940674E-4	5.4499684677656335E-6	0.008765702921491012	0.0029957513343790917	0.00595387405817649	5.3821012290593516E-5	0.00959656684690805	3.9535320534969605E-4	5.802558908693427E-4	4.4950261341928684E-4	0.002940934297780167	0.0072014364408628856	3.536860190997086E-5	6.757385598518064E-8	9.266082144930214E-9	3.397809304403372E-7	5.664101159109411E-5	0.003901919744938783	0.0	0.003901919744938783	6.701141220859378E-9	1.124162214982622E-6	1.4842940328522152E-11	1.3919539472991665E-8	4.821229773932198E-9	4.122829767637136E-8	0.002188902356613585
0.004695873125383487	0.001131870094582803	0.002715977616051913	1.9380654063980735E-6	0.0025818350813871863	7.564437552074652E-4	3.3926250465783244E-6	0.005316642995722091	0.0019017686265317014	0.0030590100277027594	3.117113742452442E-5	3.3761897487860187E-4	2.8612302941850306E-4	4.5919087247081613E-4	3.614958617266816E-4	0.0021029973896639536	0.006062361685243611	3.010416954410579E-5	6.417190620285786E-8	1.3175086544300824E-8	2.8681351576627794E-7	5.025942749870209E-5	0.005093543887338057	0.0	0.005093543887338057	7.377472389806576E-9	9.160072128209669E-7	1.2789748260229195E-11	3.6869180898331493E-9	2.0853830531193525E-9	3.5558433554614975E-8	0.001953214313507821
0.004211489018938523	0.001806799020381678	0.0037275751078121705	3.288238175595559E-6	0.002893716012677073	0.006048266078280256	3.399584922621194E-6	0.004972705201681715	0.0017501452659195121	0.0029375397393280357	2.9154167164114635E-5	2.671988680870777E-4	4.244995163705084E-4	0.0016634533425383296	3.9751368154728253E-4	0.0032050976256186694	4.5971242804125514E-4	6.301739957486412E-4	5.5711405455291116E-8	1.0052530194209755E-4	4.194320476524427E-6	1.0412518197711144E-4	8.1344363379762E-5	0.0	8.1344363379762E-5	8.034147764317721E-9	1.00497321135146E-6	2.076584538237152E-11	4.247379065198569E-9	2.076069734939242E-9	5.7822826469275654E-8	0.00295317078391659
3.583113250550478E-4	1.1789510888523703E-4	5.61402321017887E-4	1.992575574596554E-7	4.134223124457752E-4	3.7809614086333474E-4	3.3618776447809365E-7	6.035282283575628E-4	1.9887587364920145E-4	3.7660414668760656E-4	3.465311512297284E-6	1.0896104073098172E-5	5.702582973134034E-5	6.014623578623455E-5	6.635644241264666E-5	5.7571342893388496E-5	3.0060736165623558E-5	6.079747307809521E-6	4.824656859484167E-9	6.610986868137837E-10	4.7296819497199647E-8	4.424134973964408E-6	1.4739163566655895E-5	9.181350787459142E-7	1.4739163566655895E-5	1.2770578196757017E-9	1.2032787211850394E-7	1.829912817264682E-12	3.4507422504793056E-7	1.1058624022019087E-8	5.082969835198095E-9	2.0235988631879529E-4
1.2307430021922744E-7	3.5825907804017676E-8	8.616266567638639E-7	2.508196471214335E-10	1.2560386301686948E-7	4.4740352897024E-6	1.1432132100798477E-10	3.690044841389019E-7	7.163327795980889E-8	1.3561561863935477E-7	1.0850093351470557E-9	8.59803101710648E-9	8.447310501610091E-8	4.646498213542814E-8	6.235270378195878E-8	1.3703604168144822E-8	8.915500437482452E-9	1.389899127832102E-9	1.24800843924042E-12	3.2494432212076804E-12	2.113340760346045E-11	1.8649994528398826E-9	4.071556372213112E-9	0.0	4.071556372213112E-9	2.6918843381366368E-12	1.1125491538192921E-10	7.100854140209523E-16	1.870416643717477E-13	6.869382457522158E-14	1.94604460440725E-12	9.864167859994363E-8
5.635898313485182E-6	1.867221761850334E-6	1.0994513523516965E-5	3.1889856144842273E-8	4.481157471293683E-6	7.147928232918572E-6	5.046618233060322E-9	9.214702672821811E-6	3.0263927061620585E-6	5.637632518999902E-6	5.2278081754604893E-8	1.8171784273924668E-7	1.1035330817257994E-6	1.1306655083240878E-6	9.335334294192446E-7	5.579032621365693E-7	4.0952955843563505E-7	7.266519634470145E-5	7.590413697197169E-11	1.3639564720518569E-11	8.57421874732474E-10	6.959826223289889E-8	1.9894714452369216E-7	0.0	1.9894714452369216E-7	2.8712424367496572E-11	2.0350398010975264E-9	1.287588634015136E-12	1.122440751337901E-11	4.246725345641984E-12	3.6020635216611204E-9	3.0820575237911075E-6
8.012640975160493E-7	3.781799740501884E-7	1.592406550685074E-6	6.196300122691001E-10	1.0280880264080146E-6	1.5380696275521057E-7	1.0278708803769188E-9	1.9268108086660544E-6	4.5142055973064397E-7	8.651072168852115E-7	7.313503192448191E-9	3.822910680789302E-8	1.9073252536522403E-7	2.4752101753933644E-7	1.1273560311953811E-7	8.588845175003727E-8	5.955448257058857E-8	7.307342221942251E-9	9.01223382642592E-12	1.7370204981097282E-12	1.1922580572835198E-10	1.1292829432267463E-8	2.8808257224908375E-8	0.0	2.8808257224908375E-8	1.0718127395853433E-12	5.712230495655395E-10	3.4436226919213106E-15	1.4958666085988438E-12	5.402096829569073E-13	9.426856298581433E-12	9.661825687211804E-6
1.4411873704705817E-4	8.274190458586634E-5	1.8256770820984322E-4	6.251954311117038E-8	1.8274690209654911E-4	1.9435354154599587E-5	1.942792943924551E-7	2.1003326566534317E-4	7.004482865537488E-5	1.305896194696686E-4	1.2139265484813086E-6	4.378896104849571E-6	1.966934608381481E-5	4.576034774213124E-5	1.6389908957533266E-5	1.2494410205825238E-5	9.630402592461778E-6	1.5861115793597939E-6	2.201129124664345E-9	1.912200624766658E-10	1.3406523429053939E-8	1.9323548358612975E-6	4.7554483665163315E-6	0.0	4.7554483665163315E-6	1.4377816355256334E-10	5.7459440572748975E-8	5.489576518038171E-12	2.595376904902944E-10	9.919468502907069E-11	1.534088613643315E-8	7.171405016163769E-5
0.001027218189274166	2.4855773970130785E-4	6.259220191986467E-4	3.857383301678595E-7	5.755368170488707E-4	1.6351358214832703E-4	7.486912613001852E-7	0.0013089661710289353	4.3356793845763484E-4	7.061717262838251E-4	7.042009281699059E-6	7.297192953709674E-5	6.627636146557835E-5	1.05742790439555E-4	7.818953564022287E-5	0.0014417767955994553	0.003800815341181101	6.547062136412262E-6	1.399468530971998E-8	2.5937979188539004E-9	6.45148322023848E-8	1.1101127500628173E-5	0.004928472290313665	0.0049121511403355436	0.002472393061934513	1.602699074677289E-9	2.1343447223012466E-7	2.787805601270015E-12	8.464279118866534E-10	4.655624255175008E-10	7.74521203416769E-9	4.321975403188382E-4
3.082233950922452E-4	7.460089106431974E-5	1.8784889958687427E-4	1.1580429580601526E-7	1.727254615042872E-4	4.910335617514939E-5	2.2468200547573523E-7	3.9278219793741965E-4	1.3010170518993767E-4	2.119135596850979E-4	2.1131638345323782E-6	2.1893107418931076E-5	1.9890525175675613E-5	3.174134427424841E-5	2.34636572782704E-5	4.325405403258136E-4	0.0011402475909813362	1.9661038847056418E-6	4.19911115584901E-9	7.782986786608228E-10	1.93881919004973E-8	3.3312209477888293E-6	4.8988363850315644E-6	9.138501319747706E-8	0.001232938450574612	4.809336745263421E-10	6.404681286104734E-8	8.365140961288995E-13	9.512348698594313E-8	3.10739315508237E-9	2.3240410024938686E-9	1.297077879157484E-4
9.758533018315675E-4	2.3612889015789615E-4	5.946234943091091E-4	3.6644991985907376E-7	5.467577473872675E-4	1.5533726982239386E-4	7.112537988725437E-7	0.0012435127934085678	4.1188786251064244E-4	6.708604052670643E-4	6.689881546909045E-6	6.932305047101361E-5	6.296228673215688E-5	1.0045524142075117E-4	7.427975606341553E-5	0.013036011150484493	0.0036107598551817534	6.219683675606246E-6	1.3294896848773533E-8	2.464097978235716E-9	6.12888407537762E-8	1.0546028135654295E-5	1.550502927435306E-5	0.0	1.550502927435306E-5	1.5225579143719733E-9	2.0276192207773953E-7	2.648404525221835E-12	8.041032384372347E-10	4.4228250131648226E-10	7.357921438549247E-9	4.1058598958575426E-4
1.9096656629728462E-7	2.353268894093182E-8	7.80997360152771E-8	1.7867743147631812E-10	5.2928325435290116E-8	1.4533703063776326E-8	5.771911775318186E-11	1.3327082353398248E-7	3.408064754178951E-8	6.050336325758907E-8	5.434882933773301E-10	3.2493436347788872E-9	8.875253757410426E-9	1.3324345674851923E-8	1.256987429657663E-8	6.212900181897419E-9	4.08847193476504E-9	2.130571581875216E-9	8.629624215050319E-13	4.1257323617150026E-12	8.438036555274308E-12	1.2744876251093668E-9	1.9886868628394155E-9	0.0	1.9886868628394155E-9	9.040712487570079E-14	2.980894436280623E-11	6.444981666327991E-16	8.503023451524236E-14	3.6719243686956325E-14	1.7942265105754746E-12	6.54775344212251E-8
1.9890392398795773E-6	2.10580846229412E-6	6.598907465902262E-6	5.811557657201236E-6	2.6227417478060804E-6	8.570370133946424E-6	2.5805851776960535E-9	4.030455341505572E-6	9.974723497675886E-7	1.925170015079907E-6	1.6465892082748136E-8	9.271643619767584E-8	6.985717599267652E-7	2.5047075225192688E-6	4.900235424735497E-7	7.767289676849637E-7	1.999651844340437E-7	6.980672861932396E-8	2.063496521675725E-11	2.056930892897102E-11	4.32140803789872E-9	3.5027876847854656E-8	6.903964928884583E-8	0.0	6.903964928884583E-8	1.5033405988230015E-11	5.223283465865066E-5	1.9586887029993777E-5	3.5444318578087065E-12	1.265813576953524E-12	2.2237407834490987E-11	4.372006990354983E-6
2.0409575653453784E-7	1.9725447810817263E-7	7.68494423517578E-7	1.1128645355873095E-8	2.623352054653257E-7	9.204721874680822E-7	2.558596323738097E-10	4.394148958374641E-7	1.0437060513533773E-7	2.0091316728036258E-7	1.70150664709236E-9	1.0155934506143125E-8	8.108427943278294E-8	2.3530875157142084E-7	5.6881129563906616E-8	7.243186930525774E-8	1.9735813379543875E-8	1.007625144712291E-5	2.1071293012921843E-12	2.6413376790323827E-12	3.92504755151726E-10	3.530126173128625E-9	6.999882917214324E-9	0.0	6.999882917214324E-9	1.939694889530624E-12	1.3119656292567116E-10	6.07537184985889E-15	4.426933449247287E-10	1.2759632726408874E-13	1.695185770821577E-11	4.139924225821025E-7
1.1768552340680196E-7	3.723051822681238E-8	7.869198355439931E-8	5.4068070533044E-10	7.444102790134343E-8	4.5002047163353235E-8	7.268500447419595E-11	1.0125583792526272E-7	4.775243499186321E-8	7.560713048025346E-8	8.119124529861553E-10	2.369658432034295E-9	8.461592706329954E-9	2.14013415544733E-8	9.814464678905866E-9	1.0148711878671022E-8	4.496818093859381E-9	1.3643750657550535E-8	1.6861418294901694E-12	1.7577847517447274E-13	1.0180065207864006E-10	3.2097763652792767E-9	1.9884545001680685E-9	0.0	1.9884545001680685E-9	1.2613808576272332E-13	2.5105493858563836E-11	5.488167413219243E-14	1.0977606933180494E-13	2.869172271552239E-8	1.5355413132846785E-10	1.2236865384362582E-7
2.963681808365881E-8	1.4059094463592589E-8	2.1461458344231728E-8	1.5079357504287618E-11	2.257437794771943E-8	2.367640414743288E-8	2.1972080139387408E-11	2.7910202647591408E-8	1.275641537476086E-8	2.0448566162942524E-8	2.1710206780478275E-10	6.68088603395962E-10	2.46368911399996E-9	1.1356903927594306E-8	2.6217217520718348E-9	4.3060231197621345E-9	1.4053852251623375E-9	4.0114411026569644E-10	4.426744424489832E-13	3.915801045853045E-14	1.8029447555263083E-11	3.834957586640064E-10	5.584940666347589E-10	0.0	5.584940666347589E-10	2.7384512898343983E-14	7.30724523197063E-12	9.078033243958045E-17	2.883312211634217E-14	1.5680846654645002E-14	2.5202960553092636E-13	2.5820474497865232E-8
2.1144949369122305E-7	1.7712747287111834E-7	3.5910422717348863E-6	1.8820928809415364E-10	2.5816383475432484E-7	4.170529276783222E-7	2.519924965100045E-10	3.991548884601406E-7	9.751755833516716E-8	1.8762584125501102E-7	1.6016212220555121E-9	1.0946965732395621E-8	5.998469537660511E-8	2.203558016132115E-7	3.862004336033939E-8	2.8961620380171306E-8	1.555399768424193E-8	2.590633930086831E-9	2.0131258403679296E-12	6.015057112343335E-13	2.5652188737574707E-10	7.421219094485034E-9	7.1646436355116095E-9	0.0	7.1646436355116095E-9	4.005732737340897E-13	1.7602103384425845E-10	3.141540545978263E-10	3.96109119074603E-11	1.2172420629198554E-13	8.790123458689381E-7	3.426286949415206E-7
0.17012964583486664	0.00665421067011156	0.0119657516033333	5.424262211425891E-6	0.014973985975977076	0.0015638579188044003	1.6574420871827597E-5	0.04494225695799726	0.009239245592199482	0.0176358875488014	1.4344795917082347E-4	3.2574846041755976E-4	0.0012286464633647068	0.001789026657639676	0.0012337559642787439	0.0011135591689782896	9.433326817063091E-4	1.0060127098847766E-4	1.7838342938762188E-7	1.685143206423402E-8	1.0564091336579633E-6	6.167848994336436E-4	4.6931768776827616E-4	0.0	4.6931768776827616E-4	2.913571940723676E-8	3.1306733361437713E-6	3.558690930483044E-11	2.6821677955642787E-8	9.682239308372028E-9	9.871378395664998E-8	0.06101790467460747
