32
NULL,write@__libc_write,time@time,open@__open_nocancel,read@__read_nocancel,mmap@__mmap,munmap@munmap,mprotect@__mprotect,rt_sigprocmask@sigprocmask,exit_group@_Exit,rt_sigaction@__libc_sigaction,sched_yield@sched_yield,write@__write_nocancel,syslog@__syslog,getpid@getpid,writev@__writev,close@close,open@__open64,fstat@_fxstat,read@__read,close@__close_nocancel,mremap@mremap,stat@__xstat,socket@__socket,fcntl@fcntl,connect@__connect,madvise@madvise,lstat@__lxstat64,openat@__openat64_nocancel,getdents@__getdents64,lseek@llseek,getrlimit@__getrlimit
0.8883259219595853	0.0627385558557593	0.001989512691758514	0.0031833666473793905	1.0012510937966588E-6	0.004350881821171571	3.7923793638825284E-4	4.689582201030581E-6	0.01272439636377323	0.0032567895763570575	0.006362196487349602	5.481742950173892E-5	7.38657432082138E-5	3.319663105427207E-4	4.08552153385457E-4	2.901567013212872E-4	4.2356077066627886E-4	2.8619397580745856E-4	2.2142592252808278E-5	2.98607236381161E-8	3.742625711413448E-9	2.459308920490022E-7	2.3464986505940635E-4	9.4884789405128E-5	0.0	9.4884789405128E-5	3.9875917534897985E-9	7.983810688079489E-7	6.97185444098729E-12	5.367082619637582E-9	1.8856187531448803E-9	1.925433372133852E-8
0.10637737713531716	0.0196969941932715	9.70212604857067E-5	2.3571421223349482E-4	1.0418092512066048E-7	2.3570302826266212E-4	3.195747280964468E-5	2.5961133457982206E-7	0.002129872418113409	4.046523108781235E-4	7.782246521702124E-4	6.166060396239001E-6	6.511848189829521E-6	2.4241998701183053E-5	3.219642810699651E-5	2.3118655188903722E-5	3.149182289225366E-5	2.2608063773077627E-5	2.0183629073197946E-6	2.7218659125749855E-9	3.5204922757646133E-10	2.0445417074853995E-8	1.957501699544716E-5	8.588630499870995E-6	0.0	8.588630499870995E-6	3.059989225844073E-10	6.104213049383798E-8	6.528472014435076E-13	4.837150634163085E-10	1.7177688107115579E-10	1.8085071995247526E-9
3.7744402650091594E-4	1.8842461381169773E-4	6.103190408953419E-5	0.002673208483733718	6.665153386399632E-6	0.0017407208906461413	4.083059030077141E-5	2.1755190977683316E-7	8.38412540762243E-4	2.3602421426776978E-4	4.5852491389479234E-4	4.051130729339281E-6	7.523290563193324E-6	3.46358057800201E-5	1.6357700513126792E-4	2.9121346934945773E-5	1.9192154153974903E-5	1.4706277489522569E-5	1.7647972128962605E-6	3.6860853579080636E-9	3.5703464968659863E-10	2.6629507073834247E-8	7.325249519406451E-7	7.729081406909412E-6	0.0	7.729081406909412E-6	3.239896552672043E-10	1.1779968591010005E-7	6.224496545250653E-13	4.074007578685481E-10	1.435924709324638E-10	1.702464927491332E-9
0.0011816541682527183	6.928459668461319E-4	1.97054646332226E-4	0.0030073330161443966	0.0011255686542337906	0.002352777897204848	2.0420148585172966E-4	1.1900875619561906E-6	0.0020189756885174567	5.361350558883573E-4	9.645990622127354E-4	8.732308619196985E-6	9.030645209528184E-5	0.0034876883399268073	1.2957620462617986E-4	7.652481357735348E-5	7.730093369277416E-5	2.9925695547100627E-5	4.532149912395848E-5	1.0145775191629276E-8	4.205434806982161E-6	1.581080124646279E-7	4.483434580396036E-6	1.3276293972870896E-5	0.0	1.3276293972870896E-5	3.800681232509039E-9	2.44586559959137E-7	8.763221069832912E-11	6.651708114460427E-10	2.6724438529426986E-10	2.182536634007965E-8
4.595509451644732E-5	3.0323842887161964E-5	8.878715263897112E-6	5.244571626961025E-5	2.380605078423753E-5	1.326933694650484E-4	7.134986590502862E-6	2.9383589372999093E-8	2.2129909857448646E-4	4.1602449983597285E-5	7.993182800257021E-5	6.310839256490415E-7	3.923938187050414E-4	2.077000737258037E-6	4.129116968968215E-6	2.0938772179676206E-6	4.267850326558649E-6	1.8444913392328001E-6	4.020789051048994E-7	3.8624238652665067E-10	6.499249384830189E-11	8.561712692769727E-9	8.208274465847042E-8	8.503650761624706E-7	0.0	8.503650761624706E-7	4.41848235718963E-11	6.025893090801455E-9	6.991012387102052E-11	5.7989761505151965E-11	1.7391317113579765E-11	1.523605658907437E-8
7.092607773382606E-4	3.629674573714227E-4	1.0058230009085339E-4	4.3205597202938746E-4	2.8238603918307427E-7	0.01452450966909442	0.013889442615482648	0.004457747159162733	0.0011842568182142668	3.6695919553321005E-4	7.080031234697561E-4	6.404586336025777E-6	3.280740721752418E-5	3.357082357760706E-4	5.747062298658399E-5	3.46835534129407E-4	3.594208213317725E-5	5.4243447580679796E-5	3.3620634382679027E-6	7.353948399444785E-9	2.7208381279109963E-9	3.887551168556669E-8	1.4550734108825661E-6	3.0409656640142013E-5	0.0	3.0409656640142013E-5	1.304462782723888E-9	1.5617156424849767E-7	1.103504976118036E-12	6.537990488572532E-10	2.3230353789618865E-10	3.059256339484131E-9
0.001587391824901663	6.407897473841885E-4	2.630394878517015E-4	5.007411773758486E-4	8.834494447652007E-7	0.005226661033341418	0.004344483623062543	0.008320967972275021	0.0017413942680225085	5.745857417740454E-4	0.0011280883762007391	1.0237504660849936E-5	2.6332066550132976E-5	1.8523608952250955E-4	2.439154921780802E-4	8.710437207400846E-5	5.060958096085401E-5	4.0416109968270845E-5	1.0724430865035435E-5	1.1981406965607765E-8	1.5268589028241995E-8	3.0715256857301535E-7	2.3427378995507438E-6	2.112818659165117E-5	0.0	2.112818659165117E-5	1.2813806579262847E-9	1.5172792770661923E-7	3.8642728494983154E-12	1.117241587716602E-9	3.871451457826497E-10	1.078044421505733E-8
6.697878338378742E-4	2.657392766700025E-4	8.930015255184059E-5	2.2542025537414416E-4	1.4521109592804674E-7	0.0020755485347157907	0.006423543099917116	3.9241639770622274E-7	8.994573403273274E-4	3.314474859537104E-4	6.6297060253396E-4	6.073486457632123E-6	5.784963981980102E-6	2.3002465988922705E-5	4.169731208768598E-5	2.4443436335751723E-5	2.3986204838601634E-5	2.2113370097962344E-5	2.4324856710135206E-6	7.826509354068532E-9	3.132685675132706E-10	2.772917308035592E-8	1.1770501733846725E-6	1.1850736493918864E-5	0.0	1.1850736493918864E-5	3.8001540179512734E-10	7.659341753592939E-8	7.475651301490051E-13	7.136881515248785E-10	2.414916128965997E-10	2.077560230112399E-9
0.008303521635193946	0.002888079798964052	9.003048180869956E-4	0.001941788816297405	1.33241874215744E-6	0.0023620301317356955	3.011282038306202E-4	2.61623168038725E-6	0.01054246514010981	0.009731700870025693	0.017849206744682645	1.275651577446619E-4	1.1530823449388129E-4	2.0513314334332593E-4	3.895491999951605E-4	2.812403832091325E-4	2.28883014081668E-4	1.7418476087149344E-4	2.26358778704324E-5	4.658606304403659E-8	6.376251218155782E-9	2.1898833724736394E-7	1.2120537624929478E-5	8.728443128209104E-5	0.0	8.728443128209104E-5	4.274590966573855E-9	7.145408882857425E-7	1.0586804407427755E-11	4.781704541650802E-9	2.0290947210488894E-9	2.9441582879371377E-8
0.007256601242229752	0.0023186883338259592	3.871118040260204E-4	0.0013057852319470892	9.073987686349199E-7	0.0013846688466578447	1.8118986684861652E-4	1.4709350762641154E-6	0.00821088171531253	0.0016802961499690699	0.0031288913714648727	2.5821664319447453E-5	1.1066437246987012E-4	1.3943802973256513E-4	2.6845053424879304E-4	1.7450454855059977E-4	1.204253333592915E-4	8.503533523808895E-5	1.341976196767707E-5	1.8092836658613766E-8	6.291230732947189E-9	1.260158511705176E-7	9.227884182678135E-6	3.779063258846337E-5	0.0	3.779063258846337E-5	3.4530322721461387E-9	4.866543764236954E-7	6.088859196919385E-12	1.8720675279475975E-9	7.138898648280914E-10	1.6889493922670946E-8
0.007110897966302598	0.002358134007449811	5.651014641041953E-4	0.00149672605459472	9.993711693898423E-7	0.0016871250255862129	2.1338867263340054E-4	1.900190472386389E-6	0.008903156709638873	0.009805425349356906	0.008189470024411873	1.6849775566676414E-4	1.0469285437054024E-4	1.5843793077157807E-4	2.9560834128659495E-4	2.03742245503744E-4	1.569624494780149E-4	1.2617083485463732E-4	1.5934413919568265E-5	2.6767987688825273E-8	5.891058585716575E-9	1.5122051452635034E-7	9.612000223320801E-6	6.174131934778368E-5	0.0	6.174131934778368E-5	3.6106643795215568E-9	5.376818624758371E-7	7.281103944263005E-12	3.3390365935328036E-9	1.2729502102353055E-9	2.0221888107278276E-8
7.597957457169678E-5	2.495189149146619E-5	5.397295690607895E-6	1.5047624816744574E-5	1.0349394833465278E-8	1.680780032715259E-5	2.168911113668414E-6	1.8279111196627297E-8	9.000679922126907E-5	1.0753320262606042E-4	8.44810713921613E-5	5.550212463778654E-5	1.1268701629480803E-6	1.599503677800851E-6	3.0513129690114297E-6	2.0661602486777073E-6	1.5319143250355899E-6	1.1360384812413145E-6	1.6161076461638171E-7	2.6300022118582014E-10	6.355619516330147E-11	1.5347456008084935E-9	1.0109818760051756E-7	5.367076907562714E-7	0.0	5.367076907562714E-7	3.7267397020318096E-11	5.553341066081154E-9	7.41250100509104E-14	2.809354108403258E-11	1.1174956444391766E-11	2.0582340981110804E-10
5.421558334260377E-5	2.7090772503019045E-5	8.529150899513953E-6	9.621613287711468E-4	2.6102484992920452E-8	2.7840964958300162E-5	5.0843892198465535E-6	3.212213424094046E-8	2.8038801902939396E-4	5.153887480112181E-5	9.824943598824152E-5	7.716302714674033E-7	3.933711041273736E-4	1.7234000996889472E-5	8.443517611794904E-6	2.7935804097327103E-5	2.6978480761226365E-6	2.0694543294146E-6	2.662986665654496E-7	3.7167692170157673E-10	1.0932411849277389E-10	3.72152589020381E-9	1.001350191614713E-7	1.0770110915503553E-6	0.0	1.0770110915503553E-6	6.555903217984613E-11	1.935824561104402E-8	9.6860116366925E-14	5.657139163375704E-11	2.0432003942585924E-11	2.641214854679057E-10
4.4255994769446937E-4	1.7066287701592725E-4	7.163620185339481E-5	1.652156598677623E-4	1.799005985160306E-7	1.5650766471442184E-4	2.4345674247699497E-5	4.5703587351870766E-7	9.237778904036687E-4	2.2492499361197697E-4	4.0579478651353183E-4	3.586049314601879E-6	8.887209064000658E-5	1.7289583793172756E-5	2.9173757085587263E-5	2.0333880290170337E-5	1.3089897024837384E-5	9.276877194500884E-6	2.5688889538625215E-6	3.821347232391665E-9	2.804851658358466E-9	1.6903715345864707E-8	7.580927070917112E-7	4.760118996402579E-6	0.0	4.760118996402579E-6	1.3981513096909786E-9	5.135777354927033E-8	7.643693608730646E-13	2.5664177043630704E-10	1.0508707082755598E-10	2.1265801950710425E-9
2.2393189646143663E-4	2.4011792442855468E-4	7.893698785052528E-4	1.3083262104870308E-4	1.5884163667771396E-7	1.0772266930978146E-4	3.352644961140139E-4	1.3217871851547854E-7	4.4365524273619534E-4	1.2856933319545455E-4	2.468940809663129E-4	2.2078169002695587E-6	1.1037687208099683E-5	9.694629233045523E-5	2.1487319938564942E-5	7.912120946788591E-4	3.0226841283390775E-5	8.98365247919134E-5	1.1107706759637126E-6	1.4641489593372235E-9	5.265908402473704E-10	1.4929720970101E-8	8.87139071912554E-7	5.2573699000995194E-5	0.0	5.2573699000995194E-5	3.087602143718768E-10	1.5730266737234914E-7	3.8642551017373283E-13	2.1410670093560296E-10	7.768112913147606E-11	1.0664981165630464E-9
3.3743652305998897E-4	1.1034397249076318E-4	3.991440857753924E-5	8.493449914496964E-5	4.8266429140046295E-8	9.281798980543322E-5	1.5465174998706795E-5	1.355548432004996E-7	4.584152057636666E-4	1.6587230748203816E-4	3.333750314522793E-4	3.0377477527435418E-6	3.9754591374176646E-4	8.733410489063894E-6	1.3162300551058515E-5	1.062591107863203E-5	6.806113359949495E-5	2.6968314175857086E-4	8.365530250734373E-7	1.7012575588194378E-9	2.566990692564982E-10	7.784701580391517E-9	4.5963193856402E-7	1.5899975595045398E-4	0.0	1.5899975595045398E-4	2.081210004806927E-10	2.4293507497580397E-8	3.5940892439917604E-13	3.5247149004073145E-10	1.2077740815164317E-10	9.996251472782996E-10
2.8223028099663667E-4	9.616368283096192E-5	2.9085767298780787E-5	6.880338913165818E-5	5.835933727698662E-8	6.478760526300003E-5	2.4712421466265466E-5	9.599969040522572E-8	2.564241448733629E-4	1.0852543646660568E-4	1.6880806203784792E-4	1.8119241720813818E-6	1.1912595640897567E-5	7.144316189277014E-6	1.161754590690793E-5	9.775283830311512E-6	4.976883662153794E-5	2.3361894228097894E-4	8.187229642240695E-7	1.8299377055030435E-9	4.705907977950878E-10	7.418202723455941E-9	4.007510943764838E-7	2.1141730567620024E-4	0.0	2.1141730567620024E-4	2.7724277025347476E-10	2.2388808008516448E-8	3.521309219347633E-13	8.552935797849738E-11	5.2889123003310935E-11	9.802906841328984E-10
1.751509136943213E-4	1.1963779100918826E-4	6.0128942254416464E-5	1.1022899805778867E-4	1.2079154756831727E-7	8.3614864446417E-5	2.4665175821198665E-4	1.0307052988610488E-7	2.6693717662510963E-4	1.0710317478890531E-4	1.7502486748757531E-4	1.8112789975221205E-6	9.759577693184635E-6	1.2768532863448479E-5	6.181297579675703E-5	1.1915896696767788E-5	1.292299589404215E-4	1.62170761675826E-5	2.5959928932495673E-5	1.693262055788933E-9	4.1983176423800835E-6	1.706520039204029E-7	2.6762197989784924E-6	2.092411846374677E-6	0.0	2.092411846374677E-6	3.237064252994966E-10	2.580563911496441E-8	7.294299767874781E-13	1.0764500704129219E-10	5.602129729814947E-11	2.0343673952634198E-9
1.54786764490291E-5	7.888808018883461E-6	3.1676561385863748E-6	1.746057580092719E-5	6.368015671072473E-9	1.2857432925711545E-5	1.5237793255242204E-5	8.845798507868305E-9	3.388847964329629E-5	1.1918375531484918E-5	2.238860856860385E-5	2.1019283946544008E-7	2.8092116293079004E-7	1.7293975461858862E-6	1.5574360509571036E-6	2.2137888681719237E-6	1.7819513285924069E-6	7.655600654989544E-7	2.1214309654411178E-7	1.354806291449619E-10	2.7805158756530317E-11	1.4806599824028024E-9	2.821339299101627E-8	3.9802746121854654E-7	3.840004771895266E-8	3.9802746121854654E-7	5.037870387835416E-11	2.9443319443039794E-9	6.126509733189352E-14	1.4420113281583119E-8	4.580716156346534E-10	1.705592119288811E-10
5.589846415208672E-9	4.2868411935116354E-9	1.0703057699189685E-9	3.1468681815260665E-8	1.2412782202014244E-11	3.773592834209457E-9	1.8675461146751782E-7	3.3900845322489325E-12	2.2323022230924615E-8	4.601054918174745E-9	8.695195207216418E-9	7.145342440443953E-11	2.5419317539635404E-10	3.0139649485546356E-9	1.2197553431564537E-9	2.3268429114183287E-9	3.5914841636626054E-10	2.4849152544208183E-10	4.741802696800354E-11	4.1194140940545035E-14	2.44000213116612E-13	6.378147919723022E-13	1.1973270321673896E-11	1.206267293365811E-10	0.0	1.206267293365811E-10	1.1246315658883724E-13	2.938729445711243E-12	3.747519345007861E-17	5.528957426718587E-15	2.0482715069505175E-15	1.0383575919846152E-13
2.43068710297334E-7	1.1927724771817892E-7	5.13321510852266E-8	3.613504950821587E-7	1.3058613774009297E-9	1.1951554394546562E-7	2.9048288371446215E-7	1.3330670948733E-10	5.238309276195343E-7	1.8321690616669653E-7	3.3790151596465794E-7	3.1998613196028092E-9	4.807555036722993E-9	3.5350184342921965E-8	3.13736603453785E-8	3.005508696122323E-8	1.4047471830534203E-8	1.0064437813789163E-8	3.0387219639253034E-6	2.1578818473247286E-12	6.966374630262964E-13	2.7789523486218274E-11	4.4288944503289947E-10	5.162926524731063E-9	0.0	5.162926524731063E-9	1.1596977173400471E-12	5.007131505948995E-11	5.36137818945746E-14	2.948545082205633E-13	1.128971481754493E-13	1.4999772034750413E-10
3.4641261095921504E-8	4.0163291141709454E-7	1.2407269925439428E-8	4.1111460401629676E-8	2.0328371686389738E-11	3.264656664388322E-8	4.189023628184961E-9	3.225062144629732E-11	1.1369300298128353E-7	2.786621439119904E-8	5.3252014068866125E-8	4.5851552837089857E-10	9.843005386487E-10	5.1194791096971805E-9	6.361463132482343E-9	3.0216268160437493E-9	2.1184720700869594E-9	1.5024955763615231E-9	1.9597328518673189E-10	2.714858575471779E-13	5.1735041275785285E-14	3.2571649966264888E-12	6.857149262789163E-11	7.769345932085461E-10	0.0	7.769345932085461E-10	3.896175274910253E-14	1.4309003996829222E-11	1.0794204746489243E-16	4.0917828649865435E-14	1.491946291117078E-14	2.968961263978253E-13
5.82571783089483E-6	2.689177906742719E-6	2.769524226646416E-6	4.835645847849409E-6	1.8112350904674306E-9	5.8652006070498356E-6	5.371914736219647E-7	6.13784446438448E-9	1.2331876807099773E-5	4.289949969319014E-6	7.890581319280404E-6	7.475596630347217E-8	1.1041547995696022E-7	5.149879864020976E-7	1.4846933046197755E-6	4.5662335222505417E-7	2.9602444840219693E-7	2.3255962834998114E-7	4.934875908874458E-8	6.91801833001856E-11	5.237567177826527E-12	3.515350248829436E-10	1.844025601630917E-8	1.2260002855419332E-7	0.0	1.2260002855419332E-7	5.431558972612937E-12	1.4190037377615067E-9	2.2352040147745519E-13	6.694757739586184E-12	2.623773124884839E-12	6.24962082901506E-10
1.08127709654021E-4	3.1311128613686154E-5	5.362505156675364E-6	1.346134282315818E-5	9.41660326474846E-9	1.2181143803060764E-5	4.426025601515537E-6	1.768948082856403E-8	5.476796300904181E-5	2.0782787771072996E-5	3.297691761693157E-5	3.438340030416771E-7	2.115351024305329E-6	1.4092589648625116E-6	2.272742395738029E-6	1.7513495626655685E-6	3.380621785142403E-5	1.4539940370624071E-4	1.4885908791535287E-7	3.317327392194368E-10	7.607000054890417E-11	1.4126448681340524E-9	1.243230074213875E-7	2.054727269727541E-4	2.0514263810709292E-4	1.0290125514395454E-4	4.9750227729995535E-11	4.453107027270014E-9	6.374443751663044E-14	1.6958574820976625E-11	9.963693762039525E-12	1.7729662997630872E-10
3.24406365139819E-5	9.39538771075632E-6	1.6098757951298868E-6	4.040530429819498E-6	2.828233661828435E-9	3.656336741225594E-6	1.3297713683617687E-6	5.309093403439757E-9	1.643568820322582E-5	6.2367204479713334E-6	9.896790201351215E-6	1.0318428323669315E-7	6.346440918651915E-7	4.229995530734756E-7	6.824616037306559E-7	5.256042081485898E-7	1.0142092932705194E-5	4.361986708768239E-5	4.473442248324592E-8	9.953994178089828E-11	2.2830216252632096E-11	4.251326373748173E-10	3.7302544660116824E-8	9.909154663186054E-8	3.8220834263009086E-9	5.138482746103176E-5	1.4929936111131104E-11	1.3363314660653175E-9	1.9128505864091147E-14	3.972906245744622E-9	1.2711033458787477E-10	5.3203353325239343E-11
1.027209054387167E-4	2.97454509283259E-5	5.094359132141266E-6	1.2788223551948293E-5	8.945736635014034E-9	1.1572039440521743E-5	4.204707181326196E-6	1.6804938283304735E-8	5.2029352765576725E-5	1.974356789962692E-5	3.132794403051716E-5	3.2664097136682577E-7	2.009575281235783E-6	1.3387905591591564E-6	2.1590964745870475E-6	1.6637753023007607E-6	5.19328281150263E-4	1.3812887045091613E-4	1.4141555705168816E-7	3.1514481759874243E-10	7.226620593472008E-11	1.3420071541549598E-9	1.1810637560021891E-7	3.135831440846633E-7	0.0	3.135831440846633E-7	4.7262523682036067E-11	4.230434430918117E-9	6.05569687857203E-14	1.611058040658463E-11	9.465470488791901E-12	1.684311118830982E-10
8.912264756841791E-9	2.800224452539547E-9	5.766114632597071E-10	1.8674784142745633E-9	7.033388036777145E-12	1.2105086587605747E-9	4.586712944501733E-10	1.3750669128733716E-12	6.924300500464795E-9	1.880598614662367E-9	3.2755573481999336E-9	3.031294210515202E-11	9.974069202690986E-11	2.176731916005346E-10	3.359058831729657E-10	4.1165638617033187E-10	1.6090825971480345E-10	1.0472221352293757E-10	8.113941414358928E-11	2.2858144403083392E-14	1.7201416785252726E-13	2.415280352518545E-13	1.002853250952763E-11	5.277994154527932E-11	0.0	5.277994154527932E-11	2.5861720641348014E-15	7.629983329661018E-13	2.3943625197381643E-17	1.947773793610683E-15	8.849518427762997E-16	6.677923836826241E-14
8.196641204133917E-8	1.8533698471372268E-7	8.033959158954502E-8	2.230326913861683E-7	2.4318670932335247E-7	8.705167876722132E-8	3.5382645217118153E-7	8.386605886751628E-11	2.4552356939558934E-7	6.309818424012928E-8	1.211240793906704E-7	1.0534814026746296E-9	2.6145067877365305E-9	2.3273484690301685E-8	9.628095287283802E-8	1.688211607412877E-8	2.9181116547389694E-8	6.091051799041097E-9	2.7128992166984242E-9	6.492539933351289E-13	1.5083032163635888E-12	1.7710417760598333E-10	2.227293422199917E-10	1.9132312311173145E-9	0.0	1.9132312311173145E-9	6.259532952790244E-13	2.1845648836170826E-6	8.19201241767941E-7	9.76175352780344E-14	3.531422980839054E-14	9.431122776386328E-13
8.536202911912428E-9	1.7612076221826306E-8	7.473438096993785E-9	2.6426912969163558E-8	4.667997038184915E-10	8.639855039536456E-9	3.8038737462073115E-8	8.266152909148386E-12	2.6840887658307183E-8	6.638706315392428E-9	1.2715914147528306E-8	1.096301282011912E-10	2.895951221671189E-10	2.747776990935503E-9	8.927809142473057E-9	1.997959785334436E-9	2.689965893728808E-9	5.970642509789157E-10	4.2140850726567654E-7	6.695768486331139E-14	1.9915248216663692E-13	1.6042626812344195E-11	2.251434505989129E-11	1.9564864612734303E-10	0.0	1.9564864612734303E-10	8.088983219721192E-14	3.397082986778355E-12	2.5679516438792103E-16	1.8511312476297884E-11	3.597391451193032E-15	7.173547273398906E-13
4.704333389182181E-9	5.720604933404933E-9	1.0926360060970836E-9	2.0969862937060057E-9	2.214259522406012E-11	2.0195085147648217E-9	1.6871973482309257E-9	1.9325905681319685E-12	5.487464784677312E-9	2.956954932194887E-9	4.53674072869067E-9	5.069659713446639E-11	6.116799155737524E-11	2.2363737143870486E-10	6.776511953794436E-10	2.714011006474922E-10	2.913291792018183E-10	1.0996244454146903E-10	5.577951501227714E-10	4.878867337431428E-14	8.31971233135149E-15	4.120332588844027E-12	2.056528346761875E-11	4.882207125985528E-11	0.0	4.882207125985528E-11	4.411608709119446E-15	6.164523102167363E-13	2.2903739266709662E-15	2.7936901502954416E-15	1.200000676002386E-9	6.4083930809298196E-12
1.2597323908828915E-9	1.0504256448459192E-9	4.67340627686996E-10	5.649509961473729E-10	4.942794235918448E-13	6.574485634306681E-10	9.443423558479508E-10	6.260577860716132E-13	1.5640115605371146E-9	7.985247725638604E-10	1.2447941957369133E-9	1.3690969355107422E-11	1.7614056330575995E-11	6.676180333405552E-11	4.1614615372482037E-10	7.372039543971763E-11	1.4604411543017995E-10	3.780695872752436E-11	1.3802536758106032E-11	1.2952390509480595E-14	1.4672095953912946E-15	7.197882032419063E-13	2.4657663760667676E-12	1.4115711520869565E-11	0.0	1.4115711520869565E-11	9.569249639497927E-16	1.8383347195591198E-13	2.6346941037880213E-18	7.186779655865266E-16	4.2300329432756157E-16	7.32617693020834E-15
8.30850593921605E-9	1.531521423844447E-8	6.567039652497906E-9	1.4239881570418962E-7	6.486065438075152E-12	8.125226594900773E-9	1.665362383498755E-8	7.94610177199357E-12	2.606564640843992E-8	6.345091237682337E-9	1.2176349671205313E-8	1.044418705925095E-10	2.8310305835239836E-10	1.6271592737489216E-9	7.948147035717073E-9	1.1270112394097743E-9	8.067252222799834E-10	4.108930240707993E-10	7.474478603571318E-11	6.119026989774157E-14	2.6053662066628183E-14	1.014951064541114E-11	4.596182978646785E-11	1.9920639127478228E-10	0.0	1.9920639127478228E-10	1.5082027085272486E-14	4.388466080531434E-12	1.3135619283259909E-11	1.6514977179387098E-12	3.411004584950926E-15	3.675385279448631E-8
