32
NULL,open@__open_nocancel,fstat@_fxstat,mmap@__mmap,read@__read,munmap@munmap,open@__open64,close@__close_nocancel,rt_sigprocmask@sigprocmask,exit_group@_Exit,rt_sigaction@__libc_sigaction,sched_yield@sched_yield,mremap@mremap,time@time,read@__read_nocancel,mprotect@__mprotect,madvise@madvise,lstat@__lxstat64,openat@__openat64_nocancel,write@__write_nocancel,syslog@__syslog,getpid@getpid,writev@__writev,close@close,stat@__xstat,socket@__socket,fcntl@fcntl,connect@__connect,getdents@__getdents64,lseek@llseek,getrlimit@__getrlimit,write@__libc_write
0.501919867770826	0.006808334579312533	3.509399207663237E-5	0.0031493147586060684	1.9931864462371045E-7	0.0019406477508709327	2.946460181302251E-4	2.27893989369401E-8	0.06168617109112174	0.014344813791266398	0.026927375083211302	0.0919151665804417	9.877329059092227E-7	7.560018776592488E-4	2.3065295387919257E-5	1.7563141725852337E-6	2.1492648014807466E-8	5.240335037568697E-6	1.290882803345854E-8	1.51414252140564E-4	8.353517216614332E-4	0.0011123203222339318	5.371482728518826E-4	4.4528152551950634E-4	8.977668512516369E-5	1.1398054086683551E-4	0.0	1.1398054086683551E-4	2.645650487282124E-8	4.7585582228429545E-9	3.579038798071453E-5	0.0698802505607105
0.0011430310931386041	0.002240701635971677	1.1328835669641533E-4	0.0015639454594868136	2.8020260883682798E-8	6.472413613740106E-4	1.2161522202734307E-5	6.564983469096018E-6	0.002526099806517006	6.938292587374835E-4	0.0012870024253089159	2.799788579535294E-4	1.0496017263352269E-7	1.0576997642641818E-4	0.001315740508422679	4.800787163283305E-7	9.749098670262334E-9	1.2595730846387884E-7	4.845982597071519E-8	9.42182182827907E-5	0.004840680468506138	5.023651782630872E-5	6.083524890331785E-5	2.420737013800325E-5	5.207600579606331E-6	5.7088597988682915E-6	0.0	5.7088597988682915E-6	7.473172108721864E-9	2.5625580187444313E-10	8.60835137801706E-6	4.965213121731632E-4
2.519340430122704E-5	8.993395312217702E-6	4.689018663389301E-7	2.6127873771348833E-5	3.8517496558721424E-10	1.4125805820503707E-5	6.183686370596851E-7	1.6142972547579317E-10	5.232269909576432E-5	2.208160897532097E-5	4.089860624913627E-5	6.477958970674908E-6	2.6997198598852006E-9	1.528199800466879E-6	1.7025106379297356E-8	3.0477052169127095E-9	3.9349081260962834E-11	2.6557905008782133E-9	1.3385913143380652E-12	1.275389014806792E-7	8.907977576839675E-7	8.731744305571974E-7	2.8330687716197193E-6	1.8091210830548734E-6	1.7759403460776073E-8	3.2602262132983255E-7	1.2787610184185895E-7	3.2602262132983255E-7	4.800405515055075E-8	1.5101199366661748E-9	3.694066517271409E-9	9.868962235317312E-6
7.23130040521848E-4	5.124445049679689E-4	3.7061964509356714E-6	0.00938999464586606	2.8758189755000792E-8	0.011657326376687706	4.9635372164943674E-5	1.930899674627087E-8	0.0012919149476710756	3.9097790238509106E-4	7.494455869860789E-4	1.7209614198314822E-4	6.416725776817819E-8	4.3702375505267176E-5	1.1395211106821806E-6	0.0028995057277774656	3.4827479658568707E-9	3.2696182243809434E-7	3.747140461949194E-11	3.780978940266509E-5	4.6739378653305405E-4	3.93240382149413E-5	4.379657230213978E-4	2.3615275472875366E-5	9.727425012615764E-7	2.84789830390731E-5	0.0	2.84789830390731E-5	1.0428055363566998E-9	1.6474239896645277E-10	1.0293374387730982E-7	3.6355751520838423E-4
6.478249580811316E-8	1.4876334678856862E-7	1.1038961099092058E-10	7.829628351490552E-9	4.1732527061363327E-13	1.00402948336669E-6	4.348478197699456E-10	1.1945699680354002E-12	1.0908939138102855E-7	2.646850157722132E-8	4.8315836664223525E-8	1.567133711925608E-8	1.7702812922964E-12	1.4134993568404651E-9	7.476063477410867E-11	3.2095820523338854E-12	6.425809605350556E-13	5.409293613578642E-12	2.9595802964812782E-15	4.302929523696836E-10	1.309285444804754E-8	1.2015466565183427E-9	1.1026569459143971E-8	5.020982941992315E-10	3.292892870546116E-11	2.2588192547486712E-10	0.0	2.2588192547486712E-10	4.2240826585586074E-14	8.519051367579156E-15	8.053409627375728E-12	2.2535751049686305E-8
0.0010835839357240494	6.319616072467903E-4	9.559812634727264E-6	0.0033686485013203595	5.375738901264072E-8	0.003316072015403114	1.9840435704157662E-5	5.8306134636837303E-8	0.0031048350746999765	9.157462087246685E-4	0.0017164112152798824	2.814357279215261E-4	9.176741763445905E-7	2.330893916102089E-4	7.1594480603443476E-6	0.005412367926337013	3.98713919963746E-9	2.0412880312588637E-7	7.27990314915315E-11	2.2984076484766466E-5	2.482586656836285E-4	3.104792783571101E-4	8.544574841907348E-5	3.645423825937399E-5	1.7239988124916356E-6	9.612493455482693E-6	0.0	9.612493455482693E-6	2.153325649857524E-9	3.627795043134926E-10	2.0157701918455286E-7	8.250801536731101E-4
1.9068006828763622E-4	8.174941533769763E-5	2.812449195720553E-5	4.3503528513589765E-5	4.571706296440926E-9	3.9038934448266683E-4	1.1956973647747886E-5	6.55153259820771E-6	3.7128024573282437E-4	1.7481746626886558E-4	2.742755129026697E-4	4.8662368079110684E-5	3.02808497134245E-7	4.0927147883558545E-5	4.0169970265501967E-7	4.538402352486773E-8	6.905502355631659E-10	1.8357141545185982E-8	1.2678915743762531E-11	1.1439460797990651E-5	7.630174757212714E-6	4.9674163690988274E-5	8.06019229990518E-6	9.430577803718133E-5	4.160460017552902E-6	9.321297143013907E-7	0.0	9.321297143013907E-7	2.2009295722514577E-10	6.121845452451025E-11	3.512606527820089E-8	1.4580258759709468E-4
3.8902472985878095E-7	2.2755866709823554E-7	4.168636977763725E-6	6.278011851238356E-8	5.790714303937905E-12	2.8220493415071673E-7	5.682524953063417E-9	5.0392154168915546E-12	7.421038225075296E-7	3.168232609596893E-7	5.744234355703904E-7	1.0689658964109425E-7	7.44322133197428E-11	2.955780350579459E-8	1.956111979641785E-9	4.552457448615036E-11	1.013152537752284E-12	3.0526616752586184E-11	5.479643984996726E-12	1.933990592253423E-9	2.04163008470825E-8	2.3617110434801207E-8	1.9993993872165806E-8	1.0375688384752472E-8	2.788940127201938E-10	2.7628990243125667E-9	0.0	2.7628990243125667E-9	1.3607747115095394E-12	1.394905612721642E-13	1.5331371392116392E-8	1.6825729645997302E-7
0.0387851622569808	0.0018465919276611316	4.81261692824706E-5	0.003477775877780903	4.0904882503444295E-7	0.0010802622145999839	2.68674852571418E-4	2.4556387860838733E-8	0.041467391777157324	0.048214488014766306	0.08704871108906258	0.010302408137521576	7.494187582794143E-7	9.274616035765614E-4	1.3997456319744018E-5	1.964756564637402E-6	1.691718810012055E-8	1.7086999390803334E-6	1.7720281997977578E-9	1.5663570737834602E-4	2.0200580861936328E-4	5.99235699412403E-4	3.913216490445857E-4	3.654353678178626E-4	2.0194536002990765E-5	1.3024619391864315E-4	0.0	1.3024619391864315E-4	3.266754735159239E-8	7.242794222886866E-9	4.916369586431922E-6	0.009133097966546154
0.03870963521447952	0.0011703494806311924	1.969627936508913E-5	0.0022744596714293665	1.5371554374666117E-7	5.72452220453317E-4	9.32360370381674E-5	2.129650155924976E-8	0.01900140187137529	0.00428649970386483	0.007998071158077099	0.00975632196553915	3.4083057316375934E-7	3.2782931886186396E-4	8.079921574314714E-6	8.629784226381056E-7	1.234915713697619E-8	1.0005097902619053E-6	1.6839289259570557E-9	1.3671628425021229E-4	1.3240402441752448E-4	3.108304340030416E-4	1.9177690499914396E-4	1.4934314919363729E-4	1.361526609239001E-5	3.4490245751056085E-5	0.0	3.4490245751056085E-5	7.95207359203529E-9	1.36637549901108E-9	4.672179993825556E-6	0.008462308657395372
0.036365757388089746	0.0014017386609456116	2.8551837805556015E-5	0.002616788918451614	2.3031192393324202E-7	7.411427699993581E-4	1.7891334270405738E-4	2.1236016093770045E-8	0.02869740868834715	0.045837567837241834	0.036656270435010636	0.009873462509923988	4.6520910298127205E-7	5.356903503321132E-4	9.905790711854882E-6	1.305299645893689E-6	1.3753512182566522E-8	1.1799456011582932E-6	1.6213759374067542E-9	1.351434310948341E-4	1.563885077071589E-4	3.9241215800490194E-4	2.537320558146069E-4	2.274844542499799E-4	1.5046040842393384E-5	8.342373979292628E-5	0.0	8.342373979292628E-5	2.0756679496430772E-8	3.956072610033244E-9	4.498657167805729E-6	0.008184803979464854
0.04554686195329079	5.416961236635815E-4	4.6148478706046245E-6	2.82194931689066E-4	3.0736409152742566E-8	2.0480143545259752E-4	2.4410126888198498E-5	2.2591558467813362E-9	0.004763165621611814	0.0015964859037409323	0.0023977976385060624	0.007364428036712157	1.1117774492250873E-7	9.024983373021573E-5	2.5045418328848797E-6	1.6017301351569818E-7	6.824623614066977E-9	4.126753898553417E-7	9.982930432693654E-10	1.2517937483163972E-5	6.32028120580871E-5	1.1624455890295126E-4	4.832328837227604E-5	4.067988943217931E-5	3.138340269849149E-5	9.324847309136339E-6	0.0	9.324847309136339E-6	2.227403498447099E-9	3.991174656925854E-10	2.770252614292256E-6	0.024835684060023046
4.086234878152386E-7	5.7046535046009766E-8	3.396039198968819E-10	6.867090283780194E-8	2.124444971331292E-12	2.0750504986638303E-8	2.24488716637196E-9	2.1179332170018173E-13	4.833269675071358E-7	1.3551014571592148E-7	2.543324681788277E-7	9.836552621601602E-8	9.692705918899738E-12	2.69803380780558E-8	2.8686772764202073E-10	5.589312239103673E-11	2.1435901521336114E-13	2.7806843949089676E-11	1.647437335524038E-14	1.08818745330635E-9	7.20140807784503E-9	7.005102341243204E-9	4.9130183197485185E-9	3.101141829488348E-9	1.7786680652705824E-10	1.120511900056366E-9	0.0	1.120511900056366E-9	2.702161973079611E-13	5.1853197359022664E-14	4.45499114159815E-11	1.328902682244798E-6
7.415419029570384E-4	0.00101675815291026	1.5718085672621543E-6	0.001104923671618912	1.5922862508493068E-8	4.7558173258782315E-5	7.161108421699805E-6	4.232754008527287E-10	9.091079489014735E-4	3.2445261756344947E-4	6.242566325561979E-4	1.7260785213476327E-4	3.066786329760335E-8	3.639836057531002E-5	2.8653276129326193E-5	8.568873436196773E-8	1.1952863743465073E-9	7.461843699326393E-8	4.498443845531101E-11	1.9563770789103945E-6	9.531116355334571E-6	1.887185614272215E-4	1.821300355362006E-5	9.784774341225929E-6	6.00252784143957E-7	3.6982416211541398E-6	0.0	3.6982416211541398E-6	8.726961954409477E-10	1.4861115218529713E-10	1.236381311492494E-7	2.2207316830693402E-4
5.573300360096602E-5	3.233345584103762E-5	1.9486870464852708E-7	8.459073489445195E-5	1.3564137724083038E-9	6.52791703311561E-6	8.122757575518105E-7	1.4906142049752636E-10	3.14002290985222E-4	6.163793409887271E-5	1.1811997290940291E-4	1.848852280631497E-5	5.789371979786272E-9	3.6617663896790623E-6	7.925524959070064E-6	1.0756857874549189E-8	9.312801167315572E-11	4.743953810768428E-9	3.9656745454429573E-8	5.735837048737424E-4	7.191798588059675E-7	2.026121028563565E-6	9.544540984689937E-7	1.452828878379098E-6	4.927738123071825E-8	3.878210074986432E-7	0.0	3.878210074986432E-7	5.0611843116150714E-9	1.8119446579188887E-11	8.389598102022003E-6	2.2105723663643457E-5
2.694160576501054E-4	6.634076252818823E-5	2.8110031406860177E-6	0.0012655376547175059	3.257043781330025E-8	0.0042045215661639865	5.978791181608665E-6	2.7654394863155973E-10	6.769437169029041E-4	2.593406900865756E-4	5.203739375850064E-4	6.90584356722151E-5	4.6800018215214463E-8	3.1159942205270365E-5	6.228063993373943E-7	1.2406316203039236E-7	3.266346050806944E-10	9.218679238829585E-8	1.4600951249225247E-11	1.2585990088449237E-6	6.376020007038558E-6	3.5465447793204426E-5	7.671844712138199E-6	1.0917916157136761E-5	8.209636775605987E-7	2.8830475140634897E-6	0.0	2.8830475140634897E-6	9.46353377997053E-10	1.325850136984092E-10	4.0428308745970444E-8	1.3027369179573068E-4
1.3676133339599686E-8	4.128849570152823E-9	5.888707057851101E-11	1.7153046012801502E-9	1.9293729425271317E-13	3.3331625289801165E-9	1.2185438969265733E-10	6.194350551452742E-13	3.2363786247907647E-8	1.0044655831618288E-8	1.684372847080237E-8	3.547759907577221E-9	6.876160221512744E-13	5.6309960754638E-10	7.529217955841446E-11	1.0352010791723165E-12	1.976479655324388E-14	1.3264962805471753E-12	7.884064387014652E-16	8.068720636882668E-11	3.657227937615939E-10	3.388561392161609E-10	4.878000887676578E-10	1.9280651373515372E-10	1.0366628232525996E-11	6.0977419945492E-11	0.0	6.0977419945492E-11	1.3019372516935656E-14	3.216719169855618E-15	2.172215215170231E-12	6.206195147355073E-9
5.317320485728591E-7	6.796731525813122E-7	4.767330627421394E-9	1.7191367387655045E-7	3.964298533291819E-12	1.1686672360256031E-6	8.675699666224318E-9	1.6925906842699915E-11	7.587309759357683E-7	2.166580735436439E-7	4.154882056526304E-7	1.2440393960136594E-7	6.452130933581167E-10	1.542691623838676E-7	3.0928348316894714E-7	1.4035007651717809E-10	2.383669174108077E-12	7.274767623144595E-6	2.728024276419191E-6	2.7644013659710036E-9	5.067242644543954E-8	1.543841616532996E-7	4.419811490946609E-8	4.5225720490359735E-8	3.1773971139210773E-10	2.2422439709794604E-9	0.0	2.2422439709794604E-9	4.766804819597067E-13	8.774428753964363E-14	7.231808250601622E-11	6.414896897064869E-7
6.102019638975638E-8	6.997902164311991E-8	1.4029650255499919E-6	2.403781407438942E-8	4.912952215801568E-13	1.2342933279118158E-7	9.788273361809763E-10	2.2674084647780795E-12	9.205560834150143E-8	2.8503746855184488E-8	5.556751890706892E-8	1.4705489235872569E-8	5.843900818097504E-11	5.964043445685383E-8	6.524487175405312E-10	2.0521898067840634E-11	2.890033699432577E-13	5.3261676157187285E-12	1.2426811678669773E-13	3.4473325323332665E-10	6.293837008532203E-9	1.4170874156830413E-8	5.48418199147217E-9	4.2225293811550635E-9	3.7388416595381046E-11	3.093637602879102E-10	0.0	3.093637602879102E-10	1.0521089383704984E-8	1.247351680465663E-14	3.4752063177164646E-10	6.438969006921514E-8
1.3107313838896633E-4	0.0013895385756498336	1.1467493755927927E-7	1.1026005539085953E-5	7.99193300733227E-10	6.217960844710374E-6	8.829250497340019E-7	2.1283161503394045E-10	3.338531279874195E-4	6.52654351616662E-5	1.245272574961E-4	3.21250865687382E-5	2.1294001943261008E-9	2.348370979642877E-6	9.948805820874171E-8	8.659311131052913E-9	1.2860205703573572E-10	8.992381480866817E-9	5.418564974672638E-12	5.740767484920037E-4	2.1355417441883E-5	2.150838492581512E-6	4.4957406026637865E-5	9.161636397154648E-7	6.020264788490345E-8	4.6141607880390957E-7	0.0	4.6141607880390957E-7	1.032717013704151E-10	1.8820119877438407E-11	1.4711279018743696E-8	3.509763788500329E-5
4.469219521846449E-4	1.5079073445182215E-4	2.7121524553960773E-6	1.8318838500971425E-4	1.4410600165254914E-8	7.235737688884924E-5	5.801448597939631E-6	9.636255738420246E-9	0.0015775053296509431	4.0347212226565484E-4	7.492724500397673E-4	1.1001722395489818E-4	2.7399951133100188E-8	9.133032818586182E-5	1.4401852703088565E-6	3.5166624159861994E-7	5.0565252567308715E-9	5.2091900112249324E-8	2.269841145222164E-11	1.251942543946503E-4	1.3226615012997855E-5	2.8134081272222966E-5	1.559418309315151E-5	8.043437795092908E-6	7.723652493950693E-7	2.9590992121079246E-6	0.0	2.9590992121079246E-6	7.762509786671335E-10	1.4172233511712093E-10	6.27766882044393E-8	1.878109334933813E-4
5.188530315727779E-4	6.316648325896781E-5	6.307072958900894E-7	4.671747196866375E-5	3.400526862948035E-9	4.4521601310181777E-4	1.1055898062225673E-4	1.07832081485577E-9	5.494265731467447E-4	1.8064005960205442E-4	3.491823127557494E-4	1.147709337449449E-4	1.5745837650413544E-8	0.0011200631817153675	5.737267269160119E-7	4.438677511367985E-8	6.405688019260939E-10	5.589062482637486E-7	1.948668151624057E-11	1.0538987587458963E-5	1.0778979683340761E-4	8.305028898336214E-6	0.001018856661962843	3.0824348434799895E-5	3.3972488371975026E-7	6.504429562400215E-5	0.0	6.504429562400215E-5	4.3717588519989E-10	8.013840638130817E-11	5.3238270617741886E-8	2.2419258666624156E-4
3.432531909108331E-4	2.9957678308833308E-5	5.682312017372025E-7	3.799659330689324E-5	4.365731970530811E-9	1.7721756605656807E-5	3.8477607495565266E-4	5.893042123909783E-10	7.746613155847215E-4	2.8877423800623733E-4	5.828317354364906E-4	8.443434198930708E-5	8.624775630220646E-9	1.2628382934178887E-5	2.0281476856851593E-7	3.863962807044854E-8	3.7781500005594683E-10	1.765377553933029E-8	1.5497735360925564E-11	5.789688237993078E-4	3.1703902280336207E-6	6.445984143535109E-6	4.7962081798389625E-6	9.066424158426049E-5	2.1449554216024397E-7	2.2715115914725525E-4	0.0	2.2715115914725525E-4	8.247408837333108E-10	1.4591519624155206E-10	4.296448486022797E-8	9.460640590593326E-5
2.4693974639248694E-4	2.9977863706338588E-5	6.365298873492659E-7	2.7456871390196893E-5	5.354548430901975E-9	2.3040393174051387E-5	3.3860472834332505E-4	1.4037785893872707E-9	4.028395250674804E-4	1.9487875177301258E-4	2.924329905217187E-4	5.959613076568456E-5	9.242063842645793E-9	1.081200780478801E-5	2.5407066372309934E-7	3.848949006014021E-8	6.695025982630844E-10	1.93486755044069E-8	1.0610051288890657E-11	1.5070887945206212E-5	2.7990849609753403E-6	6.798456445897551E-6	4.941462019933379E-6	6.697014150627815E-5	2.0753244036001922E-7	3.077314959964742E-4	0.0	3.077314959964742E-4	1.9521101392036577E-10	6.326030712750627E-11	2.9379726129158556E-8	7.805563445944667E-5
1.797508933537752E-5	6.31070701946671E-6	1.1899524943151938E-7	1.51070615055841E-5	3.2687831770116455E-10	1.1019532673271072E-6	2.5293934435446666E-7	1.1828177503074387E-11	3.30115085007303E-5	1.3548881193410415E-5	2.579039611220174E-5	4.603967538563606E-6	5.961673689730267E-10	7.706026533616316E-6	1.1688455871278137E-8	1.4422489084496214E-8	2.3866764708650623E-11	1.2441650033206137E-9	1.1918065306318487E-10	7.305587884692524E-8	5.796593519467848E-7	2.25052598758438E-6	6.22654126036007E-7	2.692970955366417E-7	4.3524054979231845E-8	1.3469454568981616E-7	0.0	1.3469454568981616E-7	4.8531519105982197E-11	6.407323017000683E-12	3.334322421151284E-7	4.948571545937547E-6
8.833525421173872E-5	6.379755743830461E-6	1.2088238103501125E-7	5.7346184090598084E-6	9.961520217577305E-10	4.364811999201583E-6	2.1225884627267385E-4	2.507831940421993E-10	9.425002269779445E-5	3.901639963030837E-5	6.0510939864376045E-5	1.9295911766023685E-5	1.8011303342552596E-9	2.1991776286077976E-6	4.8265411315280166E-8	7.409509350776667E-9	1.2256237143049774E-10	4.203676724621367E-9	3.165960534888617E-12	2.6799929176355303E-6	6.19514539546748E-7	1.393919846100489E-6	9.728805385897665E-7	4.8553480100974005E-5	5.406055001545109E-8	3.0038898447738954E-4	3.002173381079155E-4	1.5028009184348646E-4	4.2335389333009324E-11	1.256619299904074E-11	8.758481487678295E-9	2.6731780888901826E-5
2.6509391136727587E-5	1.918000915158283E-6	3.6481132708827455E-8	1.7242054432132877E-6	2.989605113179273E-10	1.3157373269377477E-6	6.367769239067708E-5	7.532705376722847E-11	2.8293412836597276E-5	1.1712021513016668E-5	1.8167322995346544E-5	5.790945729356447E-6	5.44940706972619E-10	6.618849728987013E-7	1.4489739690600829E-8	2.2263490615337213E-9	3.678632204464732E-11	1.2616964398739281E-9	9.50213238189971E-13	8.040358169593447E-7	1.8623195018099914E-7	4.1913062181728727E-7	2.922320293105081E-7	1.4566358859586855E-5	1.6224352440703748E-8	5.157050016921005E-8	1.2727930263183194E-8	7.510601681712087E-5	1.3225951065387492E-8	4.1710540404439497E-10	2.6287176423583877E-9	8.024850169583778E-6
8.391814941630529E-5	6.060743250559988E-6	1.1483779385724308E-7	5.447865280870208E-6	9.463405629969985E-10	4.146554496182172E-6	2.0164508197086008E-4	2.3824306316350555E-10	8.953715657267702E-5	3.706542855488148E-5	5.7485158538038935E-5	1.833104145286804E-5	1.7110668425312235E-9	2.0892102306983603E-6	4.5851953838118515E-8	7.039005189361394E-9	1.164337782270674E-10	3.993476609339314E-9	3.007650247726379E-12	2.5459828932817134E-6	5.88536413453247E-7	1.3242184557371142E-6	9.242327441079831E-7	7.59139951540706E-4	5.135731316117499E-8	1.6306338628741906E-7	0.0	1.6306338628741906E-7	4.0218455919412735E-11	1.1937834685571041E-11	8.320523495422947E-9	2.5395088323645662E-5
2.9517568613134346E-8	5.394605133680932E-9	1.8163460536995099E-9	3.92007154664334E-9	5.565396904396112E-13	6.922534528807704E-9	2.1681935939860687E-10	7.8488727124329E-14	3.4931552514879546E-8	2.2519417607990597E-8	3.2803067398411076E-8	8.776091899950083E-9	1.3610770134094935E-11	1.91872606649983E-9	4.236006125350393E-11	2.6235028156660074E-12	2.4337304050222583E-14	2.039116270773052E-12	1.2713903716512232E-12	1.1584463823265582E-10	4.760060122343773E-10	1.3361054343299885E-9	7.013352389943191E-10	5.836499903355208E-10	2.7164277825377944E-11	9.136958730213762E-11	0.0	9.136958730213762E-11	1.8109951777933824E-13	3.996127986039747E-9	3.5573524731304906E-9	1.404084101498216E-8
3.619042242963957E-9	7.422217466471557E-10	2.2936609777718922E-11	9.130788843070773E-10	7.93571993149576E-14	2.988933972807889E-9	4.8494427228372555E-11	9.48441294497058E-15	5.198695514937023E-9	3.243015052658087E-9	4.8296232132634845E-9	9.223876559106524E-10	2.5784994969658063E-12	7.070842488696997E-10	3.389891787460803E-12	7.033365313130412E-13	3.293202714763423E-15	3.1287255666616285E-13	1.6872374649665166E-16	1.744537245241708E-11	7.541824521362938E-11	6.702653912164734E-10	1.0415441096456938E-10	2.162386620087124E-10	3.0747443964153894E-12	1.4925517722689953E-11	0.0	1.4925517722689953E-11	3.518661809960236E-15	1.1408335165852968E-15	4.653510991310859E-13	2.691763222192935E-9
1.653490969162516E-5	7.450109748133042E-5	8.148524487740905E-9	2.0090336528232913E-6	4.599838012029084E-11	7.808908510501825E-7	6.706067222716041E-8	3.733246800637184E-12	1.0220970673096721E-5	2.9374306912173254E-6	5.6371406551497465E-6	1.3995686102112341E-5	3.286282888696978E-10	9.419389595307154E-7	3.860052630623976E-9	1.8359567549620403E-9	5.924209204777368E-12	3.6494957265233226E-10	7.316272089928885E-9	1.7943156728254735E-8	1.448302015226867E-7	1.3704979796645067E-7	1.7216505375210653E-7	9.670798030437385E-8	8.666719788233378E-9	2.894271831700213E-8	0.0	2.894271831700213E-8	9.210018959620121E-10	1.195512893078949E-12	2.0471132726239603E-5	6.417879296296784E-6
0.2696069535166059	0.002388034858931361	1.4003107905039848E-5	0.001158207759903138	8.148571660495396E-8	7.049713095326931E-4	1.1010435748107735E-4	8.293145904033525E-9	0.024768535535753335	0.005571117432651567	0.010476913251057126	0.03352620021220004	3.6986051496928883E-7	2.9288382785811184E-4	8.146587638055329E-6	6.476331213472711E-7	1.0578470271256529E-8	1.8486207316995244E-6	4.527553889185508E-9	5.384431742830887E-5	2.8768750144946866E-4	4.1167917419600444E-4	1.9648813496166278E-4	1.6517432487990274E-4	5.717386160200908E-5	4.2982612273463215E-5	0.0	4.2982612273463215E-5	1.0050074833334766E-8	1.800200170796421E-9	1.2554543998309942E-5	0.10868670300551823
