32
NULL,time@time,open@__open_nocancel,read@__read_nocancel,mmap@__mmap,munmap@munmap,mprotect@__mprotect,rt_sigprocmask@sigprocmask,exit_group@_Exit,rt_sigaction@__libc_sigaction,sched_yield@sched_yield,write@__write_nocancel,syslog@__syslog,getpid@getpid,writev@__writev,close@close,open@__open64,fstat@_fxstat,read@__read,close@__close_nocancel,mremap@mremap,stat@__xstat,socket@__socket,fcntl@fcntl,connect@__connect,madvise@madvise,lstat@__lxstat64,openat@__openat64_nocancel,getdents@__getdents64,lseek@llseek,getrlimit@__getrlimit,write@__libc_write
0.6972695714648537	0.02091033991504765	0.03216072065325153	1.0952405927021066E-5	0.045033056708022004	0.003990208762509787	4.911403110476919E-5	0.04061003322746942	0.013833097668822503	0.027106443242854453	2.4714254822589914E-4	6.723228786010228E-4	0.003297371996275801	0.004119201802229316	0.002950807649132149	0.0025005500164324065	0.002140409572090377	2.2671187698477104E-4	3.703351405415163E-7	3.371831119568572E-8	2.4781002827829926E-6	0.0019171992034974926	0.0010715393405751911	0.0	0.0010715393405751911	6.08048457940763E-8	7.450171532551632E-6	7.506823737713121E-11	6.156193817077983E-8	2.1729393303621334E-8	2.0786764758057233E-7	0.07821840727483756
0.0044231799479748	7.909875486294638E-4	0.02609169226070763	6.173521834625012E-5	0.016594911342125842	5.320893808135465E-4	2.7450406209074534E-6	0.004924646879524618	0.0013594785988165039	0.002652882428978088	2.3235030654552976E-5	1.099845742987311E-4	5.061408667186401E-4	0.0017764412590479685	3.8171596466778866E-4	2.838195534887676E-4	2.1078638582614745E-4	2.3720456265926137E-5	4.147416647262511E-8	4.662149130006187E-9	3.616856129376063E-7	3.129012961915141E-5	1.0356224957538004E-4	0.0	1.0356224957538004E-4	3.4475478092458074E-9	1.7290025872089434E-6	8.206080213836952E-12	5.433047803635774E-9	1.904296176080661E-9	2.235943110659757E-8	0.0017025622742777623
0.015939252228844993	0.0021503515075631243	0.030322173796977703	0.01034716402636528	0.022723896359507962	0.002115454794743069	1.2042199338266789E-5	0.01290682333599226	0.0030358742085745444	0.0055551282848013625	4.816713205913776E-5	9.036264045873746E-4	0.032464534444227734	0.0016059308967742926	8.941684299957935E-4	8.719126858079914E-4	3.838878267447172E-4	4.282125783438238E-4	9.974493111250186E-8	3.8771325506313776E-5	1.6283614969909024E-6	9.857610114911853E-5	1.6795349417858557E-4	0.0	1.6795349417858557E-4	3.281975714031114E-8	3.3321689586719918E-6	8.106175155873669E-10	8.374660038530327E-9	3.2820967693890166E-9	2.114791699777238E-7	0.005679664551188487
5.251190372674261E-4	1.1055484864409892E-4	5.726574215882344E-4	2.1737727864254512E-4	0.001292003868942343	7.689069580086196E-5	3.659999241154257E-7	0.0018306560795654848	3.0386917187352503E-4	5.821260978966599E-4	4.3600678522929E-6	0.003621510029689349	2.9068025029552534E-5	5.314460249975968E-5	2.903602181192795E-5	5.026072153792635E-5	2.630604178691939E-5	4.439007464879919E-6	4.6555046495714805E-9	7.55679956251108E-10	8.625162555109062E-8	3.223352590755923E-6	1.195405902800033E-5	0.0	1.195405902800033E-5	4.762975503050969E-10	8.72996758917613E-8	6.439056166251155E-10	7.664240789914038E-10	2.4086366082909037E-10	1.4123262538444265E-7	2.538153637433053E-4
0.008426410339722232	0.0012849593628307065	0.005392313026585939	2.916725337378155E-6	0.13357343705246197	0.1270677478207128	0.040700790345476814	0.007719266831651283	0.0022103548793934655	0.004292359893884112	3.7992171882185756E-5	3.4468101944557157E-4	0.0032489295732950007	7.52276715179095E-4	0.003311492033453981	5.23916233128514E-4	6.396306741008281E-4	4.018698332758482E-5	7.994870788978543E-8	2.0306125478891564E-8	4.6804820937068494E-7	5.755391441656718E-5	3.3073023416573167E-4	0.0	3.3073023416573167E-4	1.2310856044478247E-8	1.9392295108582164E-6	1.2898134908592493E-11	8.891191205966874E-9	3.1339984334203252E-9	3.565225844253816E-8	0.002872150600631363
0.018760622990954604	0.0030819605757367173	0.0064702564520553105	8.782570436041788E-6	0.049367474425465	0.03991675738587338	0.07597323146045704	0.011300864357774403	0.003508835844751477	0.006917043368895489	6.180088423827266E-5	2.996722482402013E-4	0.0019071744189657102	0.0025415965037831156	9.884750269270172E-4	6.977019749672445E-4	5.723731803317124E-4	1.1279332646006025E-4	1.3327031879110544E-7	1.3927704017727444E-7	2.9845316328970294E-6	8.032753251105049E-5	2.846038231201911E-4	0.0	2.846038231201911E-4	1.3264232289089721E-8	2.0132967120143816E-6	4.080000712716895E-11	1.5471306168835155E-8	5.3440852499962575E-9	1.1366809403790646E-7	0.004982588347812176
0.00786042209541877	0.001193690789534223	0.003032978175699225	1.7196606565599727E-6	0.01986967016949565	0.05877668156676079	4.784412780399147E-6	0.005609406861664175	0.001991826810971275	0.004000650031142778	3.628251876493267E-5	8.344030977917945E-5	3.1370063824659515E-4	5.324556216029952E-4	3.275281130832648E-4	3.5826774268091785E-4	3.2746314487621406E-4	3.0741412856255635E-5	8.535055166420833E-8	4.147879191512955E-9	3.393776676913991E-7	4.422339291832206E-5	1.6530663526895557E-4	0.0	1.6530663526895557E-4	4.180754447132903E-9	1.0095656417525731E-6	1.0105689567259094E-11	9.843027007619984E-9	3.3272656590636662E-9	2.8052562777543462E-8	0.0020978453892538545
0.03522702693986881	0.005672763382847455	0.01299551936420093	9.24611551257523E-6	0.015875254972832858	0.00206028055854612	1.7366118120225694E-5	0.031675695389636965	0.03439761788000297	0.06343816361639605	4.303572162159994E-4	8.873107563187312E-4	0.001372886092086106	0.0026247176663341727	0.001910852177921042	0.0016356975643890374	0.0011964449455073418	1.5553532900313343E-4	2.869731211474564E-7	4.827527316552819E-8	1.4524049057259777E-6	1.9706287671055338E-4	5.549594662933486E-4	0.0	5.549594662933486E-4	2.8066696135893428E-8	4.761470527714275E-6	7.14535174888583E-11	2.986747495404392E-8	1.2507321024391247E-8	1.9868724856420882E-7	0.00941767972640483
0.0256651196427434	0.0028861258517197882	0.00903037245150697	7.514825046312034E-6	0.011031482814080418	0.0014051056651628365	1.1406185511873194E-5	0.026054510468550444	0.005332261353713134	0.009738450277633775	8.087966177522399E-5	9.454915159903552E-4	9.543709923982036E-4	0.001965615392038405	0.0013833853642671245	9.817555461090035E-4	6.44939705868353E-4	1.1013725999255692E-4	1.4060469167724895E-7	5.354140429667055E-8	9.472548356177111E-7	1.3893251713737562E-4	2.613947725176425E-4	0.0	2.613947725176425E-4	2.652854446378504E-8	3.3754102278820402E-6	5.066360811652263E-11	1.235615693614327E-8	4.9542098023901565E-9	1.4078458933409337E-7	0.0066708005386577895
0.027371188448075633	0.0038231972374822005	0.010202609842959724	7.634906607785752E-6	0.012311918296867943	0.0015584001339110653	1.3486259738134828E-5	0.02741174894949961	0.03657720752726521	0.027926060612435397	6.272538266698088E-4	8.587973422668994E-4	0.0010754482712718165	0.002087493554840362	0.0014988936955431804	0.0012033113974452832	8.974718880264395E-4	1.1987329055689943E-4	1.8242254970164808E-7	4.788086728344725E-8	1.0709693574902196E-6	1.5004116351836615E-4	4.0222933616620104E-4	0.0	4.0222933616620104E-4	2.5656645278577204E-8	3.6820917042346665E-6	5.474092875248136E-11	2.113019643436302E-8	8.173248279201198E-9	1.5214482395233503E-7	0.007198866399207858
2.859374675421917E-4	3.727593516628069E-5	1.0293920518586323E-4	8.067312745338425E-8	1.2549008935704107E-4	1.6052513204820398E-5	1.3318804187638495E-7	2.80461329437666E-4	4.0580541139318267E-4	2.947801542260501E-4	2.203316914427715E-4	9.355726831977357E-6	1.0873044853497499E-5	2.1719687125638455E-5	1.5479881677120166E-5	1.1853165018111998E-5	8.244153743050437E-6	1.2409865528141384E-6	1.8332048434438373E-9	5.240796972507524E-10	1.0999460705348877E-8	1.5653713597213566E-6	3.5646884845809304E-6	0.0	3.5646884845809304E-6	2.7229882566207285E-10	3.8035546114152326E-8	5.699585259550236E-13	1.80298245065946E-10	7.297026541020065E-11	1.584153640877056E-9	7.505237001505352E-5
6.022207804865509E-4	1.1381304842207672E-4	0.00915221178608024	3.0821697101776505E-7	3.7194995945006833E-4	7.358905267130555E-5	4.135668614177283E-7	0.002134206302655144	3.5263320920975264E-4	6.7067965759801E-4	5.027282989271164E-6	0.003634599196877354	1.9074469580686556E-4	1.2531819024700155E-4	2.7627569494674894E-4	4.187158245145766E-5	3.0180342029954844E-5	3.7288178779574506E-6	4.648205738407223E-9	1.2962714543563963E-9	5.440250136666643E-8	4.409144166390427E-6	1.4585919366832325E-5	0.0	1.4585919366832325E-5	7.192979706822695E-10	2.913315163063233E-7	1.327596339746022E-12	7.515137096250731E-10	2.701948358606944E-10	3.608807366114812E-9	2.511548535975809E-4
0.006069214335548898	7.979452769332372E-4	0.0020504097921043604	1.810883678912863E-6	0.0018427247458863297	2.764956964223437E-4	4.653016274664651E-6	0.007011322372140547	0.0014277920166141118	0.0026275428629175023	2.170930901871197E-5	8.382299652712732E-4	2.1697515567828328E-4	3.360381282406696E-4	2.3724999796162244E-4	1.7380633562653837E-4	1.2867497214452282E-4	2.7130506756465667E-5	3.838989018421206E-8	2.6428472825567844E-8	1.9182394473954269E-7	2.369058911163245E-5	6.291625207069008E-5	0.0	6.291625207069008E-5	1.1991041900102779E-8	6.522800453034256E-7	8.512962306277321E-12	3.4138041585473636E-9	1.346434213345963E-9	2.364325724961673E-8	0.00125353728207689
0.002277474899826357	0.007411471062954805	0.0019207068330416028	1.659445883557562E-6	0.0013670066978357948	0.0031648861170826747	1.6417058805870987E-6	0.0029196776661544977	7.916479856630136E-4	0.0015226291572777593	1.3374088554773456E-5	1.233511329963353E-4	9.703650470992118E-4	3.1452843600401166E-4	0.0073222936534032895	4.6645813170577655E-4	9.321271009790504E-4	1.4661427904602472E-5	1.833971632734847E-8	5.551307615772325E-9	1.9563260700474748E-7	4.071106665046652E-5	5.010410332907825E-4	0.0	5.010410332907825E-4	3.111627915888819E-9	1.713022712600719E-6	4.999432084493533E-12	2.9475786970168553E-9	1.0644324984818793E-9	1.3756428302453527E-8	0.0018787300587769522
0.0026555717145507495	5.841040219559095E-4	0.001337433459952	6.972193327068811E-7	0.0013811964814536253	2.2476184576610808E-4	1.9475461055373156E-6	0.003189410878226602	0.0010835861246231637	0.002157638676432092	1.9505335468304676E-5	0.0036918281970680592	1.392877923439425E-4	2.081813519551766E-4	1.6034119685015715E-4	0.001118459219804383	0.0027613251248535557	1.2615492418978945E-5	2.4514632555640144E-8	3.4119653670701515E-9	1.2094023463383309E-7	1.4487592142066197E-5	0.0014971173656174264	0.0	0.0014971173656174264	2.5291574544422684E-9	4.024707009986149E-7	5.354830363580169E-12	5.057413787411852E-9	1.7489455564738355E-9	1.4875280498330668E-8	7.089291386606644E-4
0.0024452845360448754	3.9596031273805794E-4	9.595679991724834E-4	7.151802525921229E-7	9.033711489512743E-4	2.847335072117611E-4	1.2074968153147268E-6	0.001938975087194356	6.886495098801002E-4	0.0010991798757282684	1.1261661106994008E-5	1.2789513476156646E-4	1.0123637650139655E-4	1.6630607389656884E-4	1.3050217867304904E-4	8.007582645369911E-4	0.002327907200997038	1.0872648742181484E-5	2.3632326689601793E-8	4.9692403411411514E-9	1.0327057114072372E-7	1.3003515137291228E-5	0.0019584379292322354	0.0	0.0019584379292322354	2.8252189449898013E-9	3.3163787974562887E-7	4.6748796022980226E-12	1.2669798047184988E-9	7.422435064096735E-10	1.2998867703180058E-8	6.412676951351744E-4
0.0021795288242649276	6.584584208659936E-4	0.0013481603841871382	1.232710947243606E-6	0.0010284717381326503	0.0023193065318618394	1.2151986971772891E-6	0.0018093061792502484	6.326401908251521E-4	0.0010555141803000943	1.0522211710890349E-5	1.0086107740027213E-4	1.5424572504950057E-4	6.298789936797257E-4	1.4448345197782725E-4	0.0012219682975371713	1.7130374202586722E-4	2.41304664870836E-4	2.0467697908385775E-8	3.870518554408362E-5	1.605915685768348E-6	3.401891027556505E-5	2.8624500702375732E-5	0.0	2.8624500702375732E-5	3.074110115539937E-9	3.6632040556159306E-7	7.75884133160125E-12	1.4842143082377465E-9	7.408968885904516E-10	2.1607516173025473E-8	0.001038137178677139
1.828212949280598E-4	4.1757194590833945E-5	2.0634424967434615E-4	7.34890687508963E-8	1.5068856551591825E-4	1.4482920755465507E-4	1.1970854106800037E-7	2.2033409800110748E-4	7.20389371628105E-5	1.3640881012673756E-4	1.2560580788653463E-6	3.9770026407259865E-6	2.09443760796842E-5	2.205022882564452E-5	2.4546175804770124E-5	2.1346221157674468E-5	1.0917410893635416E-5	2.2707088545444637E-6	1.756550306049975E-9	2.4376442193802336E-10	1.749152390750775E-8	1.1732327920266256E-6	5.349458736669866E-6	3.5350984178159986E-7	5.349458736669866E-6	4.883115201984721E-10	4.409358110848343E-8	6.790237737199663E-13	1.3284556396606283E-7	4.251165453403782E-9	1.8862859827995034E-9	6.924403797232151E-5
6.198590243354925E-8	1.2627438267785857E-8	3.2511919119983876E-7	9.515837895276066E-11	4.5395486500194376E-8	1.72229189832389E-6	4.079897442926287E-11	1.3776714529214062E-7	2.6163500043143304E-8	4.951355203140242E-8	3.93998867637024E-10	3.212820280524726E-9	3.184847283575014E-8	1.7369027032412153E-8	2.3337203399027683E-8	5.0011683511735694E-9	3.226161543662775E-9	5.10091190037105E-10	4.522492785952042E-13	1.2464993668996218E-12	7.84476342131622E-12	5.17316982284019E-10	1.46649717606279E-9	0.0	1.46649717606279E-9	1.0353781475338635E-12	4.168082561291308E-11	2.655190051281961E-16	6.6472329703343E-14	2.4461160219641576E-14	7.276212027912865E-13	3.528498590660904E-8
2.8806640911604247E-6	6.629838499901893E-7	4.070685933455652E-6	1.222561880638067E-8	1.5939322881697496E-6	2.7407103066874572E-6	1.7939502865410455E-9	3.363559858577812E-6	1.0960765257249304E-6	2.0402034308525564E-6	1.8939709756956426E-8	6.652437028477993E-8	4.081426311407174E-7	4.1784776059996347E-7	3.429052459288074E-7	2.0253529463892483E-7	1.4781766438475331E-7	2.7944303900506955E-5	2.7670667629304897E-11	5.0823272392659464E-12	3.1903649863417156E-10	1.847271531099509E-8	7.172001028434869E-8	0.0	7.172001028434869E-8	1.1004226351297547E-11	7.477031713147398E-10	4.956987043215705E-13	4.045310121814132E-12	1.533428338304673E-12	1.3867412302878973E-9	1.05095689161571E-6
4.058837845888018E-7	1.379553696273718E-7	5.879267084179478E-7	2.3106547284721336E-10	3.7744432302635086E-7	5.7421278539127105E-8	3.7499048327997935E-10	7.157576793610371E-7	1.645177788357906E-7	3.15307310806615E-7	2.657152601886665E-9	1.4210969717999415E-8	7.080465660305456E-8	9.271797080220646E-8	4.143599492270106E-8	3.1361591887963285E-8	2.155988638268464E-8	2.6629788685543786E-9	3.278248356867938E-12	6.441513937165407E-13	4.4312161986097654E-11	3.095210690902456E-9	1.0414303899987949E-8	0.0	1.0414303899987949E-8	4.073023505058227E-13	2.1447441872205636E-10	1.2762445297229079E-15	5.377869618678987E-13	1.9433779554894764E-13	3.4924494814209825E-12	3.702587453792955E-6
7.333287202971358E-5	3.044414266703051E-5	6.654149886260067E-5	2.287645738487462E-8	6.706300494006827E-5	7.1992822684312426E-6	7.106014616105783E-8	7.63560841722889E-5	2.5288008535785345E-5	4.709792351983168E-5	4.384273299127336E-7	1.6027967808017824E-6	7.185174562030868E-6	1.7188177540134346E-5	5.966748342292765E-6	4.513161193405324E-6	3.4660954570513498E-6	5.842217423804902E-7	8.105925696643258E-10	6.957303176379017E-11	4.8939835596911815E-9	5.32967853813017E-7	1.711128325743559E-6	0.0	1.711128325743559E-6	5.4513232191442473E-11	2.1260742967356523E-8	2.1058461228208308E-12	9.313692318015938E-11	3.5706511046482375E-11	5.885125210890066E-9	2.4152428743058575E-5
5.341857453362597E-4	8.688909745728317E-5	2.2166488031034645E-4	1.4156175919573373E-7	2.0150527198477654E-4	6.146290640095366E-5	2.6631616204415823E-7	4.7974484915968684E-4	1.5719400088310293E-4	2.54313898695693E-4	2.546120756947207E-6	2.7611476915604926E-5	2.351481385017445E-5	3.836275366555088E-5	2.8169137645467196E-5	5.523735562835261E-4	0.001461647123982643	2.360811610297024E-6	5.1483040718406595E-9	9.75053607425089E-10	2.3242819306401368E-8	2.877012487079145E-6	0.0018970008800371966	0.0018913271180088335	9.513359125104858E-4	6.130902843256852E-10	7.745751235797612E-8	1.0176898719058227E-12	2.917929611112133E-10	1.657087168891808E-10	2.827655991332975E-9	1.4213384477214662E-4
1.6028463314003816E-4	2.6079052039894382E-5	6.652577031854999E-5	4.249997278498421E-8	6.047497114046042E-5	1.8457737044463235E-5	7.992193545881679E-8	1.439569844911691E-4	4.7169511723186776E-5	7.63166108388348E-5	7.640392170728232E-7	8.283996574378923E-6	7.057218409265469E-6	1.151578239997081E-5	8.453204627705824E-6	1.6571481990890536E-4	4.3849517509953183E-4	7.089983702557492E-7	1.5447470084062481E-9	2.9257568682073247E-10	6.985785948432764E-9	8.633500530082578E-7	1.7030315555202716E-6	3.518600073616162E-8	4.745355153188767E-4	1.8397431615526761E-10	2.3243242766836122E-8	3.053694332664341E-13	3.661519102606446E-8	1.1923753503655186E-9	8.484697637181523E-10	4.265766807995536E-5
5.0747438939539E-4	8.254430609992213E-5	2.1058077788108206E-4	1.344831230274985E-7	1.914292280413744E-4	5.838952306122634E-5	2.5299932261279147E-7	4.5575574885406786E-4	1.4933369209347975E-4	2.415972189114077E-4	2.4188048590577164E-6	2.623079614232527E-5	2.2338982094798946E-5	3.644446741965454E-5	2.676057167611174E-5	0.005016643024323679	0.0013885591074462352	2.242761887363503E-6	4.890868931057937E-9	9.262971510861693E-10	2.2080588331533637E-8	2.733150721280204E-6	5.390051954880673E-6	0.0	5.390051954880673E-6	5.82433395871644E-10	7.358433678009575E-8	9.668014372307583E-13	2.7720218306569356E-10	1.574226393253824E-10	2.686262241458047E-9	1.3502660210964673E-4
1.0525580531707753E-7	7.833188177348784E-9	2.7361893597403562E-8	6.805277237555133E-11	1.7602379371985887E-8	5.4354823392570665E-9	1.9162856618886E-11	4.830587137044142E-8	1.2043357021782662E-8	2.1226939513484365E-8	1.9053138720914367E-10	1.1967871792034183E-9	3.1390284999740716E-9	4.8502830553834706E-9	4.616230851201381E-9	2.19528182261316E-9	1.414107817018459E-9	8.014192401053102E-10	3.091070598488645E-13	1.5858326550029334E-12	3.0622194138945796E-12	3.005279204076963E-10	6.862971605136927E-10	0.0	6.862971605136927E-10	3.435484443708667E-14	1.0910091103284384E-11	2.423685701027554E-16	2.8240169925538317E-14	1.2517948861597592E-14	6.748268961783432E-13	2.1181751891188458E-8
9.855550880141832E-7	7.920169749904655E-7	2.469433774563443E-6	2.237130745256766E-6	9.632529074718601E-7	3.296219556193791E-6	9.415098536894678E-10	1.4866698382290883E-6	3.614092333229311E-7	6.976836731848461E-7	5.951970622061318E-9	3.440151711251428E-8	2.615363966497901E-7	9.583157310955142E-7	1.8196959861989728E-7	2.9389453272871395E-7	7.35682578977254E-8	2.643490459492043E-8	7.484395857317838E-12	7.855934826799081E-12	1.6604039386606694E-9	1.0008256872562252E-8	2.490978894148146E-8	0.0	2.490978894148146E-8	5.7748315152774116E-12	2.0111210738336755E-5	7.541545351160867E-6	1.270847420600591E-12	4.5397876864018273E-13	8.221745140832077E-12	1.6474234119723386E-6
1.0133566936337444E-7	7.402153356849674E-8	2.8806804842152894E-7	4.281877076066418E-9	9.620786659299043E-8	3.5401120557405684E-7	9.31692256191478E-11	1.624381014618215E-7	3.785966608856609E-8	7.288758508967973E-8	6.154035374248167E-10	3.7733031493642645E-9	3.0407633356620805E-8	8.994610794111538E-8	2.1154844633225294E-8	2.736710067764863E-8	7.248667129550007E-9	3.8796173450884555E-6	7.641529585599094E-13	1.010286608813099E-12	1.5075421696066352E-10	1.0053259237855595E-9	2.524058643339451E-9	0.0	2.524058643339451E-9	7.454082819231768E-13	4.899249668026029E-11	2.327822997627741E-15	1.7044078843068182E-10	4.5720453866321543E-14	6.495642796802663E-12	1.5561187310044137E-7
5.681437482306446E-8	1.3344338703712424E-8	2.803999322217508E-8	2.0808463747388679E-10	2.636820934039865E-8	1.7176942196805657E-8	2.550813245116717E-11	3.6137710568148305E-8	1.7233429874211244E-8	2.7047829535626353E-8	2.93059064814211E-10	8.565986643387434E-10	3.0216485107666967E-9	7.962197426673609E-9	3.541464422910014E-9	3.6986365169538513E-9	1.5854102362076046E-9	5.252021675473312E-9	6.195817000880102E-13	6.498575401572885E-14	3.95477204917748E-11	9.857705954241528E-10	6.945915924563132E-10	0.0	6.945915924563132E-10	4.778929887272857E-14	9.0866911653427E-12	2.113801308615311E-14	3.834108679027115E-14	1.1047181547244472E-8	5.914248243237801E-11	4.6849404871951824E-8
1.5273546083420006E-8	5.152242403675848E-9	7.665073957546952E-9	5.579198060381068E-12	8.08983580820358E-9	9.0732394962509E-9	7.80546903903164E-12	9.998147840166662E-9	4.608608834121893E-9	7.3288006090793395E-9	7.844329775111332E-11	2.4266562519666803E-10	8.860435776431325E-10	4.300325543708525E-9	9.49245400004857E-10	1.6015271373130508E-9	5.024810292714801E-10	1.491736218577801E-10	1.6276962968521572E-13	1.4350699553854648E-14	6.893676085585623E-12	1.0367988563282569E-10	1.9622973449037135E-10	0.0	1.9622973449037135E-10	1.036650271718643E-14	2.6645039741487864E-12	3.3197498578490696E-17	1.0053071225354406E-14	5.6171664232028025E-15	9.216945888355261E-14	9.286204430838447E-9
9.726685876509206E-8	6.654673796419018E-8	1.3762238262362304E-6	7.076103697679051E-11	9.500803428030163E-8	1.6080147092428484E-7	9.209552790398347E-11	1.4751538128219595E-7	3.5383391614778196E-8	6.808807438919036E-8	5.796266501134312E-10	4.0943442591455254E-9	2.2431525581753037E-8	8.453470684215152E-8	1.4368178116470045E-8	1.0723676869355839E-8	5.664054471341131E-9	9.551197909114523E-10	7.30784409585224E-13	2.2586363059279936E-13	9.881497135169062E-11	2.3020452675799393E-9	2.598906625321734E-9	0.0	2.598906625321734E-9	1.5301099210183116E-13	6.650858256149145E-11	1.2103815834596657E-10	1.5252384997982496E-11	4.3679320296447244E-14	3.386683510303494E-7	1.325439534750069E-7
0.11248959968336548	0.0025469300501790118	0.004306482623860306	2.1408088569187803E-6	0.0056675225480578365	7.610802328219655E-4	6.238088527000586E-6	0.01718818948900009	0.003534326206657966	0.006702058886806563	5.481287463015732E-5	1.242630831639609E-4	4.4480102203382354E-4	7.221293743810609E-4	4.7391223829360284E-4	4.2003024929783514E-4	3.510209646695012E-4	3.768469505705545E-5	7.448298998114993E-8	6.411418295008664E-9	4.072289083732325E-7	1.6989243144481975E-4	1.7439272249782355E-4	0.0	1.7439272249782355E-4	1.4789907763076907E-8	1.2243907161906032E-6	1.3718330245029389E-11	9.964726715733371E-9	3.6538939639202516E-9	3.805737109176114E-8	0.026771148779655595
