33
NULL,time@time,open@__open_nocancel,read@__read_nocancel,mmap@__mmap,munmap@munmap,mprotect@__mprotect,rt_sigprocmask@sigprocmask,exit_group@_Exit,rt_sigaction@__libc_sigaction,sched_yield@sched_yield,write@__write_nocancel,syslog@__syslog,getpid@getpid,writev@__writev,close@close,open@__open64,fstat@_fxstat,read@__read,close@__close_nocancel,mremap@mremap,stat@__xstat,socket@__socket,fcntl@fcntl,connect@__connect,madvise@madvise,lstat@__lxstat64,openat@__openat64_nocancel,getdents@__getdents64,lseek@llseek,getrlimit@__getrlimit,write@__libc_write,readlink@__readlink
0.4740868008690512	0.02011242597034594	0.19316019972287793	4.989734687737539E-5	0.04928566661277835	0.010983384072442847	4.1831563604774504E-5	0.05577027381755202	0.016289699386314804	0.03207445133075923	2.837638090136005E-4	0.002334633463953331	0.019259035744734795	0.016262258602073778	0.007902967804411857	0.005836337495176822	0.004512326489162567	6.374511982287714E-4	4.4772391516533205E-7	2.6000657987810683E-6	6.951417555525111E-6	0.003653653859774621	0.0022276845675134	0.0	0.0022276845675134	6.762408763893337E-8	0.0021707661275123776	9.92227181446787E-11	3.066185910212408E-6	1.0743635116310645E-6	2.711455321731572E-7	0.05364977052485691	0.0
0.010856811656557552	0.002566199983430184	0.04717453507658428	1.283178923867768E-4	0.025734064400122682	0.0019061380552901851	5.993646428689924E-6	0.014541038756314692	0.004441420738509782	0.008673835141558684	7.776089561219714E-5	5.365484511760289E-4	0.0021133662638525338	0.007524773529613097	0.001761112886516575	0.001388788253006817	0.0011909656880302601	1.530850382755773E-4	1.4996222299960707E-7	5.550005126118108E-7	8.999178024966405E-7	1.71245561141723E-4	5.972516228083863E-4	0.0	5.972516228083863E-4	1.3856589638052677E-8	9.721988631891688E-5	2.6559966881511234E-11	8.336218751221958E-7	2.953380710218455E-7	7.275724322384842E-8	0.003285455399077875	0.0
0.06738410895731399	0.006815049385122774	0.06187074359965242	0.029348477990575557	0.060756421350068986	0.005452616036160395	2.157354778736215E-5	0.03603751594316753	0.008562194793099966	0.016029081246560724	1.3818700133330845E-4	0.003359628882865333	0.11465528117872237	0.007343471455355004	0.0037500489384637743	0.0029269758624146055	0.0018361956041192636	0.001260865420789914	3.064746953408152E-7	1.4145580278443357E-4	2.8672253595671856E-6	8.510902339765733E-4	8.751082727720708E-4	0.0	8.751082727720708E-4	8.317115714704649E-8	2.0990217294941833E-4	1.6841935661368299E-9	1.1690656821979946E-6	4.4225120971116624E-7	4.685421069699259E-7	0.0145109859132456	0.0
0.0013777167630658054	3.0856563396075586E-4	0.0012053834324132426	2.674808686897673E-4	0.0020154195881822326	1.770255738380917E-4	7.389017170542834E-7	0.006157060830024	0.001016830033959201	0.0019510765337260004	1.460828066765801E-5	0.0127787886738876	8.619157668463921E-5	2.538753234186567E-4	1.406751186081266E-4	1.8427433839934878E-4	1.4196397496770037E-4	2.0263550968672777E-5	1.7262752677388776E-8	8.756860939037305E-8	1.4703705080578251E-7	1.9236954212373003E-5	6.938739980537172E-5	0.0	6.938739980537172E-5	1.601384535652552E-9	8.148516158144579E-6	1.3294380260921852E-9	1.0276016134371695E-7	3.608084274182297E-8	2.9371487782049086E-7	4.366365541665748E-4	0.0
0.017076249055968287	0.002718999208764381	0.01234791773483435	8.863334742783705E-6	0.17963744737493492	0.17816057881035194	0.05434432985158474	0.015961976170841247	0.00442763913004705	0.008587105973606563	7.567527196115476E-5	0.0011538242664476425	0.010815352676931182	0.002875098922878608	0.011805180933737836	0.00175503784710559	0.002239667756038143	1.8826844257279117E-4	1.8808755517981624E-7	1.1166788108690904E-6	9.38515930133304E-7	2.5983676172555963E-4	0.001166948051543724	0.0	0.001166948051543724	2.7640361353052746E-8	9.48918353755062E-4	2.91058463388846E-11	7.778367440868192E-7	2.7559443248375463E-7	8.074579632121414E-8	0.004579898484027914	0.0
0.023966215497257203	0.007360519647899854	0.013804210805992954	2.0276398386160775E-5	0.06686958932457658	0.055620272960385235	0.10143931753341143	0.020127883740853673	0.006170145701059583	0.012088871892108912	1.0828169578443521E-4	9.608339815837617E-4	0.005792645379352465	0.009226099111588637	0.00321785433270047	0.0020907238717537573	0.0017420874546623872	4.6080429450387456E-4	2.907536972875916E-7	1.276985514719381E-5	6.03290415044595E-6	3.193177493294492E-4	8.721553290125286E-4	0.0	8.721553290125286E-4	2.796185064705408E-8	1.322540784262472E-4	8.145729277118927E-11	1.1841833511905865E-6	4.138973207964281E-7	2.2717021265127804E-7	0.00766611210861742	0.0
0.008390691135097666	0.0019233800538628382	0.004891910465410112	3.997122080680215E-6	0.0261664093729733	0.07889318575067066	5.299406312113918E-6	0.007780464024124764	0.0029092240347046512	0.005856162255562081	5.359601649128869E-5	1.9781248457528374E-4	5.199570061799896E-4	0.0018554203674345066	8.109655969800045E-4	9.242173404024868E-4	8.558565305096154E-4	1.3169514287438906E-4	1.717851970739936E-7	2.475977877534965E-7	5.741976482308007E-7	1.2748739523915376E-4	4.332473255289575E-4	0.0	4.332473255289575E-4	7.94836955433899E-9	6.436693142309756E-5	1.550882190588292E-11	6.598778651788884E-7	2.2299905401685557E-7	4.314103917802445E-8	0.0020982474679790827	0.0
0.064198716969252	0.012434238579173574	0.03118786780178637	2.790822605943746E-5	0.028265757040864058	0.0062515083071374685	2.53066071061471E-5	0.05887873743843315	0.06911448483774918	0.12738625240074428	8.746652104144707E-4	0.0030476216479787175	0.003373279218597876	0.011276632199533478	0.006679212078107728	0.0058485040323672435	0.0044091719190069364	8.078646026766792E-4	7.926780141695435E-7	4.379956122235858E-6	3.210565608533417E-6	8.789383044093705E-4	0.002064521904585389	0.0	0.002064521904585389	6.752994652969502E-8	4.114635866035599E-4	1.5379474429871598E-10	2.871825239565459E-6	1.2042588024903678E-6	4.283615600273037E-7	0.014264314054957946	0.0
0.054486774716627634	0.007012919270342392	0.02197450717621803	2.150413560876041E-5	0.02039314334773711	0.004145297045488435	1.5968587736704747E-5	0.04510796106919809	0.009772175858155414	0.01791241320743975	1.5172031348657927E-4	0.003206734631398739	0.002385385656760222	0.007946917559418126	0.0046056244725590995	0.0033142256583004884	0.002227694615605962	5.422037264153608E-4	4.289006215738226E-7	4.9049483496681084E-6	2.0877765996417724E-6	6.950697312468497E-4	9.062388658187096E-4	0.0	9.062388658187096E-4	5.930249764571683E-8	3.1243211255716505E-4	1.025093805991268E-10	1.1337167297632585E-6	4.4010030571701357E-7	2.853210980939715E-7	0.011107577750076833	0.0
0.05401850510170805	0.008670903776465946	0.02444379956276295	2.2457858769717314E-5	0.022282612474550333	0.004648337809526509	1.9302239574117888E-5	0.04941534341358086	0.07274070773722968	0.055269346974529426	0.001254364064054915	0.0029229470437970233	0.0026443080183452114	0.008644946611127956	0.0050927929457358105	0.004204498454812238	0.0032468953068035223	6.022277530830837E-4	5.26735060007848E-7	4.365444436146595E-6	2.357213111767246E-6	7.112808138751604E-4	0.0014701632765246892	0.0	0.0014701632765246892	5.9405189636886084E-8	3.257813701829575E-4	1.1397312083683203E-10	2.012520078282744E-6	7.685490271226273E-7	3.173072159826235E-7	0.011472300384911541	0.0
5.757389991718721E-4	8.640264289586918E-5	2.486224457230167E-4	2.349410754599923E-7	2.285240366266614E-4	4.779107176957801E-5	1.8923030678918412E-7	4.974987972655023E-4	8.050393741380774E-4	5.788888586788492E-4	4.4035036703141134E-4	3.180569374074951E-5	2.694554069573794E-5	8.957626937439123E-5	5.2377501411485496E-5	4.095186881691617E-5	2.9316471301735854E-5	6.2192033368902654E-6	5.350646460882557E-9	4.783683293752174E-8	2.4236975496971865E-8	7.517079911318652E-6	1.2788918415272308E-5	0.0	1.2788918415272308E-5	6.223954429103429E-10	3.426051112231892E-6	1.1783831836097145E-12	1.6943764985493797E-8	6.756954378371413E-9	3.2806667485343987E-9	1.207974713938787E-4	0.0
0.0019910619558082326	3.734419706737102E-4	0.03224785441241611	1.9994559739805668E-6	0.0011457812773314957	2.5469259172625485E-4	9.37663694379971E-7	0.007034482149136451	0.0011860119822162981	0.002266449997160986	1.7155041024878608E-5	0.012836856626212345	6.809471946415149E-4	6.181530864383932E-4	0.0019225146457471783	2.0568772149967332E-4	1.7505129645042453E-4	2.3235047914573896E-5	1.9496518778305936E-8	1.589049871004208E-7	1.3110409083582036E-7	2.8914949995926344E-5	8.678191515628033E-5	0.0	8.678191515628033E-5	2.518192773409275E-9	1.5219091954249023E-5	4.283538120565281E-12	1.203735692543394E-7	4.3007391036650796E-8	1.1725699672828332E-8	5.473211897424821E-4	0.0
0.027611287131627842	0.00418664484517593	0.00887154000220176	7.158595388503259E-6	0.008089804813929923	0.0013937033333589386	1.1554455729506112E-5	0.02521694703003362	0.005468774203362502	0.010413535868283431	8.66905750760868E-5	0.0030952569570585112	9.447496546155744E-4	0.002485539801569939	0.0014390967405224523	0.0011611352253688204	0.0010223371198460236	1.8108606162865398E-4	1.5413364751313413E-7	2.703361330910264E-6	6.712043725183918E-7	3.1456941147737903E-4	5.126212439875864E-4	0.0	5.126212439875864E-4	3.3568117303193777E-8	7.370548734296809E-5	2.8168247470281996E-11	7.409590078932259E-7	2.7081192690259E-7	7.833176232124152E-8	0.004956618667817997	0.0
0.010569290581314823	0.026056728816815516	0.006733790919727206	6.364659776836953E-6	0.004147805462850914	0.011471999046928982	3.686421607630393E-6	0.009007580890369899	0.0026879025735044473	0.005225415981331998	4.672952162083607E-5	4.97098033390381E-4	0.0034962383334012043	0.0015347412256881915	0.026774202571889512	0.0019439757901160972	0.0036581272643989747	9.224882822637677E-5	7.542737256448308E-8	5.701152524559635E-7	5.243527803701729E-7	2.191965255260295E-4	0.0019600679106813986	0.0	0.0019600679106813986	1.0148057907383448E-8	0.002199904793847334	1.5792714959928994E-11	4.890296013988197E-7	1.7499291648704227E-7	4.370830067004702E-8	0.003539026498486637	0.0
0.007723929846240451	0.0020511177068724073	0.005322929044220095	3.7810815356912667E-6	0.0041763783523304605	0.0011114354455694466	4.963100032356379E-6	0.011326922257445055	0.004073037924834517	0.008150155849537394	7.435085703221427E-5	0.013122264084468623	5.673877622547085E-4	0.0015469623843693226	9.879835603823469E-4	0.004446732401904933	0.010283432210625939	1.1083435111930596E-4	1.122280388132293E-7	4.3305889416789824E-7	4.516256013463459E-7	1.0958838456057912E-4	0.005560144719074126	0.0	0.005560144719074126	1.0632107514960503E-8	4.9776745567401266E-5	2.0628295452244513E-11	8.788266778096383E-7	3.040507784011421E-7	5.741902296604999E-8	0.0018357150243190653	0.0
0.007956377974785067	0.0014702036556735612	0.003940581230485843	3.2089650282631205E-6	0.002711592170057836	0.001307712463108559	2.704977092958574E-6	0.006421766370239929	0.002507520213212363	0.003951969934308429	4.156117501172327E-5	5.279260697758009E-4	4.2147707965299526E-4	0.001242553894069862	8.08438659332444E-4	0.0030768543691277613	0.008353394245405607	9.342355042071563E-5	1.0299627861781647E-7	5.011727790419513E-7	3.746880963756902E-7	1.0649477315863973E-4	0.006972649620423833	0.0	0.006972649620423833	9.692608453979307E-9	4.239391208366513E-5	1.7415904458006868E-11	2.0681887255909175E-7	1.2467135262405475E-7	4.8510389458400093E-8	0.0017318798732764015	0.0
0.008347644668761312	0.002254992845278375	0.005350740280387392	4.649385980206841E-6	0.0031529207980110865	0.006347950947725027	2.8621775590102727E-6	0.006044812263733852	0.0023536359155656786	0.003903125597404594	3.986549617497315E-5	4.285947005924052E-4	5.912434259971071E-4	0.0026075051156998464	9.053695750288147E-4	0.0059743271698193545	9.19209951290381E-4	9.548882283645529E-4	9.141845686902075E-8	1.3518493016678263E-4	3.992932192670582E-6	1.8428711501580238E-4	1.9238527704453949E-4	0.0	1.9238527704453949E-4	1.0294404534272062E-8	4.5208283997105345E-5	2.4707746369189134E-11	2.5717950556737436E-7	1.2924600384741843E-7	6.886228602374297E-8	0.0028280081543934563	0.0
5.400899165545537E-4	1.4969317191422014E-4	8.538351330397429E-4	7.42233967511163E-7	4.1780437195527433E-4	5.912246595475301E-4	3.10839944015537E-7	7.591776486164064E-4	2.6527664562457317E-4	5.033548837193572E-4	4.695591786631745E-6	2.2256967910210855E-5	8.768479840539572E-5	1.4362865720620618E-4	1.3953057592927355E-4	1.070851701050357E-4	6.822502196458134E-5	1.0301290750205398E-4	7.970053855819915E-9	2.6992545618641898E-8	5.99070437347817E-8	8.098454884201937E-6	3.3905888526246456E-5	3.160071974431728E-5	3.3905888526246456E-5	2.0996516590792874E-9	4.49179652833234E-6	2.1762229598082023E-12	1.1897924076850638E-5	3.8851824872860386E-7	6.051792996615233E-9	1.782122901000256E-4	0.0
1.289083649136181E-7	2.796716321548683E-8	7.072126919136838E-7	3.6078378459588916E-10	9.508524796031833E-8	3.525797412646019E-6	6.072479616096409E-11	2.772353714128075E-7	5.553270465368232E-8	1.0505679521101343E-7	8.544637383728039E-10	9.019706658725441E-9	7.01743172222911E-8	5.1678193121006233E-8	8.718887997315094E-8	1.4654130935064537E-8	1.1142546915682681E-8	2.329024563201032E-9	1.282784277072676E-12	1.5582460057857407E-11	1.352817952512674E-11	2.013714112857607E-9	5.3483156633363615E-9	0.0	5.3483156633363615E-9	2.163336364106909E-12	1.3176421200021882E-9	1.042150816799161E-15	6.701165291603008E-12	2.4858715345451007E-12	2.8925810075030944E-12	6.977078391757677E-8	0.0
2.3319332803551307E-5	5.748313462905575E-6	2.9225725623359625E-5	7.56181788146785E-7	8.049751348062651E-6	2.578112215107752E-5	6.895256273934138E-9	1.658363317604327E-5	5.29369176478195E-6	9.925453042078826E-6	9.162460468870857E-8	5.490760207689017E-7	3.0360002722960375E-6	7.698505963629732E-6	3.916829748391465E-6	2.0758200162321246E-6	1.318770363302436E-6	1.1166990207620707E-4	1.590636970950973E-10	7.07291481018697E-10	5.745811459718332E-9	2.9268933363732143E-7	6.287510605983382E-7	0.0	6.287510605983382E-7	7.788386059745434E-11	1.0968564202728703E-7	1.0424146588039408E-12	8.738040439495903E-10	3.3317439308868187E-10	2.915554788337274E-9	7.306215241175025E-6	0.0
1.5801835763753767E-6	4.6103678656665397E-7	2.8856327120959265E-6	1.8239294266133039E-9	1.2118813243022116E-6	4.2969274790768145E-7	9.36087998540597E-10	2.5176623152476837E-6	5.963345182258966E-7	1.1372155521680632E-6	9.709953088451667E-9	7.98726010305229E-8	3.614378304390879E-7	5.978005367757867E-7	3.763249265661126E-7	1.810641903567731E-7	1.4782102027005129E-7	1.8867312544569906E-8	1.4922281082779014E-11	8.968834711449575E-11	1.8897186031015215E-10	2.398864672485493E-8	7.340985858277608E-8	0.0	7.340985858277608E-8	1.949540649724623E-12	2.5114043968287487E-8	4.0505080036564894E-15	8.724387303080299E-11	3.203067235226569E-11	1.1094162383040012E-11	7.772960099209712E-6	0.0
3.930031629766711E-4	2.671548632259032E-4	5.14852272108051E-4	2.8214971424646635E-7	5.484968359698452E-4	5.631216386888032E-5	5.455899613231191E-7	5.46124981357873E-4	1.992860518588667E-4	3.8576094622128375E-4	3.5878629125824916E-6	1.626199627160325E-5	5.492950453320306E-5	1.3270361822119342E-4	6.96109416409919E-5	5.5902809423270184E-5	5.248518482582376E-5	6.4045305751468856E-6	6.489623070830691E-9	1.9200965812363068E-8	2.8156901575197486E-8	6.096673267572244E-6	2.661753617905158E-5	0.0	2.661753617905158E-5	6.228659982367997E-10	3.0635268933688363E-6	5.130342702090186E-12	3.898544955576883E-8	1.4128214411376046E-8	1.432477779234138E-8	1.0494738354820062E-4	0.0
0.0017335681273329393	3.2258376012687365E-4	9.179158832846216E-4	7.14177598079351E-7	6.11307051289316E-4	2.816245000501293E-4	6.049390633074625E-7	0.001611698055156183	5.740293020307177E-4	9.18630477247736E-4	9.425018997921751E-6	1.1444939597418455E-4	9.857055190939598E-5	2.808175596648269E-4	1.7369676161355774E-4	0.0020042079829891554	0.005186524738070239	2.0356271187035938E-5	2.252230125358743E-8	1.0978023664566409E-7	8.336236213460302E-8	2.3332860186852892E-5	0.006702923699800145	0.006666778743376902	0.0033695293631818292	2.1194502428097084E-9	9.447089584618704E-6	3.82886402041427E-12	4.80950673860669E-8	2.7965653587832966E-8	1.0659843812908487E-8	3.8134669239602405E-4	0.0
5.231687376059369E-4	9.7828973467234E-5	2.779216247866156E-4	2.1718685678748077E-7	1.851837746303181E-4	8.604428791410745E-5	1.8332791668178981E-7	4.863719849770942E-4	1.7325013486721105E-4	2.776569499958333E-4	2.846478855008361E-6	3.4412121860727864E-5	2.9842085808069485E-5	8.509324797961984E-5	5.250052457116534E-5	6.016036373740672E-4	0.0015562521045066162	6.185655462394322E-6	6.786381817058533E-9	3.303417415043692E-8	2.5820772909880013E-8	7.045346563437339E-6	1.099305804475798E-5	3.145323882874314E-6	0.0016776902263539175	6.410745790830807E-10	2.850083364641529E-6	1.1542449640056743E-12	3.2799002808033793E-6	1.1060930017256053E-7	3.213463673716729E-9	1.1532916778436052E-4	0.0
0.0016468830075946927	3.0645332289090953E-4	8.720165344228141E-4	6.784659524694798E-7	5.80739331392796E-4	2.6754218443578566E-4	5.746897674705424E-7	0.0015311069109776993	5.453256139579858E-4	8.726953959204539E-4	8.953731548938116E-6	1.0872648296167115E-4	9.364164259212749E-5	2.6677559419468507E-4	1.6501125087924263E-4	0.01773754837724382	0.0049271784159636576	1.9338378796508896E-5	2.1396098971620158E-8	1.0429079968124371E-7	7.919392120092099E-8	2.2166126819272573E-5	3.43375686280513E-5	0.0	3.43375686280513E-5	2.013469522940411E-9	8.974698520830226E-6	3.6374059918326626E-12	4.569012776503549E-8	2.6567262609366374E-8	1.0126810341224507E-8	3.622778809827738E-4	0.0
1.2661971285301135E-7	1.825530586591402E-8	7.6989195705837E-8	1.5975079925964291E-10	3.271083134799664E-8	1.5938554822179377E-8	2.7352126783403792E-11	9.735399508587988E-8	2.5350206484871598E-8	4.458685210490035E-8	4.0622573713219754E-10	4.262541432484617E-9	8.77102816321327E-9	1.7911751406661532E-8	1.7038835816608396E-8	7.528051632020644E-9	5.241190566293579E-9	3.1517586788831054E-9	7.767136531670958E-13	1.5215894157055044E-10	6.102356565054249E-12	1.5347394823406918E-9	2.587780378042904E-9	0.0	2.587780378042904E-9	7.428740392547163E-14	5.788838174448038E-10	5.09205345497999E-16	2.738308750646624E-12	1.2212946778710631E-12	1.4190441076972184E-12	3.883618226370555E-8	0.0
0.0014419496399767527	1.1297257256050293E-4	4.550729269889289E-4	1.7999054564927808E-4	1.6444037147998495E-4	3.6803914587299914E-4	1.4072654298999413E-7	2.250149407908014E-4	6.257869144913265E-5	1.2209710221165257E-4	1.0734925459768589E-6	7.725342102170795E-6	4.7725169062190836E-5	1.3056047444397228E-4	5.227664681859638E-5	5.901592631012081E-5	2.020908261308564E-5	5.5512780335135975E-6	1.6962744998896915E-9	6.909300284105527E-8	1.501797078542671E-7	1.509746408085126E-5	8.195608628660627E-6	0.0	8.195608628660627E-6	9.533838495652372E-10	0.001799982432764724	6.741488721865238E-4	1.1121491546661345E-8	3.944023432395892E-9	1.2260371308446495E-9	3.420190273443359E-4	4.4928085077913587E-4
2.3354568037955703E-5	5.455822302766332E-6	2.642918811366281E-5	3.440348828116418E-7	5.542863114290373E-6	2.8546544829697072E-5	4.048988341454373E-9	1.0023118244581953E-5	2.370364361293726E-6	4.556478095196583E-6	3.8742344172129404E-8	3.521813978601624E-7	2.7755463203202816E-6	8.532487364659284E-6	3.2556500554197046E-6	1.5615013902841685E-6	6.564538079088939E-7	3.467333025047683E-4	6.014414531094309E-11	4.802170887734816E-10	7.583434335766622E-9	2.664715113858575E-7	2.849682033473206E-7	0.0	2.849682033473206E-7	7.233924739114232E-11	8.008206947382195E-8	2.0108917483715085E-14	7.099295430585028E-10	1.2948213460404038E-10	5.527427673132257E-11	7.662776262271462E-6	0.0
6.377286499678499E-6	1.2021876229247792E-6	2.9298050970444795E-6	1.7343160625065075E-8	1.9592397835862385E-6	1.5004748836071565E-6	1.6236551416013565E-9	2.9877129212885256E-6	1.615593470485756E-6	2.4858624708414593E-6	2.774074027817598E-8	1.2687180942790045E-7	3.169284211682209E-7	1.1594304004197864E-6	5.709569376034987E-7	4.6414322315086897E-7	2.3756962395972156E-7	4.989284211622954E-7	7.095958866557498E-11	1.5549521920506187E-10	3.161728386483028E-9	1.3273404540535916E-7	1.0975285941714916E-7	0.0	1.0975285941714916E-7	5.180054348316844E-12	3.1165177356633027E-8	5.51389993326351E-14	1.4412104609821212E-10	9.876089017132651E-7	1.5412594025222006E-10	2.113335496466753E-6	0.0
1.7504849354946324E-6	4.3495546585752566E-7	7.25458939409118E-7	6.169949884013561E-10	5.454559412581881E-7	6.715267112876386E-7	4.464496449451733E-10	7.589528510578801E-7	4.089293838279258E-7	6.278628439539847E-7	7.012582937991289E-9	3.3027243060752065E-8	8.33644528544656E-8	4.94487295330933E-7	1.5025789230518232E-7	1.4398722070592034E-7	6.336518484155948E-8	1.879043185424546E-8	1.804095533120983E-11	4.261614982470405E-11	3.7312488527772196E-10	2.2518380241504276E-8	2.8165544831096634E-8	0.0	2.8165544831096634E-8	1.15949098547865E-12	8.50815552975692E-9	3.0649981407992213E-15	3.59708256682243E-11	2.2250476421005322E-11	8.533949861034007E-12	5.010603154857436E-7	0.0
3.7801627802643054E-7	1.363888271417294E-7	2.9145423828476284E-6	2.798867520771083E-10	1.8421854228454078E-7	2.531421854240452E-7	1.4591678201277654E-10	2.504061189661354E-7	6.759321836190188E-8	1.3076029619447726E-7	1.14654910051493E-9	1.1196061486027339E-8	5.4499726982220025E-8	1.985741158170249E-7	4.3486802514921944E-8	2.9055240926923346E-8	1.888219096748148E-8	2.9863558810044684E-9	1.8372289700902295E-12	1.2620138919464494E-11	1.3594807969085175E-10	7.591625750395996E-9	9.067973221440806E-9	0.0	9.067973221440806E-9	3.216693606057073E-13	2.434297107941002E-9	2.49227112828167E-10	4.260230168710542E-11	4.112029194177684E-12	6.973448550637516E-7	1.58898502384043E-7	0.0
0.16238307775510263	0.0017889229939005759	0.007363950118757371	3.7143465760148643E-6	0.00405391813551932	0.001441851322774947	3.869482129487894E-6	0.02860274888836998	0.004873818700698856	0.009361309753367256	7.103917899876326E-5	2.5047841685327867E-4	7.582286762327345E-4	0.001350714824444227	8.912474806247224E-4	7.99120561807415E-4	7.150032620990663E-4	9.19771385596243E-5	7.646657983641646E-8	3.2732809794481235E-7	4.6421204800072127E-7	4.6877314064509466E-4	3.5714244398058707E-4	0.0	3.5714244398058707E-4	9.55358933034774E-9	7.625349626663154E-5	1.5291895995032185E-11	5.179800420155104E-7	1.8292253885071994E-7	4.2454809740815354E-8	0.029315191807595918	0.0
8.897227860505645E-5	7.451994014536827E-6	9.81299615194967E-5	5.029102773446516E-8	2.4166734586721735E-5	1.3442663446209665E-5	1.601896418127987E-8	4.129239101719695E-5	9.414735951237982E-6	1.8073912571715123E-5	1.5217977276463858E-7	2.143285277129368E-6	1.100001145610284E-5	1.669475678390707E-5	6.111654496248649E-6	5.782123923777903E-6	2.550415602292259E-6	5.636530534932478E-7	2.3276702958273633E-10	3.784443932067202E-9	7.000106038027947E-9	1.08161900713757E-6	1.1206038585741506E-6	0.0	1.1206038585741506E-6	5.769631681899473E-11	3.5154065695258557E-7	6.849954835878842E-14	1.3763281118361232E-9	4.97417061908279E-10	1.8333239533501344E-10	2.5904332841545833E-5	0.0
