32
NULL,time@time,open@__open_nocancel,read@__read_nocancel,mmap@__mmap,munmap@munmap,mprotect@__mprotect,rt_sigprocmask@sigprocmask,exit_group@_Exit,rt_sigaction@__libc_sigaction,sched_yield@sched_yield,write@__write_nocancel,syslog@__syslog,getpid@getpid,writev@__writev,close@close,open@__open64,fstat@_fxstat,read@__read,close@__close_nocancel,mremap@mremap,stat@__xstat,socket@__socket,fcntl@fcntl,connect@__connect,madvise@madvise,lstat@__lxstat64,openat@__openat64_nocancel,getdents@__getdents64,lseek@llseek,getrlimit@__getrlimit,write@__libc_write
0.4771116461506392	0.03923847864924414	0.058324661262407505	2.2328154973602555E-5	0.08405784506677065	0.007461711399673341	9.159449047156349E-5	0.07863429208941762	0.027499640293949034	0.05307212987438165	4.88864712536276E-4	0.0013229875569811724	0.006032938364787521	0.008536232999567716	0.005762622277967203	0.004956292460746078	0.004116339356669994	4.557403924531096E-4	8.075488376534263E-7	6.660039509490621E-8	5.044320375162143E-6	0.003517863362370334	0.002052727397093805	0.0	0.002052727397093805	1.4860519418535758E-7	1.4877232488431227E-5	1.5201975662714582E-10	1.1772199782255514E-7	4.242924758837953E-8	4.211494195298732E-7	0.11317244185673275
0.008336360404206532	0.0021590025280108405	0.06615870953905184	1.550639841310389E-4	0.042057373557771296	0.0013745603256948772	7.366681219216495E-6	0.012965202373518519	0.003626565336971867	0.007071696820412125	6.200855905837306E-5	2.8773016582011283E-4	0.0013411758661589326	0.004516211682622443	0.001002444870925136	7.520130234700984E-4	5.612865574696483E-4	6.311531818994567E-5	1.0843997820367025E-7	1.2280115415403337E-8	9.449751596026622E-7	1.1344607643806428E-4	2.7589537535085984E-4	0.0	2.7589537535085984E-4	8.7366311406116E-9	4.461796656688871E-6	2.1755911386482773E-11	1.453825792123127E-8	5.099909529137943E-9	5.93249813844581E-8	0.004736419839882636
0.03041032627218606	0.005953198243283903	0.07779596785629504	0.0259589092369762	0.05842265207322873	0.005412689283809001	3.171843773084646E-5	0.033972683118124035	0.00816515942195504	0.01499679921855498	1.302828970979325E-4	0.0022994650569840174	0.08165426433839795	0.004176001769971002	0.0023676300138024005	0.00229143964818069	0.0010457475152742118	0.0010846901988382754	2.605372906978272E-7	9.727852590122953E-5	4.181806995206199E-6	3.4782198748466327E-4	4.623062710835667E-4	0.0	4.623062710835667E-4	8.215165220175E-8	8.681411856057263E-6	2.036768699398967E-9	2.3310576783359545E-8	9.049991693200771E-9	5.387299211465447E-7	0.01585265250751209
0.0010074675134435125	2.9870603985523476E-4	0.0014920792734855045	5.452177112433713E-4	0.0032910250023254254	1.9680975665144237E-4	9.761797182496225E-7	0.004663576315604613	7.893921096665314E-4	0.001511980079572214	1.1393867606999833E-5	0.00908753701427316	7.862871087731477E-5	1.3934447356265002E-4	7.787389146279129E-5	1.3087864868155716E-4	6.992131279714207E-5	1.1553955042658617E-5	1.2219447128453002E-8	1.9580567838491914E-9	2.2040622564515783E-7	1.1931918505501424E-5	3.194015430079647E-5	0.0	3.194015430079647E-5	1.2040337449361655E-9	2.3117327018593072E-7	1.615616522437969E-9	2.034386691908583E-9	6.439013815768514E-10	3.545396504811779E-7	6.928009398056859E-4
0.01605325034635043	0.00353612908313673	0.014404598613124125	7.5720797265504116E-6	0.33586377237621273	0.318839207364864	0.1021183790510184	0.02035951337945198	0.0059065642398331945	0.011466797426548117	1.015767942441692E-4	8.823356553968825E-4	0.008239769624831405	0.0019756156706951956	0.008372058087887903	0.0013803582734204277	0.0016583052900643882	1.0684693773035757E-4	2.0790028275949105E-7	5.182306523951169E-8	1.2342823868154698E-6	2.0923948719566283E-4	8.56163864938178E-4	0.0	8.56163864938178E-4	3.093256692965744E-8	5.043323118897055E-6	3.428672726525969E-11	2.385580993171373E-8	8.411596946181466E-9	9.47829293274068E-8	0.008066105410428003
0.03539410440087698	0.008328087176019175	0.01760122565130217	2.2463651052943258E-5	0.1252330650907779	0.1002309240880504	0.19061703209357425	0.030130275912246096	0.009450321703058415	0.018613828884637505	1.6635762730468452E-4	7.820851483548888E-4	0.0049262330599983565	0.006526535991132605	0.0026086692444921636	0.0018663456656085255	0.0015355452067193876	2.9329762614000934E-4	3.475560499756866E-7	3.509620226682614E-7	7.588888184676884E-6	3.006945984189408E-4	7.637082993238793E-4	0.0	7.637082993238793E-4	3.341891587616458E-8	5.35385410271743E-6	1.0572829844715214E-10	4.1665085911361956E-8	1.440890189614005E-8	2.9450580599135676E-7	0.014043508483894358
0.014988164389633116	0.003285061542694451	0.008286835349904967	4.5424849524386264E-6	0.050524367878811934	0.14751422041480877	1.2790825880249324E-5	0.01501864077015299	0.0053456634050277315	0.0107150481905408	9.712048403912664E-5	2.2517948383190696E-4	8.569815507193597E-4	0.001414531109904339	8.882279486859613E-4	9.608516289916892E-4	8.751522480757769E-4	8.257421728887656E-5	2.2132695916631314E-7	1.1202488265043276E-8	9.049270307588711E-7	1.6416300240391717E-4	4.4148467158729014E-4	0.0	4.4148467158729014E-4	1.0605125305256251E-8	2.689664391970818E-6	2.717318446348712E-11	2.6232860251719642E-8	8.888354127620284E-9	7.542391514925168E-8	0.00605550876053114
0.06726128588045051	0.015539018277296835	0.03569826914705755	2.4240507565773745E-5	0.04286198249327067	0.005383732089755005	4.6985264653952736E-5	0.08351833659819184	0.08802323268854859	0.16227713880103903	0.0011068831973374427	0.0023016910833627093	0.0037639103468429373	0.006950704973964439	0.005090654237166998	0.004376687148703697	0.0032181025434267923	4.15416027472239E-4	7.550987166342104E-7	1.2492372407951563E-7	3.89238747243304E-6	7.327414400589316E-4	0.0014986328416356823	0.0	0.0014986328416356823	7.095398953098849E-8	1.2675064018365695E-5	1.8785826933467388E-10	8.094515326547249E-8	3.362681227951697E-8	5.223032361292456E-7	0.027203582998124455
0.0482796457018844	0.00798782421277541	0.024510891251865764	1.9333181260776682E-5	0.02939800456614487	0.0036205002892030834	3.0538568303128154E-5	0.06742836728630298	0.01413402315724803	0.025875296898571154	2.1587053549802608E-4	0.002409670343986889	0.0025847119259964873	0.00511993827593955	0.0036253704806601204	0.002604655457790019	0.0017305548719239124	2.897645023292162E-4	3.678961358852007E-7	1.3620843048834893E-7	2.5095699368785746E-6	5.111851141963429E-4	7.108508738586915E-4	0.0	7.108508738586915E-4	6.626050580206899E-8	8.854134662849685E-6	1.31202232371662E-10	3.410922876507626E-8	1.3548356727825394E-8	3.64544386555223E-7	0.019022543206744458
0.051973155864800655	0.010526331165535401	0.027876631583482227	1.984569700627886E-5	0.03306136916183746	0.00405207974679412	3.629617571283719E-5	0.07162242379764519	0.09294659147507796	0.07222630373028471	0.0015923175981054664	0.0022069643156523624	0.002932735289151861	0.00548935198062336	0.003966670547119721	0.0032091365754343903	0.0024060287509719406	3.182322558068913E-4	4.80007149318985E-7	1.2276742572383442E-7	2.8591970731819744E-6	5.564530528511798E-4	0.0010850441757303368	0.0	0.0010850441757303368	6.450643525865566E-8	9.745558934377547E-6	1.430748593423755E-10	5.731849212952048E-8	2.2066888760509977E-8	3.9761036571774536E-7	0.020710067013751107
5.414597412668328E-4	1.0281258215763941E-4	2.8095552502713613E-4	2.091095864489168E-7	3.364284453734675E-4	4.163305326004773E-5	3.583858956765558E-7	7.312002439696512E-4	0.001029710806426249	7.606357156219079E-4	5.529873950582883E-4	2.3988330883446E-5	2.9614021412035022E-5	5.697374397203367E-5	4.0859183263341686E-5	3.159105108152194E-5	2.216031893786417E-5	3.286926161109297E-6	4.8151424218480315E-9	1.3409028788133606E-9	2.9306147875699578E-8	5.789769753823609E-6	9.666703754643274E-6	0.0	9.666703754643274E-6	6.834243749911663E-10	1.0043289242210839E-7	1.4859800785066241E-12	4.932149932140336E-10	1.979914258442101E-10	4.12968195440871E-9	2.1531510173252184E-4
0.0011345118750093175	3.111241333602018E-4	0.02311315308342623	8.048719163889936E-7	9.975908208425864E-4	1.9161500944052783E-4	1.1091880705710633E-6	0.005449896537685649	9.183667227866031E-4	0.0017464473306281001	1.3172370659724907E-5	0.00912118218562928	4.935623091838881E-4	3.2462556325574927E-4	7.056647090019621E-4	1.1117240145890422E-4	8.053578120773031E-5	9.911588334799809E-6	1.233052893450812E-8	3.3542650509994756E-9	1.4256701538363224E-7	1.598192686872667E-5	3.896647199661423E-5	0.0	3.896647199661423E-5	1.8266563496232263E-9	7.529405761686349E-7	3.5113636987588904E-12	2.0176049420997775E-9	7.252210573465886E-10	9.552030954454618E-9	6.96360333136731E-4
0.01164777049383279	0.0022139001327249348	0.0056137032491520725	4.6756397850406995E-6	0.0051096165904857055	7.224248182573644E-4	1.2222076053824277E-5	0.018154842391204747	0.0037878288645463204	0.006989707881794197	5.8011398675071143E-5	0.002112893697787376	5.924827176515407E-4	8.88626196544468E-4	6.37238586503462E-4	4.7219937460176727E-4	3.537476571849502E-4	7.130464226961357E-5	1.000787552744702E-7	6.679326236990608E-8	5.127677155811398E-7	9.323267217326473E-5	1.732751669418017E-4	0.0	1.732751669418017E-4	2.989243973694528E-8	1.7341018323894773E-6	2.2425549696803057E-11	9.445017285795286E-9	3.689005703326926E-9	6.22744889891675E-8	0.0037504546540806627
0.0043554255703726385	0.018694716411436354	0.005164808189497657	4.270683971288296E-6	0.0036705875355637456	0.007959520037189713	4.387633803369231E-6	0.0076639523614964655	0.002107497292272891	0.0040524029471382126	3.5636983930223405E-5	3.1569489735424765E-4	0.002467596759445217	8.235097209223879E-4	0.01836539694915161	0.001194603371095227	0.0023539105517531153	3.928740880533735E-5	4.852292705603456E-8	1.4261193943601676E-8	5.160094026041117E-7	1.3845167668767952E-4	0.0012640179538363227	0.0	0.0012640179538363227	7.870478138425419E-9	4.361238568222172E-6	1.32408603315219E-11	7.895945178393067E-9	2.850156272457842E-9	3.644431652263229E-8	0.004969202473771231
0.005167120656717257	0.0015943580562105778	0.0036692858129471454	1.8582191298209398E-6	0.0037654933834787084	5.882982958139618E-4	5.2419525291228046E-6	0.008451073003331514	0.002887992184198955	0.005739971115190971	5.188561456168675E-5	0.009270356678718963	3.8176668365559553E-4	5.590416882651195E-4	4.330655169309927E-4	0.0028396001166859437	0.006955728490065321	3.409113359714327E-5	6.511368147053323E-8	8.940459096066167E-9	3.2743644768111206E-7	5.5164064028503896E-5	0.0037689339581740175	0.0	0.0037689339581740175	6.447750847085693E-9	1.0832843852570741E-6	1.4309622095270881E-11	1.3420302143234816E-8	4.648034142133124E-9	3.9747063138387094E-8	0.0020901351190060966
0.0046797841949678485	0.0010839968930536448	0.002616229745530602	1.8681634446640657E-6	0.0024740950719520744	7.294004799680583E-4	3.2552950905522174E-6	0.005118677552962623	0.0018311180107449013	0.002943192445728561	3.0003854786411206E-5	3.258803262073656E-4	2.7558701788763456E-4	4.4207037306878667E-4	3.480338708686199E-4	0.0020302265961525527	0.005855366895834177	2.9002218202625718E-5	6.183579907684766E-8	1.2715067362478355E-8	2.762336027778978E-7	4.877894274339418E-5	0.004920065001721556	0.0	0.004920065001721556	7.10383540571367E-9	8.820866415112825E-7	1.2326099809909262E-11	3.534178660429862E-9	2.004904532961634E-9	3.426965026664895E-8	0.0018597560343367573
0.004173868513073639	0.001736332025882357	0.0036031855227451164	3.172320798833791E-6	0.002777094838757647	0.0058383496684673375	3.2639246220010172E-6	0.004788001336734684	0.0016851211981947526	0.002826811018742445	2.806381929128062E-5	2.5789520885283467E-4	4.101122265770923E-4	0.001604815167812653	3.8293116795102417E-4	0.003092924465011685	4.430674532883524E-4	6.083081306025212E-4	5.3672490422037604E-8	9.711085374725685E-5	4.048716654443545E-6	1.0083101774738457E-4	7.814840396556987E-5	0.0	7.814840396556987E-5	7.738779179855303E-9	9.683458464336823E-7	2.002943479268405E-11	4.07782240595651E-9	1.9966537899977975E-9	5.5772541764723945E-8	0.0028345009650124035
3.5213278413727053E-4	1.1318541324231207E-4	5.444140392372952E-4	1.9244694751094692E-7	3.9798675832048585E-4	3.65192303248571E-4	3.232011854823271E-7	5.819562363852153E-4	1.9171726493802572E-4	3.6301891222660545E-4	3.34028883797999E-6	1.0515926789080322E-5	5.527133604551884E-5	5.8021896507495E-5	6.403374470661094E-5	5.554071580275783E-5	2.8976144606348517E-5	5.869117671238624E-6	4.649913678730441E-9	6.384289472873056E-10	4.5638299891105204E-8	4.3471614482104025E-6	1.4206757683530177E-5	8.869497537052783E-7	1.4206757683530177E-5	1.2322192988681004E-9	1.1611678827508969E-7	1.7658694647108445E-12	3.333515724664016E-7	1.0682345766462826E-8	4.9050640800632595E-9	1.9475028328637755E-4
1.1582988682101773E-7	3.436930204883521E-8	8.367685535313799E-7	2.4262950973917373E-10	1.2099482221054073E-7	4.322112456303876E-6	1.0998554440616951E-10	3.5629771948711363E-7	6.909112974626672E-8	1.3079060633618001E-7	1.0460340914412096E-9	8.31458884267555E-9	8.200611597259182E-8	4.490211189620256E-8	6.023931710234996E-8	1.3224246551698494E-8	8.59473457877682E-9	1.343095598985612E-9	1.202248710921273E-12	3.1399031067231687E-12	2.0422981650028544E-11	1.8568577440897183E-9	3.923834316250137E-9	0.0	3.923834316250137E-9	2.6001944198821513E-12	1.075343775166749E-10	6.857359826333553E-16	1.8007812838684705E-13	6.614870448313404E-14	1.879269701559471E-12	9.574034323451657E-8
5.53191714499872E-6	1.7927242049723592E-6	1.066203298597416E-5	3.080699421140365E-8	4.307326065290647E-6	6.904360578083974E-6	4.850699924535432E-9	8.885173641176382E-6	2.917298031737514E-6	5.4337218981165125E-6	5.0387756951727704E-8	1.7541351519946612E-7	1.0696766685756937E-6	1.091094726018242E-6	9.008588771384816E-7	5.378633769025764E-7	3.9462976186250047E-7	7.019240849179572E-5	7.315698265394428E-11	1.317488367766233E-11	8.275783943844537E-10	6.834817834056391E-8	1.9169190126746474E-7	0.0	1.9169190126746474E-7	2.771513131493348E-11	1.9641846422812406E-9	1.243953309415427E-12	1.0813433955596204E-11	4.092054586287425E-12	3.479992923372695E-9	2.9647006653837973E-6
7.647248118031031E-7	3.637780293537593E-7	1.5591745453829776E-6	6.000371798779127E-10	9.906546937670919E-7	1.487398119007818E-7	9.898443196934226E-10	1.859805440286517E-6	4.3531615138889016E-7	8.341903395846283E-7	7.0505045618723296E-9	3.6959826825963974E-8	1.8615029443465307E-7	2.391181188608004E-7	1.0882914412257563E-7	8.285932502370358E-8	5.740786792203563E-8	7.0581866814750315E-9	8.683289628079572E-12	1.6814982293045563E-12	1.1518223956712299E-10	1.1199849460139858E-8	2.7765832671926085E-8	0.0	2.7765832671926085E-8	1.0331211267234027E-12	5.519590721991312E-10	3.3243125346395494E-15	1.441047811899467E-12	5.204600125892765E-13	9.100002778165761E-12	9.334991662238515E-6
1.4081593339311922E-4	7.963576972254837E-5	1.7769843071169413E-4	6.040598478014818E-8	1.7596570198940133E-4	1.875736838353556E-5	1.8703069283361695E-7	2.0242338985178497E-4	6.747843746492921E-5	1.2579587993691603E-4	1.1693192609024625E-6	4.226053931272073E-6	1.9118943114342494E-5	4.415304287681912E-5	1.5801468486512672E-5	1.2039446606579793E-5	9.275895223426978E-6	1.5304114684544705E-6	2.1209123850263205E-9	1.846931689653721E-10	1.2932621978196096E-8	1.8967437917412283E-6	4.58015093996636E-6	0.0	4.58015093996636E-6	1.381904165092144E-10	5.544710977127829E-8	5.302758876304326E-12	2.4991007732155957E-10	9.552770246166348E-11	1.4818826722416176E-8	6.901762983837803E-5
0.0010225703157143847	2.3804044663655624E-4	6.03681831612871E-4	3.717931357576962E-7	5.51598768401652E-4	1.576682674173109E-4	7.184058448705086E-7	0.001260687047749545	4.175028722340246E-4	6.795596140668368E-4	6.778841109466315E-6	7.04322625562834E-5	6.390666917118745E-5	1.0182136329952948E-4	7.527459922916334E-5	0.0013923596525738274	0.0036714040973498574	6.307411638739154E-6	1.3484528107746483E-8	2.5029909997551923E-9	6.2142041627852E-8	1.0781866381655415E-5	0.004760968550836396	0.004745305287795705	0.0023883123729817684	1.5432082098030003E-9	2.055798538196914E-7	2.686649032747657E-12	8.116392732749732E-10	4.476223627303241E-10	7.464213340705273E-9	4.1176323154577636E-4
3.0682725340966074E-4	7.144445141833558E-5	1.8117464001173524E-4	1.1161799322289892E-7	1.6554163757438E-4	4.734809513938282E-5	2.1559359532583844E-7	3.7829516762661583E-4	1.2528105873358208E-4	2.039276964024135E-4	2.0341931833587226E-6	2.1131153962392404E-5	1.917938130263658E-5	3.05642799403641E-5	2.258893767060275E-5	4.1771513340208016E-4	0.0011014241070752295	1.894143254935084E-6	4.046038186454447E-9	7.510511736713455E-10	1.8675261087784818E-8	3.235447675649041E-6	4.701380930981557E-6	8.828103491979403E-8	0.0011910294698582982	4.630819327091937E-10	6.168985330823427E-8	8.061610424214739E-13	9.18907159490595E-8	3.001209469595226E-9	2.23972454656899E-9	1.235763233074983E-4
9.714378399490105E-4	2.261375024753822E-4	5.734954022294037E-4	3.5320203917322173E-7	5.240166938742848E-4	1.4978424346434485E-4	6.824827705468801E-7	0.0011976478132576446	3.966261118113771E-4	6.455790017183115E-4	6.439872802426271E-6	6.691037667429033E-5	6.0711088229295305E-5	9.672990082374537E-5	7.151057776121715E-5	0.012592807181300077	0.0034878196746967426	5.99201663088118E-6	1.281024948252045E-8	2.377831756748495E-9	5.903469889677812E-8	1.0242731308992619E-5	1.4880039231511975E-5	0.0	1.4880039231511975E-5	1.4660418231241992E-9	1.9530006500542216E-7	2.552306176861935E-12	7.710541664777306E-10	4.252395111428931E-10	7.090973767948312E-9	3.9117347538472706E-4
1.9543798246468227E-7	2.231295034308436E-8	7.48786018965624E-8	1.7238122542600606E-10	5.021483737623259E-8	1.392536650313341E-8	5.476436540768234E-11	1.2789086533217033E-7	3.264377640030829E-8	5.789526415897524E-8	5.200598882431702E-10	3.1248352393666613E-9	8.512950281855834E-9	1.2782400611522972E-8	1.2076255228329876E-8	5.941986297902172E-9	3.904081839129349E-9	2.0514421168656444E-9	8.271910433978597E-13	3.98489004212067E-12	8.084745752622016E-12	1.1316503704449112E-9	1.8987625197779374E-9	0.0	1.8987625197779374E-9	8.653001714274339E-14	2.8636902310280875E-11	6.210409160248022E-16	8.088033892378456E-14	3.5033910643267834E-14	1.72895084807906E-12	5.932456229856646E-8
1.8744944899717588E-6	2.0301322020312064E-6	6.416211467868948E-6	5.614218927423098E-6	2.52685986969845E-6	8.2789892972063E-6	2.484642139397056E-9	3.889385112827219E-6	9.615327178617012E-7	1.8557191289097286E-6	1.5867808646886945E-8	8.961544915476758E-8	6.786181321209602E-7	2.4193991763238915E-6	4.7327300359091876E-7	7.496834984254896E-7	1.928308857237034E-7	6.742000917259568E-8	1.987021431486715E-11	1.9877009891347503E-11	4.174154829317188E-9	3.5428501543834297E-8	6.653084012846904E-8	0.0	6.653084012846904E-8	1.451484127566163E-11	5.045869738974574E-5	1.8921599914067307E-5	3.4135621154458954E-12	1.219124726758692E-12	2.1465971393400548E-11	4.248276483924986E-6
1.9227214237771597E-7	1.901324495229045E-7	7.470702532997537E-7	1.0751036721267869E-8	2.5274530907103797E-7	8.891917359546076E-7	2.4633236006137063E-10	4.2408173898500977E-7	1.0061849612547436E-7	1.936798972043665E-7	1.6397963086978568E-9	9.81723418140809E-9	7.875644185372565E-8	2.2729904430567005E-7	5.494081868466271E-8	6.990927428620455E-8	1.9031071211857405E-8	9.734000735149934E-6	2.0291330530739498E-12	2.5523755454177687E-12	3.791324310829687E-10	3.5642298141648883E-9	6.745488790371641E-9	0.0	6.745488790371641E-9	1.873047596509559E-12	1.2677958017610046E-10	5.868982522188221E-15	4.2765578101347417E-10	1.2288718517429953E-13	1.637594925941504E-11	4.022423550621065E-7
1.0887576151204204E-7	3.573672818811103E-8	7.619423567425324E-8	5.230688246466762E-10	7.144047269655696E-8	4.363348705374118E-8	6.965448530003265E-11	9.755785081978696E-8	4.600628775559961E-8	7.278833012416857E-8	7.819760426025669E-10	2.2878287840798333E-9	8.194085104521772E-9	2.0710772024610744E-8	9.483782798728907E-9	9.812908359073168E-9	4.327686460613976E-9	1.3204756001496057E-8	1.6253789085329582E-12	1.699457396244894E-13	9.89238589752395E-11	3.330982098666763E-9	1.9110944817000096E-9	0.0	1.9110944817000096E-9	1.2155371673986397E-13	2.4267587319608743E-11	5.30229725676296E-14	1.0537794884170009E-13	2.7717181027378676E-8	1.483536348498766E-10	1.230918150928446E-7
2.922512094079864E-8	1.3521119270706488E-8	2.0756770785087298E-8	1.4549323140110304E-11	2.1683149401635926E-8	2.2864052190549566E-8	2.1086733102963494E-11	2.6860209241574962E-8	1.2286489011599564E-8	1.968134730718213E-8	2.0906536944472594E-10	6.440552281855728E-10	2.3815468204601385E-9	1.0962686414994986E-8	2.526234092873101E-9	4.152186361385598E-9	1.3518117705256374E-9	3.8708886302205726E-10	4.2671198417491023E-13	3.7772894689483865E-14	1.7411237324245903E-11	3.781286360818188E-10	5.366196303356636E-10	0.0	5.366196303356636E-10	2.6332306823625836E-14	7.045104565131883E-12	8.753702351503697E-17	2.7681335641638774E-14	1.508832696042855E-14	2.4302547092831616E-13	2.491794295458027E-8
1.8100927538214299E-7	1.706399961012016E-7	3.476325466786338E-6	1.8242452347823443E-10	2.4873952478333857E-7	4.0313242509544774E-7	2.4252192022254615E-10	3.8545993667868853E-7	9.402459615432465E-8	1.808835740804072E-7	1.5435118159046334E-9	1.0594088503506997E-8	5.8618617610371794E-8	2.1295141174470453E-7	3.7345218871519695E-8	2.8004991614901327E-8	1.5002103234606316E-8	2.516230946422976E-9	1.938448732304708E-12	5.828149101038806E-13	2.47904063747286E-10	7.730144317044108E-9	6.906224436750057E-9	0.0	6.906224436750057E-9	3.865880038132742E-13	1.7023626657119549E-10	3.035148724760427E-10	3.826825504974643E-11	1.1719393018730965E-13	8.492435992179036E-7	3.4307538188344626E-7
0.1664086405595728	0.006157453449388822	0.010285356873376138	5.022198498918131E-6	0.013834403591630918	0.001396949865950525	1.534363693711109E-5	0.04279320581002809	0.008739560419938064	0.01666378926461643	1.3530460659492654E-4	3.0219606863971475E-4	0.0010631745078614541	0.001656994313348072	0.0011394162170103054	0.0010299893875756131	8.795006325730801E-4	9.13918190200574E-5	1.6888470936336498E-7	1.5572210190672966E-8	9.613562972483968E-7	4.7566070047620247E-4	4.3798475932009924E-4	0.0	4.3798475932009924E-4	2.7868017476949764E-8	2.8898016025453807E-6	3.318338834932812E-11	2.5068706925725878E-8	9.067247916617042E-9	9.206355626883988E-8	0.053882212884313004
