32
NULL,open@__open_nocancel,fstat@_fxstat,mmap@__mmap,read@__read,munmap@munmap,open@__open64,close@__close_nocancel,rt_sigprocmask@sigprocmask,exit_group@_Exit,rt_sigaction@__libc_sigaction,sched_yield@sched_yield,mremap@mremap,time@time,read@__read_nocancel,mprotect@__mprotect,madvise@madvise,lstat@__lxstat64,openat@__openat64_nocancel,write@__write_nocancel,syslog@__syslog,getpid@getpid,writev@__writev,close@close,stat@__xstat,socket@__socket,fcntl@fcntl,connect@__connect,getdents@__getdents64,lseek@llseek,getrlimit@__getrlimit,write@__libc_write
0.5306738030970546	0.01726070751508672	1.8869709650772863E-4	0.013482249376648226	1.2779159424860157E-6	0.010671645064115042	0.0012667553832511715	1.0309815673642434E-7	0.3231226080560099	0.07869355310499303	0.14704260057824112	0.0012310913367961163	4.7594898023850425E-6	0.003219894933249123	1.2112994247140998E-4	6.9302237287258884E-6	1.0565574288204829E-7	1.1474797791290198E-5	1.189106377744153E-10	5.023565606536455E-4	0.0024794589797047257	0.0029477562005715947	0.001867248500696464	0.0017436635253390489	3.4179931076200223E-4	6.105459740132292E-4	0.0	6.105459740132292E-4	8.481210917264226E-8	3.144564551810045E-8	3.295667119674473E-7	0.0068634606362050635
0.003231117972557276	0.010628939459242683	5.167823560223554E-4	0.006555021773218134	1.6325050613643402E-7	0.0033300938715523113	9.10687051897307E-5	2.751456316363604E-5	0.013422161933977383	0.0036762439116177453	0.006832120051534274	5.9148697364437596E-5	6.399815205195154E-7	5.38705095474909E-4	0.005122686027805548	1.8699421745497252E-6	5.270609412404688E-8	3.077833245730691E-6	1.2469973015885372E-9	4.4193371210336086E-4	0.02040091590967498	6.5790878023015E-4	4.3850598263400265E-4	1.5766271250723646E-4	9.652440021124159E-5	4.214216720746228E-5	0.0	4.214216720746228E-5	4.546094480708679E-9	1.593612465666254E-9	2.7152306337926856E-7	0.0011890116028832067
9.858404776873529E-5	7.001851778924774E-5	2.240135480995379E-6	1.2882207932833536E-4	2.3466952877566015E-9	6.024601201887722E-5	3.575059813862282E-6	7.875563730376127E-10	2.789305155758582E-4	1.0962849618532686E-4	2.03163680610466E-4	1.892424295709116E-6	1.648742663765754E-8	7.929701139785101E-6	9.794689186378756E-8	1.511258228893493E-8	2.1973365369445112E-10	4.938197037035773E-8	7.89704681909582E-13	1.3469416738352298E-6	7.520342116102115E-6	1.02650125714825E-5	1.4560603244809761E-5	9.435311868470724E-6	1.4372428153191474E-6	1.744414683145163E-6	5.805254005857792E-7	1.744414683145163E-6	2.1784789132329438E-7	6.867062184833424E-9	2.19445667174953E-9	2.3437825343048167E-5
0.0016621673947424206	0.003968285054061434	2.0949908397929295E-5	0.030851885388356922	1.474045137015643E-7	0.0419692450688769	2.3364663815693353E-4	8.757192520537226E-8	0.00655170604327521	0.0019048601475625427	0.003614691018938292	3.1431358851126404E-5	4.7220423658818886E-7	2.462837420754819E-4	5.352801202716254E-6	0.009373787813445203	1.9173259429229002E-8	3.152239479023243E-6	1.501111010102483E-11	1.916711985787841E-4	0.0021343693446664227	4.66669557897058E-4	0.0018381597192298146	1.709245465196041E-4	8.549938369964389E-5	1.2181701911260229E-4	0.0	1.2181701911260229E-4	2.6696182655698325E-9	9.009892089326689E-10	4.1301186986963234E-8	9.397307326953504E-4
1.5206680998616764E-7	9.220105231140382E-7	1.0265556614381208E-9	9.33887721204732E-8	3.804556260174106E-12	4.7095622448906065E-6	5.2785034827902445E-9	5.160032217019575E-12	6.954999766245433E-7	1.7493124047679052E-7	3.2119847888895486E-7	2.7349529256110628E-9	3.0664484755421096E-11	1.5347478971204088E-8	4.236702462686004E-10	3.208621696797449E-11	3.3739412004082334E-12	2.664388522161979E-10	1.1557567122626618E-15	6.824925233671112E-9	8.684952897122752E-8	4.622502427697742E-8	6.499753401106555E-8	7.754174203868491E-9	6.654693392882902E-9	2.5225225655062948E-9	0.0	2.5225225655062948E-9	1.800362491909538E-13	6.891111014439638E-14	3.135750837464085E-12	5.9064694416323974E-8
0.003894293172046595	0.004273100597438128	4.3440456743793005E-5	0.011486268700193007	2.759876906880349E-7	0.011850727486058994	1.1179033751403018E-4	2.4516513827490963E-7	0.015197985663952472	0.004357203027328416	0.008080098546656186	7.07916511051769E-5	4.346900655877419E-6	0.0010335027847942707	2.8847377466090533E-5	0.017497498769789604	2.363384758543676E-8	2.4157159360913087E-6	4.838165542547899E-11	1.2498594498793858E-4	0.001214532346826543	0.0015748574644979649	4.5924470148635564E-4	2.1374633197569214E-4	6.415630135387947E-5	5.0639464423827426E-5	0.0	5.0639464423827426E-5	5.457833599132883E-9	1.942972000376009E-9	1.3476514198540278E-7	0.0028082481937134595
7.498305721552357E-4	5.88981904516961E-4	1.1784576404448346E-4	2.484680085265546E-4	2.580968664330965E-8	0.0017608378009802837	5.4663249366001814E-5	2.7455889348127254E-5	0.001970127100243942	8.398471263812015E-4	0.0013520760766538996	1.3727416204811339E-5	1.3751861150049478E-6	1.7880082676327805E-4	1.7865599194265145E-6	1.8982731901918865E-7	3.851454735225766E-9	3.234287717918959E-7	7.28731796608816E-12	5.2780401636538514E-5	5.9717015220137526E-5	2.465606409091905E-4	5.196043206335866E-5	4.1101011799294523E-4	2.5769214549052623E-5	6.056124936192285E-6	0.0	6.056124936192285E-6	6.605224492093013E-10	3.4635191246781056E-10	2.029239712189837E-8	4.896060728720504E-4
1.3979389622392583E-6	1.4311867533003141E-6	1.755595705515215E-5	4.1926200163841113E-7	3.485251400458256E-11	1.1718571901815633E-6	3.655878688621212E-8	2.328018107839225E-11	3.9331952987927775E-6	1.5558492662020917E-6	2.8325198481434505E-6	2.6648697252863662E-8	4.0441514479024816E-10	1.4584518134916433E-7	7.422978813031588E-9	2.2580152440591858E-10	4.960478946432777E-12	7.448062173028303E-10	7.722037641228761E-13	2.088690123684042E-8	1.4345761248710653E-7	2.051043548956269E-7	1.1883679244971615E-7	6.579176985840907E-8	2.1494604566933794E-8	1.6889205898951262E-8	0.0	1.6889205898951262E-8	2.109158371951243E-12	7.868098597229776E-13	2.160399987830045E-9	4.35358510434293E-7
0.179600119795796	0.013854767226169242	2.5713942088890655E-4	0.01687185792698735	2.154557271277699E-6	0.007383316983697976	0.00141862565965963	1.2693603281231296E-7	0.20219575969965387	0.19834955655137415	0.35774533290650834	0.0025904607760099895	4.667003936137593E-6	0.0039408950441542035	7.49906298758941E-5	7.6154584454413475E-6	1.076837897744865E-7	1.3338428038823026E-5	1.8837806430666467E-10	8.130538174589521E-4	0.0016320166698590027	0.0037369236768119802	0.002182303091200148	0.0020424351868758264	3.6473305802625747E-4	6.6024230274011E-4	0.0	6.6024230274011E-4	8.927636105659217E-8	3.792889166793898E-8	5.241133630883727E-7	0.006796572305644866
0.17781680807601574	0.008153378476346172	1.1669578491306276E-4	0.01146962241341664	8.971645651949623E-7	0.0043936348474645625	5.362363244500653E-4	1.0400099448211662E-7	0.09986136785626037	0.024703528750355613	0.04577199967934167	3.8636402237549126E-4	2.379259261940943E-6	0.0015947142263330605	4.873632532768601E-5	3.584977827466043E-6	7.506759368699442E-8	7.1422563008473765E-6	8.54416128357505E-11	6.531554130956472E-4	0.0010119249968925932	0.001911502158918345	0.0011236345885503448	8.679098463322596E-4	2.0370433639057983E-4	2.1871159161122384E-4	0.0	2.1871159161122384E-4	2.6747839372244604E-8	9.82649774537589E-9	2.372488105986852E-7	0.00371950308279843
0.168418798368035	0.010153528809106412	1.6079072035122811E-4	0.013020659074905759	1.2785423322474774E-6	0.00536869440184373	9.600331430406926E-4	1.0718632346887065E-7	0.1427704005891384	0.1860612070678892	0.15968113530285127	0.003151698623215915	3.0854348951540107E-6	0.0024064822212283184	5.6539346367566046E-5	5.197087154806398E-6	8.576813707980408E-8	9.070949305626974E-6	1.17304234232891E-10	6.766286151254628E-4	0.001226165385500954	0.002478890467306332	0.0014626778720570545	0.0013123764961879177	2.534996555469836E-4	4.3852752868170575E-4	0.0	4.3852752868170575E-4	5.911408012123733E-8	2.211618860193371E-8	3.2602885827684886E-7	0.004641216889264679
0.0018253429783438224	1.0080823324276904E-4	1.6018720419131396E-6	1.3357701462633436E-4	1.2786768054073957E-8	5.3935665474338684E-5	8.321967268518249E-6	1.1326688185704895E-9	0.0013424494992993808	0.0020167022359638886	0.0016042107372200255	0.001015821982292871	3.102015137206303E-8	2.324004208553958E-5	5.772043436437441E-7	4.911309372588741E-8	8.693989056723743E-10	9.127456805505135E-8	1.1722068517113106E-12	7.154960404722647E-6	1.2252748944725975E-5	2.489447683879648E-5	1.4613377895315155E-5	1.2431188263510679E-5	2.558635550313869E-6	3.6663207564041235E-6	0.0	3.6663207564041235E-6	4.779763588663117E-10	1.8754884677766696E-10	3.2577791379453683E-9	4.7041376483965096E-5
8.522199144352756E-7	2.0909181537697796E-6	5.536326560501389E-9	7.307630166788488E-7	2.1661836138350584E-11	3.60390709242487E-7	3.374502031678724E-8	4.250159931543564E-12	3.577419839009376E-6	9.900633988931362E-7	1.8555131034776665E-6	1.604227930180468E-8	2.0869191871983549E-10	1.8674894708510494E-7	2.1108006632385836E-9	3.847161731590066E-10	3.4156922698299924E-12	1.8871724786977515E-9	4.6525816706308505E-15	4.0856170087404417E-8	2.3552655382159306E-7	3.2672937685383386E-7	1.5347218075758455E-7	5.27725472697068E-8	4.777979544525757E-8	1.5912580683127708E-8	0.0	1.5912580683127708E-8	1.1947116539316034E-12	4.391425986257E-13	1.2305806991864479E-11	5.784737106821906E-6
0.0016502856179179063	0.005087201719849799	1.2923744940283036E-5	0.004148140070759078	9.94930994535615E-8	5.533771855955235E-4	6.155192730085235E-5	5.938566688706779E-9	0.005566870060871076	0.0018520354241465442	0.003521895266637405	3.1462801080813613E-5	3.5522602810804644E-7	2.4203820336174506E-4	8.997693044066704E-5	4.824801680492814E-7	1.2387674801540924E-8	2.448372379799394E-6	7.1514503564826245E-12	5.118610022294445E-5	2.8183626852011884E-4	0.0011616276866041342	2.3551957954808837E-4	9.580504297048831E-5	6.29285491670962E-5	2.9301778742144462E-5	0.0	2.9301778742144462E-5	2.7091280842357817E-9	9.439734571338985E-10	1.9158043221684043E-8	4.7215395479883153E-4
2.179278340227307E-4	1.284083008595386E-4	8.711336595376169E-7	2.844400508467367E-4	7.013660632366691E-9	2.9644827813663937E-5	4.1072066659066465E-6	6.704408061254575E-10	0.001355729586062161	2.7160007354837365E-4	5.176719204716387E-4	4.036119379242286E-6	2.2294763525408687E-8	1.252384087274303E-5	2.188030112737292E-5	3.496452277874277E-8	5.29896682774812E-10	4.4041197879442595E-8	1.0063915574748825E-9	0.0023842693637563337	5.32802026179127E-6	1.2590821868912847E-5	5.489592066915164E-6	6.473788762781581E-6	1.3384636527655971E-6	1.9245247290757482E-6	0.0	1.9245247290757482E-6	3.9925113738932116E-10	9.402453868878308E-11	2.176380771536748E-7	3.3047999535419883E-5
8.619390572044827E-4	4.062218823355168E-4	1.3340737202954455E-5	0.004144890655977844	1.5331291679288343E-7	0.013691715353978303	2.6799574246201922E-5	1.5470832076469551E-9	0.002560419335734187	9.53718899812967E-4	0.0018939486130527031	1.6906795900703674E-5	2.3740192803443067E-7	1.2882085766157376E-4	2.4971593414937814E-6	4.0594336513032854E-7	2.1035917225604528E-9	5.825770455105616E-7	2.3798124351080485E-12	8.3555754228185E-6	4.237223811650124E-5	1.8553902974873679E-4	4.1024435327502615E-5	5.481699413365728E-5	1.4662858129226492E-5	1.1871299667124325E-5	0.0	1.1871299667124325E-5	1.848546199257118E-9	5.58313538721263E-10	6.585030474393944E-9	3.259396028318148E-4
4.993984627010774E-8	5.0681393405141284E-8	3.013692288540073E-10	1.55966131631127E-8	1.3420751370624005E-12	2.106602468372181E-8	1.0435850620444427E-9	2.607830784313101E-12	1.8520296484554772E-7	5.619592233521216E-8	9.590941304184266E-8	8.860967903759475E-10	6.472449376177234E-12	3.6604907850067863E-9	3.1358299686570217E-10	6.663375902795897E-12	1.606615600655996E-13	3.7053871108653336E-11	4.1007302363851056E-16	9.732166729970484E-10	5.236131687520268E-9	6.886953625636591E-9	4.342663498840115E-9	1.7176111942454827E-9	9.11583048518994E-10	4.901790634720871E-10	0.0	4.901790634720871E-10	4.6741268580211964E-14	2.154841624410749E-14	1.134915081698482E-12	1.8360365159702825E-8
1.2511175107108226E-6	4.862541093678426E-6	2.642652356648724E-8	1.223843731727252E-6	3.72215834088655E-11	5.594319903532343E-6	6.576963959882412E-8	7.886079366073475E-11	5.0350634123123994E-6	1.4260084474230873E-6	2.7065634593691435E-6	2.3391496654439066E-8	3.1274650487162685E-9	7.452007253476969E-7	1.0778821744167148E-6	7.746679695636586E-10	1.5429423224282438E-11	3.3027407322248976E-5	1.2384545270499953E-5	4.86475653229027E-8	4.3072919550279096E-7	9.552069891064187E-7	3.2545259322131624E-7	2.543607153768587E-7	7.291301120317333E-8	2.201877934273843E-8	0.0	2.201877934273843E-8	1.8474945201088863E-12	6.601369938735897E-13	3.752736407937948E-11	2.4794057530989E-6
1.1095001348857615E-7	4.84095711785439E-7	6.36946559258028E-6	1.1617633350031795E-7	3.065073965994822E-12	5.84095827428293E-7	6.212328799178222E-9	1.0409096937207427E-11	4.5740729671991083E-7	1.2794865546063925E-7	2.4425270361794044E-7	2.09925037117282E-9	2.8317120766314495E-10	6.723966539755851E-8	2.3832044395839858E-9	7.0710643255662E-11	1.5846062824174105E-12	2.0536925379270288E-10	4.736103517705258E-15	5.075924908858004E-9	4.750549797714547E-8	8.946349973980089E-8	3.568047054161043E-8	2.316544154370737E-8	7.1536989810900655E-9	2.1245489701159586E-9	0.0	2.1245489701159586E-9	2.666797176099713E-10	5.94765150200627E-14	1.3177382076961848E-11	2.3927837239840463E-7
2.827375011588845E-4	0.005959249651467218	1.2877209255762371E-6	1.2754647583180387E-4	5.922916557171324E-9	7.855264636317372E-5	8.618274757071391E-6	1.49874779328474E-9	0.0016601634813121547	3.477828176989716E-4	6.600224891878388E-4	5.237027445925786E-6	4.240093123970149E-8	2.2270793666800844E-5	5.302436478700375E-7	5.735756022703225E-8	1.0255914099858927E-9	3.93903199445047E-7	9.896682533761635E-13	0.0023927068914436902	1.136387312214715E-4	6.856997328550352E-5	1.7858094223486198E-4	1.1946614633983177E-5	9.909363023428554E-6	4.147492172547663E-6	0.0	4.147492172547663E-6	3.5344673131987055E-10	1.2503816541466896E-10	2.6225373672552216E-9	6.124953350903507E-5
0.0016923786013560622	0.0011271475828685672	1.3666351136908938E-5	9.481285731620091E-4	8.13571156603698E-8	4.464500098974026E-4	3.681020955310245E-5	4.074287555421562E-8	0.007593963709501045	0.0019703241236490748	0.003667170434225743	3.129362071832632E-5	1.9180635039072157E-7	4.3693291001573015E-4	6.343416724613112E-6	1.3664458709921535E-6	2.6918263556496978E-8	7.062743464472859E-7	7.797785331762016E-12	5.304557058564452E-4	1.104537604828392E-4	2.1987200941609057E-4	1.0013939251557515E-4	5.518894681695514E-5	1.9593778207720633E-5	1.7523426920235578E-5	0.0	1.7523426920235578E-5	2.2698211691734993E-9	8.233679668563504E-10	2.163123360456903E-8	4.719046955792738E-4
9.408831970678513E-4	0.0016291412672176462	7.125371536679683E-6	5.318654479957363E-4	2.5349407478398043E-8	0.0020205911217203902	4.880994843004398E-4	7.62897462861105E-9	0.0033807790306480375	0.0010625145979634876	0.002022643033325775	1.785811929344235E-5	2.319214408394757E-7	0.004711956025415192	2.9071782570174558E-6	2.719949605683995E-7	4.858157620497989E-9	3.716553842205788E-6	5.048412343896967E-12	6.927686616995231E-5	5.716751964065642E-4	2.610133330317901E-4	0.004068631651558537	2.3347918107383014E-4	1.1019579458051462E-4	2.6221069361268966E-4	0.0	2.6221069361268966E-4	1.4660314139482756E-9	5.255290388851927E-10	1.3604994586747294E-8	3.0742733996741596E-4
0.0012732293780374734	2.576530360779528E-4	3.5146834160367045E-6	2.1048945494892685E-4	2.7414527283152658E-8	1.2254804872282842E-4	0.0017479027009378127	3.420107269553407E-9	0.00382883011663569	0.0014127312605760063	0.002788353853120627	2.4925031575240817E-5	6.39710282959293E-8	6.063316513959029E-5	1.1386115101586006E-6	1.6324840602815855E-7	2.575842290072086E-9	2.093061485632307E-7	2.591955927301023E-12	0.0024154363551511246	2.86830101976603E-5	5.471139981777243E-5	3.244501152833439E-5	6.710896492502721E-4	5.585280180242756E-6	9.470381174575734E-4	0.0	9.470381174575734E-4	2.3422762013173694E-9	8.046583439036142E-10	7.1992898870284E-9	1.0112039516225975E-4
8.386906141995455E-4	2.3247189156654557E-4	3.548497894405519E-6	1.5142303343783768E-4	3.058414482247222E-8	1.2636430096656624E-4	0.0015151463003343928	6.5457594635085035E-9	0.00206305642253377	9.402282304529109E-4	0.0014371314453062109	1.5166265915992829E-5	6.215606181740276E-8	5.1062330415119405E-5	1.2240291524361867E-6	1.4912979376556953E-7	3.770485916563507E-9	2.025559952101382E-7	2.783053157937401E-12	6.972629511130025E-5	2.4090864675439476E-5	5.307835377613943E-5	3.018885082619909E-5	4.941264189485555E-4	5.191411072904415E-6	0.0012803718008129058	0.0	0.0012803718008129058	5.679734672123345E-10	3.60090316485411E-10	7.740341543997616E-9	1.1550441010194029E-4
6.600965900441355E-5	6.145114770124436E-5	6.672833435317188E-7	7.795994390037056E-5	2.1735397001328343E-9	1.1241465230907023E-5	1.824846006006378E-6	1.23089503846093E-10	1.935160567410901E-4	7.337288682433032E-5	1.396763020229501E-4	1.2763923862244456E-6	6.5660800623072156E-9	3.7052364362324326E-5	8.449282288859006E-8	6.8642500363961E-8	2.512000791378065E-10	3.788206687989755E-8	3.2306791609053073E-12	1.0049440058552212E-6	6.294478342507838E-6	1.5642506976004492E-5	5.196041004165786E-6	2.3307781488649986E-6	1.181234903134031E-6	8.947986044921653E-7	0.0	8.947986044921653E-7	1.1019534563640261E-10	3.959955606250088E-11	9.026673846506368E-9	8.539585768193492E-6
1.8955750532093362E-4	6.0965730785103224E-5	8.01017026659092E-7	3.6748277359614654E-5	6.734219140173435E-9	2.8932821854865745E-5	9.618647682986073E-4	1.4272964014570792E-9	5.004845947868921E-4	2.136236984444737E-4	3.3113834502559064E-4	3.4329678834317865E-6	1.4467329920376758E-8	1.1908443662966864E-5	2.7184766963628824E-7	3.396841438394075E-8	8.274052865641637E-10	5.374602332445266E-8	6.258855297430364E-13	1.5230406409727056E-5	6.396642474536344E-6	1.323428967781504E-5	7.3437937093574935E-6	3.6133195908193757E-4	1.3814345149836558E-6	0.0012488088546693363	0.0012476602210582746	6.249778149739944E-4	1.3425957428164273E-10	8.156018876669407E-11	1.7373911392249446E-9	2.6316097186327884E-5
5.6901734257311524E-5	1.8321976075590446E-5	2.413510638331133E-7	1.1045622061048389E-5	2.021070816750972E-9	8.711512096841618E-6	2.885599437791302E-4	4.2863478696451664E-10	1.5025038583115294E-4	6.412542820141016E-5	9.941652554401592E-5	1.0305623499082658E-6	4.363193518908379E-9	3.582679313542244E-6	8.160839938141923E-8	1.0207250590234563E-8	2.483480835713913E-10	1.6140164106016192E-8	1.8789418123384997E-13	4.569583572065047E-6	1.92225778932119E-6	3.976832206659511E-6	2.2058673603330103E-6	1.0840151950204446E-4	4.1543046313278527E-7	3.4507540000611945E-7	5.7781608199160853E-8	3.122605952476768E-4	6.002509184945638E-8	1.900913170535165E-9	5.215715153447264E-10	7.910170876917127E-6
1.8007889597933914E-4	5.791720815151805E-5	7.609630733280838E-7	3.4910721181194756E-5	6.397482104399923E-9	2.7486068717616423E-5	9.137678049907724E-4	1.3559260540726807E-9	4.754584268837044E-4	2.0294168624857817E-4	3.1458014541642387E-4	3.26130619483656E-6	1.3743907398546027E-8	1.1312975363484108E-5	2.5825423340414025E-7	3.22698621195308E-8	7.860318180474014E-10	5.105851402275449E-8	5.945888294675876E-13	1.44688271083583E-5	6.076785579335459E-6	1.2572523943152511E-5	6.976575584501895E-6	0.0033064493212351495	1.3123574395264951E-6	1.0911974823393741E-6	0.0	1.0911974823393741E-6	1.2754607563736658E-10	7.7481863480458E-11	1.6505148540872005E-9	2.5000190415966504E-5
5.997621441258423E-8	3.5079677712174145E-8	8.327439954869033E-9	1.7204532656505866E-8	1.9030008831943476E-12	3.1840195755645886E-8	1.1034067633889274E-9	4.098484785116006E-13	1.2494215042129015E-7	6.624377884259198E-8	1.0135555247904332E-7	1.091111329507644E-9	6.593979145501935E-11	6.905986496107356E-9	1.5233356557669684E-10	8.879937693211638E-12	1.153521360514416E-13	2.481727270242166E-11	3.305539894905E-14	7.244876463347911E-10	3.7006410752410873E-9	8.362810327788847E-9	4.057483037858032E-9	2.884751851812135E-9	5.195500623944285E-9	4.5417914170556755E-10	0.0	4.5417914170556755E-10	4.829045347242124E-14	1.8141410084557187E-8	9.248246498996264E-11	1.748477764508886E-8
1.5301989519594425E-8	8.723333896281822E-9	1.2621125243175904E-10	5.5054149797132626E-9	4.912972097778562E-13	1.4563480146275667E-8	3.2277674849833874E-10	5.5006961144659484E-14	3.209529094813008E-8	1.6948091585381548E-8	2.6082493452644262E-8	2.7971376372583774E-10	1.243863954229447E-11	3.2804676636891476E-9	1.8903724816692187E-11	3.48588909465212E-12	2.8282897351628958E-14	6.73000836869681E-12	5.1355889491999823E-17	1.9171981010669786E-10	9.426449080688423E-10	3.7729700743288505E-9	8.868522771551103E-10	1.1829458546274254E-9	2.6336459442797447E-10	1.1221448039162915E-10	0.0	1.1221448039162915E-10	1.1683314837801757E-14	7.000659715591353E-15	1.4158372886871907E-13	9.118519169749791E-9
9.586304998173037E-8	2.164940511196957E-6	1.1114834652856122E-9	1.1903554420949006E-7	2.6751028669842946E-12	2.70356815660321E-7	5.036289462968999E-9	1.3839500953341493E-12	3.5935138527619076E-7	1.0871498401189541E-7	2.0720875362398608E-7	1.8138929261981415E-9	1.887248990344317E-10	6.138586690499113E-8	2.691398820869425E-10	7.200237262046303E-11	5.804323047949332E-13	2.522787852449486E-10	1.8904973840037992E-10	5.386516350586266E-9	3.392251562902087E-8	8.760316791563592E-8	2.5787911437708236E-8	9.767320646339753E-9	1.6819129415984943E-8	2.2634122416376127E-9	0.0	2.2634122416376127E-9	2.3780750354092644E-11	5.27973239900462E-14	5.289667100992194E-7	8.59114045241827E-8
0.0037204061512816277	4.56925324556042E-4	7.575706343927268E-6	5.677061778598003E-4	5.6468556604982845E-8	2.3146450570228516E-4	6.387526556618162E-5	3.137866975123492E-9	0.02365663670123851	0.004657400903300089	0.008877154180712098	6.876995403983729E-5	1.384168442846042E-7	1.2942962927215286E-4	2.1996295671540946E-6	2.737355466125604E-7	3.222354495934024E-9	3.9838235462628326E-7	5.180114850854698E-12	1.958575088759603E-5	5.243645496900977E-5	1.0739271814167482E-4	7.068207091432575E-5	7.14170956460546E-5	1.0749869084565293E-5	3.170737878596089E-5	0.0	3.170737878596089E-5	4.493844377829898E-9	1.5752108272075215E-9	1.4401148468048688E-8	1.977833364481291E-4
