32
NULL,open@__open_nocancel,fstat@_fxstat,mmap@__mmap,read@__read,munmap@munmap,open@__open64,close@__close_nocancel,rt_sigprocmask@sigprocmask,exit_group@_Exit,rt_sigaction@__libc_sigaction,sched_yield@sched_yield,mremap@mremap,time@time,read@__read_nocancel,mprotect@__mprotect,madvise@madvise,lstat@__lxstat64,openat@__openat64_nocancel,write@__write_nocancel,syslog@__syslog,getpid@getpid,writev@__writev,close@close,stat@__xstat,socket@__socket,fcntl@fcntl,connect@__connect,getdents@__getdents64,lseek@llseek,getrlimit@__getrlimit,write@__libc_write
0.6524390286452582	0.016949410784241385	1.1526044755315592E-4	0.008552639523737906	7.29156296989674E-7	0.006530180428593628	7.210938487665614E-4	7.474014640865308E-8	0.16563352583515856	0.039639006972996646	0.0742452952250657	6.253127748432006E-4	3.160810893463834E-6	0.002011432459537163	6.580757017467402E-5	4.142941976422016E-6	8.5903843233646E-8	1.3523545518508386E-5	1.085797961845402E-7	3.978561258859607E-4	0.0021336608625783697	0.0029107972171357114	0.0015002669395893758	0.0010231945638321405	4.133423894162534E-4	3.452821290248415E-4	0.0	3.452821290248415E-4	1.3255123522516715E-7	1.608112794070757E-8	3.0229482122354754E-4	0.004486607931675614
0.004687353647258651	0.003926804809635216	2.4372424003631237E-4	0.002885064690410377	6.038438989353621E-8	0.001373646156030391	3.029059167524964E-5	1.3308712953353781E-5	0.0059093473102674685	0.0015477891771941104	0.00290135603401832	2.5029621655147925E-5	1.8905083375105098E-7	2.0190873829877579E-4	0.002652193832383995	8.101616493613858E-7	1.915415468486251E-8	3.5371388997171295E-7	1.9701853915617932E-7	1.9060790982063043E-4	0.009708893658641204	1.0763715948858949E-4	1.2473829644496972E-4	5.030575955459046E-5	1.489682571829076E-5	1.4122212595969842E-5	0.0	1.4122212595969842E-5	2.995452089698985E-8	6.7730136981928E-10	3.597921455431368E-5	4.167090640389004E-4
1.0066193382219583E-4	1.6790056266727135E-5	1.0216191630829743E-6	5.753028807415162E-5	9.895918868633475E-10	2.60596514124729E-5	1.5058359840057693E-6	3.4993582432586987E-10	1.2426325908345014E-4	4.825679925674252E-5	8.987103368213164E-5	8.424021991674086E-7	5.725291027883094E-9	3.006981424154407E-6	3.790244219598454E-8	5.773069334174079E-9	7.277295367612397E-11	7.62960285739922E-9	1.661388750281277E-11	3.2403675247502275E-7	1.7722295405133995E-6	2.003143669121244E-6	5.783178107137091E-6	4.0586171466063914E-6	1.3755370118801002E-7	7.441601709554789E-7	2.773901565145412E-7	7.441601709554789E-7	1.0420806304945409E-7	3.2797296126344267E-9	4.6094078723661256E-8	8.622261843203984E-6
0.0028785613380152256	0.0011012435542217635	7.931120464044572E-6	0.014773794860694623	6.386512254651715E-8	0.020142758113907314	1.0501536326976957E-4	4.148109921061588E-8	0.002896235280841354	8.080028485793259E-4	0.0015485678908688843	1.3426429689686098E-5	1.3806300034230945E-7	8.352758553427976E-5	2.138784773607359E-6	0.004544733205253015	7.079444082000156E-9	7.484752989443117E-7	4.675117810221056E-10	7.73321183966422E-5	9.426308001155631E-4	8.596514166628819E-5	8.404168000772534E-4	6.493943471737306E-5	7.355871928854261E-6	5.5445048821796556E-5	0.0	5.5445048821796556E-5	3.5703901724846E-9	3.886898319707024E-10	1.2933162084640598E-6	3.4352057032510614E-4
3.238247438892686E-7	3.3056140260976813E-7	2.780865238312878E-10	2.0981415413473476E-8	1.2735173331794096E-12	2.2321452073219225E-6	1.3651839243819501E-9	2.3074439071620795E-12	3.0019933499228927E-7	7.229860627999008E-8	1.3297339287993684E-7	1.1313217952126067E-9	5.244135352250538E-12	3.561169328673888E-9	1.5986241035428085E-10	7.674922910722394E-12	1.4337441310200883E-12	2.076060487028924E-11	5.041601679709352E-14	1.1595889225843489E-9	2.9426515805250533E-8	4.134669150471991E-9	2.3488865897340672E-8	1.6923921889195857E-9	4.263991558207839E-10	6.70978666621812E-10	0.0	6.70978666621812E-10	2.0611330404470885E-13	2.821635519142935E-14	1.3906564771013949E-10	1.5834591440171717E-8
0.004106777351029611	0.0013708704481457273	1.8888392874957765E-5	0.005405201659605718	1.2130150142108364E-7	0.005607543014345719	4.551924767948354E-5	1.3495704241973289E-7	0.006925107446842303	0.001925323546577913	0.003592631901750511	3.15186009611445E-5	2.0027132080233175E-6	4.62448276140876E-4	1.3257102451227569E-5	0.008483446343948268	7.898140878991843E-9	5.081546234218846E-7	7.263430542734445E-10	4.735548723281602E-5	5.11045672090773E-4	6.37391739255722E-4	1.7140466020367778E-4	8.565254235332559E-5	7.941262906073382E-6	2.066084397973224E-5	0.0	2.066084397973224E-5	7.3958481359906194E-9	8.719736548041496E-10	2.015606819452522E-6	0.0012499619275645518
7.148586395567281E-4	1.7287494271099648E-4	5.5946842927160915E-5	9.303547170823127E-5	1.0853568761264567E-8	8.130829424418066E-4	2.468649557288807E-5	1.3277711861440226E-5	8.797571176804964E-4	3.7206557329868574E-4	5.966369362304998E-4	6.136081842491488E-6	6.366689113166284E-7	7.996520400445998E-5	7.54453104676828E-7	8.197128640380127E-8	1.3891188143418304E-9	5.189008440186958E-8	1.2880946942816708E-10	2.3377828475033155E-5	1.6656386526810614E-5	9.88990107154891E-5	1.690526724589761E-5	1.896760208372804E-4	8.659161253425792E-6	2.293642437519796E-6	0.0	2.293642437519796E-6	8.487165891759406E-10	1.553409863742807E-10	3.57634017875566E-7	2.16782181912769E-4
1.6102480249801514E-6	4.2324534113889866E-7	8.408380665301658E-6	1.4094118801423556E-7	1.4838081284798625E-11	5.216086107709082E-7	1.4376975308449924E-8	1.0718953687501793E-11	1.7929436566319977E-6	6.970131594346946E-7	1.2738862693562642E-6	1.2058177205958604E-8	1.5917421139471297E-10	5.932088523418146E-8	3.5273354567147475E-9	8.83238518085286E-11	1.863268277042445E-12	9.440450965992714E-11	2.1894040804939778E-11	4.811149235988113E-9	3.9255704541737315E-8	5.18038402939365E-8	3.7500254069537514E-8	2.4879324429785528E-8	2.232782502844386E-9	6.702299399510535E-9	0.0	6.702299399510535E-9	5.242793738766932E-12	3.598140554192585E-13	6.125371940056614E-8	1.6330543630793865E-7
0.11763329195604752	0.0049658218107549385	1.120290195158427E-4	0.007403129436490938	9.601626930306628E-7	0.0030524904294423035	6.277505057880346E-4	6.412659361111838E-8	0.08937244177979119	0.09040208487954417	0.1636368298596082	0.001184346970385926	1.946211431480994E-6	0.0017347081907030278	3.208774253647414E-5	3.381028399495042E-6	4.1183211116034835E-8	4.807289671295448E-6	1.953235854417738E-8	3.4978485136122404E-4	5.90422925192573E-4	0.0014706712894485647	8.964643061201955E-4	8.887772503383089E-4	1.0630921904838361E-4	2.920591575809747E-4	0.0	2.920591575809747E-4	1.1344473419507998E-7	1.702335612716262E-8	5.4356138579454755E-5	0.0028938988806123714
0.11629363137780292	0.003728238506533446	5.2441215577779574E-5	0.005326953730518474	4.100004998490793E-7	0.0019572216837596334	2.4164764856539602E-4	5.666717697824743E-8	0.0443371267243571	0.010708385434814036	0.01990212767416102	1.6865327131931527E-4	1.0683933955713947E-6	7.285369847340853E-4	2.1754405999566586E-5	1.6523002033108552E-6	3.403789641696925E-8	3.271878860945276E-6	1.907467985898901E-8	3.0757359455292166E-4	4.56986971562565E-4	8.809614585381364E-4	5.129867615737017E-4	3.8951734565729904E-4	8.577792465418772E-5	9.747514555430118E-5	0.0	9.747514555430118E-5	3.6272745992448286E-8	4.308501653151337E-9	5.309172916715701E-5	0.001696184281216959
0.10983270970450654	0.004063297925342261	7.041710680818847E-5	0.005846968918708917	5.71124971746679E-7	0.0022850933405894978	4.2797073465304674E-4	5.614577225342205E-8	0.06308964203606046	0.08583068687962273	0.07181756763704501	0.0014651791002874383	1.3178834113045107E-6	0.0010670639658767983	2.4540210653430418E-5	2.3348108496969785E-6	3.552732881765239E-8	3.602740108318108E-6	1.8130995527929878E-8	3.038929637681308E-4	4.915573207445071E-4	0.0010338703802048124	6.238899010185766E-4	5.75820571599894E-4	8.787980202340224E-5	1.9498982124342782E-4	0.0	1.9498982124342782E-4	7.525105140611172E-8	9.853199243925454E-9	5.046149198166373E-5	0.00202288809829629
0.001187857279773915	4.174377126320983E-5	7.052355027115094E-7	6.040008042230592E-5	5.738351145623573E-9	2.318402008911839E-5	3.692898825156948E-6	5.98796856342556E-10	5.913158749035798E-4	9.32215439993057E-4	7.221595522960276E-4	4.8078399358671164E-4	1.3405786737254437E-8	1.0359351750351211E-5	2.520063843320409E-7	2.2115980594578484E-8	3.6898151245778765E-10	3.76920526467227E-8	1.9557935042603065E-10	3.2522740173977254E-6	5.064172500636112E-6	1.0658217748481928E-5	6.336147166852786E-6	5.463841933111648E-6	9.322472686948252E-7	1.6177687678250818E-6	0.0	1.6177687678250818E-6	6.176275622794214E-10	8.290967155354142E-11	5.443402770985727E-7	2.0719773162307634E-5
2.1614823491713994E-6	1.958764490591398E-7	1.166910214684916E-9	1.7883440324939911E-7	7.226389223083535E-12	7.14485147496104E-8	7.810563918852658E-9	7.942463287642723E-13	1.492548450837862E-6	4.0029604584617284E-7	7.521270361322926E-7	6.5199830184721576E-9	3.3690254305274113E-11	6.341265652400332E-8	7.365176339308386E-10	1.293672001921301E-10	6.316761630412379E-13	1.2729895561120607E-10	3.294973934649585E-13	4.240368304305564E-9	2.4362916843558998E-8	2.7220885603905473E-8	1.6885188331895318E-8	1.0981631656766622E-8	2.8811106172915436E-9	3.750144280256239E-9	0.0	3.750144280256239E-9	1.3563534000263639E-12	1.7863276386947038E-13	9.077950178080109E-10	2.677066243798861E-6
0.0032750572528250236	0.0014778541625239945	3.5153863887182225E-6	0.0017907042951122681	3.3330318645937575E-8	1.1801576227272991E-4	1.876182775745917E-5	1.2501935925912163E-9	0.0023382778219193322	7.509721276064368E-4	0.0014508341971188935	1.2913525818234685E-5	7.27742925962622E-8	6.762360214822001E-5	4.267878232400776E-5	1.5686093042618436E-7	9.50327535292467E-10	2.2681945195125787E-7	5.567687300964463E-10	6.112553302506895E-6	2.8816585683659E-5	3.841646173754112E-4	4.237644794010918E-5	2.5491042212832605E-5	4.693243310306845E-6	9.177092537329515E-6	0.0	9.177092537329515E-6	3.304781578455645E-9	3.9537670926249886E-10	1.539612652896208E-6	9.943861609770195E-5
2.1356775323187372E-4	5.881799771289909E-5	3.9906480146307956E-7	1.391370833384447E-4	3.218370812742986E-9	1.3855748699137142E-5	1.9672689052062944E-6	3.6250007439465445E-10	6.652014349515735E-4	1.30959299112543E-4	2.5090947079682715E-4	1.9644455644605406E-6	1.016999846725093E-8	7.360841291374221E-6	1.0698577467382658E-5	1.911780033050986E-8	1.9172658145719645E-10	1.3275627586140617E-8	1.6079844601344875E-7	0.0011504428084168643	1.8611225632236202E-6	4.550681716792258E-6	2.2477142127523177E-6	3.006203834091871E-6	3.6638691784603215E-7	9.255970212398682E-7	0.0	9.255970212398682E-7	2.0475784287691837E-8	4.6251220254288505E-11	3.370619045483865E-5	1.5328156912095374E-5
7.511002371695638E-4	1.1509569416603338E-4	6.04688800377636E-6	0.001988547291624081	7.127645590236162E-8	0.006619073236140182	1.1755137159056843E-5	6.142906382785494E-10	0.00116400790533331	4.2646286246573914E-4	8.546928319537977E-4	7.652003100262825E-6	1.0190074753439184E-7	5.653445860893585E-5	1.0911017629075234E-6	1.889072830913456E-7	4.030570079105154E-10	2.0226514267814708E-7	1.2987901707528826E-10	2.4967465910812714E-6	1.1700104440157347E-5	7.372347982700467E-5	1.3523896378836997E-5	2.3565537483996423E-5	2.6958529104116893E-6	5.218485948105417E-6	0.0	5.218485948105417E-6	2.782117227866565E-9	2.569608343470955E-10	3.608676020391941E-7	1.4273820632276508E-4
6.210150297062633E-8	1.0431122972710167E-8	1.1601309930897424E-10	4.4509472759891605E-9	5.357451807623601E-13	8.170422011452016E-9	3.4889383173338616E-10	1.4569585828362762E-12	8.346586045020854E-8	2.4706325271989288E-8	4.2112376515184815E-8	3.919094107828698E-10	1.861943821594336E-12	1.2291669399883506E-9	1.4401879106839726E-10	2.2015956116819443E-12	4.3593317062377386E-14	4.407294016061463E-12	1.0354066355461462E-14	2.03208617069346E-10	9.931560929096587E-10	1.0015178884689315E-9	1.1009131182922022E-9	5.536340807592888E-10	8.039797063109894E-11	1.6530194016265297E-10	0.0	1.6530194016265297E-10	5.799652790128042E-14	9.512513798044843E-15	2.867024860790665E-11	7.1595444573603834E-9
2.568130021183368E-6	1.5031522244000384E-6	1.0449627027432343E-8	4.0320236324846473E-7	1.0450723150151055E-11	2.5505348478875362E-6	2.2274856960534306E-8	3.631671913766041E-11	2.1488904984460606E-6	5.818395935278992E-7	1.1160659805480316E-6	9.604304722590915E-9	1.4136878975220521E-9	3.2375804347492653E-7	5.1893993723996E-7	3.0927388231600146E-10	4.881684011500519E-12	1.5780566708495525E-5	5.917658693877995E-6	7.738292071344965E-9	1.1630351928940085E-7	3.206114202265994E-7	9.658790144636993E-8	1.0219131229286574E-7	5.0652139209217946E-9	6.40985021726159E-9	0.0	6.40985021726159E-9	2.1279320324972207E-12	2.7322809672223503E-13	1.1257813615513957E-9	1.0830017550622452E-6
3.1904177710628783E-7	1.6193284621732583E-7	3.0433853140181056E-6	7.097527831442599E-8	1.6435599977873386E-12	2.7036310098234997E-7	2.9674908518218503E-9	4.874249013588394E-12	3.00566046635679E-7	9.147581792591318E-8	1.7882662582630066E-7	1.5656826143707557E-9	1.2897102055018397E-10	2.1512630337166917E-7	1.1351866611188076E-9	5.940902041720873E-11	6.205652423919275E-13	2.0513064299668924E-11	5.369795833022438E-13	1.035313420079294E-9	1.4884479117967428E-8	3.022813026636973E-8	1.2433012146900668E-8	1.0108052975140854E-8	5.679591786600344E-10	1.064024464404351E-9	0.0	1.064024464404351E-9	4.269248047767918E-8	4.781220003502656E-14	1.5007485744128852E-9	1.065454684596528E-7
5.320527562612136E-4	0.002727863301196147	3.198443496087445E-7	2.6873417701251478E-5	2.232822294446645E-9	1.7498502786809495E-5	2.457705807144516E-6	5.300329464274855E-10	7.574077800229158E-4	1.5172125824625764E-4	2.8909045662973444E-4	2.2828306016729837E-6	6.932419269314893E-9	5.502119280718439E-6	2.0494605599879515E-7	1.665462663164069E-8	2.998688827194357E-10	3.121066127153918E-8	8.232546692592423E-11	0.0011515433205056616	3.821989314429049E-5	6.674904541103958E-6	7.777725765126931E-5	2.8488637271869044E-6	6.814678750478744E-7	1.2131629904465309E-6	0.0	1.2131629904465309E-6	4.2369010374426855E-10	5.37796768246239E-11	2.271468378527075E-7	1.1634101039034177E-5
0.001695737145693254	3.2464046038887823E-4	5.515627688576083E-6	4.0242517599655455E-4	3.025949484020656E-8	1.6652210326789334E-4	1.4779255924184382E-5	2.2658182499737294E-8	0.0034930888058074855	8.653385030332199E-4	0.001626779655576984	1.3810859188720692E-5	6.104343915541123E-8	1.9071003916754128E-4	2.597219163684073E-6	6.383077891810143E-7	9.952900862223945E-9	1.3112524886192043E-7	2.773145913831036E-10	2.519765424120602E-4	3.0301984702299216E-5	5.827941594527681E-5	3.180624247071436E-5	2.0038087793576764E-5	2.9979385294506055E-6	7.150570398291865E-6	0.0	7.150570398291865E-6	2.8835621218594845E-9	3.650795588241097E-10	7.699630601967798E-7	1.8696666305792703E-4
0.0019340197625088143	1.8317703074299387E-4	1.7554701055323806E-6	1.1885862801226657E-4	9.532429976665909E-9	8.819225291605241E-4	2.3223895764298545E-4	2.747572271420175E-9	0.0014901243762997815	4.5464990576657384E-4	8.710404956018807E-4	7.703972973122395E-6	4.500068936343642E-8	0.002250409613952836	1.1695833449578944E-6	8.697411162749152E-8	1.4716801147635513E-9	1.2263969904391397E-6	2.97992564697654E-10	2.238326925723744E-5	2.1279131804346465E-4	2.6444163786480997E-5	0.0019482824753776647	1.0056742177270221E-4	8.332286127678699E-6	1.253931265823128E-4	0.0	1.253931265823128E-4	1.7756512804392456E-9	2.2878987913111902E-10	8.231132225877771E-7	7.063322818539487E-5
9.221371857678162E-4	7.344236672842416E-5	1.4860560784873637E-6	8.735068467571544E-5	1.1923070411220236E-8	4.872035251930707E-5	8.424461817293868E-4	1.7641043313900065E-9	0.001750797010733856	6.375381140312691E-4	0.0012664824898715732	1.1376045958727832E-5	2.4369541317115006E-8	2.5916193464510458E-5	4.778294074424341E-7	7.3536135510241E-8	9.311914303854121E-10	5.242305880030424E-8	1.5786584722935705E-10	0.0011645950409866432	8.25200590945122E-6	1.6973011309551757E-5	1.1733010558814205E-5	3.2193623966889117E-4	1.0480491974725862E-6	4.5658793246060455E-4	0.0	4.5658793246060455E-4	2.937989494179659E-9	3.724146452612831E-10	4.390186094743606E-7	4.0528921672008796E-5
6.522554677259909E-4	6.433680755237118E-5	1.5120497744864028E-6	6.066169280819126E-5	1.3365968775789368E-8	5.1337005911488984E-5	7.303656396271517E-4	3.512587088858978E-9	9.414581211572254E-4	4.2427441097308606E-4	6.462864885736943E-4	6.90682354520736E-6	2.370603986321694E-8	2.1317806434595472E-5	5.204445021831702E-7	6.751093195747059E-8	1.433600159855637E-9	5.166078887166525E-8	1.0866400890840682E-10	3.271847088063806E-5	6.45984945765414E-6	1.632908472572998E-5	1.0935238570379739E-5	2.368096632097647E-4	9.030129341772341E-7	6.175517739990263E-4	0.0	6.175517739990263E-4	7.70596834335668E-10	1.6463340032017422E-10	3.0202682055030314E-7	4.773822650881385E-5
7.782899206625675E-5	1.5226969552645398E-5	2.758628953166661E-7	3.435509391846136E-5	7.772134752904744E-10	3.0814916853595806E-6	7.096262047638553E-7	3.7164241312156214E-11	8.636333165979811E-5	3.2134666821606444E-5	6.174064694248477E-5	5.657842975102855E-7	1.6176992520180197E-9	1.7097111507208224E-5	2.5537604320388207E-8	3.200169065253518E-8	2.980246781890656E-11	4.206016744107076E-9	4.869012118447622E-10	2.101958447560138E-7	1.466765639407345E-6	4.869403586081183E-6	1.4571829409798174E-6	7.941231668370297E-7	1.7146052524593162E-7	3.5452210863788945E-7	0.0	3.5452210863788945E-7	1.94649789228535E-10	1.7840300009866522E-11	1.3620275987084721E-6	2.1186646814913382E-6
1.5478904425304956E-4	1.4846278801243136E-5	3.354003578583456E-7	1.4146720687083024E-5	2.932887290080563E-9	1.1348867297204709E-5	4.639029876180811E-4	7.578100690742741E-10	2.2848913297116794E-4	9.623876525600525E-5	1.487046306410407E-4	1.5602659682470652E-6	5.274039329810909E-9	4.892863832900935E-6	1.1467218299750281E-7	1.5136626929195793E-8	3.1130312821986574E-10	1.1892241415800947E-8	2.563523410980104E-11	7.0669643974351655E-6	1.5055967536278138E-6	3.702638468990678E-6	2.4602545615708238E-6	1.7384171575777354E-4	2.1317817625558513E-7	6.025504119425685E-4	6.020860312379899E-4	3.0150694793387375E-4	1.8018834070177776E-10	3.718775806702154E-11	7.121133226792499E-8	1.0507389746849634E-5
4.647236035993213E-5	4.463216534613171E-6	1.0109787865058187E-7	4.252649558635372E-6	8.801689537007009E-10	3.418640845244104E-6	1.391710596118678E-4	2.2754492013277411E-10	6.859347556294785E-5	2.8888395647326596E-5	4.46444967247783E-5	4.683772970182245E-7	1.5924487464958853E-9	1.4724017079546388E-6	3.442255016674201E-8	4.548469656873988E-9	9.342591476459017E-11	3.569684165033842E-9	7.696419427192446E-12	2.120194433539127E-6	4.525757023185644E-7	1.1128575618398383E-6	7.389122727265425E-7	5.215326956652541E-5	6.403909587700962E-8	1.395107044538672E-7	2.760955735245008E-8	1.5066124270880126E-4	2.8716409031098985E-8	9.077700736757075E-10	2.1379621998431052E-8	3.1586712981304518E-6
1.4704899260830248E-4	1.4103907367861343E-5	3.186290411025792E-7	1.3439329868500099E-5	2.7862315677522115E-9	1.0781379983011177E-5	4.4070604173833004E-4	7.199166309446663E-10	2.1706379148143598E-4	9.142645430142359E-5	1.412688232392387E-4	1.4822466275886208E-6	5.010316939210522E-9	4.648201693276528E-6	1.0893812977106423E-7	1.4379736965021618E-8	2.9573676626433866E-10	1.1297583291420894E-8	2.4353373129958896E-11	6.713588810217797E-6	1.4303110854109357E-6	3.5174922067980915E-6	2.3372323059733806E-6	0.0015950995817301012	2.0251844189445186E-7	4.411598710013613E-7	0.0	4.411598710013613E-7	1.7117822587392834E-10	3.5328226151309505E-11	6.76504898833444E-8	9.981979568858306E-6
1.4115770803147603E-7	1.819650487082758E-8	4.058879120921253E-9	1.279155354470757E-8	2.097300470124233E-12	2.0189393030503704E-8	8.227535232587366E-10	2.0891973159495898E-13	1.326126415658417E-7	7.256884675727688E-8	1.0843601683967998E-7	1.2023275549122993E-9	3.1902774394232716E-11	5.376878697656998E-9	9.852796718047337E-11	7.424474622455617E-12	8.082704130155168E-14	8.888312787290001E-12	5.114769054597539E-12	4.3227355794136897E-10	1.6855426946609962E-9	4.060225663499724E-9	2.3603065500398406E-9	1.968444387417648E-9	5.575249296995075E-10	3.50506292598241E-10	0.0	3.50506292598241E-10	7.697237664063178E-13	8.668454717508394E-9	1.4310843493506503E-8	9.876293837643939E-9
1.4623358692607141E-8	1.8659109745676403E-9	5.3218317794777766E-11	2.094883940362642E-9	2.115141970784479E-13	6.591392450231426E-9	1.2568570356710827E-10	2.281248628679469E-14	1.4086754067276685E-8	7.491641075256629E-9	1.1456066588653486E-8	1.2489940525034336E-10	5.698653892429727E-12	1.476072602512751E-9	7.56761253830895E-12	1.4850832243844579E-12	7.26956242386863E-15	1.0086155360487036E-12	2.3804293873837815E-15	4.746651542643507E-11	1.9797736918526043E-10	1.4266954268036384E-9	2.5323612240279614E-10	5.018579867824821E-10	2.6243444047197888E-11	4.085086403974533E-11	0.0	4.085086403974533E-11	1.5097791345008235E-14	3.1403178719167073E-15	6.601890909334463E-12	4.056240908436923E-9
1.2018251788655933E-4	3.0415150090694636E-4	5.269717190350855E-8	9.081280178475035E-6	2.82148318013312E-10	4.124535381405957E-6	3.4602099494626617E-7	2.8040306837167975E-11	5.932439018359891E-5	1.6089684792904336E-5	3.075941995100914E-5	2.652208838204212E-7	1.7469040270106907E-9	3.917890050945123E-6	2.1312565559891846E-8	7.62418517924754E-9	2.829300991528226E-11	3.2221233362015217E-9	2.9345947212339705E-8	1.224024694566398E-7	8.399231638044576E-7	8.665228012966602E-7	8.651488443005955E-7	4.839592014941237E-7	3.384997709368158E-7	1.6623833555361545E-7	0.0	1.6623833555361545E-7	3.725218211038849E-9	7.509915094272864E-12	8.211052903055122E-5	2.1482054750529888E-6
0.0025135914501389915	1.4638666816983945E-4	3.272059295303422E-6	2.4847967374565857E-4	2.488877947511294E-8	9.39083611946927E-5	2.8907736062760987E-5	1.5099778472788855E-9	0.011099380004450857	0.0021231313228884806	0.00406455808593	3.149301420661635E-5	5.595026840441087E-8	5.677514082085157E-5	9.349050622865604E-7	1.22171653660591E-7	1.1349018504472016E-9	1.2194855612386862E-7	4.757603265268825E-10	7.834339363169978E-6	1.7008208232133305E-5	3.804942213313053E-5	2.8009134502854877E-5	3.127276592383717E-5	2.505565018869456E-6	1.439907265312701E-5	0.0	1.439907265312701E-5	5.607750243784783E-9	7.204341651615921E-10	1.3245042805817901E-6	8.181461689025439E-5
