32
NULL,open@__open_nocancel,fstat@_fxstat,mmap@__mmap,read@__read,munmap@munmap,open@__open64,close@__close_nocancel,rt_sigprocmask@sigprocmask,exit_group@_Exit,rt_sigaction@__libc_sigaction,sched_yield@sched_yield,mremap@mremap,time@time,read@__read_nocancel,mprotect@__mprotect,madvise@madvise,lstat@__lxstat64,openat@__openat64_nocancel,write@__write_nocancel,syslog@__syslog,getpid@getpid,writev@__writev,close@close,stat@__xstat,socket@__socket,fcntl@fcntl,connect@__connect,getdents@__getdents64,lseek@llseek,getrlimit@__getrlimit,write@__libc_write
0.7210295796193334	0.014090562231534902	1.0356399451531328E-4	0.007576093572910437	6.697183714195211E-7	0.005821626907012585	6.503912673674448E-4	5.829562983668892E-8	0.1537159978786687	0.03683429939765584	0.06899177288287366	5.809486433361984E-4	2.8289207258223015E-6	0.0017920365410428814	6.0008965002164845E-5	3.687753637264236E-6	7.610782402179472E-8	1.1216328588847894E-5	6.50410833434647E-11	3.419923225583877E-4	0.0018037765883446434	0.0024513397608036057	0.001286071596574654	9.224698491241879E-4	3.3804315353651055E-4	3.1164661711882794E-4	0.0	3.1164661711882794E-4	4.0077066934380854E-8	1.4873314864713006E-8	1.783070671173175E-7	0.004006239254572421
0.00365419497684818	0.003509556080622644	2.0812300623415853E-4	0.0024668861890321386	5.128499581925269E-8	0.0011862374025826147	2.6904896011716586E-5	1.1221308116776364E-5	0.004905971263450196	0.001291873617575353	0.0024222186496005377	2.0910662492389233E-5	1.7299800024555464E-7	1.7305186747498103E-4	0.002088109419825671	6.892719525886865E-7	1.6312572176475478E-8	5.041812512278876E-7	5.071432604438685E-10	1.647734636631137E-4	0.008227719541637014	1.231492560069498E-4	1.1787844354492225E-4	4.488418740286036E-5	1.6554863214425417E-5	1.2540905913082672E-5	0.0	1.2540905913082672E-5	1.6245423536222994E-9	5.646311154212829E-10	1.0682555822928296E-7	3.707401172053619E-4
8.504521986519117E-5	1.6747370368924573E-5	8.740273911219959E-7	4.9538657215075844E-5	8.341407647218069E-10	2.227097872320455E-5	1.2870862645645626E-6	2.961367972352178E-10	1.0332016387269668E-4	4.059145591154429E-5	7.559413510677846E-5	7.095259953596814E-7	5.078910635190042E-9	2.588317557835307E-6	3.1420046232294015E-8	4.977761799292538E-9	6.17857742344004E-11	9.126866522171658E-9	2.503387178744913E-13	3.210213397910074E-7	1.7758327443077088E-6	2.1084563752861295E-6	5.065604537295265E-6	3.4725266323901144E-6	1.7348071955668663E-7	6.352494260381568E-7	2.367942988588406E-7	6.352494260381568E-7	8.88550501511421E-8	2.799400171610354E-9	6.984314689076219E-10	7.581445381246159E-6
0.002244521881512879	0.0010732948768491855	6.940049078659541E-6	0.012456728713100561	5.446245791340862E-8	0.017043704681387495	8.938816302176157E-5	3.46483913550418E-8	0.0024000552943453336	6.741670632292698E-4	0.0012929906997454714	1.1218575316489623E-5	1.2779998101929361E-7	7.379204889274623E-5	1.8059364830334585E-6	0.0038234897972622816	6.082669839449791E-9	7.755625618094241E-7	5.161721808060116E-12	6.791525153833093E-5	8.118920423831758E-4	9.487582461614229E-5	7.159303609180628E-4	5.674873839899117E-5	9.814225158863149E-6	4.711148587779601E-5	0.0	4.711148587779601E-5	9.74716820320133E-10	3.2439659685413844E-10	1.4351069776444035E-8	3.060746131480893E-4
2.4100495023499517E-7	3.025482807291025E-7	2.666968256361321E-10	2.2020953810007583E-8	1.094035816544478E-12	1.9109229969049935E-6	1.3354965456997534E-9	1.9772063683911308E-12	2.516585920098849E-7	6.09458521876721E-8	1.1214297284031134E-7	9.548657788601239E-10	5.958118339490333E-12	3.5359731681142292E-9	1.3665105906355987E-10	7.700714099212962E-12	1.236981237100861E-12	3.8973195343215756E-11	3.429618371826298E-16	1.3843477520131946E-9	2.736588728987875E-8	6.9037900194212315E-9	2.1180928973425268E-8	1.737884701799638E-9	7.685494163199351E-10	6.515760237377989E-10	0.0	6.515760237377989E-10	6.151611312042266E-14	2.3791383574886252E-14	9.462508438134976E-13	1.552265375453535E-8
0.003355341183491099	0.0012771731785025694	1.613520836776231E-5	0.004570020062325412	1.0331377629799485E-7	0.004745021438181826	3.9031443631438876E-5	9.903780606773701E-8	0.005787659614922607	0.0016171513412647231	0.003016539099680539	2.6485649466526218E-5	1.7173969200426967E-6	3.9308609161881866E-4	1.1179250866431594E-5	0.0071371257518551695	6.7474914504166065E-9	5.485113709294636E-7	1.8838739235354842E-11	4.2095703831901455E-5	4.446389646231824E-4	5.571083620270216E-4	1.518598853876839E-4	7.408073472989077E-5	9.268422394925933E-6	1.769578956813927E-5	0.0	1.769578956813927E-5	2.0585976604803932E-9	7.302035038894199E-10	5.2623675288660194E-8	0.0010765486223036059
6.028113282453365E-4	1.6401906218836554E-4	4.740155671482895E-5	8.178176248370117E-5	9.162910186202293E-9	6.945292836160797E-4	2.0908931028621705E-5	1.1198976911149306E-5	7.295985677930023E-4	3.1254142823741314E-4	5.002965149059419E-4	5.157544405866946E-6	5.443826823281929E-7	6.789926240632925E-5	6.329846926136834E-7	6.99166291427756E-8	1.1813084925576458E-9	6.191458788656116E-8	2.8000176973975617E-12	2.007546521900596E-5	1.6012110837411747E-5	8.637107896075061E-5	1.5369151021462942E-5	1.6109689387034005E-4	7.740801243453937E-6	1.9769896103481844E-6	0.0	1.9769896103481844E-6	2.4068393084832136E-10	1.300625028242214E-10	7.820476556154975E-9	1.8633516115874277E-4
1.2686094840911584E-6	3.895352129517819E-7	7.1221283057260746E-6	1.211628009175517E-7	1.2283655978981075E-11	4.4063054852712514E-7	1.2087040081462547E-8	9.09712091236679E-12	1.4480847916951328E-6	5.737518680301937E-7	1.0476296280623082E-6	9.946153637697823E-9	1.3693630719884364E-10	4.850171961003956E-8	2.882470446722379E-9	7.1758139649053E-11	1.5601695465644773E-12	1.2257934512578138E-10	3.1276942551775156E-13	4.782712881525319E-9	3.721982481654786E-8	5.01406993945619E-8	3.3630108646495454E-8	2.0800535351807352E-8	2.5912044272756608E-9	5.645664580309796E-9	0.0	5.645664580309796E-9	7.947253033555787E-13	2.963320975517164E-13	8.751049316299885E-10	1.4197015369910822E-7
0.10837988945954805	0.0041346674075128705	9.339696891203582E-5	0.006180042367113376	8.080989372282468E-7	0.0024943935056259132	5.201987401013553E-4	4.614099289774779E-8	0.07299698744382177	0.07682233397727879	0.13897117617267654	0.0010041963577171235	1.6249599064766982E-6	0.0014330591248838834	2.5782066710980586E-5	2.784254294321067E-6	3.315281582952306E-8	4.127271713131267E-6	7.040727351319401E-11	2.9376416107723853E-4	4.867917528175069E-4	0.0012348757446190091	7.479039313084038E-4	7.399089741117514E-4	8.753532859930371E-5	2.4180296417345288E-4	0.0	2.4180296417345288E-4	3.314725136910445E-8	1.4238951106251224E-8	1.9622577026974332E-7	0.0024089573948247772
0.10758374283856706	0.00283724594610694	4.195919744521623E-5	0.00435180479717749	3.3340793721173314E-7	0.0015196989444932257	1.8857439399876818E-4	3.980429634237265E-8	0.03398843430203917	0.008235861358710217	0.015293853336838598	1.2969804946859622E-4	8.475000251230997E-7	5.703373399642822E-4	1.6879479929531404E-5	1.2999364530775558E-6	2.678283527291179E-8	2.567988386023957E-6	3.195052263620617E-11	2.527084127385912E-4	3.462131518738026E-4	6.923670409892493E-4	4.050241539684416E-4	3.0854024741657757E-4	6.397888309035787E-5	7.483841331868877E-5	0.0	7.483841331868877E-5	8.992164595860131E-9	3.2981050104086167E-9	8.875642335976875E-8	0.0013515383130076697
0.10144783407239533	0.0032438827671222273	5.7722395446530726E-5	0.004831751689776885	4.7391618788716604E-7	0.001825668706462702	3.494702594530466E-4	3.988035816824208E-8	0.05050229213031585	0.07284725264988941	0.0601187694552002	0.0012443874119451841	1.0758396148268527E-6	8.6437725552259E-4	1.940101838422758E-5	1.8927515519597703E-6	2.831056713360057E-8	2.9664648863346515E-6	4.354533869902031E-11	2.522902462669654E-4	3.8943350369997584E-4	8.428687693718174E-4	5.082241662646394E-4	4.7118888342960545E-4	6.875344881205149E-5	1.5889843913562837E-4	0.0	1.5889843913562837E-4	2.1597360820686176E-8	8.095313258261502E-9	1.2118264540711695E-7	0.0016507522439543495
0.0010978637294568052	3.284708343641246E-5	5.753030262162819E-7	4.9750656786418095E-5	4.745513724567194E-9	1.8377094854648455E-5	2.978999864806856E-6	4.239617761415308E-10	4.6736862020663395E-4	7.909668567748717E-4	6.028337707819185E-4	4.123586170416572E-4	1.0873035993634184E-8	8.332194007210017E-6	1.9821372413170447E-7	1.7784082377112798E-8	2.9272792717802584E-10	3.063394258831434E-8	4.35718702522903E-13	2.691733329953552E-6	3.956921101106227E-6	8.610157219173194E-6	5.121860119359266E-6	4.4367936819015335E-6	7.197440337321718E-7	1.2986814302893167E-6	0.0	1.2986814302893167E-6	1.6984067448828654E-10	6.719760587538609E-11	1.2122163984948802E-9	1.681439656598072E-5
1.5791944905943522E-6	3.263952249667666E-7	1.2185187244915206E-9	1.834260384858352E-7	6.2405133588336184E-12	7.67557981832996E-8	7.958737642164323E-9	8.264794443182931E-13	1.2455180267396047E-6	3.3708996678017345E-7	6.341203853286336E-7	5.503215030950537E-9	3.977774070825352E-11	5.7886997277312125E-8	6.387185791507374E-10	1.191832015769654E-10	6.184842154240643E-13	2.6571848354203344E-10	1.0976883562709395E-15	6.56055621750764E-9	3.817767820415635E-8	4.820762495676869E-8	2.5014976393211896E-8	1.1579645974467639E-8	5.453176488849394E-9	3.80058004155339E-9	0.0	3.80058004155339E-9	4.0844798271301087E-13	1.5091334952441192E-13	2.9742116476402826E-12	2.2999816646159822E-6
0.0025084939027494257	0.001418576124671649	3.2335037079035894E-6	0.001542364407737094	2.847899331552711E-8	1.1792467655563716E-4	1.727295990131152E-5	1.2186866190763469E-9	0.0019317130843660546	6.278536768230898E-4	0.0012141882462913688	1.0821565557846808E-5	7.455349950252583E-8	6.146305194271035E-5	3.580286285773638E-5	1.421814389115619E-7	9.125501769146402E-10	3.73518859692779E-7	1.7840482788119099E-12	8.542464207616418E-6	4.4333212553543665E-5	3.53693265047324E-4	4.814316169590151E-5	2.4082828718739564E-5	7.50483432063531E-6	8.408793259654973E-6	0.0	8.408793259654973E-6	9.60401849292283E-10	3.3130399785083863E-10	4.875257236063857E-9	1.0181512360810501E-4
1.446302607450864E-4	4.525040771930532E-5	3.169753910369397E-7	1.1398599888748321E-4	2.622354633840826E-9	1.0299950425574616E-5	1.5219632775849056E-6	2.5500697618770883E-10	5.37290630643938E-4	1.0429073788835044E-4	1.9987209843856492E-4	1.5555811988335433E-6	8.008234689575451E-9	4.485507695977717E-6	8.920445235027333E-6	1.3337607425120448E-8	1.5071649080232004E-10	1.1374980802576489E-8	4.105197342621145E-10	9.723906401546009E-4	1.3888001050472498E-6	3.7135447604150384E-6	1.6522482573517455E-6	2.350256405200299E-6	2.231158360070676E-7	7.149240988293245E-7	0.0	7.149240988293245E-7	1.5649435866848585E-10	3.60235799337595E-11	8.882119907502878E-8	1.2159749650749878E-5
6.458985670602465E-4	1.0808796621098802E-4	5.139753776859481E-6	0.001674661343428741	6.081668084868473E-8	0.005570577966191065	9.883126610254356E-6	4.877033739162632E-10	9.639214967406579E-4	3.5649073840012766E-4	7.150173740625637E-4	6.405844112015495E-6	8.788743209113216E-8	4.783132316610926E-5	9.151448658662502E-7	1.589807358798774E-7	3.387267025724163E-10	1.8426970880103431E-7	8.311921733652574E-13	2.301136423263375E-6	1.1052339373183696E-5	6.420731971584591E-5	1.2050880504942763E-5	2.0095678711236416E-5	2.6389944177005674E-6	4.375882781234028E-6	0.0	4.375882781234028E-6	7.18471829693832E-10	2.1473833532587393E-10	2.314576213432877E-9	1.2257477340431086E-4
4.887640054229061E-8	1.1442734506905054E-8	1.0103887157787E-10	4.240366583328475E-9	4.529027878926846E-13	7.207435597586613E-9	3.124780364543131E-10	1.0468275374216778E-12	6.96087928895145E-8	2.0752340102865784E-8	3.532604418927938E-8	3.293196672527562E-10	1.7548769251076382E-12	1.088766062378364E-9	1.2147512042322978E-10	1.9793307723005282E-12	3.8018123953042836E-14	6.324073229895663E-12	1.518324846904062E-16	2.1896764010745536E-10	1.123287087235269E-9	1.2530010439521077E-9	1.0982324537469119E-9	5.002276654975855E-10	1.171097764671484E-10	1.4780467246858477E-10	0.0	1.4780467246858477E-10	1.6855391391744476E-14	7.961184818341117E-15	4.2306287976291673E-13	6.336487640659068E-9
1.961685298857066E-6	1.4307767606174418E-6	9.158553975039335E-9	3.7371644179068863E-7	8.982894898285673E-12	2.1955408664577804E-6	2.0193278830358002E-8	3.1113739029667844E-11	1.7979465330606466E-6	4.906956792617041E-7	9.42268298054052E-7	8.115694641471646E-9	1.2205568590061066E-9	2.7892442619483185E-7	4.374079554897656E-7	2.722950149168782E-10	4.252940989514766E-12	1.3471243020141898E-5	5.051613091367415E-6	9.416129548067273E-9	1.1554485997763129E-7	2.958951371488523E-7	9.16863085489538E-8	8.962316013682014E-8	7.90102462077374E-9	6.024733033786514E-9	0.0	6.024733033786514E-9	6.493105783256098E-13	2.308595478327065E-13	1.288578767251401E-11	9.399261736913739E-7
1.8601028066429876E-7	1.410294970429172E-7	2.59793828303756E-6	3.4756519687528736E-8	8.148703640827215E-13	2.299598839207348E-7	1.873111714837763E-9	4.140788486033989E-12	1.62283562301596E-7	4.398697069849045E-8	8.48074625302876E-8	7.27877274559128E-10	1.1020081049623275E-10	2.51944723379277E-8	9.359159776678491E-10	2.4563910382531615E-11	5.083438171706916E-13	3.0282878813011866E-11	1.8414705540056474E-15	9.982658171375581E-10	1.3194617304860737E-8	2.7215096423653167E-8	1.0385578879060733E-8	8.094665932344289E-9	7.789456890544641E-10	5.694663852564297E-10	0.0	5.694663852564297E-10	1.0876816244208537E-10	2.077911612100541E-14	5.1424902060321265E-12	9.0697371032762E-8
3.936676499797276E-4	0.0023328887176360157	3.1357437160140705E-7	2.883604657308774E-5	1.8861694468022096E-9	1.7869459925468588E-5	2.3244518751449896E-6	4.29023728747911E-10	6.304273159228251E-4	1.2644915704374118E-4	2.4115546005212043E-4	1.903333291427796E-6	8.085304678197025E-9	5.372444089610793E-6	1.7268646600538637E-7	1.5728089889188816E-8	2.6705936085807167E-10	5.8909093292455325E-8	2.4080933927733046E-13	9.739425491247554E-4	3.539107102171393E-5	1.07882672128113E-5	6.685106937331875E-5	2.8406957381281194E-6	1.1915241475390325E-6	1.1395777209413741E-6	0.0	1.1395777209413741E-6	1.2662552298137436E-10	4.474177622968165E-11	6.530409645612013E-10	1.2902552056055368E-5
0.0014415434629904112	3.0562833507319495E-4	4.698906460752697E-6	3.45413813237899E-4	2.568442398725258E-8	1.4430036054831352E-4	1.2565932078403645E-5	1.6275246023015795E-8	0.0029211705255049606	7.263518086924692E-4	0.0013654950525539378	1.1597846187184014E-5	5.397381223149443E-8	1.617335835171697E-4	2.183088721658738E-6	5.393277825039391E-7	8.442835653171546E-9	1.4370627772445159E-7	2.8206217987674677E-12	2.1353505463298007E-4	2.8955307448525968E-5	5.43212439973958E-5	2.8701350749171537E-5	1.7236508860366495E-5	3.1976286354104526E-6	6.071289928018064E-6	0.0	6.071289928018064E-6	8.464556920998564E-10	3.056095744583193E-10	7.86442212128704E-9	1.6190897091883995E-4
0.001478454405077744	2.6173226486649205E-4	1.6779795240953923E-6	1.2140904041251879E-4	8.07794852688249E-9	7.541103823859277E-4	1.9622965622844002E-4	2.187138679158914E-9	0.001228343487971525	3.7901680100844374E-4	7.268406427200796E-4	6.437285414608033E-6	4.654087793257979E-8	0.0019047917779611984	9.893360167459588E-7	7.908356577635913E-8	1.2922574489299497E-9	1.1484227700151626E-6	1.3074620584499213E-12	2.0807258346194483E-5	1.90674214231461E-4	3.9308966093765625E-5	0.0016461198311573547	8.63133777299714E-5	1.115172491216028E-5	1.0587122048246718E-4	0.0	1.0587122048246718E-4	5.345651302823354E-10	1.911857304631014E-10	3.5901947353335305E-9	7.058873332866256E-5
8.206725220843387E-4	6.795039241599324E-5	1.2479419735518496E-6	7.396513050955374E-5	1.0011539446005525E-8	4.1193961490690834E-5	7.119880008538559E-4	1.2998326389535837E-9	0.0014599828192045528	5.36005909349078E-4	0.001065389437290351	9.575441431809909E-6	2.0874208735385265E-8	2.1619324300655582E-5	3.9258329974048085E-7	6.13982452360251E-8	7.777952378957803E-10	5.124003178254818E-8	9.534383972093516E-13	9.844700192889447E-4	7.578871450213661E-6	1.5251663404282724E-5	1.0196873394297525E-5	2.721153631948679E-4	1.0062165743247967E-6	3.85865506281462E-4	0.0	3.85865506281462E-4	9.123887165682893E-10	3.1268632322852727E-10	2.6581731927845717E-9	3.455718828261331E-5
5.72532982344142E-4	6.0641568607576494E-5	1.2746705386815559E-6	5.178694371331826E-5	1.1270431476869776E-8	4.36603292062019E-5	6.173443609803586E-4	2.588098472041369E-9	7.797103655073385E-4	3.562322047348884E-4	5.411386529277079E-4	5.800455130141583E-6	2.0424355316138175E-8	1.785963805577239E-5	4.3204571178417936E-7	5.668196307832508E-8	1.209094239550336E-9	5.0666076361104396E-8	1.0475728422217985E-12	2.775584283154761E-5	6.118121405640802E-6	1.4758467121127996E-5	9.558966937162652E-6	2.0021504650788322E-4	8.987084144538633E-7	5.219744173349692E-4	0.0	5.219744173349692E-4	2.0873818818140418E-10	1.3754596229923056E-10	2.9232819617026432E-9	4.089130300255053E-5
6.243490520751434E-5	1.5171528750428738E-5	2.3625913516482836E-7	2.9404117283209737E-5	6.533234265147106E-10	2.783133545981062E-6	6.094679680598353E-7	3.081087516634705E-11	7.096482239565161E-5	2.6787669900998263E-5	5.148712136760537E-5	4.7260831602851735E-7	1.520427655942235E-9	1.4461850258356746E-5	2.102617186881142E-8	2.707929429143677E-8	2.5982382375021067E-11	6.082410009495268E-9	1.3003556169236925E-12	2.2248016160151748E-7	1.502096353161125E-6	4.519153910813948E-6	1.3783662897322367E-6	6.948430782509006E-7	1.9126550337309857E-7	3.038178616508255E-7	0.0	3.038178616508255E-7	4.151477027432221E-11	1.4885096946722602E-11	3.6365952442566982E-9	1.9966086170615004E-6
1.3419758429923613E-4	1.4727754509952283E-5	2.8390045788115166E-7	1.222725016694989E-5	2.4733784259759858E-9	9.729605860576573E-6	3.921373200189857E-4	5.596087666042434E-10	1.8944979129888596E-4	8.079835736277499E-5	1.2452585728661762E-4	1.3102617290848665E-6	4.597864587117743E-9	4.12027716593958E-6	9.525791118756315E-8	1.2756382133334214E-8	2.6293519439246435E-10	1.2381523407214285E-8	2.3208285172619057E-13	6.0107194802044545E-6	1.5048906564592528E-6	3.4658538124316546E-6	2.202841169422939E-6	1.469923782043999E-4	2.2505152786350229E-7	5.09308573779294E-4	5.089162799103153E-4	2.548500548204623E-4	4.930720250218548E-11	3.1071976302806827E-11	6.471551186848456E-10	9.07589755354028E-6
4.028936757531371E-5	4.427246441104201E-6	8.557907924866784E-8	3.6757159548576296E-6	7.422707049376572E-10	2.9309227762208158E-6	1.1764134165848209E-4	1.6805445245978474E-10	5.687414861716709E-5	2.4253713530909928E-5	3.738583118995056E-5	3.933309985807867E-7	1.3881763504425449E-9	1.2399702586919883E-6	2.8594921005587006E-8	3.833332583186763E-9	7.891070582539459E-11	3.717175641400491E-9	6.966836271177559E-14	1.803323315985698E-6	4.523365679259291E-7	1.0416659226142911E-6	6.616246848361561E-7	4.409837107237891E-5	6.762429510887053E-8	1.1785757087415453E-7	2.356891771944923E-8	1.273471170502901E-4	2.448238830617075E-8	7.747164744836174E-10	1.9426751238804007E-10	2.728374168494051E-6
1.27487185394141E-4	1.3991309750129172E-5	2.6970433556144085E-7	1.1615840307666057E-5	2.349699926335144E-9	9.243087888924895E-6	3.7252893543707877E-4	5.316261611474317E-10	1.7997656807552443E-4	7.67581265969836E-5	1.1829908218663605E-4	1.2447435685445579E-6	4.367953552189032E-9	3.91424735156261E-6	9.0494646734834E-8	1.2118513626628239E-8	2.49787416436731E-10	1.176239928848264E-8	2.2047781038176426E-13	5.710160229235675E-6	1.4296402958352164E-6	3.292547700033226E-6	2.0926905802854116E-6	0.0013483152280619394	2.137980799415355E-7	3.7267765634288264E-7	0.0	3.7267765634288264E-7	4.6841651431264655E-11	2.9518257159125614E-11	6.147948565942398E-10	8.622067528774481E-6
5.3487967008146295E-8	7.663458325813522E-9	3.346792292771512E-9	5.0059053324499686E-9	7.088030141332981E-13	1.0599473869904529E-8	3.3271135755117997E-10	1.399448992812411E-13	4.692237023390344E-8	2.500475156031541E-8	3.7980983064879136E-8	4.155629162382056E-10	2.5280212511165186E-11	2.3563817300565545E-9	5.727720496102056E-11	2.8935612222713015E-12	3.004921245589044E-14	4.1905013995718354E-12	1.347828449855229E-14	1.7196296052028947E-10	7.770952376311629E-10	2.2022818609620474E-9	9.66643516689042E-10	9.004030443066264E-10	5.061746837662936E-10	1.3518849605852738E-10	0.0	1.3518849605852738E-10	1.7839043212583683E-14	7.399817540257518E-9	3.7711764654957746E-11	5.7567063190160705E-9
1.238179493328245E-8	1.983226438457263E-9	4.586257578385672E-11	1.8532302672012478E-9	1.7991150180393107E-13	5.667744814002247E-9	1.0912612105021381E-10	1.909043026647435E-14	1.170287170520697E-8	6.347474549839043E-9	9.680153425946838E-9	1.058936432160464E-10	4.902768571733351E-12	1.2602061553815274E-9	6.345963871105808E-12	1.2800757262124566E-12	6.275444927987812E-15	1.2600553628723E-12	1.7825131262393797E-17	4.749191985790317E-11	2.112429582155617E-10	1.2715698214833317E-9	2.4060261897930655E-10	4.3349214855893813E-10	3.267974800213968E-11	3.57410023329774E-11	0.0	3.57410023329774E-11	4.248994528770144E-15	2.651132439356015E-15	4.9569641748668864E-14	3.499925050969733E-9
2.2475842873445747E-7	8.116302448068355E-7	2.542753535606413E-10	3.220817840551448E-8	7.006355933379648E-13	1.0109191459179624E-7	1.2125335377480295E-9	4.1689838976715166E-13	1.2429959322878347E-7	3.655800482413454E-8	7.037727684514232E-8	6.158715704461834E-10	7.154972050284729E-11	2.2587374037072302E-8	7.973787770631861E-11	2.400019721171763E-11	1.1190833137153422E-13	3.494359742545576E-11	7.719958782919131E-11	8.383354519306306E-10	5.9934104871846716E-9	2.450682632306026E-8	4.977709234641996E-9	2.3872296655802886E-9	1.702307351532836E-9	5.422218043227523E-10	0.0	5.422218043227523E-10	9.70150387065186E-12	1.809352032639159E-14	2.160067358537471E-7	2.639752554469008E-8
0.0022894832940070337	1.2884055651321037E-4	2.7466462836584817E-6	2.0978521477503124E-4	2.0966923408176347E-8	7.852033391154877E-5	2.425233203896868E-5	1.1061020797868452E-9	0.009407024681288324	0.0018004186483241156	0.0034473656399001272	2.669836384548207E-5	4.7456257988112833E-8	4.736194706001068E-5	7.623559601047949E-7	1.0183209823491728E-7	9.288584965776494E-10	1.1091290254809089E-7	1.918338357398212E-12	6.690113510104381E-6	1.483049665012603E-5	3.299215018115799E-5	2.385016370242739E-5	2.6289955650550635E-5	2.2129494879448827E-6	1.2081163737263038E-5	0.0	1.2081163737263038E-5	1.7378868603261016E-9	6.080776853890214E-10	5.3475708803015125E-9	6.909753660455902E-5
