32
NULL,open@__open_nocancel,fstat@_fxstat,mmap@__mmap,read@__read,munmap@munmap,open@__open64,close@__close_nocancel,rt_sigprocmask@sigprocmask,exit_group@_Exit,rt_sigaction@__libc_sigaction,sched_yield@sched_yield,mremap@mremap,time@time,read@__read_nocancel,mprotect@__mprotect,madvise@madvise,lstat@__lxstat64,openat@__openat64_nocancel,write@__write_nocancel,syslog@__syslog,getpid@getpid,writev@__writev,close@close,stat@__xstat,socket@__socket,fcntl@fcntl,connect@__connect,getdents@__getdents64,lseek@llseek,getrlimit@__getrlimit,write@__libc_write
1.0581031162831067	7.085386721105156E-4	6.445576084909063E-6	4.6055060072069514E-4	4.1326796721043485E-8	3.714793447807322E-4	4.159148496384279E-5	3.573399374425604E-9	0.00999618489009268	0.0023935466429669855	0.0045159708246025635	3.8490093409841533E-5	1.6359618950565302E-7	1.0685400162501865E-4	4.147325216689098E-6	2.289055949277397E-7	3.837645922461375E-9	5.048630062731997E-7	3.9670794888330046E-12	1.878829657440074E-5	9.76490012529462E-5	1.1784272168424536E-4	7.108316401587573E-5	5.9511973643267234E-5	1.4921486738219201E-5	2.0010207431924068E-5	0.0	2.0010207431924068E-5	2.6928142686629582E-9	9.979533947317238E-10	1.0946265151667083E-8	2.313968116280364E-4
6.543125976103383E-4	3.631057078220691E-4	1.9968636766828975E-5	2.4586521692117867E-4	5.903224974984007E-9	1.3082571617411022E-4	2.948749005701481E-6	1.063669899075915E-6	4.851543238656302E-4	1.3113754105909816E-4	2.4635888941415643E-4	2.1712535249422118E-6	1.9827807268107516E-8	1.865102446625216E-5	1.980746369459783E-4	6.913175098484852E-8	1.9496795708243125E-9	6.365711705974835E-8	4.812132327202954E-11	1.614139445308487E-5	7.846098931588014E-4	1.5856081822842493E-5	1.3725218239889034E-5	5.244238537229368E-6	2.377629296816932E-6	1.3658532721843087E-6	0.0	1.3658532721843087E-6	1.700024329175204E-10	5.948041962383352E-11	1.0275309966160991E-8	3.944110589632385E-5
1.422380068545823E-5	1.8106011943016735E-6	8.550257264172905E-8	4.765806598625546E-6	8.472077920329898E-11	2.2066599897594536E-6	1.2729809836353219E-7	2.878354378587153E-11	9.610875878748739E-6	3.88667852145489E-6	7.26735274803879E-6	6.93281721499414E-8	5.617930664321424E-10	2.7200402847155447E-7	3.2536345940447677E-9	5.111887748781489E-10	7.0183480989391126E-12	1.0449189440938459E-9	2.937107912457951E-14	3.462030978165416E-8	1.9062399538419457E-7	2.506386336477655E-7	4.971488819063747E-7	3.5673813644005195E-7	3.454225541214998E-8	6.226060208452232E-8	2.2442723428743652E-8	6.226060208452232E-8	8.421648768585105E-9	2.6540161050410813E-10	8.192429604394467E-11	7.950188583801858E-7
3.6294342255016517E-4	1.1201445223986711E-4	7.593501803521296E-7	0.0011832583627735425	5.4152422225522E-9	0.0016124937834498024	8.420823257253239E-6	3.303383618165007E-9	2.190503071004997E-4	6.357816046043058E-5	1.2219172167695855E-4	1.0825874823112219E-6	1.4696481145682508E-8	7.934459345833838E-6	1.871179388671346E-7	3.6238112419997344E-4	6.637717080872288E-10	8.096975076787275E-8	5.126157145709742E-13	6.607577482721126E-6	7.784019630742469E-5	1.1198436535331748E-5	6.707287830705303E-5	5.889705122824869E-6	2.324959741548778E-6	4.4132789100117955E-6	0.0	4.4132789100117955E-6	9.472879340670832E-11	3.172084723107767E-11	1.4226004233017868E-9	3.129572525509896E-5
4.2702433005749147E-8	3.0105299926743165E-8	2.991768308309992E-11	2.3433214855201188E-9	1.1699881722767143E-13	1.8135007035474027E-7	1.3877924864958932E-10	1.8977937354526516E-13	2.2843562379099064E-8	5.602476527108186E-9	1.0342285748854671E-8	8.965200803369086E-11	6.984544734183194E-13	3.8956734614728575E-10	1.4422395092211183E-11	8.128402309247206E-13	1.227577402901996E-13	4.756799659614585E-12	3.581992341768237E-17	1.557940370300411E-10	2.7458563920686097E-9	8.558545759510658E-10	2.1506238820336315E-9	1.9735825240865894E-10	1.214352896457942E-10	6.706764403195234E-11	0.0	6.706764403195234E-11	5.8518185466835475E-15	2.2656777637735333E-15	9.85610747284635E-14	1.6193292834757696E-9
5.717775368995757E-4	1.3018234644129864E-4	1.6629556153776941E-6	4.3567700474615755E-4	1.029574916725748E-8	4.5379061250257864E-4	3.891079098016589E-6	9.415269746605452E-9	5.396040333369849E-4	1.534354714460673E-4	2.872841654320952E-4	2.566239377997564E-6	1.6500769386285543E-7	3.837749060183962E-5	1.0948232940732028E-6	6.764385951353088E-4	8.12816076098387E-10	5.880755214916601E-8	1.8066809970698424E-12	4.143463967929709E-6	4.314162283832212E-5	5.484997367137723E-5	1.536823879238966E-5	7.85605923976012E-6	1.6567195708897137E-6	1.7521124125646782E-6	0.0	1.7521124125646782E-6	2.0140093287200263E-10	7.159768811610257E-11	5.0447256634557066E-9	1.0393951057866021E-4
1.0535487777935271E-4	1.7594362586191036E-5	4.699431355307629E-6	8.427642941013825E-6	9.517105192862094E-10	6.941987720035015E-5	2.106337861079616E-6	1.0614221289800852E-6	6.793507998892182E-5	2.995964385624717E-5	4.7986048033241356E-5	5.044855207305248E-7	5.4305274994197686E-8	6.808849969950792E-6	6.858275425109435E-8	6.947438632512771E-9	1.363644586050712E-10	7.097264623897115E-9	2.7467568969067227E-13	1.934131840175172E-6	1.7443338096721532E-6	8.764273115165662E-6	1.6542731839495654E-6	1.694124703193803E-5	8.61445296971041E-7	2.0094088123182462E-7	0.0	2.0094088123182462E-7	2.3829679837072425E-11	1.2852743426995338E-11	7.668326919056799E-10	1.86777995221349E-5
2.1123915998879736E-7	4.07653582330726E-8	6.94295940373772E-7	1.2749707545325679E-8	1.2518108775401014E-12	4.3248420450723635E-8	1.241638656349084E-9	8.730839198135376E-13	1.3430616339446626E-7	5.484821054115164E-8	1.0055182220597323E-7	9.706615807222207E-10	1.4313961360744735E-11	5.063371309645675E-9	2.807257723741461E-10	7.549057254817843E-12	1.6791598116131473E-13	1.4661203220574274E-11	2.976142710724735E-14	5.242463373791449E-10	3.9314136378189715E-9	5.507153995482094E-9	3.6023342973115787E-9	2.3438978624405494E-9	4.88232180825445E-10	5.717561077523001E-10	0.0	5.717561077523001E-10	7.813288993541845E-14	2.920356417542062E-14	8.326913393657876E-11	1.501568002875289E-8
0.018569012646671663	3.2723845774333823E-4	8.933880117463623E-6	5.480160366172685E-4	7.564591450516414E-8	2.1546265236939467E-4	4.6925886204659036E-5	4.089494027061084E-9	0.005931890110065825	0.007014740739328105	0.01273015320020971	9.276745056551972E-5	1.4579596593881513E-7	1.3086012790165233E-4	2.2119038749586704E-6	2.4804445798479233E-7	3.2448170578326798E-9	3.4053491357176214E-7	6.456590657684731E-12	2.606350511400435E-5	3.730918921230908E-5	1.0911883537344877E-4	6.652597376840761E-5	6.94317541747204E-5	9.53854730316122E-6	2.1757385417915938E-5	0.0	2.1757385417915938E-5	2.992841353193117E-9	1.3024012544259109E-9	1.801103509831678E-8	2.1074901835329966E-4
0.018484945529111747	1.7368219794541742E-4	3.409983561252028E-6	3.5751956807438505E-4	2.713406912819576E-8	1.0602365964761391E-4	1.3140163108248096E-5	3.3683416258327133E-9	0.001982400938612166	4.875249996606171E-4	9.048465954432003E-4	7.829410051025962E-6	6.176686949285644E-8	4.176277562443424E-5	1.2071958938053995E-6	9.616546693856109E-8	2.203475540616941E-9	1.668671537120341E-7	2.556444053716321E-12	2.1554049866354305E-5	2.050233605036942E-5	4.9692257179394105E-5	2.998066492099744E-5	2.3561183432280175E-5	4.882342839407713E-6	4.802329574724805E-6	0.0	4.802329574724805E-6	5.509935583528252E-10	2.0095530756841306E-10	7.117450136067269E-9	9.947751398389861E-5
0.017346056097912736	2.3046949233547522E-4	5.172524458787723E-6	4.123345749543939E-4	4.197993938335144E-8	1.4409070610593976E-4	2.973218816137572E-5	3.438617588660701E-9	0.0037306798265457825	0.006629105627485371	0.005199548878446607	1.1478434239257754E-4	8.83353842915943E-8	7.318051999738848E-5	1.5368419605451754E-6	1.585481074743969E-7	2.5507936183349756E-9	2.1910017320247464E-7	3.7740283482113E-12	2.1837273594993996E-5	2.6793987661905954E-5	6.79536769286665E-5	4.180812186450729E-5	4.124106502726079E-5	6.2876794863646454E-6	1.3432335784629054E-5	0.0	1.3432335784629054E-5	1.837024477104353E-9	6.903016175240051E-10	1.0518658741351657E-8	1.335898890526451E-4
1.871820937016752E-4	2.2195564204136746E-6	5.0324570762810745E-8	4.178306908707978E-6	4.120652059093176E-10	1.395961468096656E-6	2.392689818366417E-7	3.617683262091412E-11	3.219273440282837E-5	7.175262041667115E-5	5.123735046433834E-5	3.919220523772143E-5	8.662809591905334E-10	6.816701943377485E-7	1.5171881687487393E-8	1.4331563954818486E-9	2.5472935152101714E-11	2.186575708282526E-9	3.700469214691513E-14	2.309656015793846E-7	2.5833326693058534E-7	6.731612709317803E-7	4.091142430111647E-7	3.747025352359892E-7	6.281002248881717E-8	1.022922088530241E-7	0.0	1.022922088530241E-7	1.3370992531490046E-11	5.382680556960617E-12	1.0312393483686328E-10	1.3260753247267093E-6
2.8254750655080525E-7	3.8976828293910616E-8	1.4158593607902054E-10	1.905867387995445E-8	6.406901141532923E-13	8.751492904372814E-9	8.377922394244977E-10	9.372115365396414E-14	1.1114009127205021E-7	3.067527927430564E-8	5.8031175349888636E-8	5.12253979344712E-10	4.566633544642283E-12	5.774812722748251E-9	6.807233892415443E-11	1.1795697545818227E-11	8.224007425106764E-14	3.252644472790361E-11	1.1580711662155105E-16	7.897909772917664E-10	4.516902559700929E-9	5.8735649176648966E-9	3.035027413662649E-9	1.3070192779621543E-9	8.543950922414966E-10	3.973995176958544E-10	0.0	3.973995176958544E-10	3.8697885215842495E-14	1.427602885418111E-14	3.1204161049652996E-13	2.1885443166811056E-7
4.127241089295289E-4	1.4570443246912824E-4	3.993140976899606E-7	1.4876646564140138E-4	3.366754869674743E-9	1.433647654204914E-5	1.7966127777498446E-6	1.3937912940349586E-10	1.7629112629145337E-4	6.000865124795633E-5	1.1597386673821951E-4	1.0575012203820684E-6	9.132186273094073E-9	7.21575294459286E-6	3.487226043128744E-6	1.4657870238197657E-8	3.340725953022311E-10	4.548677925067699E-8	1.943107033103698E-13	1.0169179493400818E-6	5.2880694801436446E-6	3.624859191849925E-5	5.524118081222567E-6	2.7815210678508216E-6	1.2281929825737925E-6	8.627292292279726E-7	0.0	8.627292292279726E-7	9.452598282911719E-11	3.269203949298502E-11	5.29413951385188E-10	1.1945844533216799E-5
2.472185473781632E-5	4.331174949518226E-6	3.262592530524775E-8	1.0746936671786934E-5	2.5844150091749674E-10	1.027619970778894E-6	1.4839546621311584E-7	2.4413738713591827E-11	5.025981277671247E-5	9.748069284645669E-6	1.880080197076229E-5	1.48338941839757E-7	7.918730648580055E-10	4.4426541807800924E-7	8.372934329150922E-7	1.274904757062194E-9	1.793116440346929E-11	1.126877552281032E-9	3.889722291152682E-11	9.216120235942131E-5	1.3599211011022484E-7	3.801086277669899E-7	1.6681488624731386E-7	2.405888878453587E-7	3.7590537817291923E-8	6.952687942677974E-8	0.0	6.952687942677974E-8	1.5054754389737177E-11	3.490533316966745E-12	8.388208657152015E-9	1.1670191316500066E-6
1.1034670622961346E-4	1.1366385978255778E-5	5.231568822688657E-7	1.591388657158199E-4	5.866695591650757E-9	5.287743983962027E-4	9.904342278614256E-7	5.150729288019587E-11	9.09634276419131E-5	3.4363742917752E-5	6.929314801815108E-5	6.294256367147191E-7	8.852247354316868E-9	4.774616674095414E-6	9.31392535215157E-8	1.531020095470865E-8	6.419980776512937E-11	1.8320573409458895E-8	8.433530435559748E-14	2.3683258771546483E-7	1.157806089694506E-6	6.436843217023252E-6	1.2839289551531112E-6	2.128211754839451E-6	4.6945104893489446E-7	4.3634134580035355E-7	0.0	4.3634134580035355E-7	7.065448353678652E-11	2.1231923940645752E-11	2.3469648868211853E-10	1.1999970371185396E-5
8.515905805156149E-9	1.2231947774146668E-9	1.0535888960090489E-11	4.317442274677428E-10	4.680408342953401E-14	7.154012687010494E-10	3.1266433940856724E-11	9.949810780088162E-14	6.368789875382277E-9	1.9343356897384155E-9	3.291477248257841E-9	3.131723573832592E-11	1.8517383114114133E-13	1.127620105551267E-10	1.1708521629973018E-11	1.981074598804134E-13	4.9047569201434806E-15	7.23039445813633E-13	1.4631061467829792E-17	2.3490979398593623E-11	1.214351928712804E-10	1.4545974443913947E-10	1.168826752048419E-10	5.313517741607521E-11	1.7955649089188104E-11	1.4700663104060772E-11	0.0	1.4700663104060772E-11	1.608848795089555E-15	7.645741878953673E-16	4.072672584835225E-14	6.195959050166358E-10
3.3103663754391475E-7	1.4677507957206174E-7	9.925519319350486E-10	3.801633944088791E-8	1.1526174927763815E-12	2.105958115398853E-7	2.0962894009805033E-9	2.977122992371042E-12	1.6470132201281078E-7	4.6411445332146054E-8	8.929380096813135E-8	7.855446127737847E-10	1.1696924856072107E-10	2.7085217421445257E-8	4.208427826534061E-8	2.6765678018153847E-11	5.162290140924139E-13	1.276776584706958E-6	4.78778230854408E-7	1.0864942531645636E-9	1.2118386513817326E-8	2.9740137374403807E-8	9.78167990331543E-9	9.610559565529287E-9	1.8353290294870255E-9	6.306376673851114E-10	0.0	6.306376673851114E-10	6.360483484623943E-14	2.266094188043587E-14	1.2828743076393767E-12	9.075071404518494E-8
3.2103141801864414E-8	1.4445298283331664E-8	2.4623624205314405E-7	3.5372156740393457E-9	9.406441567354866E-14	2.2006404334357026E-8	1.9412091558205002E-10	3.9507559430652993E-13	1.4729617379371911E-8	4.103548402276784E-9	7.946456932910134E-9	6.950904758508425E-11	1.0551858623777787E-11	2.430939298296651E-9	9.163140974781653E-11	2.409965967797841E-12	5.476100402916506E-14	3.7224705154911355E-12	1.7605889558244275E-16	1.1428595446736044E-10	1.3687562201414543E-9	2.7280722651455914E-9	1.0930122666646896E-9	8.664843657754755E-10	1.7500875399010174E-10	5.950669836125334E-11	0.0	5.950669836125334E-11	1.030888199235572E-11	2.0157604880029514E-15	4.913603139401941E-13	8.735831560355955E-9
6.648722888110836E-5	2.2013297243641655E-4	3.361857725734406E-8	2.899876214564319E-6	1.8238589631305807E-10	1.8682339429957838E-6	2.2909647047485055E-7	4.210497476808214E-11	5.717494678437618E-5	1.1396250418646616E-5	2.1890836505726953E-5	1.7471996038526913E-7	8.754399064642934E-10	5.413912109459037E-7	1.6765328368212144E-8	1.5306948693804572E-9	2.85468684660545E-11	6.603773647439988E-9	2.4147885314591376E-14	9.232829239435702E-5	3.2956972939623093E-6	1.2062393757519791E-6	6.034067319149721E-6	2.9856797626032665E-7	1.708435410369227E-7	1.1177030189475421E-7	0.0	1.1177030189475421E-7	1.1810934622634898E-11	4.159511313377191E-12	6.520931576259909E-11	1.3230054362148754E-6
2.3066387855948123E-4	3.2068302415438596E-5	5.071864919485097E-7	3.3657280919549795E-5	2.8980785562543485E-9	1.526603077891257E-5	1.2667023283458049E-6	1.5516258985515241E-9	2.7357787133724715E-4	6.950715478354363E-5	1.3081630535247848E-4	1.1342322604826421E-6	6.146861293220188E-9	1.6166013676973654E-5	2.296937504826015E-7	5.1692124040121956E-8	9.64674705740995E-10	1.6235521603139634E-8	2.7875472697656186E-13	2.0282182942163635E-5	3.0117740350432318E-6	6.362405471674441E-6	3.0586551378599017E-6	1.9072915543386086E-6	4.901426679193926E-7	6.05664486097121E-7	0.0	6.05664486097121E-7	8.358808930840003E-11	3.027582726869184E-11	7.767878358230731E-10	1.6453473736319036E-5
2.3710812682808632E-4	3.210448138877037E-5	2.3795833909647835E-7	1.373370243862316E-5	8.167571015272469E-10	7.31939580122055E-5	1.8173115710103703E-5	2.4089888811133535E-10	1.0751643149850986E-4	3.445007828678124E-5	6.641385349740033E-5	5.995654150216639E-7	6.332382695163107E-9	1.8104625612226503E-4	1.0428121526826227E-7	8.147798441043989E-9	1.4787510358410975E-10	1.1196554263991788E-7	1.472601872406595E-13	2.0639808747194168E-6	1.8441564323387538E-5	5.057351449599336E-6	1.5220304799909562E-4	8.370912678178541E-6	3.51771368808532E-6	9.787927210102925E-6	0.0	9.787927210102925E-6	5.05832718833043E-11	1.810425045882402E-11	4.034102054136108E-10	8.25506068166445E-6
1.456658252870564E-4	6.800223566343987E-6	1.3030267781863063E-7	7.21943187750781E-6	1.0138956967217966E-9	4.1447530425022975E-6	6.751629070418064E-5	1.2476369848335332E-10	1.3774773670190455E-4	5.136819252409005E-5	1.028085288170101E-4	9.354622895637892E-7	2.1259454201467525E-9	2.173326913112123E-6	3.980892197208191E-8	5.989724414669628E-9	8.868870025065783E-11	5.1343545400587105E-9	9.376243451671313E-14	9.331275822739464E-5	7.490137079827086E-7	1.5824632623935703E-6	1.028664682504063E-6	2.5856645396224993E-5	1.42735550624411E-7	3.659501732360612E-5	0.0	3.659501732360612E-5	8.987520193053392E-11	3.078606103716922E-11	2.614024700656055E-10	3.393995398677462E-6
9.821887584108615E-5	6.105983116857745E-6	1.3293960659908464E-7	5.013218752862052E-6	1.1390093591694468E-9	4.347290034590182E-6	5.850954612001584E-5	2.463768067523999E-10	7.089728937673008E-5	3.3556838123884126E-5	5.073175988718794E-5	5.569330722101159E-7	2.102038830543139E-9	1.811279414590466E-6	4.3196848016421505E-8	5.4375854879230066E-9	1.3348166927041937E-10	5.160739758146508E-9	1.018425878983106E-13	2.636129939393207E-6	6.048849282976369E-7	1.5642657650857348E-6	9.621482043021384E-7	1.9023038070532787E-5	1.3538273404486276E-7	4.947369516824413E-5	0.0	4.947369516824413E-5	1.9865286011542957E-11	1.3280853056703148E-11	2.841474892762402E-10	4.017338983322823E-6
1.0412590251481573E-5	1.601754743855669E-6	2.458230962883574E-8	2.827669897085921E-6	7.47879109762958E-11	3.1886365055790237E-7	6.122610396118942E-8	3.304445683852229E-12	6.571966912247407E-6	2.5499234659723327E-6	4.925730067189312E-6	4.5914550515777135E-8	1.7910169566453326E-10	1.396216880249203E-6	2.6603839090207428E-9	2.5881407160958006E-9	7.094087557355581E-12	7.174547618859493E-10	1.232421075314958E-13	2.394809487796391E-8	1.5815023936892111E-7	4.6500520746073593E-7	1.4667065173322624E-7	7.542810835395193E-8	2.7436802728042678E-8	3.031147146804815E-8	0.0	3.031147146804815E-8	4.079788864913252E-12	1.459594947443697E-12	3.446193929892886E-10	2.268096747576689E-7
2.3072120781713392E-5	1.510360417343315E-6	2.963462246162242E-8	1.1876309659646217E-6	2.4967509528418863E-10	9.723554000920125E-7	3.716116530373775E-5	5.331327053428615E-11	1.7244473584103502E-5	7.5971324648478805E-6	1.1658214109870644E-5	1.2558838577038093E-7	4.750213416623769E-10	4.1707240004882715E-7	9.512760593023511E-9	1.2247454054364015E-9	2.905062971889168E-11	1.2861012083197395E-9	2.2588933606571073E-14	5.712964788311146E-7	1.5202390439873688E-7	3.701996420815404E-7	2.2395873223261135E-7	1.3933038251070982E-5	3.4011484784132547E-8	4.827158275717785E-5	4.823370906079515E-5	2.415469230583677E-5	4.69073136405687E-12	2.9964048545415386E-12	6.296622881797573E-11	8.940747823421818E-7
6.926726764303956E-6	4.540376586395037E-7	8.930428918008543E-9	3.570306705703006E-7	7.493073648260985E-11	2.9288292167776714E-7	1.1148365930806717E-5	1.6010621412646617E-11	5.177003389567321E-6	2.2805000829274957E-6	3.5001671586820352E-6	3.770118502058003E-8	1.433601344382239E-10	1.2549955286305158E-7	2.8557310574993803E-9	3.6804400254703287E-10	8.719277061265934E-12	3.8615363407516717E-10	6.78111714682153E-15	1.714006245857384E-7	4.56984170320749E-8	1.1125797498392035E-7	6.72715028550175E-8	4.17998336474363E-6	1.0234572573492425E-8	1.1379194423059029E-8	2.2337982985297135E-9	1.2069824420093615E-5	2.3203799178025466E-9	7.34410097321906E-11	1.8902190972705633E-11	2.6877319662650177E-7
2.1918425394122775E-5	1.4348365474930188E-6	2.815277657626015E-8	1.1282448184770818E-6	2.371903736345897E-10	9.237338645687539E-7	3.53029631291724E-5	5.0647400547963754E-11	1.6382183124390906E-5	7.217246421144573E-6	1.1075258257075273E-5	1.1930848013149063E-7	4.5126843502375693E-10	3.962171649024746E-7	9.037085724498922E-9	1.1635033922468421E-9	2.7597985732221322E-11	1.2217911673811005E-9	2.1459399448915872E-14	5.427294425014238E-7	1.444221204549153E-7	3.51688226351796E-7	2.1275992832412124E-7	1.2779109505339393E-4	3.231077883291968E-8	3.597986489489702E-8	0.0	3.597986489489702E-8	4.456176630647698E-12	2.8465730080136444E-12	5.981767353566938E-11	8.493675808539341E-7
8.186246326560806E-9	9.03214225037406E-10	3.210330279009862E-10	5.517810258386252E-10	7.036756790601294E-14	1.1586849857837294E-9	3.6603869400153926E-11	1.491337761912686E-14	4.087946997842585E-9	2.3378373548023772E-9	3.5268257939945747E-9	3.968295998011019E-11	2.469141352970927E-12	2.4701295620657686E-10	5.607657316845476E-12	3.0218681459220107E-13	3.624237773237327E-15	5.300727001210808E-13	1.2738637571459453E-15	1.919661211082125E-11	9.27289361343633E-11	2.480697028151549E-10	1.261767407769233E-10	1.0652336640539486E-10	1.9001691588431485E-10	1.463569626370137E-11	0.0	1.463569626370137E-11	1.687039653449996E-15	7.013347150159896E-10	3.5641818365805267E-12	6.145370747283921E-10
2.140116106253447E-9	2.1261839781357242E-10	4.847724474052754E-12	1.825251431083913E-10	1.8079181547882102E-14	5.43759562980358E-10	1.0901551641100115E-11	1.8905117241684934E-15	1.0495484394162483E-9	5.977272396270743E-10	9.075735437497623E-10	1.0167709035200242E-11	4.685610317264857E-13	1.21211436748289E-10	6.598070727744462E-13	1.2387095170279887E-13	8.481005158154569E-16	1.4071843913454727E-13	1.7814204869634657E-18	4.987456506312541E-12	2.266085954385017E-11	1.246077279689521E-10	2.5639571466912462E-11	4.561725674382038E-11	7.306945731960436E-12	3.5404992909817394E-12	0.0	3.5404992909817394E-12	4.054926112658273E-16	2.560703058804794E-16	4.948424628995695E-15	3.362176078084206E-10
3.451574158950646E-8	7.786227211312365E-8	3.496220390095885E-11	3.297777947889424E-9	7.395191232013503E-14	9.20975491885028E-9	1.2920094140710136E-10	4.2465538304618723E-14	1.009558039746012E-8	3.150942505218693E-9	6.098421585964221E-9	5.466665033068756E-11	6.4280034552796435E-12	2.0976924403199974E-9	8.110208160761082E-12	2.331922223394497E-12	1.47575994633831E-14	4.181188207919162E-12	7.289515268352339E-12	9.902699633255935E-11	6.720445573856131E-10	2.3456032120234E-9	5.927356885790088E-10	2.7653082156217924E-10	5.186755827601439E-10	5.702323522642426E-11	0.0	5.702323522642426E-11	9.158834795767836E-13	1.6465891927289447E-15	2.0396279545384026E-8	2.543553069120543E-9
3.98455698956102E-4	1.1779409679500102E-5	2.7552292584479963E-7	1.968679084732922E-5	2.042127867139644E-9	7.461159492570266E-6	2.340445932125649E-6	1.0314325365630113E-10	8.802367819632127E-4	1.6789691194842835E-4	3.2373663845582844E-4	2.5388686505791566E-6	4.5634072058178714E-9	4.565801829355561E-6	7.211136985158562E-8	9.692412956473807E-9	1.0272831580478227E-10	1.0136181122137324E-8	1.8334939495782799E-13	6.205554032429794E-7	1.3316445200833453E-6	3.1595835741714527E-6	2.2764190211293434E-6	2.6024340302584635E-6	2.823395337370861E-7	1.166518321457938E-6	0.0	1.166518321457938E-6	1.6813077705412015E-10	5.874662206472857E-11	5.113275590009414E-10	6.455763929982278E-6
