32
NULL,getrlimit@__getrlimit,open@__open_nocancel,read@__read_nocancel,stat@__xstat,open@__open64,close@__close_nocancel,munmap@munmap,rt_sigprocmask@sigprocmask,exit_group@_Exit,rt_sigaction@__libc_sigaction,sched_yield@sched_yield,time@time,mmap@__mmap,mprotect@__mprotect,write@__write_nocancel,syslog@__syslog,getpid@getpid,writev@__writev,close@close,fstat@_fxstat,read@__read,mremap@mremap,socket@__socket,fcntl@fcntl,connect@__connect,lstat@__lxstat64,openat@__openat64_nocancel,getdents@__getdents64,lseek@llseek,madvise@madvise,write@__libc_write
0.9817326458715303	8.971753883008421E-7	4.402177423555046E-4	2.0965866169326677E-6	1.390475904778733E-5	2.3743650272888907E-5	2.099159828223192E-9	2.0587726322996968E-4	0.005817532455290516	0.0013919966692282786	0.002608377309683793	2.191461873459723E-5	6.224365429251152E-5	2.6747953647145585E-4	1.3251705814856865E-7	1.1378666369559921E-5	5.840634997223387E-5	7.452031295730417E-5	4.308522961182063E-5	3.3103309239558634E-5	3.653491360223169E-6	2.3409989473065088E-8	9.605628116929814E-8	1.1438654019197213E-5	0.0	1.1438654019197213E-5	3.3350170008315835E-7	3.2196159145594153E-10	1.8105380110521918E-9	5.586590202400581E-10	2.176022650241255E-9	1.3860918692312182E-4
4.617968454931827E-7	1.7611402547061875E-7	6.429872558454865E-7	1.4664254714743888E-11	1.4821418223280144E-11	3.8615364660464246E-10	2.6470283210856732E-14	7.128783270694226E-9	3.579511223336278E-8	1.3097844454256145E-8	2.5672069267565643E-8	2.3186536568747077E-10	7.759110205443203E-9	1.571691688476743E-8	1.444679936952674E-11	1.3415876725779112E-10	1.1557661708005406E-9	1.5088181288113763E-9	1.3562560074109611E-9	5.511048584347072E-10	5.3293411046249725E-11	3.0993385629678895E-13	3.5067615370194876E-12	1.857843065465047E-10	0.0	1.857843065465047E-10	4.358306582873286E-12	6.29421705548708E-11	7.893355139284489E-12	7.409779315007865E-15	5.213350144340629E-14	3.0171389134290434E-9
1.1224825647406646E-4	7.365889226433849E-8	8.687130458605354E-5	5.0320177337172785E-5	1.8927449423900265E-7	6.261752462150781E-7	2.6899425045130523E-7	2.849911510942062E-5	1.0479200406056332E-4	2.8504613396485742E-5	5.31174180835928E-5	4.6287154000214934E-7	4.400536136230947E-6	5.926203301300152E-5	1.658682796414141E-8	3.992496271602254E-6	1.9744000308132115E-4	3.6867102212457077E-6	2.9899111727226998E-6	1.084001606260056E-6	4.9909082587293505E-6	1.3858412872959575E-9	4.305139721697025E-9	2.9078385776368774E-7	0.0	2.9078385776368774E-7	1.5009784350304813E-8	4.181529617233702E-10	9.360431805970233E-11	1.2519838456685054E-11	4.6499619923584324E-10	9.220332913868536E-6
4.875857305676359E-6	7.21477045840451E-8	1.0692450695710738E-6	2.0746699061944036E-7	1.5337715114397565E-9	3.4111800418017037E-8	6.002443978533448E-12	2.2488910098804992E-7	1.2234492889140462E-5	2.36149684906537E-6	4.525608373827117E-6	3.5087935502654476E-8	1.0810792613454269E-7	2.707551790115018E-6	3.133887872771145E-10	2.3303146510416182E-5	2.9712436994994894E-8	8.88029743272265E-8	3.723288000126798E-8	5.333376010432421E-8	7.339673047687575E-9	6.2943537002984E-11	1.8177777403681624E-10	1.603238681821227E-8	0.0	1.603238681821227E-8	2.64849292453816E-10	3.4224851862807914E-10	4.5579604168569925E-11	8.052206897459404E-13	4.413452955750729E-12	2.8178059587029963E-7
1.9323747620773515E-6	2.8599733768145123E-9	3.9505826492474626E-7	5.633266656158983E-10	1.8369437006955572E-9	1.4119482241878957E-8	7.254715666983953E-13	6.638406170524108E-8	1.4679652976316648E-6	5.963767165302286E-7	1.1432064589853645E-6	1.0613559918199147E-8	3.5013978153592223E-7	7.045263325179933E-7	6.487328108548897E-10	5.735061057609977E-9	3.842431832585154E-8	1.1768665752287415E-7	3.4748085929928513E-8	1.6600383459041045E-8	5.8010106861984975E-9	1.810540094531469E-11	3.8514180703016926E-11	7.024401969972418E-9	0.0	7.024401969972418E-9	1.7997135062710743E-10	1.0228243711683812E-12	1.2307906479929668E-12	3.3756068768045787E-13	1.807415092684302E-12	5.181075391207126E-8
1.905284463025419E-5	3.0501371032647516E-10	3.9459077813941456E-6	1.4213999167939818E-8	1.5141728425835705E-7	4.7650603629333915E-7	2.684464295673323E-7	1.59443620256737E-5	1.4802272089183014E-5	6.90268445312196E-6	1.0848856390174865E-5	1.1421273312494004E-7	1.5762578343129446E-6	1.8675040951432592E-6	1.6189650268585108E-9	4.812024534886716E-7	3.798838392358127E-7	2.0378012161565693E-6	3.631504006801477E-7	3.79583000158126E-6	1.1246636427271802E-6	2.2338350503458828E-10	1.251707445647391E-8	4.303514183204195E-8	0.0	4.303514183204195E-8	1.628070310374155E-9	1.138800128769851E-13	6.077585067427551E-12	2.8623216772509002E-12	3.268299496686828E-11	4.3063389026742895E-6
3.959886434727375E-8	1.4525527436208262E-10	1.0030844052798302E-8	6.621825300262224E-11	8.78084135291255E-12	2.837637656997794E-10	2.1796582468466874E-13	1.061592919696697E-8	2.9888129757677325E-8	1.2780430410799992E-8	2.3232584055366507E-8	2.2330518513330476E-10	1.2172644564043679E-9	2.9838000392008626E-9	1.7860106226607487E-12	1.2459454120138098E-10	9.53551101960069E-10	1.3500454193501609E-9	8.499464523247598E-10	5.188153721694941E-10	1.7188123269374364E-7	2.9144675686197333E-13	3.4568125618291924E-12	1.3127870885466763E-10	0.0	1.3127870885466763E-10	3.619555220265039E-12	5.192668958261314E-14	2.6514446556105274E-14	6.70979525324733E-15	4.094005603490992E-14	3.6591105882757446E-9
1.0650399733417573E-4	1.9193960872924194E-9	3.1646245733639906E-5	2.601701815892101E-7	6.402153906757576E-8	8.9502874063433E-7	2.4076798303829056E-9	1.1335280845633985E-4	1.2517821961022284E-4	3.5926396314555474E-5	6.677749832922225E-5	5.900540265604468E-7	9.474365949233425E-6	1.0936919933119313E-4	1.7112729875229778E-4	1.0205519349478463E-6	1.0726216672906744E-5	1.3656445717513902E-5	3.6786888403856408E-6	1.7324073795782634E-6	3.857984847302732E-7	2.5405754902886897E-9	4.097926256088772E-8	4.0583427016972217E-7	0.0	4.0583427016972217E-7	1.4433158299412632E-8	7.177003939277512E-13	5.555055883022614E-11	1.630551505982824E-11	2.0211211409659979E-10	2.5778954461682856E-5
0.0035976862096319326	1.3533059071819762E-8	6.197680573331758E-5	4.242284741672375E-7	4.6132471596118303E-7	1.0370991314787643E-5	9.350697708750508E-10	4.0603887346138134E-5	0.0012306568150966806	0.0017264643202241597	0.003112613631919621	2.2211764903136955E-5	2.9179309395082297E-5	1.248076722192299E-4	5.527591880183795E-8	6.085664048029492E-6	6.625132939284963E-6	2.3566404239477078E-5	1.4304946194061721E-5	1.4875433044080757E-5	1.9277700214834385E-6	1.762058712511687E-8	2.987834452220298E-8	4.79439121804874E-6	0.0	4.79439121804874E-6	7.148526754466615E-8	4.958022066697199E-12	7.827254521634569E-10	2.9190190649386684E-10	7.230398062114159E-10	4.57427083763226E-5
0.003572936353273189	9.048243226130569E-9	2.6365466464144335E-5	2.037033749429309E-7	1.7421250683496641E-7	2.3434748247077878E-6	7.748470516709161E-10	1.6975510661225406E-5	2.870856038524758E-4	7.180395573588661E-5	1.3090226666204568E-4	1.1276418031646343E-6	7.9810161112273E-6	7.962369296444332E-5	1.904177334743289E-8	5.003726719566312E-6	2.8029289415861016E-6	9.528952305652856E-6	5.74705237519603E-6	4.344705221549632E-6	6.706198330431031E-7	5.929871243250733E-9	1.1021965117596787E-8	7.515546449131544E-7	0.0	7.515546449131544E-7	2.9648005309426744E-8	3.297360487158484E-12	9.656942859307132E-11	2.8251756479478394E-11	4.722090529661512E-10	1.9552265336587014E-5
0.00336968555055536	1.035625451232699E-8	4.0526104254262115E-5	2.7960111901325593E-7	2.633221855377087E-7	6.3700233812903875E-6	7.91438197649404E-10	2.5653823296760854E-5	7.188709868615824E-4	0.0016353967594493722	0.001227440237655628	2.8066038043316675E-5	1.56039697634535E-5	9.322643174207564E-5	3.4277354839258995E-8	5.099884767943012E-6	4.360962436847829E-6	1.4011613381997723E-5	8.604811714154712E-6	8.513073398245343E-6	1.0794504398354433E-6	9.557140867120348E-9	1.718716494293993E-8	2.8487994312513823E-6	0.0	2.8487994312513823E-6	4.2991136287902675E-8	3.78488958894539E-12	4.6224267544716006E-10	1.4696432792113884E-10	5.612707328947212E-10	2.7874942014057218E-5
3.6481938404497715E-5	1.0560767406999909E-10	3.7715842222966855E-7	2.7295147624166153E-9	2.597141842818815E-9	4.953681532291357E-8	8.368457557407495E-12	2.435173355890316E-7	5.862208745037855E-6	1.7754861180948845E-5	1.212422064543382E-5	9.88860654576976E-6	1.434654540439326E-7	9.459263916068466E-7	3.051379946517992E-10	5.412367822672041E-8	4.027749272388576E-8	1.3764496465751813E-7	8.35128089281895E-8	7.592291907819047E-8	1.0457836688788928E-8	9.375590630369182E-11	1.668497105445217E-10	2.0664362620393925E-8	0.0	2.0664362620393925E-8	4.2306376496847884E-10	3.856422220376554E-14	3.2066926189134542E-12	1.0987548168078487E-12	5.588453502700428E-12	2.750095639912817E-7
7.537701826810246E-5	7.105312182322105E-10	3.6710812020710884E-5	8.371844558335768E-7	2.1418968217214414E-8	4.1158449818750016E-7	3.059407085057351E-11	3.0174585945672447E-6	3.830591917991828E-5	1.3608634274057786E-5	2.6138777410933188E-5	2.3723797277961495E-7	1.7266142583928094E-6	3.728998040912191E-5	3.525115976620988E-9	2.480022929826711E-7	1.309005232713972E-6	9.1568760674292E-6	1.3214088699578516E-6	6.048152629663597E-7	8.643383299366126E-8	8.309897901930569E-10	2.0075506132863325E-9	1.9919983713991222E-7	0.0	1.9919983713991222E-7	1.1679717711948125E-8	3.002294649215903E-13	2.5576425477803977E-11	7.357851489182119E-12	8.67380959644613E-11	2.8107676066123606E-6
7.00436039490531E-5	6.865369636986804E-10	2.766262091807414E-5	4.212369623681388E-8	3.466179747678835E-8	2.1222234359948844E-6	8.308153820103347E-10	4.079865378515886E-4	4.9285962557399035E-5	1.4516424029724142E-5	2.7751237586120817E-5	2.433637682574144E-7	1.8525958340408916E-6	2.988277039262357E-4	9.167615557639222E-5	1.6599188347636245E-6	1.9633781367662687E-5	2.706275516580819E-6	1.718205070475207E-5	1.361093350950634E-6	1.6702085771582281E-7	1.3380106099970356E-9	3.1991338212844816E-9	1.1184690083251651E-6	0.0	1.1184690083251651E-6	2.0562654355094458E-8	2.8227502529198056E-13	2.6021410077528877E-11	7.108251412066748E-12	1.6630644244375404E-10	7.557219580388131E-6
2.0642682232493812E-5	1.7240405081770623E-10	2.6168799368663313E-6	2.1280122435071924E-8	3.306787533991134E-8	2.2653807590501317E-7	1.0870310678357579E-11	1.334385951109334E-4	2.0350337212613495E-5	7.9706001323383E-6	1.6022476676315732E-5	1.4449201704589836E-7	1.142934119601427E-6	4.007493594532053E-5	3.774738309616576E-9	5.385144910768175E-8	2.5909959666876544E-7	1.5567884680120539E-6	2.840449968813276E-7	4.6868183633214483E-7	1.2263654203960413E-7	1.467530498683246E-9	2.04413520780682E-9	1.0037631090693138E-7	0.0	1.0037631090693138E-7	4.493806977337979E-9	6.520302247118473E-14	2.0355914764969352E-11	4.90121351121335E-12	1.5539937514490442E-11	2.9109080144132746E-6
1.2652896498848424E-5	5.194670922970299E-11	5.6023118386070026E-5	3.555588305273557E-9	1.4432622805556491E-9	5.288736007261694E-8	1.0219015380759561E-11	3.9073709416895624E-7	1.3563679751708154E-5	2.673425744607849E-6	5.105617525685593E-6	3.995039649928094E-8	1.240875411050749E-7	6.987792730040874E-7	3.6632291643334233E-10	2.3346802111185055E-5	8.624869275643279E-7	3.127079574768229E-7	1.576869436342344E-6	6.417518864391131E-8	6.633039812669776E-9	4.1766928341873404E-11	1.8596862574341284E-10	2.6012440374546666E-8	0.0	2.6012440374546666E-8	1.772547565726244E-9	2.6573084489816112E-14	3.1116302084366476E-12	9.245773464833502E-13	6.941980977393636E-12	3.1061261522472267E-7
4.2722094610360286E-5	3.828005133691922E-10	7.784130339822579E-6	5.444062449325129E-8	3.0398411910777365E-8	2.8960288783776444E-7	3.967904085267247E-10	3.525421569701524E-6	6.482897376462812E-5	1.6516423216852425E-5	3.085940784245772E-5	2.641409781370071E-7	4.021295197122186E-6	8.255270791706381E-6	1.2939547708151265E-8	5.120181573671054E-6	7.149444694856146E-7	1.5548731472926605E-6	7.16222457726272E-7	4.1938281288361553E-7	1.1915758562690876E-7	7.152823877764347E-10	1.388762343507755E-9	1.3905055896491574E-7	0.0	1.3905055896491574E-7	3.973481342362316E-9	1.464568501862423E-13	2.289070094380471E-11	6.9509868986730685E-12	2.4542864443512354E-10	4.026819087836594E-6
5.088545050624064E-5	2.1842677791568385E-10	7.226600552381648E-6	2.1233869733761003E-8	7.082505522547633E-9	4.660755150470827E-6	5.0258512878542535E-11	1.767854939674364E-5	2.276993622166939E-5	7.533723841277567E-6	1.4487287839469711E-5	1.297242749087265E-7	4.5607979995744344E-5	2.8183100171668502E-6	1.8105903623388288E-9	5.131495790270858E-7	4.639196221666412E-6	1.094514391088208E-6	3.927554464586902E-5	2.028792177037085E-6	3.278573061768872E-8	1.808898337244126E-10	9.89115423779137E-10	2.516152802593318E-6	0.0	2.516152802593318E-6	2.846510661368685E-8	1.0396143558981983E-13	1.3050306011972307E-11	3.93795298942589E-12	3.3960590573491004E-11	1.6167115182232753E-6
2.681789227829227E-5	1.749161042653611E-10	1.48601310613302E-6	8.243044432686028E-9	6.224182572582317E-9	1.7050360074359765E-5	3.041012318538657E-11	8.651493420094503E-7	3.127260566629904E-5	1.202704380002017E-5	2.397255819814687E-5	2.1647504678358085E-7	4.954769370799147E-7	1.6303445066933411E-6	1.4014309991000412E-9	2.3588663675225906E-5	1.5754238195974686E-7	3.5376521170127103E-7	2.2687466901274283E-7	6.506906956573257E-6	2.828555478649255E-8	2.355027732237094E-10	4.473421394179271E-10	9.240730453564681E-6	0.0	9.240730453564681E-6	1.152735824221369E-9	6.50742445505651E-14	2.448993713235053E-11	7.139225524716018E-12	2.125386542272682E-11	7.648073560905768E-7
1.8424376604665098E-5	1.307455134554804E-10	1.412394548302953E-6	9.779916944989214E-9	6.847200958643464E-9	1.4786986421670785E-5	6.223415586330662E-11	9.765032437416471E-7	1.6167517517507167E-5	8.004678263210587E-6	1.1930789233734543E-5	1.3052442774754977E-7	4.2433696778483263E-7	1.1588280107627737E-6	1.3192524889288967E-9	6.628607255533526E-7	1.3524335455496667E-7	3.6474601626045637E-7	2.214441796869835E-7	4.790530665538154E-6	3.001479262573702E-8	2.7420658738085924E-10	4.6259583404141197E-10	1.2505094847022144E-5	0.0	1.2505094847022144E-5	1.2171299437416986E-9	4.9045739562737777E-14	5.308476659956338E-12	3.0675134328555708E-12	3.340902469083235E-11	9.527200646711617E-7
2.6519089600927318E-6	3.00033107273671E-11	4.3902865606890267E-7	6.572957207692779E-10	5.651588609907045E-10	3.013193232118378E-8	7.086360686242487E-12	5.335971359689157E-7	2.1418748046152655E-6	9.049090855946508E-7	1.6796734913573014E-6	1.594331084626643E-8	6.355225403674021E-8	1.186438760893642E-6	1.1976533003729475E-10	8.214284808735269E-9	4.573864929608961E-8	5.953018954284326E-8	1.2307704802787464E-7	8.392744356789333E-8	2.0932850285488853E-8	1.9641262917910788E-11	1.2851166960068755E-10	1.4843715679917379E-8	5.669194764281964E-9	1.4843715679917379E-8	2.575425801179323E-10	1.1522738083389448E-14	2.1274653955288333E-9	6.699401158876873E-11	1.6657839539644681E-12	1.9061961279214407E-7
7.761839975407888E-9	4.965509426137958E-14	7.510816016353815E-9	3.0441733617844188E-12	1.0010351228763339E-12	3.1194252525714835E-11	4.7405474855054594E-14	4.573376531810278E-8	5.15800609588695E-9	1.2648533713299207E-9	2.314783446322007E-9	1.9795982507847094E-11	8.78538975759009E-11	5.501651493550985E-10	1.860104333735497E-13	3.803282130365279E-11	6.822561402456038E-10	2.1198901989203666E-10	5.219332656826608E-10	4.1161747862590926E-11	6.144671116186996E-12	2.6487983334720706E-14	1.4755676291516642E-13	1.522739372487379E-11	0.0	1.522739372487379E-11	1.212565471139653E-12	2.309682957386973E-17	1.490935353330254E-15	4.89974252328373E-16	3.074569274872305E-14	3.858542622509299E-10
5.153397262461101E-8	2.14800010582565E-13	9.792062627342876E-9	1.3570626397212506E-11	5.280676306579292E-12	1.8636259501043325E-10	2.013572293251406E-14	1.7526135485501328E-9	2.4136660550168655E-8	6.760140519693504E-9	1.2708133204160553E-8	1.1105839765217295E-10	1.3907880871806433E-9	4.565644546586993E-9	2.8607228871037336E-12	1.9347625397658253E-10	1.1174888636065035E-9	1.471419891548994E-9	7.113669181088557E-10	2.712439145633256E-10	2.634601047460091E-11	1.421062163065697E-13	9.56795715744579E-13	8.928151512309625E-11	0.0	8.928151512309625E-11	8.39822931613774E-12	1.157961165875936E-16	9.86458728628261E-15	3.0758397773499527E-15	1.8982824976998414E-14	5.513682357835981E-8
4.326670772300426E-6	2.961662370714835E-11	3.5344075285075793E-7	2.1454188976745904E-9	1.5243787833649223E-9	9.396493649934631E-6	1.345420494061398E-11	2.1717397495850724E-7	3.955254090716693E-6	1.8119718065144745E-6	2.742430205979424E-6	2.941952112757643E-8	9.780547097290009E-8	2.755925931147671E-7	2.9703331107664383E-10	1.4372169081110362E-7	3.4542422679822034E-8	8.688455989559696E-8	5.163443798451886E-8	3.5219970799923724E-6	6.664997368807428E-9	6.005369167356306E-11	1.0417433986306182E-10	1.2204897277937162E-5	1.219645815727948E-5	6.1066591162662214E-6	3.0720065523877303E-10	1.1290998035440454E-14	1.2528760149863473E-12	6.913399898655328E-13	7.265288952648266E-12	2.1166832221171683E-7
1.2989800405969583E-6	8.891681447959954E-12	1.0625223321197575E-7	6.440241594912607E-10	4.5750551948804805E-10	2.818951126024514E-6	4.040333463582652E-12	6.543497948565736E-8	1.18738534004145E-6	5.43903789671076E-7	8.233474350278667E-7	8.83146102466408E-9	2.94346464580455E-8	8.285527273052554E-8	8.926197785067645E-11	4.3119136308804496E-8	1.0383872425014345E-8	2.6113074323604564E-8	1.5508814494748246E-8	1.0566142661889047E-6	2.0091739905680264E-9	1.802258802482126E-11	3.145971704524923E-11	2.5355941280187646E-9	5.642736568355748E-10	3.0516546749634954E-6	9.223438494483803E-11	3.38995923895517E-15	5.861652284989435E-10	1.853204020108571E-11	2.180576243065239E-12	6.363351197627593E-8
4.110320478330812E-6	2.8135677829211313E-11	3.357673464825986E-7	2.0381396444965E-9	1.4481539409263804E-9	8.926632578816887E-6	1.2781442591173289E-11	2.063144351881999E-7	3.7574760691650096E-6	1.7213661991930687E-6	2.6052980754153678E-6	2.7948431141912414E-8	9.291481866528924E-8	2.6181189620620015E-7	2.821804952392065E-10	1.3653504969760386E-7	3.281516777772818E-8	8.253999543389222E-8	4.9052516127088744E-8	3.231239677532818E-5	6.331721689668683E-9	5.7050774527494234E-11	9.896521944702418E-11	8.017131943687057E-9	0.0	8.017131943687057E-9	2.918394328194325E-10	1.0726404408438167E-14	1.1902273623814112E-12	6.567703131066898E-13	6.901996369643641E-12	2.0108408639979905E-7
6.172808277070295E-8	5.656932816096038E-13	3.595324449866552E-8	1.01410984836288E-8	9.779920457716047E-12	4.667926438628043E-10	7.43957812276343E-13	5.216440600695707E-8	3.5732604254095464E-8	1.0217874229019774E-8	1.957238451717858E-8	1.7035346537249077E-10	6.7346589645898465E-9	9.068837683071057E-9	6.524623882260438E-12	2.5844694152020234E-10	2.9458942970076454E-9	7.468274006649891E-9	2.294846442859069E-9	2.1177615851382714E-9	2.1477562964447778E-10	2.6232824834298417E-13	2.9026925531878647E-11	1.3947496604989543E-10	0.0	1.3947496604989543E-10	3.2252289170811955E-7	1.2094285486340768E-7	1.633088677300614E-14	4.901400956897532E-15	1.2762330231872017E-13	2.2582661850160414E-8
6.192065990476885E-9	2.980654248497319E-12	3.604734254455443E-9	2.171635175351529E-11	9.467741604793512E-13	4.517309283191277E-11	9.912057263036983E-14	5.474519666445196E-9	3.3872017259176413E-9	9.774534045244189E-10	1.8908483458367212E-9	1.6415208956127184E-11	9.906519416809924E-10	9.15520376476675E-10	6.532486872091251E-13	2.7903496921026493E-11	3.3846267781635287E-10	6.889810218025438E-10	2.6202661790257376E-10	1.926699421386503E-10	6.219793185046669E-8	2.2809798670882022E-14	2.621323532362452E-12	1.4160635309199143E-11	0.0	1.4160635309199143E-11	9.4381470646977E-13	1.0692817367742817E-15	9.082716460141597E-11	4.808710386168768E-16	1.3763194384053082E-14	2.180241060336685E-9
2.166931907007894E-9	3.058771664466497E-11	1.8571031788497587E-10	1.275414018491732E-12	5.384944854061579E-13	7.2691755308299926E-12	3.1985957951416604E-15	2.4606804206298004E-10	9.404199945076962E-10	6.100175297721172E-10	8.92509120725729E-10	1.0184774636070478E-11	5.744632044011923E-11	1.170193829988281E-10	6.922123452958539E-14	4.15768222842942E-12	1.7668998202038392E-11	5.26951978797558E-11	2.2446578957722217E-11	2.0819834144896708E-11	7.954397547091571E-11	1.861874385994068E-14	5.870875496306125E-13	2.91821619586757E-12	0.0	2.91821619586757E-12	1.0178821376898942E-13	1.093212905733769E-14	1.788730089481778E-15	1.7716223608918156E-10	8.329882224521073E-16	1.3350130046579782E-10
4.0459043224921994E-10	2.4343020738048696E-15	4.977827569669806E-11	1.35774904061862E-13	1.1130376481558077E-13	2.4113063088586795E-12	4.4108238386720227E-16	1.3279626862717016E-10	2.2612620547198507E-10	1.4011069792777914E-10	2.0893169548621904E-10	2.3465034734152134E-12	2.986519686565182E-11	4.304234764847541E-11	2.9845663496727037E-14	1.157882982774689E-12	5.183378604161748E-12	3.08898221476793E-11	5.760658249786415E-12	1.0066645081921424E-11	1.0529815079938511E-12	4.267928784890097E-15	1.157722277067231E-13	7.740850806275412E-13	0.0	7.740850806275412E-13	3.3528350165303856E-14	9.783234051764505E-19	1.0582177473189217E-16	5.841820593193387E-17	1.973040391657385E-16	8.298447250638447E-11
1.5805274873192093E-9	1.73557823739015E-14	3.0129784489264224E-10	2.7927731756002668E-12	3.4106333875064354E-13	7.032254128350901E-12	2.5519344303675025E-14	1.6847509650946737E-10	1.4729343544008456E-9	4.54330086072699E-10	7.640725091873397E-10	7.209766432096137E-12	2.6141240272364017E-11	1.005422993007294E-10	4.583526731240063E-14	5.675559960001571E-12	2.937681213390466E-11	3.534740144450297E-11	2.7628857299287156E-11	1.1489376188154115E-11	2.368792067567995E-12	1.1005324932236532E-14	4.110906497969696E-14	3.325380264522519E-12	0.0	3.325380264522519E-12	1.8159753602438617E-13	6.876479764369788E-18	4.226465739100008E-16	1.727447367711231E-16	1.1977753304240233E-15	1.5175215030084952E-10
7.546221853723746E-5	6.745240436784698E-10	2.4264988969931794E-6	1.4319970627986242E-8	1.2477038774697689E-8	5.376423708804053E-7	2.303801812147726E-11	1.487206096090182E-6	2.1446049466406812E-4	4.068598945876299E-5	7.794179924679738E-5	6.004240561153812E-7	1.0369847494907593E-6	4.558144849480391E-6	2.2091990577285535E-9	1.422321952828765E-7	2.6157588234026085E-7	6.908729913190989E-7	5.03159236607161E-7	5.727731182807864E-7	5.967753254783167E-8	4.71424059432991E-10	9.537377636517938E-10	2.6875369397444954E-7	0.0	2.6875369397444954E-7	2.1975869999805273E-9	2.4522058434379147E-13	4.550760384934783E-11	1.35216615651109E-11	2.3137256335188366E-11	1.4222690772120931E-6
