32
NULL,open@__open_nocancel,fstat@_fxstat,mmap@__mmap,read@__read,munmap@munmap,open@__open64,close@__close_nocancel,rt_sigprocmask@sigprocmask,exit_group@_Exit,rt_sigaction@__libc_sigaction,sched_yield@sched_yield,mremap@mremap,time@time,read@__read_nocancel,mprotect@__mprotect,madvise@madvise,lstat@__lxstat64,openat@__openat64_nocancel,write@__write_nocancel,syslog@__syslog,getpid@getpid,writev@__writev,close@close,stat@__xstat,socket@__socket,fcntl@fcntl,connect@__connect,getdents@__getdents64,lseek@llseek,getrlimit@__getrlimit,write@__libc_write
0.973860655512694	0.005032721877335458	3.998687428884062E-5	0.0029778963193089914	2.546021039888907E-7	0.0022895351000917345	2.637004212544061E-4	2.2851664067282524E-8	0.06437098226482589	0.015331842601397982	0.028775038390992328	2.4214465480526905E-4	1.074860402367908E-6	6.843291420601922E-4	2.3911731881382185E-5	1.4673621108167552E-6	2.2495030753401843E-8	3.849641621664489E-6	2.561699968011468E-11	1.2887312971537955E-4	6.653369754118785E-4	8.441381262541646E-4	4.8095883056688434E-4	3.6846270004802856E-4	1.2014601357990666E-4	1.2676520114568925E-4	0.0	1.2676520114568925E-4	1.6662366463350777E-8	6.178636970929125E-9	7.04414559463702E-8	0.0015346829533717126
0.00128697217463211	0.0010476248145876255	6.084093527342344E-5	7.218554690190062E-4	1.7514740825971733E-8	3.5462544454988227E-4	7.751544090035642E-6	3.2661752825997816E-6	0.0013033044163742228	3.5400616828492183E-4	6.59715875177129E-4	5.766919551348238E-6	5.59807382041811E-8	5.496123172500915E-5	6.07838972437548E-4	2.0237487178519588E-7	5.8653193750719585E-9	1.7067932318623414E-7	1.4766072408847652E-10	4.82959874847265E-5	0.002397240315323139	4.46577106603607E-5	3.638670134654222E-5	1.3781198796005603E-5	5.820084625095473E-6	3.568188451867215E-6	0.0	3.568188451867215E-6	4.4882680155343816E-10	1.55974501774022E-10	3.122469117852809E-8	1.1425594813083296E-4
3.0202051797244174E-5	5.201487238026947E-6	2.5735979503999326E-7	1.4444674616631244E-5	2.4403866368174864E-10	6.602534531953795E-6	3.701036951735319E-7	8.681764616991095E-11	2.682469189313906E-5	1.1159336315948007E-5	2.0737935396778885E-5	1.969091332260579E-7	1.6324613352025021E-9	7.904696643081386E-7	8.673019033229257E-9	1.471136247913533E-9	2.128514054778588E-11	2.9610660891672505E-9	8.705797488648918E-14	9.709680395682169E-8	5.421920426086765E-7	7.154329510595431E-7	1.496830767019019E-6	1.031977246475782E-6	8.049464825578358E-8	1.8153411013235784E-7	6.892237068929952E-8	1.8153411013235784E-7	2.586180381147804E-8	8.145522605750666E-10	2.428846498427341E-10	2.3511967206212152E-6
7.819581928524832E-4	3.3084664514558353E-4	2.18503739643406E-6	0.003628723747561304	1.649947193251277E-8	0.0049612758818727174	2.5860761736056667E-5	1.0123319873402656E-8	6.136393186323157E-4	1.8020114199496134E-4	3.443904088599003E-4	3.0287422903756716E-6	4.2612515402904794E-8	2.355144504412745E-5	5.438612294628253E-7	0.0011128826919816013	2.088514763555635E-9	2.423340363139681E-7	1.5324838683579164E-12	2.0027376238666544E-5	2.3784123400578724E-4	3.28741495853027E-5	2.0855784183583704E-4	1.7102201607594815E-5	5.600256195894627E-6	1.3591798213764836E-5	0.0	1.3591798213764836E-5	2.657606992550928E-10	8.833190664207867E-11	4.255203729332189E-9	9.398298705749154E-5
9.1298258503328E-8	8.995744274642366E-8	8.110715806010833E-11	6.5128820252597275E-9	3.332182307559283E-13	5.563106136337846E-7	3.7507052575162313E-10	5.766049133849108E-13	6.32384983317599E-8	1.5492112611048195E-8	2.8366946582288602E-8	2.4336422117095564E-10	1.897089509351777E-12	1.0885652659104913E-9	3.8931882512827716E-11	2.225364291940588E-12	3.771335435806748E-13	1.3236927602410971E-11	1.0437943849785083E-16	4.3343058357736297E-10	8.144232614965077E-9	2.389380031953507E-9	6.298765784593219E-9	5.114460927448146E-10	2.697947305926072E-10	1.817860995710975E-10	0.0	1.817860995710975E-10	1.5472467200420605E-14	6.031526243558423E-15	2.874461311675874E-13	4.683746853630628E-9
0.0012015618968658946	3.8141542762566797E-4	4.842673459442253E-6	0.0013294113559972672	3.134074045085598E-8	0.0013841313900296139	1.1106515305882395E-5	2.88348300047011E-8	0.0015563867106626584	4.4447992873639065E-4	8.267798058269778E-4	7.3200199819166385E-6	5.028099371530793E-7	1.1656910154778296E-4	3.2933928861002666E-6	0.002077362296512733	2.5836704533345307E-9	1.7000436635700135E-7	5.486149438166873E-12	1.2312850102043362E-5	1.2996302364332084E-4	1.666068439982359E-4	4.504091292490769E-5	2.1866938449278733E-5	3.994350581537225E-6	4.996514449286501E-6	0.0	4.996514449286501E-6	5.703300081532105E-10	2.0216392191424397E-10	1.5322168825466718E-8	3.159574744586091E-4
2.1876625597390728E-4	4.9195224564030375E-5	1.3874915557703373E-5	2.36107307677571E-5	2.799708251459166E-9	2.0363707837540117E-4	6.075368846738773E-6	3.2596262266378147E-6	1.886603539324807E-4	8.603897769972614E-5	1.3603116839420618E-4	1.4280012329184905E-6	1.5981318832146943E-7	2.0065882330013528E-5	1.876210210714505E-7	2.0264190448013632E-8	4.1960484538298566E-10	1.9433112131253667E-8	8.185168029835245E-13	5.848605277710251E-6	4.73781656032966E-6	2.5806278260355082E-5	4.593570958882147E-6	4.759628340992578E-5	2.457641084651653E-6	5.457771591279015E-7	0.0	5.457771591279015E-7	6.463878603917048E-11	3.59052320501474E-11	2.2857343420551356E-9	5.4831364764617224E-5
4.486308344219507E-7	1.1907321273388096E-7	2.0805681079877714E-6	3.624368049845195E-8	3.616018438712765E-12	1.3048732234988056E-7	3.4929910263239115E-9	2.6577107942699564E-12	3.73548560138104E-7	1.573118781226471E-7	2.863631393048972E-7	2.753281648635188E-9	4.2895997618706455E-11	1.495659627401287E-8	8.338882569809183E-10	2.1739306437861214E-11	5.131346415554517E-13	4.091012941940236E-11	9.15843317842221E-14	1.4608569843548642E-9	1.131113765366748E-8	1.6171190909843856E-8	1.0308198231913295E-8	6.459885335584442E-9	1.1276387091614828E-9	1.6066944798487548E-9	0.0	1.6066944798487548E-9	2.2102478959242024E-13	8.259182027660819E-14	2.562440556512682E-10	4.482967051346096E-8
0.04073370118576111	8.374643753501793E-4	2.4924707407457144E-5	0.0015830480693498593	2.2134615096886372E-7	5.754853061147384E-4	1.3249496031308348E-4	1.1829683037207809E-8	0.016509277231292557	0.021278007910595895	0.03843086043910067	2.75679282335402E-4	4.057318365147204E-7	3.7536728464878397E-4	5.9642460079513215E-6	7.06516177218624E-7	9.727762933872561E-9	9.190368025058058E-7	1.8721284918493836E-11	7.596655287508377E-5	9.238833855683758E-5	3.0641721940953776E-4	1.8483295303340098E-4	1.9137192727147097E-4	2.2923805879581018E-5	6.11978790040308E-5	0.0	6.11978790040308E-5	8.43609137336876E-9	3.698753234520683E-9	5.225266099602368E-8	5.989891903727336E-4
0.0406525334756404	4.1512769153624385E-4	9.359873472866534E-6	0.0010375144419291094	7.886601697747514E-8	2.729166023651974E-4	3.4958366281689285E-5	9.853981607242126E-9	0.0050720940243098485	0.0012483554720601519	0.002297090413157357	1.968763131507234E-5	1.6660854696621827E-7	1.1551688275445181E-4	3.171809107307365E-6	2.669051697404326E-7	6.470573412408818E-9	4.240253960866601E-7	7.348736592999913E-12	6.333014078647568E-5	4.718373776584683E-5	1.344606986739675E-4	8.065511087523893E-5	6.266219715611673E-5	1.1729437269699373E-5	1.2178469146494018E-5	0.0	1.2178469146494018E-5	1.3668148087352267E-9	4.963986651546839E-10	2.0482450133009252E-8	2.7706427587186256E-4
0.038223355739762876	5.764767046067685E-4	1.4351038044405051E-5	0.0011959624378020397	1.2260814867523247E-7	3.797383438086417E-4	8.340754641336324E-5	1.0028046359556725E-8	0.010204931967569848	0.020182893246206545	0.015511069751438821	3.466444182698272E-4	2.429938519375001E-7	2.0770607446165846E-4	4.095142235256626E-6	4.491912369540256E-7	7.591373025214781E-9	5.761400848765059E-7	1.090996488461228E-11	6.407315943532124E-5	6.473669724894106E-5	1.8806265232519548E-4	1.1465986508487994E-4	1.1286618052773144E-4	1.5104820345012064E-5	3.740284422675912E-5	0.0	3.740284422675912E-5	5.128519961147748E-9	1.9278917382690182E-9	3.0430940545996985E-8	3.768095855427936E-4
4.1382438604611535E-4	5.507176220034721E-6	1.400397371120275E-7	1.2176432182280642E-5	1.208113964025844E-9	3.6767606183764614E-6	6.664357414221517E-7	1.0606302387948516E-10	8.71124261795798E-5	2.191043308252518E-4	1.537512008660786E-4	1.2030960061194709E-4	2.385591058679476E-9	1.9355918637852097E-6	4.053418620337591E-8	4.060087681708596E-9	7.587241786147239E-11	5.741127908675264E-9	1.0740146925952029E-13	6.808067269975013E-7	6.183003736405002E-7	1.8637211986281724E-6	1.1237035791435688E-6	1.0233938167142496E-6	1.517309511597128E-7	2.8113430046050985E-7	0.0	2.8113430046050985E-7	3.677220232016326E-11	1.4876002348047077E-11	2.995527567772207E-10	3.7486515017931108E-6
6.090497434851168E-7	1.0805407798658093E-7	3.6326976585300955E-10	5.403400501414587E-8	1.7693709103262894E-12	2.2635556928766775E-8	2.2225640648794835E-9	2.469945823919957E-13	2.9463726106465753E-7	8.243925707027907E-8	1.5501970082402318E-7	1.3589310615331323E-9	1.2286267791901588E-11	1.697318434502001E-8	1.731405941267213E-10	3.442263677696587E-11	2.427151724730776E-13	9.080575157779794E-11	3.1838861753139014E-16	2.132845006675513E-9	1.2384458446388045E-8	1.639998570003246E-8	8.15662501924195E-9	3.355735999219316E-9	1.901052181461019E-9	1.0552057972955787E-9	0.0	1.0552057972955787E-9	1.0194322084229142E-13	3.76509197119022E-14	8.573126490828577E-13	6.701238981901004E-7
8.674561964511526E-4	4.3459024027555574E-4	1.153930784145168E-6	4.5202663788008633E-4	1.0582791801435297E-8	4.04196382868138E-5	5.028849869813172E-6	3.868626928548184E-10	4.7654036095503996E-4	1.6867594339089727E-4	3.234981308580264E-4	2.9457992713231874E-6	2.6531246994854652E-8	2.1965988816103414E-5	1.0528316185286852E-5	4.302708518481924E-8	1.2177023534376857E-9	1.3038188584087577E-7	5.548032838212284E-13	2.7845421634930836E-6	1.4679336664350162E-5	1.1062864868439018E-4	1.5735129674694354E-5	7.656001841406225E-6	2.871540022783641E-6	2.413094232466647E-6	0.0	2.413094232466647E-6	2.640115967239843E-10	9.109602086787237E-11	1.5123131181997605E-9	3.52402180234843E-5
5.2810209536186956E-5	1.2980401128528383E-5	9.354447940639415E-8	3.295302731315505E-5	7.796699574506795E-10	2.944471974173118E-6	4.233132094452758E-7	7.311155326498879E-11	1.5043326374580807E-4	2.9015058049654953E-5	5.564339473925287E-5	4.328410261089984E-7	2.3371135513633594E-9	1.3182220904976279E-6	2.590178337453721E-6	3.793736126683733E-9	5.689278077898051E-11	3.210109696421579E-9	1.1947742302603528E-10	2.830201969109236E-4	3.6719449531182363E-7	1.1182199953067495E-6	4.6638602344244703E-7	6.722209109723673E-7	9.161648385212359E-8	1.9791293556062219E-7	0.0	1.9791293556062219E-7	4.40946096672425E-11	9.955197889225736E-12	2.5824134294667976E-8	3.508992174288983E-6
2.2933456478423805E-4	3.229049386221958E-5	1.5301461988195523E-6	4.8714138798152556E-4	1.793791769499173E-8	0.0016220613581725395	2.8240093245956055E-6	1.4398088697352397E-10	2.5581530175804276E-4	9.878505578516114E-5	1.9844515299416096E-4	1.7916619015890452E-6	2.6200440432363128E-8	1.4326387112649541E-5	2.7382278259461404E-7	4.61724696216597E-8	2.1425512116173574E-10	5.460802472399054E-8	2.4308105141132084E-13	6.599281986168238E-7	3.208070064090502E-6	1.939594747642634E-5	3.6165625267897384E-6	5.929955959178008E-6	1.1922886732764534E-6	1.2411566604972145E-6	0.0	1.2411566604972145E-6	2.0358168860034918E-10	6.05207172540872E-11	6.767796097447609E-10	3.615381721097218E-5
1.8197749903483436E-8	3.507019536678963E-9	2.9999719578742886E-11	1.214831121866503E-9	1.3751453984761818E-13	2.098949233511493E-9	8.637325777763387E-11	3.046153065080765E-13	1.825285118869799E-8	5.5931036717108614E-9	9.427872810056916E-9	8.905903182716048E-11	5.268156853038708E-13	3.2663143444552473E-10	3.52669556367265E-11	5.603201078633813E-13	1.552186619136149E-14	2.036293139601711E-12	4.397802257041835E-17	6.583213915338009E-11	3.404039501091013E-10	4.13878734003594E-10	3.3122826450219917E-10	1.4385987100721476E-10	4.103228254543736E-11	4.05877213679135E-11	0.0	4.05877213679135E-11	4.417283927736999E-15	2.137984102467642E-15	1.2246679489806775E-13	1.8561568934042307E-9
7.021137569849672E-7	4.33484760948013E-7	2.8160899385667384E-9	1.1103194240829685E-7	3.466531986594819E-12	6.423835389400166E-7	5.880961363169663E-9	9.088354853204442E-12	4.480826738079957E-7	1.280800421469524E-7	2.450227305950705E-7	2.1409476714555503E-9	3.579838437967012E-10	8.290330805526014E-8	1.2745683666853265E-7	8.00135151709916E-11	1.6388493683540077E-12	3.921014675154809E-6	1.4703443104235727E-6	2.994260084802034E-9	3.516516153690066E-8	9.053102778637411E-8	2.8158415401520632E-8	2.6794077963443484E-8	4.272779278632611E-9	1.7235208768374872E-9	0.0	1.7235208768374872E-9	1.7290419884714618E-13	6.148629013044604E-14	3.812333435592036E-12	2.7679765748985796E-7
6.858312329017495E-8	4.26608158385099E-8	7.561774121004457E-7	1.0290915712465697E-8	2.72545916908388E-13	6.714029826406432E-8	5.425100616257737E-10	1.2078368434579546E-12	3.965598015833348E-8	1.1191254962013819E-8	2.1576118287195536E-8	1.8729336178573398E-10	3.226356718814024E-11	7.4220752874498795E-9	2.732453672293997E-10	7.181653174456618E-12	1.6967959902698406E-13	1.0395601462687944E-11	5.371214796283746E-16	3.1606756042414483E-10	3.992649211578044E-9	8.26646922455484E-9	3.1571785290457995E-9	2.4087308123478255E-9	4.0498995527923665E-10	1.6199984576610076E-10	0.0	1.6199984576610076E-10	3.165678166853669E-11	5.4151182048817204E-15	1.4993974587527202E-12	2.661712757798245E-8
1.4864986298327346E-4	6.786438054502245E-4	8.989622949941884E-8	8.240932141853638E-6	5.192419856098789E-10	5.0584445128298655E-6	6.376693426463668E-7	1.236951545203835E-10	1.6596131169659907E-4	3.269087080626473E-5	6.247363007562044E-5	4.90478393110522E-7	2.4093434203975072E-9	1.531759800825618E-6	4.550894906797694E-8	4.400851314996328E-9	8.698402225895507E-11	1.9313071477205268E-8	6.774416044231747E-14	2.8350773258906483E-4	1.0275740193098696E-5	3.5124619774987024E-6	1.9130445152502457E-5	7.962181408063325E-7	3.990063611519069E-7	3.118121309653131E-7	0.0	3.118121309653131E-7	3.240711279647141E-11	1.1376402963322185E-11	1.8263847097407066E-10	3.7624001330931386E-6
4.775233496143969E-4	9.439532520150497E-5	1.5046813418978424E-6	1.0115604879723323E-4	9.056344492430378E-9	4.539199094521813E-5	3.609867490658918E-6	4.747672021932541E-9	8.041577741941549E-4	2.046721698263288E-4	3.8246341391529065E-4	3.284350192909568E-6	1.837176556475011E-8	4.966687710138868E-5	7.036437794697752E-7	1.5773220647576184E-7	3.0965539381642126E-9	4.741871652071515E-8	8.37155604674336E-13	6.217255970110712E-5	8.64815096561874E-6	1.9575930345120558E-5	8.874401668785877E-6	5.361073725385576E-6	1.2432524711431948E-6	1.722024799503507E-6	0.0	1.722024799503507E-6	2.387772432258402E-10	8.64606852335979E-11	2.333715932981642E-9	5.014400588049806E-5
5.258661143926299E-4	8.857416166951521E-5	6.214285506729684E-7	3.758876566566664E-5	2.338745438266269E-9	2.2326853361772877E-4	5.670222665944895E-5	6.919556174656088E-10	2.912433890972645E-4	9.573804002829255E-5	1.8383318545520965E-4	1.6506298211637401E-6	1.70771778035666E-8	5.551930350395862E-4	2.790133515995947E-7	2.339639654249551E-8	4.465426353560609E-10	3.4336909775286765E-7	4.109050776550567E-13	6.205682753414988E-6	5.6340067523592125E-5	1.4117930531614786E-5	4.768552124455755E-4	2.5381703004666155E-5	8.519082629140258E-6	3.056720667842268E-5	0.0	3.056720667842268E-5	1.3976453083108274E-10	4.991042548094481E-11	1.1256237744777767E-9	2.3180337996361563E-5
3.038383499833671E-4	1.8310281944625147E-5	3.6008849562517896E-7	2.0273418459942957E-5	2.934310761196468E-9	1.1347058529424366E-5	2.0712032817100416E-4	3.6977132401974927E-10	3.911973146034431E-4	1.4839466134847326E-4	2.958283526380572E-4	2.6734993768254804E-6	5.8920801306114066E-9	6.220814006061034E-6	1.09155877541478E-7	1.7281031725435436E-8	2.725196788748373E-10	1.3964717868015552E-8	2.681736681718645E-13	2.8649338534457675E-4	1.9582061683751146E-6	4.447893796437109E-6	2.83245246902993E-6	7.910287150770705E-5	3.3323092534705507E-7	1.1225090076932636E-4	0.0	1.1225090076932636E-4	2.570964139211102E-10	8.790511295195749E-11	7.479609032837704E-10	9.673234483978536E-6
2.0791008535436494E-4	1.725892794768808E-5	3.792582515855479E-7	1.4399784312439607E-5	3.3976284302827322E-9	1.2587170842516078E-5	1.7961889589481053E-4	7.493059469440993E-10	2.037460040742664E-4	9.871493796802063E-5	1.4786217676500876E-4	1.614327944083546E-6	6.035562820404143E-9	5.333830729234523E-6	1.2726578088028862E-7	1.620849375824992E-8	4.2185481135690436E-10	1.4663452746706653E-8	3.004164779948023E-13	8.052094624699921E-6	1.66136988907535E-6	4.570743426638147E-6	2.7472782660038126E-6	5.82473229560911E-5	3.281844128393433E-7	1.5188974190215733E-4	0.0	1.5188974190215733E-4	5.523465393203343E-11	3.802776845834168E-11	8.384380573079983E-10	1.1894988438247375E-5
2.1877368716768164E-5	4.6751582931444E-6	7.242604943737242E-8	8.566078497548248E-6	2.302545852023951E-10	8.93271632197088E-7	1.7373109089364167E-7	9.21156820390424E-12	1.8374576797162554E-5	7.367798535501028E-6	1.4125211168410136E-5	1.3128219264260634E-7	5.16387302980944E-10	4.2762364579076655E-6	7.688913801396985E-9	7.891314168766026E-9	2.5192699032358423E-11	2.0423017838967006E-9	3.784097419099327E-13	6.701104695081578E-8	4.532679911518298E-7	1.4309736274786313E-6	4.220121901954341E-7	2.093061745874094E-7	6.872615201111916E-8	8.601426064232326E-8	0.0	8.601426064232326E-8	1.1612267248242556E-11	4.16381504555888E-12	1.0582012302359064E-9	6.614367527096302E-7
4.896204798335928E-5	4.259424247074228E-6	8.436580433592625E-8	3.41090351896721E-6	7.441225692688303E-10	2.802546572685329E-6	1.1412444886061233E-4	1.6201964578142015E-10	4.96700360490147E-5	2.2335282290272347E-5	3.3959173181389894E-5	3.637238545269933E-7	1.3591699137937607E-9	1.2273270252649917E-6	2.7920327689936922E-8	3.646253887764927E-9	9.175417467384531E-11	3.647430583350605E-9	6.652618225445485E-14	1.744639463737198E-6	4.175404339283692E-7	1.0780752854851518E-6	6.372340585156128E-7	4.278319120298129E-5	8.165213901796643E-8	1.482327758447975E-4	1.4812736904070328E-4	7.416898101000081E-5	1.3041532223161017E-11	8.567189374246823E-12	1.8550378811206909E-10	2.640332243613589E-6
1.4699335538106353E-5	1.2805235860785518E-6	2.543071013194155E-8	1.0254689029907971E-6	2.2331959987105132E-10	8.443127316983825E-7	3.4237375431298765E-5	4.865628254432768E-11	1.4911225988997638E-5	6.7044727549387785E-6	1.0195446703572605E-5	1.0918698330068578E-7	4.1035667459632675E-10	3.6934657705945365E-7	8.381404740860334E-9	1.0957432897297681E-9	2.7539335385110316E-11	1.0951194485912765E-9	1.997070824047373E-14	5.234239043167915E-7	1.2552194460606304E-7	3.2401604383780336E-7	1.914073242422363E-7	1.2835153681691208E-5	2.4570136051729518E-8	3.167021576324917E-8	6.860070920769265E-9	3.706356763316171E-5	7.125556330396335E-9	2.2534919706913818E-10	5.5686851335975105E-11	7.937606100450963E-7
4.65137559750163E-5	4.046436539783095E-6	8.014718740627336E-8	3.240345134041101E-6	7.069135591353559E-10	2.6624083909808716E-6	1.0841778446215955E-4	1.5391803605921215E-10	4.718634189565252E-5	2.1218431680715678E-5	3.2261083012894764E-5	3.4553625325294587E-7	1.2912061546174201E-9	1.1659559210864886E-6	2.6524203181893025E-8	3.4639270729871126E-9	8.716611061528252E-11	3.4650449292366654E-9	6.319961551413988E-14	1.6574007343041642E-6	3.966617952755436E-7	1.0241673462841114E-6	6.05369887853512E-7	3.924454573392355E-4	7.756921586308258E-8	1.001360556940391E-7	0.0	1.001360556940391E-7	1.2389405107698762E-11	8.138796728455981E-12	1.762278803292395E-10	2.5083054065497795E-6
1.8049219827994157E-8	2.488651550247169E-9	9.834485792205738E-10	1.5408639017089415E-9	2.0494620047972702E-13	3.3731248622277146E-9	9.890519502801647E-11	4.3875625921489575E-14	1.124693134936877E-8	6.769861670550731E-9	1.008152530992864E-8	1.1338268028359548E-10	7.580824386135352E-12	7.226256850919825E-10	1.6307502214009854E-11	8.628721846113133E-13	1.085688463424844E-14	1.4130085895879208E-12	3.920832535433614E-15	5.231589777197013E-11	2.496240637929514E-10	7.135829096012189E-10	3.3934690477702316E-10	2.854796971797518E-10	4.619174769383948E-10	3.9188543248379204E-11	0.0	3.9188543248379204E-11	4.647929058970247E-15	2.153822637250061E-9	1.0970284116919431E-11	1.7982035878967423E-9
4.554985699974086E-9	5.981636087270489E-10	1.364935351654347E-11	5.314927882474429E-10	5.2987554376174635E-14	1.6487909020585383E-9	3.056809247027133E-11	5.557475992348861E-15	2.8867973661994972E-9	1.7330024391147102E-9	2.5982191617474217E-9	2.9096235521587892E-11	1.4298339516689878E-12	3.6762695038795733E-10	1.7923520531909269E-12	3.675363551872905E-13	2.6411982434048896E-15	3.9170498975295876E-13	5.142850713437968E-18	1.3874914730112988E-11	6.241515829866374E-11	3.7719525732001245E-10	7.200570921071911E-11	1.270534139594051E-10	1.721079449828515E-11	9.722267364455823E-12	0.0	9.722267364455823E-12	1.1103177883577838E-15	7.255264968456469E-16	1.4292050992162577E-14	1.0202972782037328E-9
7.903083965618475E-8	2.3821984003921543E-7	9.326191454825113E-11	9.694573820861093E-9	2.1172367272621864E-13	2.931294318700013E-8	3.5552605619294237E-10	1.2773315316951645E-13	2.5977062247847715E-8	8.418767782345944E-9	1.6237447471815644E-8	1.4508660359938993E-10	2.0701923355209998E-11	6.585001429777475E-9	2.1850529526232388E-11	7.027202671061922E-12	4.67029562899627E-14	1.2113500400128417E-11	2.244785390280079E-11	2.762311103967109E-10	1.9385471977129523E-9	7.405135160337602E-9	1.676942785812132E-9	7.505616645753657E-10	1.241575094062921E-9	1.5617872231757526E-10	0.0	1.5617872231757526E-10	2.818583048927852E-12	4.39614917700875E-15	6.28097601107189E-8	7.911861321533636E-9
8.543465101096277E-4	3.0930390156834944E-5	7.629668998602491E-7	5.6776328890279445E-5	5.896389097441741E-9	2.00853004871364E-5	6.67404064060124E-6	2.908664338657953E-10	0.0026396706489219433	5.005881955958084E-4	9.598848052497329E-4	7.4193603771785116E-6	1.2668241912925659E-8	1.3085635114656348E-5	1.9408265991163304E-7	2.7585272246658286E-8	3.06704614989925E-10	2.7372744300108367E-8	5.240320254142084E-13	1.7625241892239056E-6	3.390047873761799E-6	8.819832306889294E-6	6.344892271043441E-6	7.201457931374288E-6	6.631096708691705E-7	3.3279310017544942E-6	0.0	3.3279310017544942E-6	4.80477165745888E-10	1.676349212988286E-10	1.4621390456287874E-9	1.826363150000828E-5
