32
NULL,open@__open_nocancel,fstat@_fxstat,mmap@__mmap,read@__read,munmap@munmap,open@__open64,close@__close_nocancel,rt_sigprocmask@sigprocmask,exit_group@_Exit,rt_sigaction@__libc_sigaction,sched_yield@sched_yield,mremap@mremap,time@time,read@__read_nocancel,mprotect@__mprotect,madvise@madvise,lstat@__lxstat64,openat@__openat64_nocancel,write@__write_nocancel,syslog@__syslog,getpid@getpid,writev@__writev,close@close,stat@__xstat,socket@__socket,fcntl@fcntl,connect@__connect,getdents@__getdents64,lseek@llseek,getrlimit@__getrlimit,write@__libc_write
0.8469968249626458	0.009002847194850004	8.416665299926628E-5	0.005781276094452468	5.501947677688246E-7	0.004584152264168697	5.209740114116773E-4	4.7400426489510244E-8	0.12896991302024316	0.030846306752500392	0.0577596035524858	4.8571599070048124E-4	2.1516191924441257E-6	0.0014209559458289171	4.945851323358514E-5	2.919757255370505E-6	6.041569223737137E-8	6.6280955220802316E-6	2.6541443773114958E-8	2.3620620576388212E-4	0.0012041660075657404	0.001597408292103623	8.984366250171335E-4	7.324982081293617E-4	2.6295468546610887E-4	2.4999775580534313E-4	0.0	2.4999775580534313E-4	6.211346597743829E-8	1.2377767044174142E-8	7.396625479146069E-5	0.003054771125283717
0.0025248042229180975	0.002803317108055152	1.531087873340288E-4	0.0018604200004819517	3.818955632709718E-8	8.900162274798864E-4	2.1590508552241573E-5	8.28530874657751E-6	0.0035615565719825915	9.417825467456607E-4	0.0017650164289905357	1.5242708144014313E-5	1.428276768117499E-7	1.3415740887221227E-4	0.0015899470158124089	5.22078992940161E-7	1.2310899922253507E-8	5.795111550545922E-7	5.4420050045510726E-8	1.2556186410415292E-4	0.006090776794599407	1.2571804592677134E-4	1.009148402462356E-4	3.6247814340675974E-5	1.276989207791382E-5	1.0048073551215822E-5	0.0	1.0048073551215822E-5	8.877923168741249E-9	4.109259729623144E-10	9.778631354223373E-6	2.942994220897548E-4
5.9129934981533205E-5	1.59511894582492E-5	6.507006573593517E-7	3.7147874651198394E-5	6.155338498565018E-10	1.703324079196406E-5	9.800347111110026E-7	2.2583355805942748E-10	7.42049811251174E-5	2.9682484905837182E-5	5.518068784118436E-5	5.194196185764918E-7	4.2945118701208066E-9	2.0754452469001877E-6	2.327334215446379E-8	3.98206056591668E-9	4.740550748158797E-11	1.0081428628356905E-8	2.7670002872020716E-12	3.02496203881359E-7	1.692282855022241E-6	2.203714378776756E-6	3.970009152910553E-6	2.658448265916696E-6	1.5132185390381947E-7	4.805751328713275E-7	1.738791933613908E-7	4.805751328713275E-7	6.527836430631289E-8	2.055551511245008E-9	7.3278779750851615E-9	6.234348637846652E-6
0.0014643089279243447	9.507941577246471E-4	5.347597892628493E-6	0.009238413264390713	4.029571288265833E-8	0.012582158604163372	6.717344445408133E-5	2.6015777560991616E-8	0.0017426007724142165	4.963744560601476E-4	9.499846308763971E-4	8.270034750638086E-6	1.1078153701852385E-7	6.001365286997902E-5	1.3538877635753129E-6	0.002825729761962897	4.602419980241979E-9	7.230146473420593E-7	8.525875606460103E-11	5.3101276592789774E-5	6.158373208791555E-4	9.752179841182242E-5	5.368138269088596E-4	4.474691770248041E-5	8.90134870621014E-6	3.527522401994788E-5	0.0	3.527522401994788E-5	1.3704185119377133E-9	2.389704083100208E-10	2.1974288061188072E-7	2.4531704637420596E-4
1.5275317099227583E-7	2.439186810163959E-7	2.1795871253523093E-10	2.0423415656841695E-8	8.194987578224436E-13	1.4041824000379656E-6	1.1720377977623314E-9	1.4920886544222495E-12	1.8353618009115332E-7	4.458718678417776E-8	8.207370003752555E-8	6.986739357650656E-10	5.8970662339386145E-12	3.163190075528169E-9	1.0258786088564963E-10	6.97784310731808E-12	9.195063534939373E-13	4.990141696771168E-11	8.11819401614237E-15	1.4362713581110895E-9	2.2472578508214514E-8	8.561394752481453E-9	1.6981995688953393E-8	1.5929410906516235E-9	6.081445930947672E-10	5.675414570072002E-10	0.0	5.675414570072002E-10	8.17414965730424E-14	1.7401510374332217E-14	2.003968580891329E-11	1.3559129665282254E-8
0.002475863357145991	0.001060528758834512	1.1904700564493417E-5	0.0033973738829301036	7.589143708211974E-8	0.0035111746584692892	2.9595510447806907E-5	7.815261554251661E-8	0.00417712870952621	0.0011723276007458607	0.0021861083533339125	1.9200132439291473E-5	1.2693472850121358E-6	2.927095665563076E-4	8.245081641554279E-6	0.005274639640374883	5.1198828748504035E-9	5.220144385396824E-7	1.3230499140669533E-10	3.331034047545117E-5	3.406920102179017E-4	4.3051475421931206E-4	1.1977498130132448E-4	5.620378663295512E-5	7.380132962387316E-6	1.3414685068979078E-5	0.0	1.3414685068979078E-5	2.8142778939815125E-9	5.286008681977935E-10	3.538167933008692E-7	8.017424991085135E-4
4.451956095649585E-4	1.4026816320641657E-4	3.500704064348987E-5	6.363363482826661E-5	6.724179315859018E-9	5.137949830058024E-4	1.562043986424292E-5	8.267237823264482E-6	5.20786074741237E-4	2.2684902321238947E-4	3.619487453425014E-4	3.744030501102398E-6	4.027587166178533E-7	5.0635813101933994E-5	4.647850022239627E-7	5.2598510558593317E-8	8.897308925292986E-10	6.435752936413922E-8	2.3259741410076884E-11	1.5164159299089386E-5	1.3863677555727383E-5	6.699860133398105E-5	1.2606838807596533E-5	1.1988384256599232E-4	5.791358642095684E-6	1.5124767603281534E-6	0.0	1.5124767603281534E-6	3.207599956974657E-10	9.415649361021168E-11	6.246742811943746E-8	1.3920941525288078E-4
9.003777838340836E-7	3.513020957868537E-7	5.254103160050167E-6	1.0516494751672273E-7	9.145884110570052E-12	3.372389005217141E-7	9.638674238967959E-9	6.822836194934188E-12	1.0541917912362396E-6	4.238057831477005E-7	7.730914482985654E-7	7.353879309745216E-9	1.1204185585021408E-10	3.98834765356038E-8	2.15816245372543E-9	6.074791575233049E-11	1.1909871197829185E-12	1.4758567139244232E-10	6.1799379629533015E-12	4.664057753773797E-9	3.413471361796429E-8	4.7738868639563204E-8	2.9345296266951444E-8	1.7458715620434845E-8	2.363707985265356E-9	4.446221034923722E-9	0.0	4.446221034923722E-9	1.7567923685570496E-12	2.1898978801627605E-13	1.728475588175684E-8	1.1859966123483573E-7
0.08699082346811943	0.0029817398386973544	6.632357552748364E-5	0.004392348838862661	5.74991131238851E-7	0.0017024334440302144	3.6728442255514794E-4	3.50604507056122E-8	0.04915052268202949	0.055513275192121674	0.10032022529483355	7.220174892764336E-4	1.138774448260263E-6	0.001016108852038818	1.7316758112574113E-5	1.9682380321116923E-6	2.3129303613088213E-8	3.037029340207019E-6	2.9424280909231225E-9	2.133051223732012E-4	3.4302261628725355E-4	8.962502995722331E-4	5.380447974673213E-4	5.245335293635669E-4	5.9834660439545456E-5	1.703490522164935E-4	0.0	1.703490522164935E-4	4.174954175615726E-8	1.00033593415664E-8	8.145698843741798E-6	0.0016894512316738134
0.08687644356301764	0.001774516384772363	2.8154512914325716E-5	0.002993231911037677	2.25875873186991E-7	9.578007708536262E-4	1.2055371695712466E-4	2.9791605678769375E-8	0.020415181222592896	0.0049617033962653986	0.009191530994225044	7.802715489942585E-5	5.474311333951615E-7	3.715903574542547E-4	1.0688660920880771E-5	8.559035349224698E-7	1.802284564721091E-8	1.6505939355125204E-6	2.7861252128177305E-9	1.782120594648151E-4	2.1216395332111505E-4	4.553546184871558E-4	2.683024281109747E-4	2.020375746275213E-4	4.008254736058838E-5	4.6265445825152476E-5	0.0	4.6265445825152476E-5	1.0358095229604822E-8	1.9740449018548606E-9	7.736663102597335E-6	8.852585066338565E-4
0.08171985941386892	0.002196552831219161	4.006051049576721E-5	0.003381614276188561	3.3051964139117744E-7	0.0012038477817222172	2.4120935368274397E-4	3.0068462209542336E-8	0.03285961633161814	0.05263502250097273	0.04236183887126404	8.999309699076971E-4	7.281530589690999E-7	5.948986974797318E-4	1.2681335999109735E-5	1.30675175434228E-6	1.9428356853441163E-8	2.056985463346453E-6	2.6879256193045865E-9	1.8041111132837377E-4	2.5781141372343126E-4	5.866061494992608E-4	3.532048036150847E-4	3.253420147747498E-4	4.490589117574455E-5	1.0917805220676628E-4	0.0	1.0917805220676628E-4	2.6580755779163955E-8	5.52164171571222E-9	7.453795726433578E-6	0.001123051401135421
8.853309140286374E-4	2.1743263004347557E-5	3.967437781972382E-7	3.465515962669237E-5	3.29468056439196E-9	1.1975163135960178E-5	2.0158617889589357E-6	3.190110715764174E-10	2.9735231513422207E-4	5.715618061425129E-4	4.2331994583096733E-4	3.034521903579813E-4	7.28547448263006E-9	5.672699576216382E-6	1.2849969041076482E-7	1.2127178521729167E-8	1.9958687169283642E-10	2.0829849876181806E-8	2.8856881467340703E-11	1.917209126010051E-6	2.560819549426725E-6	5.91145830784939E-6	3.519499885460278E-6	3.0266570277307237E-6	4.655709595827629E-7	8.701406249829788E-7	0.0	8.701406249829788E-7	2.068544565280695E-10	4.479151513522806E-11	8.005688959785747E-8	1.134282302977055E-5
9.819305593303247E-7	4.0131774791389823E-7	1.0590436397429242E-9	1.6578262690870241E-7	4.684427634803761E-12	7.105024238788598E-8	7.253764817967102E-9	8.72819379781466E-13	9.114502772437389E-7	2.4732929802725193E-7	4.657504147714359E-7	4.03905577540442E-9	3.9698031373557075E-11	4.647048640106362E-8	4.847608448191648E-10	9.702763286252858E-11	5.313717773119312E-13	3.5088033750780986E-10	5.2179473872772676E-14	7.89503004822873E-9	4.567450604634205E-8	6.071740445315893E-8	2.9125841627866346E-8	1.0756640798091085E-8	4.3383880183676896E-9	3.4518785779627474E-9	0.0	3.4518785779627474E-9	5.433494624219128E-13	1.1076486707442471E-13	1.264924155726371E-10	1.704125534559345E-6
0.0016462246131625153	0.0012421498455845816	2.606329442847947E-6	0.0011758667506870523	2.1508536725025132E-8	1.0499799538802748E-4	1.4362098061084606E-5	1.2122454966902078E-9	0.0014079625451041565	4.6091260829119894E-4	8.911419571440934E-4	7.947633467165188E-6	6.783120393354032E-8	5.071555677419175E-5	2.660405567516851E-5	1.1623459005999418E-7	9.521601857203718E-10	4.576415884507837E-7	9.75166742104201E-11	9.880241684236399E-6	5.323974338058039E-5	2.912854630601074E-4	4.813265391048272E-5	2.04828232046071E-5	5.94004093166172E-6	6.955824080732416E-6	0.0	6.955824080732416E-6	1.2962342634160381E-9	2.4310474142272004E-10	2.4972463980562954E-7	9.33618779142398E-5
1.31042354356896E-4	3.710408890446421E-5	2.4022861046685445E-7	8.543454622792503E-5	1.9422789246193436E-9	8.14482662195232E-6	1.160948941906542E-6	2.0651754969556625E-10	3.9677619503348746E-4	7.735623719146141E-5	1.4823654624372736E-4	1.1545139618563122E-6	6.226663436258113E-9	3.882284425844295E-6	6.608787542489473E-6	1.0755829171580025E-8	1.1630963053694161E-10	1.0670731119974038E-8	4.4483832086485746E-8	7.171950478231224E-4	1.317383416866734E-6	3.154665678695176E-6	1.4424288652998087E-6	1.8057768488979833E-6	2.521526480122957E-7	5.446501539111475E-7	0.0	5.446501539111475E-7	5.700565875703406E-9	2.6747464034218372E-11	9.389354033752023E-6	9.361236595598138E-6
4.928076320780473E-4	9.264426219046228E-5	3.788460199547455E-6	0.001239498474535511	4.4624374134113284E-8	0.00411760421367373	7.349759863024856E-6	3.903499418861277E-10	6.897970698590329E-4	2.583719226375552E-4	5.185603516584772E-4	4.650229591993087E-6	6.54774564581249E-8	3.555702670887504E-5	6.713112649154226E-7	1.1797698221815912E-7	2.7427161468195116E-10	1.480122961844912E-7	2.2812633724227608E-11	1.929497482526963E-6	9.506636505586172E-6	4.946555053321227E-5	9.743621273048643E-6	1.499136746747767E-5	2.1547658791253754E-6	3.251733081910928E-6	0.0	3.251733081910928E-6	1.0421747324613614E-9	1.560363134727607E-10	6.189204315899185E-8	9.120588228909351E-5
3.464607109657821E-8	1.1105771018089555E-8	7.595716900105088E-11	3.612597925469731E-9	3.3261686517318597E-13	5.515861088799519E-9	2.5083333857177056E-10	8.370996991150767E-13	5.0327343963070596E-8	1.5075318662029735E-8	2.562862885576285E-8	2.391064206903509E-10	1.4594211368612404E-12	8.645257874652346E-10	8.969349513064657E-11	1.6037172579529672E-12	2.972050525655594E-14	7.260560929073872E-12	1.7275492908030107E-15	2.1215854070343512E-10	1.1177544737369177E-9	1.3477320819291064E-9	9.856871887601303E-10	4.030663552318351E-10	9.044991771548643E-11	1.1846733406554598E-10	0.0	1.1846733406554598E-10	2.2206028884880893E-14	5.762892582478462E-15	4.490930276733658E-12	4.895947316241485E-9
1.2726782288059217E-6	1.2097925060590797E-6	6.912923243853369E-9	3.0514182674224565E-7	6.84908814789959E-12	1.6261736648878476E-6	1.624417380598321E-8	2.312597708313647E-11	1.3023844389269536E-6	3.578520591021201E-7	6.870131999932139E-7	5.922209639246059E-9	9.062752211601699E-10	2.093503707861318E-7	3.2293969480924634E-7	2.0953070933821085E-10	3.2656255736370386E-12	9.892151892429298E-6	3.7094238771618537E-6	9.92981212268109E-9	1.0208048724668563E-7	2.4316955557562586E-7	7.794600242328666E-8	6.855163028775082E-8	6.929283951412446E-9	5.062299879481378E-9	0.0	5.062299879481378E-9	8.472358645721457E-13	1.6839808289643687E-13	1.8714460828188507E-10	7.057641575913355E-7
1.396445141132082E-7	1.2500151170847924E-7	1.90772058228753E-6	3.818380092051069E-8	8.063534064482829E-13	1.7124413353507018E-7	1.7778772110858876E-9	3.080069118811877E-12	1.4573253593501636E-7	4.266827782418313E-8	8.29930658287947E-8	7.214159512611238E-10	8.242986142493479E-11	7.018226358723574E-8	6.99431444072386E-10	2.777064570546791E-11	3.9531564401087874E-13	4.00839662590302E-11	1.4352371159808685E-13	1.1215286005582017E-9	1.1967391684937994E-8	2.310216569069759E-8	9.15935640299989E-9	6.479929714636767E-9	7.078722039382766E-10	6.13858334566301E-10	0.0	6.13858334566301E-10	1.1803941195415747E-8	2.1425046889884877E-14	3.9950147770241154E-10	6.887232422554138E-8
2.548148789220285E-4	0.001749304759096256	2.618419676179831E-7	2.7383242571395132E-5	1.3916857938073079E-9	1.5994639313755845E-5	1.9842246589922617E-6	3.8351237693329277E-10	4.602937676756403E-4	9.228968087747377E-5	1.7610256962405916E-4	1.3880511112021862E-6	8.049889687919433E-9	4.727180085491947E-6	1.282568468953108E-7	1.3443348705491864E-8	2.1003266867963182E-10	7.505701146569491E-8	1.2594674456422622E-11	7.189084136171983E-4	2.9323049506442704E-5	1.3087967649613129E-5	5.071194422611932E-5	2.5328861264230402E-6	9.321940052589298E-7	9.666248681535768E-7	0.0	9.666248681535768E-7	1.6547758159483506E-10	3.25572820883609E-11	3.1155500057859706E-8	1.2499436459225353E-5
0.0010719204068864313	2.595337930598184E-4	3.4861666858272606E-6	2.6024867735716605E-4	1.9102443345393355E-8	1.0897471376997031E-4	9.455887076102246E-6	1.299589597540319E-8	0.0021158489930165176	5.27641112108409E-4	9.911859560759347E-4	8.420496161365683E-6	4.2130142773309105E-8	1.2036122414001314E-4	1.618829374675261E-6	3.99727525484803E-7	6.364338578990562E-9	1.3944478692705967E-7	4.664880784204697E-11	1.5811127302236644E-4	2.4954090994934405E-5	4.60480844807796E-5	2.3402321493426042E-5	1.3140673304100875E-5	2.4020006281282677E-6	4.558410666522519E-6	0.0	4.558410666522519E-6	1.1129678101247964E-9	2.2129965701833785E-10	1.255932892541045E-7	1.222919692032777E-4
0.0010045899030195387	3.043786808507019E-4	1.3709041633508582E-6	1.1096185903247886E-4	5.914876594481531E-9	5.669583341520406E-4	1.450755184907192E-4	1.894469348923838E-9	8.723625278694626E-4	2.7252658164226147E-4	5.228078612711949E-4	4.63731970157037E-6	4.325801098989211E-8	0.001407738983961822	7.303808484419748E-7	6.480047424942903E-8	1.0001602059666896E-9	9.468283071601932E-7	6.398893073162571E-11	1.738303338971301E-5	1.5219260902946688E-4	4.6759469649483384E-5	0.0012166404235195753	6.518051579792859E-5	1.1204361748549444E-5	7.818509572362136E-5	0.0	7.818509572362136E-5	6.918208349661239E-10	1.379686658388333E-10	1.6548634793491806E-7	6.340310215966991E-5
6.430760325147904E-4	5.680633062172936E-5	9.108151534707166E-7	5.479900555518053E-5	7.253616467022309E-9	3.0117888373190782E-5	5.250921826621025E-4	1.0229653041758937E-9	0.0010431647425547862	3.874323448585372E-4	7.705981558307001E-4	6.931336845607351E-6	1.550275881582236E-8	1.5896082877928683E-5	2.794620178381822E-7	4.5196719390901587E-8	5.768087650073309E-10	4.463327408731111E-8	2.5062419158613594E-11	7.261698686027166E-4	6.253613906566057E-6	1.2326671183594462E-5	7.906719983346607E-6	2.0074652906614375E-4	7.397939975429659E-7	2.845528548384187E-4	0.0	2.845528548384187E-4	1.1554463075580115E-9	2.2649589731050395E-10	6.866807894072991E-8	2.5588553733577928E-5
4.440564677876317E-4	5.18009683506108E-5	9.363864359141208E-7	3.892951829914151E-5	8.240250960787144E-9	3.235179527844155E-5	4.5532605756815514E-4	2.0397542050805456E-9	5.541098015240691E-4	2.5794968171514E-4	3.9002221599935633E-4	4.199060137955455E-6	1.5336023012190296E-8	1.3253707298288897E-5	3.1395226021142686E-7	4.196876750796359E-8	9.035719849752308E-10	4.4385638870181135E-8	1.730529576413516E-11	2.059602072317956E-5	5.239380818629969E-6	1.2049699756584006E-5	7.489432917333004E-6	1.477570931106054E-4	6.775660821258035E-7	3.8495701335811594E-4	0.0	3.8495701335811594E-4	2.824122192431071E-10	9.913134875748231E-11	4.7149404501080787E-8	3.047738283510309E-5
4.531151687181846E-5	1.3930532114650894E-5	1.764968045998773E-7	2.2191981927212613E-5	4.87393829506034E-10	2.299492500574382E-6	4.6993798678062793E-7	2.771435565292142E-11	5.1135314463496276E-5	1.9504166714184058E-5	3.748515597798619E-5	3.443945829936618E-7	1.3036504408797831E-9	1.0747950208262411E-5	1.5830901814328975E-8	2.0137393767212976E-8	2.3795702261700822E-11	7.09476414697346E-9	1.3437100081082462E-10	2.1463829947619588E-7	1.3990777551233417E-6	3.766574531956242E-6	1.1961609268946629E-6	5.488754259655472E-7	1.4919210411929933E-7	2.3343138896479107E-7	0.0	2.3343138896479107E-7	6.962945855849112E-11	1.0842748653078235E-11	3.7562417376919874E-7	1.727594961218941E-6
1.0293083335979932E-4	1.323560264137081E-5	2.0940637276174598E-7	9.33623867791439E-6	1.808928289092634E-9	7.2838054100023975E-6	2.8923602848497963E-4	4.422772656974489E-10	1.3509373716595008E-4	5.854171226551281E-5	8.984614565228038E-5	9.490316284875387E-7	3.503919091748532E-9	3.0764775463911507E-6	6.929405539863102E-8	9.492707713580428E-9	1.9684211097048043E-10	1.1462597062900548E-8	4.076348203166575E-12	4.4767216572870814E-6	1.3589898297286149E-6	2.93992730352474E-6	1.7757723640738874E-6	1.0847599243268725E-4	1.7096564587959732E-7	3.7562241840245747E-4	3.7533068243897377E-4	1.8795679766409252E-4	6.644602447943455E-11	2.2408085560856165E-11	1.1027274413153259E-8	6.840612756698235E-6
3.0901344706214054E-5	3.978286626155128E-6	6.312316040195738E-8	2.806593484519729E-6	5.42866234650658E-10	2.194077322515286E-6	8.677092184170022E-5	1.3281153944019556E-10	4.0555985097814865E-5	1.757274126739938E-5	2.6974064616691073E-5	2.8489155210828503E-7	1.0577175392854094E-9	9.258248194442432E-7	2.0801011197459003E-8	2.852579009644497E-9	5.907584819599808E-11	3.441798373219084E-9	1.2239857715877254E-12	1.3431149787101088E-6	4.084484269370467E-7	8.835545638562421E-7	5.33370363707991E-7	3.2543296322899496E-5	5.139194038941572E-8	8.764825009914972E-8	1.730676972042234E-8	9.392045861928176E-5	1.798661997696592E-8	5.687554685083577E-10	3.3110666071002E-9	2.0563982116187054E-6
9.778389308449619E-5	1.2573771253445928E-5	1.9893524318189446E-7	8.869390588739508E-6	1.7184748694285677E-9	6.919586932423707E-6	2.7477310697268306E-4	4.2016168966094757E-10	1.2833852714710066E-4	5.5614399945099255E-5	8.53534904337803E-5	9.015763718675451E-7	3.3287095679736285E-9	2.9226417551833163E-6	6.582908428231246E-8	9.01803556668425E-9	1.8699924313623112E-10	1.0889422819995258E-8	3.872515007046434E-12	4.252868237984916E-6	1.2910350754529215E-6	2.7929195532612077E-6	1.6869768690595462E-6	9.944598374915143E-4	1.6241670150842898E-7	2.771480355406415E-7	0.0	2.771480355406415E-7	6.312346593828759E-11	2.1287594505834214E-11	1.0475867988554687E-8	6.4985556280812875E-6
6.744927876996752E-8	1.0160550673465536E-8	2.49629091563118E-9	5.891124160056424E-9	8.514656241649592E-13	1.022417118773169E-8	3.696465109884164E-10	1.182790937971074E-13	5.104921200220765E-8	2.928586911496637E-8	4.357890014458557E-8	4.86303841496771E-10	1.9356793600766456E-11	2.485056505263104E-9	4.9147469444958015E-11	3.2935892585538023E-12	3.450962996291797E-14	6.130615185480766E-12	1.424163681899811E-12	2.2401032814596932E-10	9.932540881718263E-10	2.3548352229287123E-9	1.1998681948747372E-9	9.421704373222757E-10	5.952520918146106E-10	1.5398212211336362E-10	0.0	1.5398212211336362E-10	2.1101140226784836E-13	5.433725944771745E-9	3.984632036606121E-9	5.3004347840433335E-9
9.117741148007369E-9	1.875312099262049E-9	3.410692057907313E-11	1.432372641981042E-9	1.3092816221018992E-13	4.190545319076843E-9	8.290680213330968E-11	1.487760015983612E-14	8.223839346230843E-9	4.579457968146197E-9	6.953486365300665E-9	7.642415716349139E-11	3.6219869667168515E-12	9.352376741371876E-10	4.5908716496572996E-12	9.60456938557426E-13	4.8454873558199825E-15	1.3315130467218265E-12	3.981221747098316E-16	4.2674612194363436E-11	2.0003612029335392E-10	1.0022316902193578E-9	2.0452067851361865E-10	3.2497801848098234E-10	2.82342171235365E-11	2.742479306983899E-11	0.0	2.742479306983899E-11	5.65941176308064E-15	1.9077531571425542E-15	1.0572237128607034E-12	2.6058370695674926E-9
4.3646337903330406E-5	8.522626249590037E-5	1.668940882522476E-8	2.7195623112305924E-6	7.305496480094825E-11	1.3389086307809722E-6	1.0206207004473871E-7	9.55384142898896E-12	1.4641033488453404E-5	4.075742859095607E-6	7.799990049004885E-6	6.754487657526048E-8	6.288291479788933E-10	1.121615489585638E-6	5.3997570688510126E-9	2.169643689142949E-9	8.026208411925551E-12	1.9794742532392133E-9	8.18398005624492E-9	5.366621928562861E-8	3.5096978571501464E-7	4.293185974821566E-7	3.2714970941609664E-7	1.5106174404124926E-7	1.893320789407058E-7	4.856409372170663E-8	0.0	4.856409372170663E-8	1.032493425865855E-9	1.920918340088861E-12	2.289892000420322E-5	7.243654188877208E-7
0.0018154639469039626	1.0021927302563914E-4	1.9750941529933697E-6	1.5211564420567278E-4	1.498614182236654E-8	5.551581286824809E-5	1.7543468254826218E-5	8.485133531440626E-10	0.006811475207666494	0.001299848094013213	0.0024887935731395016	1.9234374098645944E-5	3.416000149642495E-8	3.419841147449624E-5	5.26342632751953E-7	7.355921120632415E-8	6.65254126978153E-10	8.804862146638118E-8	7.96917944987586E-11	4.979719178610394E-6	1.131739620466028E-5	2.5089555040324008E-5	1.7722415543412154E-5	1.900274648916914E-5	1.5702934446453306E-6	8.739288675749004E-6	0.0	8.739288675749004E-6	2.185173839227059E-9	4.3549595021498806E-10	2.2036829759030626E-7	4.9684576839390965E-5
