32
NULL,open@__open_nocancel,fstat@_fxstat,mmap@__mmap,read@__read,munmap@munmap,open@__open64,close@__close_nocancel,rt_sigprocmask@sigprocmask,exit_group@_Exit,rt_sigaction@__libc_sigaction,sched_yield@sched_yield,mremap@mremap,time@time,read@__read_nocancel,mprotect@__mprotect,madvise@madvise,lstat@__lxstat64,openat@__openat64_nocancel,write@__write_nocancel,syslog@__syslog,getpid@getpid,writev@__writev,close@close,stat@__xstat,socket@__socket,fcntl@fcntl,connect@__connect,getdents@__getdents64,lseek@llseek,getrlimit@__getrlimit,write@__libc_write
0.9412088464805751	0.0024534768236372465	2.746355313972968E-5	0.0018848520832098047	1.956859585605376E-7	0.0015162323347510081	1.7616200679162428E-4	1.4397795366305754E-8	0.0454299530761737	0.01087626474347757	0.020365471588113117	1.7139659608731426E-4	6.951414798293474E-7	4.7935469292954526E-4	1.7483517081445165E-5	9.780450398679828E-7	2.1643124558101532E-8	1.6578595119246102E-6	1.6749147905921908E-11	6.992883584880312E-5	3.459889499122642E-4	4.5119951230396493E-4	2.643574742124177E-4	2.4584311323925574E-4	4.8881808704230936E-5	8.468503350764507E-5	0.0	8.468503350764507E-5	1.1757850069480957E-8	4.365630362425612E-9	4.642043589520116E-8	9.99005774819639E-4
5.848553417283994E-4	9.307113803809933E-4	4.6493111726064114E-5	5.785011376735511E-4	1.1491994617622055E-8	2.8198818502163695E-4	7.370733427153001E-6	2.4921515031291806E-6	0.0010808668169756312	2.865565753953036E-4	5.377496081102527E-4	4.646552546845767E-6	5.047933242028693E-8	4.2568699094929004E-5	4.6369620762367686E-4	1.6243465271339327E-7	3.7007307917535235E-9	2.573702098609373E-7	1.1283836245878137E-10	3.945655136114441E-5	0.0018437599188340303	5.1144088101233215E-5	3.68411510659323E-5	1.2439519172429096E-5	8.198680871866968E-6	3.4277108020132275E-6	0.0	3.4277108020132275E-6	3.6205949383945455E-10	1.255509532089863E-10	2.4275366668477186E-8	9.798600655728132E-5
1.5780554227867855E-5	6.090407752727985E-6	2.0020454030549825E-7	1.1500730064014929E-5	1.8567218766186127E-10	5.3103792509445755E-6	3.0761507286768733E-7	7.003202812041221E-11	2.2195690832254937E-5	8.936948811034916E-6	1.6623268827697235E-5	1.566620197579634E-7	1.4161079530177397E-9	6.615374659340621E-7	7.084691751685854E-9	1.2791670911993024E-9	1.4466990542672489E-11	4.285428465646993E-9	6.981347103674264E-14	1.1536003632363257E-7	6.50449507807335E-7	8.665970869591322E-7	1.291985047786032E-6	8.263382179046219E-7	1.252913899813168E-7	1.5039612093181396E-7	5.2584603251557383E-8	1.5039612093181396E-7	1.9731835940412233E-8	6.216329610499911E-10	1.9401291877782383E-10	2.024168531289001E-6
2.875240092938986E-4	3.5114803232355536E-4	1.8279689821496341E-6	0.0027904885512714636	1.2243462642149763E-8	0.0037978042934940512	2.085528529479158E-5	7.900116722889165E-9	5.365141257334783E-4	1.531527964785965E-4	2.9332241250516885E-4	2.555130785145165E-6	4.0118708350953844E-8	2.0186927221388773E-5	4.193589877738391E-7	8.490853160200503E-4	1.4044307879069746E-9	2.792488025780179E-7	1.320630666546035E-12	1.7200386704318406E-5	1.9249056197160786E-4	3.956045989679395E-5	1.65955594403779E-4	1.477931142559706E-5	7.603356565309485E-6	1.090008325675322E-5	0.0	1.090008325675322E-5	2.2117221021644943E-10	7.388066559279039E-11	3.6331284246109118E-9	8.186600734358081E-5
2.5687982243881163E-8	8.263114406830598E-8	8.744832415250741E-11	8.084988034579639E-9	2.623273600677857E-13	4.26206333678251E-7	4.484984704547589E-10	4.642902211323833E-13	5.793724057408867E-8	1.4157875144643103E-8	2.612580136843474E-8	2.226370336806955E-10	2.56830934943646E-12	1.2278075352109021E-9	3.300036832273987E-11	2.7125272251109444E-12	2.82005970987584E-13	2.353471565135871E-11	1.0130866175722776E-16	6.02018698035188E-10	7.770533021318276E-9	3.970984334958807E-9	5.7907635153466755E-9	6.447084923513491E-10	5.883528844005724E-10	2.1509053525521242E-10	0.0	2.1509053525521242E-10	1.4560695744495584E-14	5.58454148479102E-15	2.747297980636087E-13	5.086270655522466E-9
6.605778176784056E-4	3.7101251563926305E-4	3.755241715811113E-6	0.0010317316314895804	2.2863407200635875E-8	0.0010640045896923476	9.388510418980755E-6	2.2135686191918012E-8	0.001248678022530714	3.5174440864738684E-4	6.562652307792826E-4	5.7702659913960044E-6	3.885224759827536E-7	8.948322121609881E-5	2.4846535516489537E-6	0.0015849371544596244	1.5274744428449759E-9	2.064072291563782E-7	4.299191296668488E-12	1.0983701119516072E-5	1.0823507421602837E-4	1.3751664083655693E-4	3.99358575602271E-5	1.7890565088568793E-5	5.5239755291517345E-6	4.254582380540169E-6	0.0	4.254582380540169E-6	4.4933058001132564E-10	1.5907257654128783E-10	1.197685222827004E-8	2.478977468172717E-4
1.2346528665523596E-4	5.037944515319874E-5	1.0577432939122079E-5	2.0851403547637632E-5	2.0161011195290424E-9	1.5644295142657768E-4	4.778000276588361E-6	2.4869666243706922E-6	1.5443908487237993E-4	6.795920126966953E-5	1.083437114822079E-4	1.123511072398747E-6	1.2253764806340622E-7	1.545312332545202E-5	1.4006488359720254E-7	1.6320228788077396E-8	2.6623367716903006E-10	2.7173161804677256E-8	6.431171640613186E-13	4.716947704322465E-6	5.06665362668703E-6	2.1412107282995358E-5	4.407881071041359E-6	3.641555486630533E-5	2.2787425146578754E-6	4.889647573160509E-7	0.0	4.889647573160509E-7	5.189013338169583E-11	2.8277651266409306E-11	1.7911078694642104E-9	4.2955629354128834E-5
2.2482473703473137E-7	1.2575252231373972E-7	1.5852912331862223E-6	3.5515164868772395E-8	2.7420124881878832E-12	1.0398275719993076E-7	3.0791679846855384E-9	2.0895420025444164E-12	3.1263365344690536E-7	1.2672976029948523E-7	2.312416307117272E-7	2.203157584862764E-9	3.550262817418182E-11	1.2354977770468385E-8	6.431935706922444E-10	1.9146088185880357E-11	3.601379929936071E-13	6.459742738782019E-11	6.994135746811224E-14	1.7938509993781468E-9	1.2525438661312495E-8	1.760573398384408E-8	1.0339039742145231E-8	5.563789051943991E-9	1.8769489505501246E-9	1.421297139409866E-9	0.0	1.421297139409866E-9	1.7614274071556952E-13	6.56890772728282E-14	1.9567612859922238E-10	3.796286326356887E-8
0.028673292353601092	9.617582776475718E-4	1.9659925055359356E-5	0.0013005514662867877	1.6837608184027736E-7	4.910190146145566E-4	1.071094700080831E-4	9.746771846907602E-9	0.013517876433756591	0.016488806705927474	0.029780912070818892	2.137732342359304E-4	3.37885249608191E-7	2.959651677530308E-4	4.711263033234765E-6	5.727570356084784E-7	6.248147985461587E-9	9.999384478982945E-7	1.4952574138141253E-11	6.479922862110584E-5	1.0813216934744259E-4	2.780478059126356E-4	1.6504072935573066E-4	1.5413762484845642E-4	2.6900477579827E-5	4.958304608024413E-5	0.0	4.958304608024413E-5	6.669896177596157E-9	2.906259808367373E-9	4.16219612104264E-8	4.971924467005257E-4
0.02891545924636029	4.931402583168953E-4	7.709884056204475E-6	8.520416482626997E-4	6.199970602092499E-8	2.4676126956663704E-4	3.1098718184312015E-5	7.980901217779511E-9	0.004712052153668856	0.0011525148509123014	0.0021291104873264344	1.8138954054947784E-5	1.470880174172267E-7	9.746799554987693E-5	2.6683502363480395E-6	2.2850443844372858E-7	4.6942610214067305E-9	4.814343515103958E-7	6.074516204130619E-12	5.21593012114163E-5	5.703641848341991E-5	1.2834142265569757E-4	7.534519400736754E-5	5.392573383233594E-5	1.3395923243345445E-5	1.141817097612134E-5	0.0	1.141817097612134E-5	1.2587547503032544E-9	4.582142246643549E-10	1.6876491858799108E-8	2.3984687214635307E-4
0.027083704611054648	6.656732862373672E-4	1.1516098075054848E-5	9.82969300995829E-4	9.431193615463182E-8	3.3141513553506456E-4	6.847339250733139E-5	8.195227733711939E-9	0.008613604978766603	0.015618678587328808	0.012235323068271213	2.67587413673467E-4	2.07593097053433E-7	1.6733960201857403E-4	3.320944102212802E-6	3.698271912701936E-7	5.167195810886666E-9	6.458271701522331E-7	8.849440909813762E-12	5.37528988278707E-5	7.59794827545512E-5	1.752526775269017E-4	1.0466620900772147E-4	9.271608113528904E-5	1.768570957428828E-5	3.0858300906069296E-5	0.0	3.0858300906069296E-5	4.124211005197022E-9	1.5480849819710557E-9	2.4608812231799405E-8	3.1908607682465113E-4
2.937703783299852E-4	6.439596582202655E-6	1.129606895577045E-7	1.001217209554624E-5	9.34228154083628E-10	3.2404693633126903E-6	5.590341642450116E-7	8.648977417408258E-11	7.536528464118895E-5	1.695455995621898E-4	1.2163906404812212E-4	9.182446272404465E-5	2.050140736459389E-9	1.5739844310667678E-6	3.3222849645386564E-8	3.380988734795309E-9	5.2670186854331286E-11	6.412945782095657E-9	8.73882954233004E-14	5.680415039542318E-7	7.360430021329034E-7	1.7407177088665035E-6	1.0292937654514543E-6	8.499930857206906E-7	1.7586767895788515E-7	2.3876436982487607E-7	0.0	2.3876436982487607E-7	3.0353425969417334E-11	1.2189090610768404E-11	2.430057856515323E-10	3.187641376106856E-6
1.422483337728967E-7	1.8539981284509108E-7	4.750169413314464E-10	6.414071471285912E-8	1.5389905158368302E-12	3.050205549049822E-8	2.8891825189307576E-9	3.679316211510802E-13	2.9546856972195734E-7	8.021055054869476E-8	1.5130176263060128E-7	1.3118657175561535E-9	1.7780650682024153E-11	1.6070088108916287E-8	1.6237925447790449E-10	3.379167499989314E-11	1.91582347637551E-13	1.6782196865885452E-10	4.031209869569571E-16	3.613293434288154E-9	2.0871736911086275E-8	2.8485819297796875E-8	1.3517500614266022E-8	4.455695235319852E-9	4.25064852230709E-9	1.3653712817281988E-9	0.0	1.3653712817281988E-9	9.8213675377981E-14	3.6043757720751496E-14	1.0642143074334814E-12	5.22594668935098E-7
3.3313411470604925E-4	4.46298415068145E-4	9.551779767809315E-7	3.692104753013011E-4	6.471031214570189E-9	4.158958152008236E-5	5.087408828133702E-6	4.824024227764936E-10	4.360568501590743E-4	1.4226579480400574E-4	2.754595272505751E-4	2.454519370014402E-6	2.6904033738369653E-8	1.731799338718272E-5	7.994429001376913E-6	3.983500382810709E-8	2.717618998669605E-10	2.090223703528085E-7	5.774983164350347E-13	4.383141548884134E-6	2.4149982404484502E-5	9.913656126435657E-5	1.9899603557455415E-5	7.496248102876345E-6	5.366778442178502E-6	2.4468257727245083E-6	0.0	2.4468257727245083E-6	2.180884427257702E-10	7.506029123688291E-11	1.541103400916565E-9	3.6193078251847775E-5
3.5395104987459314E-5	1.1093125598999825E-5	7.168893066560315E-8	2.5423748426490562E-5	5.702381157877506E-10	2.3584501639489455E-6	3.3803577799644756E-7	5.790610034598714E-11	1.1624830287607152E-4	2.2473233394221738E-5	4.3098682424447057E-5	3.346881751425605E-7	1.8469486027076238E-9	1.0008003920753977E-6	1.9770220822378944E-6	2.9735135174633183E-9	3.279455897775862E-11	3.576366068617827E-9	9.115837200047015E-11	2.1595572196882206E-4	4.176042958624867E-7	9.886344436656293E-7	4.38993953698914E-7	5.306070638702751E-7	1.0990792418535029E-7	1.583848731981455E-7	0.0	1.583848731981455E-7	3.3957475626607966E-11	7.704052908509569E-12	1.970940088657334E-8	2.769778200709328E-6
1.438466396371531E-4	3.373735851568455E-5	1.1672214115672148E-6	3.736544671088207E-4	1.3470487050859384E-8	0.0012383241834526674	2.2591012755320707E-6	1.2569436300996065E-10	2.0310809510481285E-4	7.685551715592421E-5	1.5447706496111622E-4	1.3871461777923582E-6	2.043291091976232E-8	1.0842030259356109E-5	2.0063745112648748E-7	3.5764976597202534E-8	7.648277475078123E-11	5.036937215732443E-8	1.9781588092575954E-13	6.881204212308823E-7	3.5000332191618285E-6	1.5809645096302782E-5	3.396060148821659E-6	4.6417203854019016E-6	1.2684030073281427E-6	9.98495668633175E-7	0.0	9.98495668633175E-7	1.568455249682798E-10	4.6677933947307894E-11	5.473276083537353E-10	2.8223402932147656E-5
8.26013034180384E-9	4.423094016978379E-9	2.5673054812570515E-11	1.3151329983043092E-9	1.0084702834370883E-13	1.8126584926306994E-9	8.626875273051605E-11	2.3543722873489254E-13	1.5227105550008455E-8	4.573953884490633E-9	7.784672873930637E-9	7.267175538522648E-11	5.346539632166195E-13	2.9079362476313885E-10	2.71585583413236E-11	5.51758027483461E-13	9.15953042300108E-15	3.2252405487209037E-12	3.621297739691335E-17	8.425488719112652E-11	4.5493961683225585E-10	5.74189056092117E-10	3.7585459134880135E-10	1.4053883031770161E-10	7.949191620566425E-11	4.061374645320133E-11	0.0	4.061374645320133E-11	3.7230793804478354E-15	1.7557206342142458E-15	1.0022450259141209E-13	1.5965435944556346E-9
2.288315709160649E-7	4.3112634845295744E-7	2.290602520655897E-9	1.067769510277576E-7	2.1343258281962197E-12	5.017253103765598E-7	5.630242334075745E-9	7.10827885625238E-12	4.089443587299092E-7	1.126046429088266E-7	2.1636282662181967E-7	1.8662354407308094E-9	2.8039906905500904E-10	6.52178714965253E-8	9.719037071943203E-8	6.792396121487207E-11	1.001333152425179E-12	2.9916502804208684E-6	1.1218051765178452E-6	4.242728628682238E-9	3.806959898022021E-8	8.352190907476776E-8	2.8558849764595214E-8	2.2102664265413603E-8	6.434695343779093E-9	1.8597107083398273E-9	0.0	1.8597107083398273E-9	1.4968478969975558E-13	5.3121817808505536E-14	3.290088533593146E-12	2.2110120381527936E-7
1.9333084821451952E-8	4.3135366723417726E-8	5.769469224469356E-7	1.020399621327545E-8	1.963632447615074E-13	5.254048051673922E-8	5.361654551538027E-10	9.401445213788136E-13	3.74609904502375E-8	1.0236734654789665E-8	1.974578758736433E-8	1.6970296335509008E-10	2.5444251767730712E-11	5.9374986672244015E-9	2.0997895465706077E-10	6.235795859382042E-12	1.18690325415058E-13	1.807784499642448E-11	4.2616819895670666E-16	4.4654289382931285E-10	4.226028980209733E-9	7.90200107535251E-9	3.1589788350861365E-9	2.0236753715155885E-9	6.36465063904241E-10	1.8138617592587192E-10	0.0	1.8138617592587192E-10	2.415468140408127E-11	4.845285875870729E-15	1.185816458783917E-12	2.1428527965968848E-8
4.6113906927966094E-5	5.388991993414405E-4	1.0971677922075053E-7	1.1016430432488157E-5	4.3970881680182444E-10	6.598846339850422E-6	7.334688505076864E-7	1.314142216716414E-10	1.415962307577492E-4	2.864515875792728E-5	5.47005829697827E-5	4.3262788015723543E-7	3.5763918403110354E-9	1.8187769815891674E-6	4.127694105763346E-8	4.9159031484753834E-9	6.890371219810848E-11	3.499728486519649E-8	8.480492499268374E-14	2.1671202674425688E-4	1.0185269422061929E-5	5.970726665360637E-6	1.6086791001501514E-5	1.000005409534322E-6	8.802371974465794E-7	3.538061138760916E-7	0.0	3.538061138760916E-7	2.9041680890520573E-11	1.0227745225436759E-11	2.2417673775079267E-10	5.211265755852868E-6
3.138614838017572E-4	9.188003852814759E-5	1.0826614169785442E-6	8.093277803663324E-5	5.648495492300427E-9	3.4442261269400917E-5	2.9445240975100426E-6	3.649374795588236E-9	6.267241631975589E-4	1.565543014119933E-4	2.9436655649082457E-4	2.5021105234447002E-6	1.3759958934877777E-8	3.642184052504433E-5	4.811415752191251E-7	1.2088176474402048E-7	1.884368124481865E-9	5.538790567091586E-8	6.539987986892039E-13	4.7862207259009634E-5	9.014165718205956E-6	1.586137948377039E-5	8.044822747955446E-6	4.148812683813674E-6	1.5530489836163566E-6	1.4167455333040872E-6	0.0	1.4167455333040872E-6	1.826757937668162E-10	6.585314251488416E-11	1.8145646223048121E-9	3.8163101955921984E-5
1.551152200126227E-4	1.4382362527688773E-4	6.489986417028713E-7	4.606719532052625E-5	1.8792812593947494E-9	1.811414908880878E-4	4.412708125107315E-5	6.741059302303764E-10	2.751917057099148E-4	8.607569818285389E-5	1.6510576530560028E-4	1.4656556816700465E-6	1.9897895708410414E-8	4.2598072224270006E-4	2.3329385565267872E-7	2.3562941526436173E-8	3.2777672516972683E-10	3.343352752322509E-7	4.397271230728444E-13	6.198577425981117E-6	5.141048361560948E-5	2.260756221939184E-5	3.6895239307987673E-4	2.085025890576746E-5	9.935882139612976E-6	2.371974880612749E-5	0.0	2.371974880612749E-5	1.2192311925922734E-10	4.3567276154740046E-11	1.1838733904334023E-9	2.647598146794815E-5
2.0344512702880448E-4	2.0374855864179558E-5	2.7983832572807464E-7	1.695964852985999E-5	2.1524528771522983E-9	9.3513491753672E-6	1.5811652602522953E-4	2.9373250564886986E-10	3.0676520305723175E-4	1.1515365781004867E-4	2.2934751945576532E-4	2.066020206754795E-6	4.900266089145046E-9	4.792251371063577E-6	8.11983999445706E-8	1.3640340221281638E-8	1.6801942505666746E-10	1.6741495840100975E-8	2.1437484636976947E-13	2.187116716042459E-4	2.2300109314421078E-6	4.203102558035295E-6	2.6119875682654618E-6	6.0481230830569834E-5	4.4387987524935136E-7	8.56818957363973E-5	0.0	8.56818957363973E-5	1.979327127593369E-10	6.769946831344635E-11	5.955459695268625E-10	7.954350223455719E-6
1.3738210765514906E-4	1.874898298117041E-5	2.8899962653678524E-7	1.2228925543747922E-5	2.458549130727561E-9	1.0068553922445184E-5	1.3711760531645126E-4	5.812632393398176E-10	1.616370927693749E-4	7.66040219660958E-5	1.153960485103611E-4	1.24884255405669E-6	4.867286677627444E-9	4.01471360663953E-6	9.239370097998676E-8	1.271140981161543E-8	2.668038281557753E-10	1.6510579766510236E-8	2.367614679842707E-13	6.258063354514721E-6	1.915966358725381E-6	4.100929023592726E-6	2.4816575776334752E-6	4.453311149357283E-5	4.2078522085448787E-7	1.1591867584291616E-4	0.0	1.1591867584291616E-4	4.3465730176964135E-11	2.944633835828374E-11	6.586330710419611E-10	9.462067377773066E-6
1.1712554666841082E-5	5.228769701959711E-6	5.569600392101993E-8	6.889507807972134E-6	1.4428812857652158E-10	8.236680483609661E-7	1.508879935918511E-7	9.74365104593846E-12	1.5191068713733938E-5	5.835072903558767E-6	1.1229516802115739E-5	1.0326432832934529E-7	4.803572162276302E-10	3.2579710110374333E-6	4.701089197242248E-9	6.118725408030569E-9	6.529409568566798E-12	3.154149125227809E-9	2.909321936752838E-13	8.441253130373747E-8	5.360177562030921E-7	1.2936811782169852E-6	4.3635497381011433E-7	1.8237254221896643E-7	9.983670512246025E-8	7.459110846428531E-8	0.0	7.459110846428531E-8	9.105249940557788E-12	3.2580201583503874E-12	8.12926833383527E-10	6.275985579909452E-7
3.1029779196971937E-5	4.999918753219868E-6	6.538189636985793E-8	2.9930339010007196E-6	5.403452053410959E-10	2.310285666366006E-6	8.709913920623245E-5	1.2665700223842506E-10	3.9627942074766455E-5	1.7419106359288754E-5	2.6655485649424113E-5	2.827897524194799E-7	1.1389728442307894E-9	9.418807330554312E-7	2.047315435782355E-8	2.8971977115395376E-9	5.828869298887428E-11	4.453372451966014E-9	5.325271269054117E-14	1.3665469847442437E-6	5.190287247287428E-7	1.0401801546837267E-6	6.081802014113456E-7	3.268090047339734E-5	1.1398091679564447E-7	1.1310509470528006E-4	1.130143791312117E-4	5.659782097481927E-5	1.035026261044343E-11	6.671365387651983E-12	1.4783873897358803E-10	2.1590183841676835E-6
9.314678258949233E-6	1.502770172125406E-6	1.970791118544665E-8	8.997523882309345E-7	1.621600394680224E-10	6.958816002150672E-7	2.612978157105478E-5	3.803690743619288E-11	1.1896745115736058E-5	5.228822697132421E-6	8.002761626567389E-6	8.48920563698638E-8	3.4373478359712533E-10	2.834512323011023E-7	6.1458353702777865E-9	8.706343393048787E-10	1.749358457097388E-11	1.3373950293602508E-9	1.5986751274570262E-14	4.100030845619097E-7	1.559901787072718E-7	3.12608197889443E-7	1.8268789899602356E-7	9.80443235616462E-6	3.4282350762536767E-8	2.725558176069154E-8	5.233919031490935E-9	2.8280892446991128E-5	5.4365923957472685E-9	1.719716334312565E-10	4.438175434373228E-11	6.490440537253436E-7
2.9478170071993928E-5	4.749903453001367E-6	6.211254835510513E-8	2.843370615204136E-6	5.133258525470164E-10	2.194762436294513E-6	8.274384494802167E-5	1.2032366163783589E-10	3.764639150887302E-5	1.654808358453847E-5	2.5322608141600828E-5	2.686491696741421E-7	1.082019791262139E-9	8.947830488994188E-7	1.9449417356118365E-8	2.752326606348789E-9	5.537403261212868E-11	4.230686583351436E-9	5.0589870830920703E-14	1.2982143434521233E-6	4.930752785149385E-7	9.881671187744724E-7	5.777688361176829E-7	2.99455184967081E-4	1.0828142955627867E-7	8.617944406224409E-8	0.0	8.617944406224409E-8	9.832709397758951E-12	6.3377712829103875E-12	1.4044622950838875E-10	2.051059103999914E-6
9.583230594892988E-9	3.0298963381939966E-9	7.546462439378077E-10	1.4585616500163204E-9	1.5580852716476748E-13	2.7974461777662625E-9	9.103799134335266E-11	3.634857768152083E-14	9.534942024235542E-9	5.408072562496267E-9	8.151517763734378E-9	9.021474154039007E-11	5.926893907870896E-12	5.915746654159517E-10	1.270053685698404E-11	7.526652341663535E-13	7.198339303693424E-15	2.135393837681027E-12	2.9940630510095836E-15	6.165849711122598E-11	3.1710165078029196E-10	7.197024852295537E-10	3.5091188094766095E-10	2.4494523137140173E-10	4.682760632045454E-10	3.7049558182875003E-11	0.0	3.7049558182875003E-11	3.8206057303466645E-15	1.6432678459120366E-9	8.376822827111367E-12	1.5238484647467845E-9
2.4754401609464817E-9	7.480287876484846E-10	1.0887118232024244E-11	4.714840573804515E-10	3.9545202183869794E-14	1.294244700432367E-9	2.682391274975282E-11	4.766720734452741E-15	2.4447681039392585E-9	1.380034196529842E-9	2.093283593489583E-9	2.3068827825250983E-11	1.1133005922726765E-12	2.8730852275862303E-10	1.392209880835344E-12	3.015934916653498E-13	1.4704972382424254E-15	5.772869666338073E-13	4.380473094440304E-18	1.6288223272945486E-11	8.030965660160576E-11	3.3051981234558823E-10	7.576437990506186E-11	1.0203369351818123E-10	2.299771047046468E-11	9.083082480225658E-12	0.0	9.083082480225658E-12	9.118898477451704E-16	5.762713281868743E-16	1.2072979762036617E-14	8.089376295963516E-10
1.6557632722307323E-8	1.9560571997394127E-7	1.0131360566144286E-10	1.0532203994545996E-8	1.757379717133103E-13	2.428779886731401E-8	4.355305994548938E-10	1.2343531589607785E-13	2.9195662921292214E-8	8.71030132394835E-9	1.6768409962848582E-8	1.4714184295825892E-10	1.699841252688312E-11	5.446015601766129E-9	2.0233311610404054E-11	6.388683382142263E-12	3.242629338516634E-14	2.2456406385233846E-11	1.712880745769306E-11	4.776483353787549E-10	3.018501652241491E-9	7.790510189939096E-9	2.2863262617833375E-9	8.388059595102015E-10	1.5155300810204462E-9	1.9594030524950697E-10	0.0	1.9594030524950697E-10	2.153431881157545E-12	4.327984348940958E-15	4.792690549219261E-8	7.603734481374435E-9
5.906465033238109E-4	3.435572082250335E-5	5.975279892222518E-7	4.6073760872427615E-5	4.4262841072908326E-9	1.6766104017257117E-5	5.25478498893259E-6	2.434306447899216E-10	0.0020346563679850133	3.874450020418895E-4	7.423504516865107E-4	5.734040572989734E-6	1.0483927556829473E-8	1.0191795786564747E-5	1.4912550334940141E-7	2.1968540106760928E-8	1.8591034299143925E-10	3.099686858682076E-8	4.188691643634106E-13	1.566412919354455E-6	3.8264617663290004E-6	8.170534064742838E-6	5.618293538488005E-6	5.715086163574504E-6	8.267808461417987E-7	2.617121449919761E-6	0.0	2.617121449919761E-6	3.7146166421662186E-10	1.2966046676899923E-10	1.1648641138140557E-9	1.5089082553656682E-5
