32
NULL,open@__open_nocancel,fstat@_fxstat,mmap@__mmap,read@__read,munmap@munmap,open@__open64,close@__close_nocancel,rt_sigprocmask@sigprocmask,exit_group@_Exit,rt_sigaction@__libc_sigaction,sched_yield@sched_yield,mremap@mremap,time@time,read@__read_nocancel,mprotect@__mprotect,madvise@madvise,lstat@__lxstat64,openat@__openat64_nocancel,write@__write_nocancel,syslog@__syslog,getpid@getpid,writev@__writev,close@close,stat@__xstat,socket@__socket,fcntl@fcntl,connect@__connect,getdents@__getdents64,lseek@llseek,getrlimit@__getrlimit,write@__libc_write
0.9159903045610616	0.0013875852964744613	1.6253406303080304E-5	0.001073189942195726	1.1041616670567652E-7	8.581422534537082E-4	1.0050809642519203E-4	8.17696723042541E-9	0.02621820167548165	0.006226412291102914	0.011667362215777856	9.81417504335633E-5	3.954647458542782E-7	2.720470783187933E-4	9.817608177049697E-6	5.580994544013224E-7	1.1800460697319542E-8	9.386192673158623E-7	9.574631770790043E-12	3.9781535220824336E-5	1.9583954900855103E-4	2.540476475118584E-4	1.4991200307573407E-4	1.395927858501674E-4	2.8626938226828436E-5	4.8334706864676874E-5	0.0	4.8334706864676874E-5	6.7125780517480525E-9	2.4928442269333167E-9	2.653827493231571E-8	5.704531532670019E-4
2.7799959695037733E-4	4.360182889110797E-4	2.1981904718399476E-5	2.7161629887938557E-4	5.3442309886805865E-9	1.3033312749586171E-4	3.3589897027084576E-6	1.1821615270661755E-6	4.890144533023091E-4	1.2910136031452774E-4	2.4234395961630033E-4	2.095819648492782E-6	2.3393782546277403E-8	1.9881668730167885E-5	2.1991106457889672E-4	7.610503902536762E-8	1.7380411843087195E-9	1.1950375299215133E-7	5.3510465381850884E-11	1.860934610854217E-5	8.736961961737779E-4	2.3773663643271787E-5	1.7028439161358602E-5	5.679444002971647E-6	3.766760190799927E-6	1.560297561097497E-6	0.0	1.560297561097497E-6	1.6361242600588266E-10	5.657836801972091E-11	1.147102822066255E-8	4.5701420132581545E-5
7.574795482766095E-6	2.849375730935866E-6	9.400816770881349E-8	5.427472003948491E-6	8.529349775389486E-11	2.496431731727912E-6	1.42942084126209E-7	3.300345814066262E-11	9.988987393646697E-6	4.073038620745115E-6	7.577956550075197E-6	7.167858537917764E-8	6.605112643023013E-10	3.069524154621782E-7	3.1417704673730764E-9	5.920450365768571E-10	6.6958016290612895E-12	2.0051496969378218E-9	3.2790962118073805E-14	5.358142894740608E-8	3.033414125335251E-7	4.0420406531051747E-7	6.086469640711339E-7	3.862077114065182E-7	5.7954378032807305E-8	6.992686268248838E-8	2.494432851633541E-8	6.992686268248838E-8	9.359906803276156E-9	2.948080586929946E-10	9.112851522745275E-11	9.466726292327603E-7
1.3838375815468194E-4	1.6557529496924524E-4	8.28445421525895E-7	0.0013231691720805062	5.766703773020318E-9	0.0018013636422029048	9.851248398885687E-6	3.743557803224371E-9	2.4500486600777233E-4	6.981629965226516E-5	1.3385850027851986E-4	1.1672824509562815E-6	1.880518516454357E-8	9.460038303637256E-6	1.9438060311470953E-7	4.0277662626193465E-4	6.65015310719891E-10	1.3189801977228573E-7	6.204616724750196E-13	8.136244809006928E-6	9.11932188614132E-5	1.862906121536035E-5	7.872211409112421E-5	6.911250978392737E-6	3.5472726378267262E-6	5.15198507404616E-6	0.0	5.15198507404616E-6	1.0150134204040061E-10	3.3801505273408976E-11	1.7068465347932912E-9	3.858679820124594E-5
1.2358345658127987E-8	3.903928815071092E-8	3.860839793169957E-11	3.776026054956241E-9	1.2046769621824813E-13	2.0212535205362158E-7	2.0781802446739177E-10	2.1973265047843208E-13	2.6620820735481636E-8	6.460454269565402E-9	1.1921406483585423E-8	1.0161201685670856E-10	1.196791180569537E-12	5.709620613992445E-10	1.5124430787195493E-11	1.260181446158418E-12	1.3353594901913637E-13	1.1077477464047236E-11	4.7482889862054877E-17	2.826627191509872E-10	3.667075115215373E-9	1.8664205821880515E-9	2.7288287546392338E-9	2.96972423708957E-10	2.7356570541070997E-10	9.970822185923853E-11	0.0	9.970822185923853E-11	6.6126535842169404E-15	2.540088365701905E-15	1.2874461377924522E-13	2.386584662140414E-9
3.177476285565383E-4	1.7406149802572286E-4	1.724385923500233E-6	4.882093912976097E-4	1.0747714848000449E-8	5.036254380469716E-4	4.3358869558633795E-6	1.0490329436099941E-8	5.708503933150966E-4	1.604294198597579E-4	2.994133636207646E-4	2.636135815376127E-6	1.8381986869247285E-7	4.218746927186108E-5	1.166724275776529E-6	7.518391220515051E-4	7.202408868842879E-10	9.671260113771265E-8	2.0272368316927364E-12	5.1611341533996896E-6	5.107949063651353E-5	6.495514590413273E-5	1.87359180977834E-5	8.267370816269984E-6	2.5395300937443944E-6	1.9629719653616487E-6	0.0	1.9629719653616487E-6	2.0560990861296257E-10	7.267826416601036E-11	5.647771524973143E-9	1.1704761424750722E-4
5.9201536292722495E-5	2.3406998922574164E-5	4.969423671275588E-6	9.610442346631739E-6	9.33770196322917E-10	7.349315142676786E-5	2.2302897714691613E-6	1.1797280456571952E-6	6.913393851774928E-5	3.094350711014802E-5	4.907721815979348E-5	5.127543819017089E-7	5.763165182173549E-8	7.2386221938240936E-6	6.38436193062838E-8	7.604080119535254E-9	1.2483440456699212E-10	1.2598916740262016E-8	3.01504852383205E-13	2.226454707549937E-6	2.3396466888960448E-6	1.0044281247561186E-5	2.042894913641468E-6	1.7025014478416272E-5	1.0509128026228911E-6	2.2158124419434744E-7	0.0	2.2158124419434744E-7	2.3258560819248443E-11	1.2878051451515952E-11	8.397467233760635E-10	2.0145307412234727E-5
1.0796430866420248E-7	5.903510523878714E-8	7.495219143412412E-7	1.643954647097123E-8	1.2611776479212625E-12	4.9003491383025824E-8	1.4183161734531054E-9	9.880213298323625E-13	1.4066527172433927E-7	5.7760707648926174E-8	1.0535627835187057E-7	1.0078631125852917E-9	1.6689734416054094E-11	5.765197130377957E-9	3.0134161334927043E-10	8.872478222493863E-12	1.684912004269328E-13	3.022579548469693E-11	3.317566589302974E-14	8.340660997752189E-10	5.860480974555658E-9	8.253960537687197E-9	4.834268226769937E-9	2.565587661033543E-9	8.66137602857931E-10	6.541503905988993E-10	0.0	6.541503905988993E-10	8.079991918147196E-14	3.0132740657605576E-14	9.281624721228981E-11	1.7817239713579343E-8
0.013894822185158213	4.109271518797447E-4	8.676375900673064E-6	5.804956237853548E-4	7.613221285476524E-8	2.0543232575944957E-4	4.7237649690653166E-5	4.348255993581668E-9	0.005611115350893098	0.00759232040120256	0.013710405656304396	9.794810351010347E-5	1.4733018462515292E-7	1.3145097512671407E-4	1.931613359212654E-6	2.527995167446857E-7	2.6873449308673086E-9	4.42637176351715E-7	6.7450919215832624E-12	2.9335136679667275E-5	4.498047722901636E-5	1.2363714723868474E-4	7.313815637889256E-5	6.798578137613985E-5	1.1710236929780979E-5	2.180316573959252E-5	0.0	2.180316573959252E-5	2.925304000955479E-9	1.2887805291518713E-9	1.877909853066179E-8	2.1778261370767227E-4
0.01411354761323221	1.9440269774753018E-4	3.182166998276581E-6	3.736885607931296E-4	2.6462367274166668E-8	9.266697606809088E-5	1.187550801145769E-5	3.5522336249589302E-9	0.0015061553161901833	3.699313901638032E-4	6.790971066049561E-4	5.821692858171144E-6	5.8733386904115826E-8	3.883298890652729E-5	9.90268718985128E-7	9.26622121997664E-8	1.9681466811433615E-9	2.019221507564749E-7	2.6098140129062584E-12	2.360265934824174E-5	2.1421229804610722E-5	5.401875711427829E-5	3.147466475584653E-5	2.1520056918701276E-5	5.5219278071667115E-6	4.033208994682237E-6	0.0	4.033208994682237E-6	4.051457598904734E-10	1.4611490611071836E-10	7.252584982397058E-9	9.80769863816942E-5
0.013169093125401767	2.7587902398492795E-4	4.946370817223562E-6	4.3480442321908717E-4	4.163759038156369E-8	1.3286757461474142E-4	2.9423573259959145E-5	3.6479151018286726E-9	0.0033647433297983357	0.0072162347614403355	0.005449071963014675	1.2399939905855849E-4	8.728661199243258E-8	7.174383867523219E-5	1.3032064476628084E-6	1.5912052432861231E-7	2.1981903149099627E-9	2.791520329727191E-7	3.909847374237596E-12	2.4301653124068693E-5	3.041887825377225E-5	7.607151228074091E-5	4.524266944598865E-5	3.9689420259681255E-5	7.515250994656327E-6	1.3165095786785064E-5	0.0	1.3165095786785064E-5	1.7513807754567098E-9	6.584450527055646E-10	1.087507312009441E-8	1.3556708088319374E-4
1.4295018499927686E-4	2.6318127158884643E-6	4.818937064632809E-8	4.416577933499225E-6	4.1045333900749173E-10	1.278110752838348E-6	2.334043043361402E-7	3.8485750778062114E-11	2.8067335951344388E-5	7.839344397696905E-5	5.396606071938765E-5	4.352754966356382E-5	8.536227679213631E-10	6.659936865031372E-7	1.285651520261395E-8	1.4323132978478086E-9	2.2272386782756957E-11	2.754337423845549E-9	3.842580057411968E-14	2.5681383517566846E-7	2.8937899143200613E-7	7.509856394051394E-7	4.417298297913552E-7	3.582523580841865E-7	7.422867317065128E-8	9.798133839534869E-8	0.0	9.798133839534869E-8	1.2276442753366433E-11	4.9927082023359045E-12	1.0687889316534432E-10	1.3439164834604627E-6
6.834776968477012E-8	8.728260658429098E-8	2.078376135451693E-10	3.0084847926989326E-8	7.066834603116914E-13	1.4151547063408466E-8	1.3412230101371633E-9	1.715637670787755E-13	1.3519656230992024E-7	3.6565774719241026E-8	6.901824441323942E-8	5.989202458906833E-10	8.304386718444892E-12	7.556109821582037E-9	7.385333000308691E-11	1.5875731306077208E-11	8.93305821397402E-14	7.913413487951246E-11	1.8787043176425278E-16	1.6977645734266137E-9	9.811847032819778E-9	1.3415410946858814E-8	6.351903756519612E-9	2.058377343216474E-9	1.9829781862980823E-9	6.339622785814881E-10	0.0	6.339622785814881E-10	4.482719455045101E-14	1.6451762990107545E-14	4.95596180037887E-13	2.477501433715701E-7
1.5978181774502567E-4	2.104707611187013E-4	4.287525390064809E-7	1.7458688152380484E-4	3.0383399702135244E-9	1.929180796333664E-5	2.3576249123483565E-6	2.2447525007712787E-10	1.9660923897988917E-4	6.453269792416927E-5	1.2511816904437888E-4	1.1175427026845394E-6	1.2564985756278213E-8	8.108704560892663E-6	3.7679810190974842E-6	1.861825189385714E-8	1.3199057692885096E-10	9.852995004069175E-8	2.683645797302558E-13	2.0546622351761027E-6	1.1336911833642039E-5	4.691908167719893E-5	9.352773961389914E-6	3.4628167981559166E-6	2.5021124500621153E-6	1.1340956352520154E-6	0.0	1.1340956352520154E-6	9.986032629591737E-11	3.43052679880804E-11	7.156409459056288E-10	1.6935757009299558E-5
1.705184915709675E-5	5.194481278454101E-6	3.270004329283539E-8	1.2013664589998324E-5	2.6546258498469227E-10	1.0774125790862873E-6	1.545844804491208E-7	2.7063946921705932E-11	5.4031353580997656E-5	1.032957280413991E-5	1.983041504159956E-5	1.53630932478884E-7	8.565862919347239E-10	4.621107426949729E-7	9.375298360807825E-7	1.3826181673690268E-9	1.5258919252014336E-11	1.6493036378774378E-9	4.3242125912147684E-11	1.0243989239378044E-4	1.8871960444284701E-7	4.5708539283506446E-7	2.004921841086728E-7	2.4286676823763624E-7	5.018900341639871E-8	7.23577267753687E-8	0.0	7.23577267753687E-8	1.5719714192759266E-11	3.513450135602574E-12	9.348712359286204E-9	1.2893882442821314E-6
6.899903796490186E-5	1.5662106612402185E-5	5.424168497526535E-7	1.769976556301682E-4	6.367252193438809E-9	5.871956896095422E-4	1.0427343645158203E-6	5.7630907895883894E-11	9.138338219499289E-5	3.495927865694205E-5	7.045366407311126E-5	6.340249800944912E-7	9.579763169580957E-9	5.082536756561969E-6	9.308915864766268E-8	1.683112774409833E-8	3.531016583649138E-11	2.3663195946116142E-8	9.121335239451166E-14	3.1652196212685933E-7	1.6141447122880733E-6	7.440569803825739E-6	1.5725353937252073E-6	2.147956097025873E-6	5.875237057584182E-7	4.600486026643214E-7	0.0	4.600486026643214E-7	7.249577967181158E-11	2.1459743588297243E-11	2.523584167750887E-10	1.326796949872125E-5
3.977707165974922E-9	2.0751626236578814E-9	1.153806897128274E-11	6.092209277547623E-10	4.6519092567706173E-14	8.478479082699888E-10	3.957949493994502E-11	1.1156531223971801E-13	6.962377277197828E-9	2.090029273208665E-9	3.54871170144694E-9	3.3235360245926654E-11	2.4830641060034603E-13	1.3467423805109413E-10	1.2749901569237482E-11	2.5462103399191155E-13	4.278370022754997E-15	1.5140468208963188E-12	1.7025078568145314E-17	3.93459700837223E-11	2.1272375336941235E-10	2.687662561464034E-10	1.758596670184377E-10	6.440637237266544E-11	3.6683184336795226E-11	1.862859793136036E-11	0.0	1.862859793136036E-11	1.6806761404014397E-15	7.998869756361224E-16	4.71194705316152E-14	7.505682064081505E-10
1.0988523704119503E-7	2.0328086228268484E-7	1.0488010483017433E-9	5.0133066980394345E-8	9.81934068396122E-13	2.3747007614224926E-7	2.620084263179033E-9	3.367231384488379E-12	1.8627673761105157E-7	5.115793801767051E-8	9.841490808851774E-8	8.495597628310488E-10	1.327797830908152E-10	3.08498753237542E-8	4.5991329740917434E-8	3.198548547723572E-11	4.74348441071481E-13	1.4191354231765123E-6	5.321458207118197E-7	1.9891086187691106E-9	1.7915426500561603E-8	3.9508192917739824E-8	1.3433482460127014E-8	1.030927373490798E-8	2.998075519743753E-9	8.612289201818637E-10	0.0	8.612289201818637E-10	6.828576901536403E-14	2.4209124164806585E-14	1.545956595187111E-12	1.046558959733292E-7
9.29338338277523E-9	2.0352146407079888E-8	2.7367996782520156E-7	4.792587478413882E-9	9.0209562987364E-14	2.4874235296776645E-8	2.497401353874137E-10	4.455313586890089E-13	1.709506046961134E-8	4.65605642039376E-9	8.993079489250085E-9	7.733453893885769E-11	1.2048137801102095E-11	2.8084876301699944E-9	9.893912257036152E-11	2.9367340021115175E-12	5.6150457566804417E-14	8.51125901623302E-12	2.0166568316157977E-16	2.0958714861665821E-10	1.9906672818124805E-9	3.737051348727444E-9	1.4870600359346552E-9	9.438699929423386E-10	2.9635440077507224E-10	8.415046918149872E-11	0.0	8.415046918149872E-11	1.1457907976183899E-11	2.2102584470421396E-15	5.611506425098296E-13	1.0143612074971215E-8
2.2217616182784597E-5	2.5553859950506406E-4	4.811560929175903E-8	5.14161118806862E-6	2.015959566888571E-10	3.055119784478042E-6	3.398620566395943E-7	6.163685779694925E-11	6.566614991954954E-5	1.3141376046764406E-5	2.5118723180968332E-5	1.982632186119938E-7	1.6651567484537613E-9	8.445223151080114E-7	1.878017422903514E-8	2.2908091908725533E-9	3.221748191836033E-11	1.6516452595011663E-8	3.937722795882821E-14	1.0279722725124136E-4	4.8163322264490526E-6	2.8124880135461573E-6	7.624365416108649E-6	4.606235589642233E-7	4.1084268691221864E-7	1.6400134826435184E-7	0.0	1.6400134826435184E-7	1.3250235400290477E-11	4.660199413957161E-12	1.03985667567448E-10	2.4340353138123283E-6
1.5093663897280181E-4	4.295678718405871E-5	4.978217761451575E-7	3.7932423107753364E-5	2.644672557023827E-9	1.599273557834839E-5	1.3484721700192092E-6	1.7276032521918749E-9	2.8784658222353406E-4	7.149032270203566E-5	1.3448758638566577E-4	1.1434902321353206E-6	6.373594268461477E-9	1.7182872675194768E-5	2.2470357492649148E-7	5.7106124641167884E-8	8.949565358320873E-10	2.5863082810186833E-8	3.0562613139739256E-13	2.268575283420315E-5	4.188875491303376E-6	7.4374034649653355E-6	3.744842298605475E-6	1.8964603056324912E-6	7.134452411431399E-7	6.487004075371159E-7	0.0	6.487004075371159E-7	8.341479732912075E-11	3.004841151195977E-11	8.479964175995477E-10	1.790256317164277E-5
7.479043672303212E-5	6.761050672830073E-5	2.743985375977659E-7	2.14915469242395E-5	8.654585201486588E-10	8.567506854285834E-5	2.093234518407321E-5	3.166357017545422E-10	1.2511592940288462E-4	3.9195926606008854E-5	7.527423445837292E-5	6.693238863359332E-7	9.305909585089247E-9	2.0199989270137405E-4	1.0680159722270483E-7	1.10163726052265E-8	1.5366355310096514E-10	1.583682782326179E-7	2.0441713176359852E-13	2.9277109035839134E-6	2.432706184397917E-5	1.0637614902706222E-5	1.7523399554701064E-4	9.841053774400156E-6	4.659921092200723E-6	1.1254143803076212E-5	0.0	1.1254143803076212E-5	5.5855472851984565E-11	1.9943687466376188E-11	5.50034455197556E-10	1.240669987705843E-5
9.755423649074281E-5	9.238026957626871E-6	1.2566928894255494E-7	7.700215835999251E-6	9.861059922598588E-10	4.188939305131562E-6	7.496536868200009E-5	1.3680682600931626E-10	1.384227666240344E-4	5.246307131299775E-5	1.047310512144877E-4	9.454943384854411E-7	2.208022523772177E-9	2.188836782487325E-6	3.5871141230998014E-8	6.2817420235979674E-9	7.758823365223338E-11	7.640123037462014E-9	9.82694184539871E-14	1.0373596952689611E-4	9.998185862682702E-7	1.9170682257166463E-6	1.1892901769373164E-6	2.8637126017536965E-5	1.9954816777795543E-7	4.062521180913923E-5	0.0	4.062521180913923E-5	9.115925548242235E-11	3.113245464342928E-11	2.7301130317681105E-10	3.614420458193885E-6
6.608067688762273E-5	8.630132622471152E-6	1.3146717244260072E-7	5.589042205433548E-6	1.1426235659592832E-9	4.620006702860658E-6	6.502376260462805E-5	2.741416004750658E-10	7.248687512385662E-5	3.500668464731782E-5	5.23982968431254E-5	5.718891031971109E-7	2.2302864837801304E-9	1.8514287263587813E-6	4.2194557497660586E-8	5.922085228178653E-9	1.2558503181966437E-10	7.636659423664524E-9	1.0999754400715718E-13	2.9601519075523504E-6	8.73076171906835E-7	1.8958831102051711E-6	1.1450947762398776E-6	2.1091527809159235E-5	1.9138989530371876E-7	5.4978372215828954E-5	0.0	5.4978372215828954E-5	1.9328431267207305E-11	1.3438475866996712E-11	3.06010199755775E-10	4.384476063311574E-6
5.624104468041068E-6	2.453753956385294E-6	2.5712644039964416E-8	3.249280487442977E-6	6.690493951567539E-11	3.7653845663966125E-7	6.953223607536941E-8	4.477462960852505E-12	6.827657645563103E-6	2.655513408867096E-6	5.116004688083128E-6	4.71991093260321E-8	2.2151550900286917E-10	1.5413947366936888E-6	2.089059010081602E-9	2.8926548437814934E-9	3.088614066778459E-12	1.4786116796583613E-9	1.3782567814826373E-13	3.927431326016739E-8	2.5065045345537533E-7	6.10573971594279E-7	2.0400987088506654E-7	8.355530383463916E-8	4.630216205275101E-8	3.439117622386228E-8	0.0	3.439117622386228E-8	4.180716422406572E-12	1.495423302513965E-12	3.8511901252674146E-10	2.893969569656952E-7
1.4926452753808544E-5	2.3107702022587026E-6	2.9694684125900437E-8	1.3715875434014415E-6	2.510142826192867E-10	1.060191005527421E-6	4.131218214990098E-5	5.971857280269527E-11	1.784885864927177E-5	7.962227029159814E-6	1.2113981216924132E-5	1.2950817404493514E-7	5.223863471302601E-10	4.347963032406139E-7	9.339834419204172E-9	1.349819035923565E-9	2.7424765973480233E-11	2.0673396506213474E-9	2.4736789488987364E-14	6.463093123549096E-7	2.3794855766011108E-7	4.820819461724732E-7	2.811648993842339E-7	1.549494893149009E-5	5.2100351159139444E-8	5.365100675846163E-5	5.361013729879445E-5	2.6845898184149914E-5	4.615069317959972E-12	3.0444918298253423E-12	6.867428895734236E-11	1.000547777376952E-6
4.4806924493303185E-6	6.945407708116466E-7	8.952196850286346E-9	4.123396015998878E-7	7.533015647713034E-11	3.193750406165834E-7	1.2393672373766024E-5	1.7934370422944723E-11	5.358426020124152E-6	2.390074315454132E-6	3.636982929871491E-6	3.887764669953195E-8	1.576807865892816E-10	1.3085733363987826E-7	2.8037093095759174E-9	4.056399418664421E-10	8.230696442704988E-12	6.208475755120949E-10	7.426114587836018E-15	1.9391085821822278E-7	7.151600734023216E-8	1.448851148007003E-7	8.445861266800884E-8	4.648559482754106E-6	1.5671111119284137E-8	1.2279700044793698E-8	2.4827913053721347E-9	1.3414833987200704E-5	2.578844086677234E-9	8.154135296844471E-11	2.0616274206344136E-11	3.00794482196707E-7
1.4180072312318871E-5	2.195222743516173E-6	2.820983492473103E-8	1.3030028546565236E-6	2.3846259641683037E-10	1.0071773495824725E-6	3.9246413057905815E-5	5.673241289794261E-11	1.6956346595774594E-5	7.564084843385034E-6	1.1508235243784048E-5	1.2303226381264525E-7	4.962650067937372E-10	4.130548042975376E-7	8.872806529040027E-9	1.282322856852705E-9	2.6053421470358817E-11	1.9639646621636145E-9	2.3499854219479575E-14	6.13991343856249E-7	2.2605020830360594E-7	4.5797598196563244E-7	2.671055655830228E-7	1.4204388818366389E-4	4.949513183869484E-8	3.882582841390916E-8	0.0	3.882582841390916E-8	4.384297979862551E-12	2.892255448312866E-12	6.524030856317993E-11	9.505165138123681E-7
4.622912575856769E-9	1.410980010088783E-9	3.561990290297777E-10	6.742059954259872E-10	7.208444976243194E-14	1.3113759591235712E-9	4.1551992371712014E-11	1.7086001253427202E-14	4.214012173489352E-9	2.466244073816726E-9	3.6918370367660704E-9	4.12556368321526E-11	2.8010542194770577E-12	2.762506238970897E-10	5.877403290134845E-12	3.482838632227993E-13	3.3124117269169176E-15	9.939287822372696E-13	1.4201432124728337E-15	2.8514375326208054E-11	1.4698165628642886E-10	3.3677527012909805E-10	1.633770914074522E-10	1.1276318872480155E-10	2.1907822648206068E-10	1.6825146759629364E-11	0.0	1.6825146759629364E-11	1.7138482362206608E-15	7.795097488936761E-10	3.97329791050864E-12	7.137910009272792E-10
1.18985395355573E-9	3.487309573202038E-10	4.9902038844909105E-12	2.193148006478995E-10	1.8306362676083313E-14	6.103184902477357E-10	1.230759548707035E-11	2.2264990645168487E-15	1.0812202331640137E-9	6.296279345417459E-10	9.488070478164101E-10	1.0555429328157806E-11	5.263038272764868E-13	1.3528269974504404E-10	6.238269553310346E-13	1.4093206466103034E-13	6.738494390783391E-16	2.694946746573754E-13	2.030394630483698E-18	7.5485919277376E-12	3.7267990552917566E-11	1.5578808319342173E-10	3.5249854661678833E-11	4.734650521882443E-11	1.0672021625225126E-11	4.124180364247686E-12	0.0	4.124180364247686E-12	4.077426461040508E-16	2.6326095600229416E-16	5.595184965580248E-15	3.81611162432319E-10
7.997870441190016E-9	9.271641466927493E-8	4.308777137498459E-11	4.9579529221493395E-9	8.079051503294243E-14	1.1506214821750641E-8	2.0306417896564205E-10	5.823620334134093E-14	1.3270858149550663E-8	3.958864128576985E-9	7.631266663083885E-9	6.705073598628686E-11	8.065912773831919E-12	2.579305185222489E-9	9.236293150918517E-12	3.0135644471391297E-12	1.5264817563897304E-14	1.0603220152214946E-11	8.12590674181259E-12	2.2477387992016663E-10	1.4220796237611057E-9	3.690666101900435E-9	1.0774926272797184E-9	3.897061054908887E-10	7.103359401540098E-10	9.13301646370386E-11	0.0	9.13301646370386E-11	1.021377126876247E-12	1.9763126644032515E-15	2.2736525336213454E-8	3.594865479590103E-9
2.846177092746428E-4	1.521234948983917E-5	2.6699221359314564E-7	2.0975957093601846E-5	2.010350855242083E-9	7.311313981236433E-6	2.397237637803743E-6	1.0895367269123805E-10	9.465018503085513E-4	1.7821644082077163E-4	3.4181326731957403E-4	2.6336905078846076E-6	4.670075404198998E-9	4.619014501058329E-6	6.376653433362659E-8	9.94888827120863E-9	8.202078451400993E-11	1.394163602388297E-8	1.9017923289076522E-13	7.091385789483105E-7	1.6660199851297828E-6	3.678919024996304E-6	2.5401887691097895E-6	2.580979610319183E-6	3.661759308734546E-7	1.1950374843893766E-6	0.0	1.1950374843893766E-6	1.6967440824810753E-10	5.913437176013098E-11	5.289429601199654E-10	6.740290798533601E-6
