32
NULL,getrlimit@__getrlimit,open@__open_nocancel,read@__read_nocancel,stat@__xstat,open@__open64,close@__close_nocancel,munmap@munmap,rt_sigprocmask@sigprocmask,exit_group@_Exit,rt_sigaction@__libc_sigaction,sched_yield@sched_yield,time@time,mmap@__mmap,mprotect@__mprotect,write@__write_nocancel,syslog@__syslog,getpid@getpid,writev@__writev,close@close,fstat@_fxstat,read@__read,mremap@mremap,socket@__socket,fcntl@fcntl,connect@__connect,lstat@__lxstat64,openat@__openat64_nocancel,getdents@__getdents64,lseek@llseek,madvise@madvise,write@__libc_write
0.8432322439368589	0.0016422914350789697	0.009708453504938118	3.544487910016734E-5	2.90832917232841E-4	4.2731227509354604E-4	7.527126568337743E-8	0.0038952937693950782	0.09338072725021673	0.022105254338512174	0.04147513048116387	3.4840448435134426E-4	0.0011729774531582424	0.0049376411764204065	2.5334283040488572E-6	2.263639769284386E-4	0.001212354615200981	0.0015434508271836359	8.751254474227559E-4	5.906680852614804E-4	6.559500610049517E-5	3.726597594948406E-7	1.6432876118717556E-6	2.0564846684066872E-4	0.0	2.0564846684066872E-4	6.871921722088018E-6	5.890659227628589E-7	4.2697444824373003E-7	9.042461033059331E-9	3.8713310219342706E-8	0.002401213122150299
5.491383276111384E-4	3.156586708509796E-4	0.0011551456597344864	7.997126172322077E-8	2.178570840364718E-6	1.3341019737252412E-6	1.8596060699635422E-10	1.6821252011190074E-5	2.0536104328365028E-4	5.608777539423544E-5	1.0746007129364538E-4	9.283183756157901E-7	1.5254056288599663E-5	3.5246470017361946E-5	2.9621663139841577E-8	5.154912761073237E-7	3.5680447923609083E-6	3.882048352333709E-6	3.4252867034066535E-6	1.9461076641039044E-6	2.2050341961917707E-7	1.0917402993798932E-9	6.442321956198538E-9	6.364761429974502E-7	0.0	6.364761429974502E-7	1.4136114979105474E-8	1.1281854076535278E-7	1.5183098824897587E-8	2.6787065985702136E-11	1.5848040245798785E-10	8.460108790102227E-6
0.0026925770482047998	1.3138843693796657E-4	0.0021049658384665053	0.0019714502146137678	8.434269206008147E-6	1.694349171674685E-5	7.03170694646458E-6	7.013170160354288E-4	0.002983090954161346	7.940943417234513E-4	0.0014808626857126365	1.2874957666879763E-5	1.2290762243335313E-4	0.001543637987074378	4.5068006216002985E-7	1.0006190770146143E-4	0.0050547855275005	7.155500340816213E-5	6.687755302493516E-5	2.9434894853376697E-5	1.204029361542984E-4	3.518205525189843E-8	1.0777934560861621E-7	7.829329576018773E-6	0.0	7.829329576018773E-6	2.0559088262644513E-7	7.434173768097783E-7	1.080812316281646E-7	3.525657162377257E-10	1.2069357892040119E-8	2.282847171435914E-4
3.1775589926466265E-4	1.2928869712541374E-4	5.4356832210747796E-5	5.848445359592681E-6	1.0216072979070444E-6	1.554632118740574E-6	4.258890289116423E-10	1.3228573188382103E-5	4.1296872743290877E-4	8.654284106365079E-5	1.657874172429632E-4	1.3285847270664153E-6	1.0772751494762984E-5	8.672048964778546E-5	2.1101798395179897E-8	5.985646904024805E-4	2.304880099632574E-6	4.02581061131578E-6	2.456989349086809E-6	2.378999695240251E-6	3.001952789862456E-7	2.043801616593466E-9	7.734338593057022E-9	7.326908921532276E-7	0.0	7.326908921532276E-7	1.2261765871804309E-8	6.087577079358013E-7	7.751114930801147E-8	3.322718273616749E-11	1.8781101106587937E-10	1.1391133523666075E-5
4.778422408165938E-5	5.1220034969988E-6	9.140238524553654E-6	1.7900177736360613E-8	1.203152148757766E-7	4.057943330820796E-7	3.831403781470344E-11	1.9574651626267565E-6	4.526098392157446E-5	1.6972167064709712E-5	3.245701665517947E-5	2.9884428322012027E-7	9.215669206829312E-6	1.835888610253291E-5	1.7102120460297577E-8	1.232415975935283E-7	8.322767109134055E-7	2.8019492457192293E-6	8.404598699769303E-7	4.763033190909852E-7	1.536534292239221E-7	4.927851760206923E-10	1.0153517333139896E-9	2.014857040113982E-7	0.0	2.014857040113982E-7	2.636055412118362E-9	1.8311326943893364E-9	6.083154864414872E-10	9.503162437911054E-12	5.24423986073482E-11	1.3561429153156866E-6
3.766598237472351E-4	2.5435586027504385E-7	8.81932322012594E-5	3.9186667940426934E-7	4.38748067430261E-6	1.304853744300978E-5	6.999178627361877E-6	3.980990974793618E-4	4.27802291420178E-4	1.8551133632957128E-4	2.953594662205732E-4	3.0653569314801013E-6	4.181987650528599E-5	4.789961664308748E-5	4.3160596122260605E-8	1.2201546490625831E-5	8.431791839594758E-6	5.1944156546692136E-5	8.8002281290948E-6	1.0071377466920443E-4	2.91754199923005E-5	5.79807564071469E-9	3.0983472450301237E-7	1.214491323823213E-6	0.0	1.214491323823213E-6	2.7449131998276376E-8	9.490182026513464E-11	2.282589776407622E-9	7.834908061873211E-11	8.580688146557398E-10	1.0658902501510355E-4
1.188726282127167E-6	2.304590187395358E-7	2.7197598520992957E-7	2.1502913925539807E-9	2.6678918774861812E-9	9.0675619615081E-9	5.765540456101893E-12	2.944137326062261E-7	1.018434271885421E-6	3.898938392989935E-7	7.143846307478733E-7	6.744588899626837E-9	4.358237101411985E-8	1.0024639301322043E-7	6.928289629898519E-11	2.9949336312856913E-9	2.3627089223374624E-8	3.2639674323768565E-8	2.2875149138798464E-8	1.7542303953075473E-8	4.394013232551477E-6	8.621455563182477E-12	9.272178094971385E-11	4.1160527719504135E-9	0.0	4.1160527719504135E-9	6.05117762398916E-11	8.23771727277807E-11	1.7861247899853056E-11	2.0364675968467154E-13	1.2299584137225546E-12	9.495492111284005E-8
0.0024422223058374434	1.289017785322665E-6	6.932213769678552E-4	6.698349000794295E-6	4.685276089230183E-6	2.4392807812104623E-5	1.2904142702224413E-7	0.002937452314572301	0.0034111343124019096	9.570741043564432E-4	0.0017860483527689917	1.5721953815980222E-5	2.4488055619961534E-4	0.0028866054180060447	0.004542222670424627	2.4962889104276377E-5	2.640834569039486E-4	3.384611103263308E-4	8.851213300755935E-5	4.5102746043998324E-5	1.00076167082363E-5	6.169061203564397E-8	9.785235619422168E-7	1.1132410555428207E-5	0.0	1.1132410555428207E-5	2.6558692326839366E-7	4.867024379041787E-10	2.0506068826737542E-8	4.4219726626153196E-10	5.1346210059724526E-9	6.15957617571905E-4
0.05984978496618823	2.2088049043136142E-5	0.0023081302447484032	1.4790702831118515E-5	5.018772319404604E-5	3.0805707093097906E-4	5.8350648576016766E-8	0.001361780527055886	0.03960776668425862	0.04255385226864024	0.07700860938842437	5.551787468809771E-4	8.676791671701616E-4	0.003539696022169615	1.6962128536653053E-6	1.7450933371272154E-4	2.69128870026299E-4	7.213131363651744E-4	4.372912285019238E-4	4.354313089127522E-4	5.5452037479153526E-5	4.5126686502010703E-7	8.690407748387876E-7	1.431954061104126E-4	0.0	1.431954061104126E-4	2.174734818249052E-6	8.24396436815202E-9	2.751342498915062E-7	7.885387400083742E-9	2.271891194716652E-8	0.00132903004474586
0.05965575244754609	2.0584437652644927E-5	0.0016575877451599967	9.532077830149404E-6	3.7068797732419596E-5	1.1132201757579037E-4	5.287691583418451E-8	8.338742135372153E-4	0.018454363076205044	0.004438148859933501	0.008233575627981137	6.9837252219902E-5	3.387805097998325E-4	0.002488558077843122	7.899842988063468E-7	1.5354576188899113E-4	2.0047208878213175E-4	4.1049604189616963E-4	2.4014451990469213E-4	1.8051167537335957E-4	2.4950406684972946E-5	1.854156517226144E-7	4.511926032569732E-7	4.3962048898336115E-5	0.0	4.3962048898336115E-5	1.4146673332461407E-6	7.681491918048025E-9	7.886126342468357E-8	1.7967747089211204E-9	1.6683223789899724E-8	7.464153112539842E-4
0.05610442087231089	2.003039269713512E-5	0.001848561030515137	1.1035908408704479E-5	3.940284509011585E-5	2.0699482871167863E-4	5.1791964478639737E-8	9.97323580132121E-4	0.02740466130813468	0.040541409477666594	0.0330975856686957	6.933319358100603E-4	5.197506959367676E-4	0.0027627418117487862	1.1519728763085104E-6	1.515560578226523E-4	2.1998467364843415E-4	4.952043178151073E-4	2.9831405619779863E-4	2.7673840516749635E-4	3.428014919111347E-5	2.643734457706563E-7	5.736628704017524E-7	9.404150340895015E-5	0.0	9.404150340895015E-5	1.5916095387079194E-6	7.473994077429427E-9	1.7778431188254927E-7	4.4663453748165576E-9	1.8489721547443127E-8	9.102473445270191E-4
6.074888232129413E-4	2.1405447709697747E-7	1.884996144849364E-5	1.125096021046243E-7	4.1471687732583515E-7	1.7603235524881167E-6	5.540462390711559E-10	1.005225133872093E-5	2.53452896909064E-4	4.406639043456866E-4	3.323189322125606E-4	2.3147923956150655E-4	4.993774693948423E-6	2.8439937617966222E-5	1.0811012006011494E-8	1.6222211528847202E-6	2.2508931478316366E-6	5.068720649663547E-6	3.015291750634741E-6	2.6012866919844286E-6	3.4157881556179096E-7	2.6429203431044296E-9	5.794773966402604E-9	7.659609725686748E-7	0.0	7.659609725686748E-7	1.6564843319389462E-8	7.988027387675012E-11	1.4314976629210798E-9	3.696291442052653E-11	1.8837547640158455E-10	9.273606393709054E-6
0.0016680618137439188	1.1751909358664345E-6	8.518871475825943E-4	2.2873338896902463E-5	2.306670103584717E-6	1.0296114270974142E-5	1.1423515213874965E-9	6.873817789161175E-5	0.0011348088563461608	3.8014236481063974E-4	7.275802666223309E-4	6.565693895443476E-6	4.333537604832727E-5	9.615888810491659E-4	8.779082021729728E-8	3.5258016837444992E-6	1.6679357648320692E-5	2.114267218455043E-4	2.4099915683912217E-5	1.4687829495822304E-5	2.210629309407499E-6	2.069124800512039E-8	4.233973889744575E-8	4.998331659901644E-6	0.0	4.998331659901644E-6	1.3319071612200313E-7	4.4847245669894526E-10	9.190936512901692E-9	2.0356728800055787E-10	2.2809476537257825E-9	5.8547822154205223E-5
0.0014809153882619473	6.003264211644159E-7	5.589178672975173E-4	1.1307532448997231E-6	5.225968416010829E-6	5.567523502811902E-5	2.404321504357512E-8	0.010466606774728394	0.0014064067919676883	4.031957319104592E-4	7.696668596102168E-4	6.7357457789575246E-6	4.7312012136306415E-5	0.007909927477064744	0.0024333519788086043	4.0450315352480735E-5	4.895053062160558E-4	5.0906129207400655E-5	4.417720197590415E-4	3.5043446630037915E-5	4.262409425477406E-6	3.253938491765057E-8	7.361357808842245E-8	2.936270259208083E-5	0.0	2.936270259208083E-5	3.783588528192587E-7	2.3748002666647756E-10	9.905160926160313E-9	1.9829276872470712E-10	4.167172352431442E-9	1.759381189093976E-4
4.1366553095928426E-4	2.0107485156539225E-7	6.387931553068287E-5	5.770435140504118E-7	1.7717564928469125E-6	6.521872793178546E-6	5.179760669889309E-10	0.0035405127646896814	5.956289826185378E-4	2.2147413745904625E-4	4.433692905358178E-4	3.985523466116249E-6	3.0657997218509776E-5	0.0010654778115366775	1.0280421919512156E-7	1.3902731229057628E-6	6.382493692825048E-6	3.935055574272826E-5	7.547238475115566E-6	1.2515614729193354E-5	3.178636764046455E-6	3.5169991472065044E-8	4.962388739601022E-8	2.933196507924727E-6	0.0	2.933196507924727E-6	1.0166530180982138E-7	7.557151715785945E-11	8.123490507522908E-9	1.3560981598680658E-10	4.602210043669862E-10	7.125740369681367E-5
2.9277005784990583E-4	9.014301822555184E-8	0.0014198940772641546	1.0204090404558974E-7	2.816261723927876E-7	1.2946357494531976E-6	5.263281718034157E-10	8.580563825181648E-6	3.7665764884667894E-4	7.446197929591402E-5	1.4193764941797983E-4	1.1168460941267485E-6	2.9601604104576996E-6	1.40469797506962E-5	8.938349736026575E-9	5.98975755671128E-4	1.999844192297488E-5	3.899783084062742E-6	4.035521820414711E-5	1.4952296289267805E-6	1.6797668117734332E-7	1.127448198705554E-9	3.4034651407306845E-9	6.395456466758468E-7	0.0	6.395456466758468E-7	1.738297926127651E-8	3.729006595346482E-11	1.082818387716281E-9	2.638202692551162E-11	1.746577899864951E-10	5.851631981945828E-6
8.904870835373892E-4	3.9212360749784356E-7	1.7616000395435217E-4	1.441954378785239E-6	1.6891393634918335E-6	8.152462965837402E-6	2.3134155129650003E-8	8.80809417644941E-5	0.0017644395117457957	4.428097929009355E-4	8.277023105605518E-4	7.079361531757393E-6	1.0461224031192414E-4	2.1201109091446304E-4	3.4012034749033667E-7	1.3123819476127549E-4	1.6116497189418196E-5	3.755778900119066E-5	1.7555439469152472E-5	1.1530817607288096E-5	3.153813071026878E-6	1.806088742464909E-8	3.459260480702052E-8	3.919491695576908E-6	0.0	3.919491695576908E-6	7.476551202185422E-8	1.4889901248062556E-10	8.059046499580063E-9	1.8898196182186674E-10	6.391902741343202E-9	9.818612516819713E-5
0.0010319292294667126	3.1666469907607396E-7	1.0606690628458344E-4	5.969172551621984E-7	7.607306024998303E-6	1.2253200094780549E-4	2.6693540826091353E-9	4.7031440593022265E-4	7.01858936392179E-4	2.1899784674981446E-4	4.196392571312956E-4	3.7328092371734774E-6	0.001171444406834219	6.315652187038166E-5	4.709850840531295E-8	1.1911238760727233E-5	1.1307137137996297E-4	1.571802510108871E-5	0.0010280642971471781	5.330006102028278E-5	9.811622504485633E-7	4.947017652203628E-9	2.4094802985861463E-8	6.61469996057148E-5	0.0	6.61469996057148E-5	6.058186402981024E-7	1.295123763361684E-10	4.580971148612439E-9	1.1309627865499577E-10	9.138494031019606E-10	3.7219685288592776E-5
4.984878449274129E-4	2.1665902878730193E-7	3.891784456719845E-5	2.5010003174153505E-7	5.63566966262255E-7	4.385257225893964E-4	1.6754706691189196E-9	2.456011354070535E-5	8.717745015931347E-4	3.204829849752022E-4	6.370387833491944E-4	5.7357021308710504E-6	1.4559682160063844E-5	4.6148740014054225E-5	4.065098628682652E-8	6.05779297076412E-4	4.283276083589723E-6	9.585758547123908E-6	6.3226671843350464E-6	1.6777602997283307E-4	8.152697789429131E-7	6.2508517546289274E-9	1.2258871879602343E-8	2.376656594735247E-4	0.0	2.376656594735247E-4	2.6900154156324313E-8	8.107831243505275E-11	7.875992436389012E-9	1.9062548238572963E-10	5.963005078277389E-10	2.0684511353632557E-5
3.5432620669996164E-4	1.4449607236179545E-7	3.465515629797448E-5	2.778979111187002E-7	5.173008920933207E-7	3.7994839671387184E-4	3.331769783348212E-9	2.6567523428773728E-5	4.672046576770957E-4	2.141403577299643E-4	3.245353313495991E-4	3.491660303813179E-6	1.2235489881993063E-5	3.235933507825941E-5	3.6872173293548975E-8	1.7077335348943553E-5	3.406865540022054E-6	9.540544848290063E-6	5.973690020124693E-6	1.2339877841203629E-4	8.397607069960094E-7	7.096977468131016E-9	1.219971666492401E-8	3.212302652971195E-4	0.0	3.212302652971195E-4	2.7172250764158192E-8	5.446386469603558E-11	2.1365377748469156E-9	8.408114271623775E-11	8.913628280610155E-10	2.450970402928266E-5
5.1115705996460634E-5	2.0849324222128224E-8	9.085284025384124E-6	1.9588408706515294E-8	7.798879885692901E-8	7.924495798866769E-7	1.9577860265902126E-10	1.3730286578156798E-5	6.0187774894577424E-5	2.3887835995620403E-5	4.440645183853272E-5	4.1854132178809477E-7	1.678734568077973E-6	2.828058605134774E-5	3.1947460545368544E-9	1.743193107626355E-7	9.434545422229759E-7	1.1852667756307932E-6	2.958276189475959E-6	2.162799787386718E-6	5.101697094486966E-7	5.109487487365961E-10	3.0455912147476344E-9	3.898660632055963E-7	1.3526026497497533E-7	3.898660632055963E-7	3.9105441788256476E-9	8.039474202372074E-12	5.121520568336066E-8	1.5996858047691102E-9	4.5553941481018393E-11	4.5907062070432894E-6
1.6170541348239947E-7	5.294913474959667E-11	1.5932676639727355E-7	7.79672150129162E-11	1.6325881813245965E-10	6.665990023282514E-10	1.2107251643012771E-12	1.0752454024783877E-6	1.3484373491828933E-7	3.245319304040694E-8	5.952685553321671E-8	5.076551081114098E-10	1.8695126870449517E-9	1.0216271090307356E-8	3.8645560881120995E-12	5.841180906649138E-10	1.4195669705087664E-8	2.3558926072100104E-9	1.1268365995611275E-8	8.432491841619314E-10	1.4079375947365131E-10	6.434597561222606E-13	2.5672041521797196E-12	3.268306734559616E-10	0.0	3.268306734559616E-10	1.0808700867814002E-11	2.1854805140285194E-14	4.852491551710407E-13	1.2753494099334468E-14	7.160803924063287E-13	7.89961640700122E-9
1.1037273960687987E-6	3.229262892253374E-10	1.040041732277308E-7	3.476998329009246E-10	1.0867793437384903E-9	3.8326057700511454E-9	6.931585254098079E-13	3.303080933860318E-8	6.594811945949086E-7	1.7802824688183423E-7	3.3427516341821434E-7	2.9069600185690327E-9	3.1339188637986375E-8	8.75125679835581E-8	6.367347587251794E-11	2.241390114190064E-9	1.2737518152178488E-8	1.5148511200558415E-8	8.688207658348266E-9	5.389721910104189E-9	5.754693019682332E-10	3.4888196857409696E-12	1.56513109352044E-11	1.8415641593055528E-9	0.0	1.8415641593055528E-9	6.747813594704379E-11	1.3649463726816212E-13	3.1841140145538226E-12	8.079469582385352E-14	4.085942970060081E-13	1.3067804607661061E-6
8.417997937291333E-5	3.358479632929861E-8	8.028285444757986E-6	6.108751643689663E-8	1.194289953932523E-7	2.41295689234757E-4	7.187670365183488E-10	5.863576228154167E-6	1.1353191347488081E-4	4.852345560356445E-5	7.460616425016148E-5	7.87839198658252E-7	2.793053655965299E-6	7.5268792012864345E-6	8.2554553425564E-9	3.6898821862648935E-6	7.978353453950508E-7	2.1607900538394943E-6	1.3441409495566476E-6	9.046078637352502E-5	1.8591978873694234E-7	1.555502008689097E-9	2.7091296661837552E-9	3.1340173152080903E-4	3.131523668185123E-4	1.568253148985429E-4	6.2782582090847225E-9	1.2740038501272875E-11	4.967246556492451E-10	1.896405999361809E-11	1.9362780250183724E-10	5.392001406441072E-6
2.5271514230136502E-5	1.0082422029106007E-8	2.4131339280487333E-6	1.833718562469695E-8	3.588941909858131E-8	7.23887868912981E-5	2.157361286971952E-10	1.7658580783258905E-6	3.408108262927029E-5	1.4564899937111322E-5	2.2397364540839883E-5	2.3649183188658935E-7	8.401981783768415E-7	2.2623080103489593E-6	2.4803476166207287E-9	1.107018178525876E-6	2.3979398379965474E-7	6.493322686844358E-7	4.036619394168308E-7	2.7138618001619206E-5	5.601269848314109E-8	4.668122080557341E-10	8.177035185214656E-10	7.490963608782132E-8	1.3462900379229605E-8	7.836311794722098E-5	1.8845092679373585E-9	3.824705313858391E-12	1.4125431693953437E-8	4.4289358576305447E-10	5.811347504405375E-11	1.6207552719817473E-6
7.99706544110322E-5	3.190542645321022E-8	7.626840082387176E-6	5.8032904049097805E-8	1.1345708312591615E-7	2.2922997033750347E-4	6.828259012135865E-10	5.570374709611103E-6	1.0785487814035191E-4	4.6097094912692895E-5	7.087556711972964E-5	7.484441877594052E-7	2.6533901568588712E-6	7.1505060928222005E-6	7.842650605563333E-9	3.5053737876082504E-6	7.579404884485417E-7	2.0527421833272144E-6	1.2769286967929456E-6	8.296723439253508E-4	1.766230793118757E-7	1.4777208844573408E-9	2.5736626915682995E-9	2.3689550149879168E-7	0.0	2.3689550149879168E-7	5.9643209856082975E-9	1.2102987239461925E-11	4.718864992635838E-10	1.8015783554203406E-11	1.8394566253866892E-10	5.122380455192257E-6
1.2441598176696561E-6	4.679499569562674E-10	7.363188737639704E-7	2.658801374130574E-7	2.9330985375871272E-9	1.1088929290212038E-8	1.813035934188986E-11	1.2275030543564672E-6	9.578547991353254E-7	2.6506533067359414E-7	5.06238464223132E-7	4.3933892065308995E-9	1.63766715390324E-7	1.9734574912805094E-7	1.522608359186623E-10	3.955125541860985E-9	5.7048542139015103E-8	1.6705497438852636E-7	4.737886163047359E-8	5.118235612818851E-8	5.24708566536944E-9	6.380511274844585E-12	6.750111147374469E-10	3.187359310699287E-9	0.0	3.187359310699287E-9	7.69488655558852E-6	2.8855532952520165E-6	5.19737873330572E-12	1.2687976409085772E-13	3.014775106426267E-12	5.265771162919991E-7
3.8830261881828573E-7	5.37716621801024E-9	1.303311743127254E-7	6.946076383769037E-10	6.045790856864283E-10	4.7066394404172925E-9	2.6759080126348705E-12	1.4172072570601613E-7	4.7253466889664065E-7	1.6891187115751304E-7	3.343073998880547E-7	3.002277561799661E-9	7.21124748587249E-7	1.476416051115007E-7	1.3518411311619174E-10	1.2652641585217699E-9	1.2075513574006507E-8	2.0782988136273937E-8	1.0873422315516032E-8	8.371475701976878E-9	1.4843682900256358E-6	3.706400646150641E-12	6.7166854292167E-11	2.1591500522576947E-9	0.0	2.1591500522576947E-9	2.39523154530889E-11	1.9263753291388392E-12	1.614566990700629E-7	9.862871301909721E-14	7.0816004183831E-13	5.989948269824726E-8
3.6022454558554583E-7	5.4907112322633817E-8	4.412242794500755E-8	1.4863876305949308E-10	1.0756592836296928E-9	1.89158398060122E-9	3.942537271179864E-13	3.6285333449219934E-8	2.9387312314421236E-7	1.706991992498025E-7	2.505414616374638E-7	2.8305604311595466E-9	1.1942614166974957E-8	3.032761615979118E-8	1.7868178849051772E-11	1.0814461566955275E-9	3.8356975234346975E-9	7.925181522755664E-9	5.691062249502204E-9	4.206156392152137E-9	2.4799936101457385E-9	5.1463431164176605E-12	2.329598238315963E-11	8.283985516201025E-10	0.0	8.283985516201025E-10	2.1218477900712147E-11	1.9626228710031706E-11	4.046975804133321E-12	4.226944280815735E-9	2.32816602755136E-13	1.5497080168614146E-8
7.3430417787632305E-9	2.7723743616134416E-12	9.321558038095866E-10	3.744411183450914E-12	1.5744906884072855E-11	6.276309778180509E-11	1.4485286519079544E-14	3.1591264021045742E-9	6.375776003377791E-9	3.5101153880439683E-9	5.329739995156347E-9	5.866422924801263E-11	7.467792817235885E-10	1.0312466697054885E-9	7.403050657349525E-13	2.4265788539159033E-11	9.794420882355866E-11	7.332947783009092E-10	1.2826332556622584E-10	2.5154974038540253E-10	2.676385521548874E-11	1.0409469740516595E-13	2.7136938689947388E-12	2.0424544781784745E-11	0.0	2.0424544781784745E-11	5.017896193137574E-13	1.0716176596243688E-15	3.816997914852134E-14	1.4911286902237153E-15	5.1612050728356136E-15	1.962954948439138E-9
3.680703267119423E-8	1.578661723946649E-11	5.415343255477891E-9	7.2124308030772E-11	3.8250496498156165E-11	1.8471216522751308E-10	1.4868829598608473E-12	3.970955044942044E-9	4.0542417474615745E-8	1.2074036604386477E-8	2.0517322047364532E-8	1.9176008146400674E-10	6.853951964143092E-10	2.3173848494530496E-9	1.1955097336860094E-12	1.1122850774347608E-10	5.190444010345493E-10	5.985960007526902E-10	5.782039690015626E-10	2.9596715808994657E-10	6.266123391300417E-11	2.827687745149341E-13	9.35487476068949E-13	8.742449537880888E-11	0.0	8.742449537880888E-11	2.407212739711157E-12	6.119567458292096E-15	1.5163024656841207E-13	4.702805105112596E-15	2.9982830176790144E-14	3.544609711029269E-9
0.0012852203394729796	1.0655196627173795E-6	7.114250331558916E-5	4.4873774548012014E-7	1.2354641351725763E-6	1.4702871633450058E-5	1.3551507672686744E-9	4.334190689644281E-5	0.005330152831910908	0.0010106376837923441	0.001935134162680628	1.4963183988118271E-5	2.934447324082618E-5	1.2200942840203644E-4	6.323518104932349E-8	3.956315084709705E-6	8.083483421253325E-6	1.938220302949972E-5	1.4089404398190338E-5	1.58043570084339E-5	1.6629978580842796E-6	1.2004180088283628E-8	2.5799452610356106E-8	7.331718067177387E-6	0.0	7.331718067177387E-6	5.70860649385771E-8	3.8899342394776947E-10	1.4019862506962278E-8	3.440598820157876E-10	6.827912496192071E-10	3.869850610800606E-5
