32
NULL,getrlimit@__getrlimit,open@__open_nocancel,read@__read_nocancel,stat@__xstat,open@__open64,close@__close_nocancel,munmap@munmap,rt_sigprocmask@sigprocmask,exit_group@_Exit,rt_sigaction@__libc_sigaction,sched_yield@sched_yield,time@time,mmap@__mmap,mprotect@__mprotect,write@__write_nocancel,syslog@__syslog,getpid@getpid,writev@__writev,close@close,fstat@_fxstat,read@__read,mremap@mremap,socket@__socket,fcntl@fcntl,connect@__connect,lstat@__lxstat64,openat@__openat64_nocancel,getdents@__getdents64,lseek@llseek,madvise@madvise,write@__libc_write
0.690455545555498	0.0032801654648011527	0.019191952239669078	7.004154643660273E-5	5.766871830052594E-4	8.445696167127107E-4	1.4875993664483676E-7	0.007706579793242543	0.18455495909382977	0.043688855034733826	0.08197112682285063	6.88573277829979E-4	0.0023194029644953156	0.009760356505432076	5.009261453386362E-6	4.472747279534133E-4	0.0023960265612547943	0.003049364918197291	0.0017304155372392517	0.0011673995384330808	1.296532973394228E-4	7.363937547657127E-7	3.2481983214761264E-6	4.0645709527388697E-4	0.0	4.0645709527388697E-4	1.3575559625049527E-5	1.1765008158163381E-6	8.453816423701814E-7	1.7871071191923145E-8	7.649177802080413E-8	0.004745757860138171
0.0010772592322316628	6.313264604270507E-4	0.002311462837662856	1.6439039840562435E-7	4.382388323496425E-6	2.7210793760526243E-6	3.812661651712565E-10	3.408088496901026E-5	4.224118528227215E-4	1.1493855000269633E-4	2.2009982446258742E-4	1.9001060176982109E-6	3.06469324831772E-5	7.1094709206689E-5	5.954485447334436E-8	1.059498624126987E-6	7.285792527519446E-6	7.959366528957353E-6	6.955669522686924E-6	3.964979148495687E-6	4.4904433656938567E-7	2.230427860681895E-9	1.3085302366646178E-8	1.2984096408701785E-6	0.0	1.2984096408701785E-6	2.9146492910770922E-8	2.2564061135837744E-7	3.0410612873176416E-8	5.469928259316278E-11	3.2182935306896623E-10	1.7217594524547863E-5
0.005313313323980926	2.628618476932511E-4	0.004213527771618524	0.003942915349061737	1.6950033973314554E-5	3.40499295019835E-5	1.406344086681711E-5	0.001403887006237465	0.0060024586942940515	0.0015967532538228165	0.002977760990511447	2.58840910558998E-5	2.462435613583104E-4	0.0030890838592047562	9.022819320481135E-7	2.0021043971778568E-4	0.010110013553179493	1.4370878703524604E-4	1.3408905060566676E-4	5.909220507003567E-5	2.4082897156765446E-4	7.050743437325831E-8	2.161781125766924E-7	1.5737094858289547E-5	0.0	1.5737094858289547E-5	4.138716257296709E-7	1.4868659567949509E-6	2.1630146449719435E-7	7.085908640885057E-10	2.4152599494733574E-8	4.5748681804648207E-4
6.248131559455861E-4	2.5858421699833696E-4	1.092995580779752E-4	1.1699334013718078E-5	2.0559252558048434E-6	3.135579236123387E-6	8.564421784256632E-10	2.667613708007291E-5	8.317697487992229E-4	1.7446510553180446E-4	3.341585933078366E-4	2.6788246787320567E-6	2.161478794551889E-5	1.7374260251620376E-4	4.235409326022917E-8	0.0011971436139477465	4.684523215789978E-6	8.148993750483285E-6	4.966539093530921E-6	4.794143645167039E-6	6.043831548995229E-7	4.110998044914898E-9	1.556880795677122E-8	1.4780481213179061E-6	0.0	1.4780481213179061E-6	2.4959713790087022E-8	1.217517989428873E-6	1.550444858555889E-7	6.70139293036723E-11	3.7805004866418806E-10	2.293085714683554E-5
9.429368002694219E-5	1.0245416561529006E-5	1.8347057768058734E-5	3.605003961803729E-8	2.4209505806784427E-7	8.145431717932943E-7	7.715447427078906E-11	3.939702544890091E-6	9.11802380353983E-5	3.410019944392127E-5	6.520537126990722E-5	6.001287782998984E-7	1.8439150955764626E-5	3.675167616724315E-5	3.422121309797363E-8	2.480883940318622E-7	1.6730246678069087E-6	5.61514355818881E-6	1.6869970908635701E-6	9.566705432230505E-7	3.0774801499920203E-7	9.88203020337244E-10	2.0419878725907257E-9	4.043924934738514E-7	0.0	4.043924934738514E-7	5.321112161936961E-9	3.662784333577765E-9	1.2191435477898432E-9	1.906914042854886E-11	1.0515449005111948E-10	2.7290396082828045E-6
7.442984005140634E-4	5.209083757509058E-7	1.7684108259725676E-4	7.854133916625685E-7	8.785560478825995E-6	2.6116608884336832E-5	1.3998360759119318E-5	7.963378028560591E-4	8.601289215182851E-4	3.7208990703253223E-4	5.927180266404137E-4	6.1473674803536096E-6	8.369050373647512E-5	9.602921266359E-5	8.643641567455746E-8	2.4414068126944424E-5	1.692128613072399E-5	1.0395952559609894E-4	1.7642021267738863E-5	2.0143831717586938E-4	5.835138867681157E-5	1.1613938618185178E-8	6.197231995727433E-7	2.438746066961276E-6	0.0	2.438746066961276E-6	5.5234337548677425E-8	1.942669842891107E-10	4.5825630766401086E-9	1.5712722184600721E-10	1.717980150838508E-9	2.1328594505763834E-4
2.343265555182209E-6	4.6095023145130477E-7	5.457750302921766E-7	4.307418034402119E-9	5.3754927317352665E-9	1.8215941336137362E-8	1.154544604220349E-11	5.895027758776407E-7	2.0548405925238912E-6	7.840328610730315E-7	1.4367175875033763E-6	1.3555698580034228E-8	8.737842318644659E-8	2.0141862790969007E-7	1.3902993042021577E-10	6.033676572246506E-9	4.748600657405265E-8	6.557886494499264E-8	4.591622098138619E-8	3.51948460561991E-8	8.787700180245905E-6	1.7314683451957762E-11	1.8575199186467218E-10	8.271000258841538E-9	0.0	8.271000258841538E-9	1.2236430588491136E-10	1.6476626682950703E-10	3.579104160003839E-11	4.090091973186173E-13	2.4674065327524267E-12	1.9036942100022943E-7
0.00481829750865547	2.6598580833795866E-6	0.00138989754198628	1.3409838547249179E-5	9.446160626791523E-6	4.893756674656639E-5	2.581098407953758E-7	0.00587617003460647	0.00685614357988594	0.0019221533754685536	0.0035870766782147615	3.1569169691975825E-5	4.901622788070848E-4	0.005774951471962084	0.009084446213775967	5.000836196740322E-5	5.286043616734384E-4	6.77484081967166E-4	1.7734074642098392E-4	9.041099428517733E-5	2.0037616995389416E-5	1.2351604587165051E-7	1.957623034821749E-6	2.2337992616784605E-5	0.0	2.2337992616784605E-5	5.336976710450633E-7	1.0034300104501792E-9	4.114197673456851E-8	8.876216424065557E-10	1.02832031328296E-8	0.001232775398668456
0.1183742601767925	4.608843203480775E-5	0.004684027750296195	2.9837796442640472E-5	1.0189966210471648E-4	6.19149327335116E-4	1.1724128613007096E-7	0.0027490434193183314	0.07988909985223676	0.08526824804591503	0.15431712926909583	0.0011128559311990413	0.0017433882362465445	0.007114193765319765	3.4098625450529914E-6	3.506651092745971E-4	5.46893222145963E-4	0.0014538568767142538	8.806573019167783E-4	8.750288336243306E-4	1.1136364826100484E-4	9.052256475637439E-7	1.7496605620174377E-6	2.878509862223709E-4	0.0	2.878509862223709E-4	4.399745394546795E-6	1.7186964710783663E-8	5.528747392604284E-7	1.583513839658214E-8	4.572035511069772E-8	0.0026752259479403515
0.11799840628363163	4.3072612562725076E-5	0.0033823340314920514	1.9318980612788067E-5	7.56498184497054E-5	2.2567415028862818E-4	1.0628893259826603E-7	0.0016930814131121202	0.03757814076005647	0.009034595355064066	0.016763884719087293	1.4216428902431082E-4	6.855734143206454E-4	0.005011686354681929	1.5973405241499259E-6	3.087223050549713E-4	4.095040683942111E-4	8.321535697328158E-4	4.863121976085003E-4	3.6519452550349163E-4	5.036160606252608E-5	3.735231949966921E-7	9.139120337294675E-7	8.93825730059596E-5	0.0	8.93825730059596E-5	2.8792117626785183E-6	1.6058804558370143E-8	1.6032875496363147E-7	3.657997937595579E-9	3.364738269368519E-8	0.0015098926148759864
0.11097136190109701	4.18523298015338E-5	0.0037604482188492152	2.2311798411888412E-5	8.023106628889095E-5	4.168361421524929E-4	1.040888712652236E-7	0.002018503082261235	0.05543964204138597	0.08123279930439536	0.06647560143213849	0.0013890070048780988	0.0010470361585894197	0.0055580616356069035	2.3202877323264537E-6	3.0465132638625127E-4	4.4803947327743527E-4	0.0010009229825038877	6.023081725662403E-4	5.573934441511386E-4	6.89929587586322E-5	5.312774627921141E-7	1.158177300938617E-6	1.8945253644000434E-4	0.0	1.8945253644000434E-4	3.2302336879782577E-6	1.560283195236649E-8	3.5801452207750024E-7	8.993159523685635E-9	3.72439977517404E-8	0.0018365674538089129
0.0012015942230750416	4.475065753187217E-7	3.838533959162071E-5	2.2761841561149735E-7	8.448619544716803E-7	3.5515275682558724E-6	1.1135614426222745E-9	2.0362864237723486E-5	5.137335991360463E-4	8.829534057794077E-4	6.676780339875231E-4	4.629838861445373E-4	1.0069210453925428E-5	5.723280943457461E-5	2.1799167247490834E-8	3.2611105149227393E-6	4.589138559061167E-6	1.0251293653167726E-5	6.0920715819998155E-6	5.24504658586409E-6	6.87848481502844E-7	5.313274761842766E-9	1.1707081375961562E-8	1.5467820129162363E-6	0.0	1.5467820129162363E-6	3.3638606433544624E-8	1.66850673026376E-10	2.8895421833708926E-9	7.458202307751667E-11	3.796174425933116E-10	1.8721276217244826E-5
0.0032939322870551542	2.405026096902385E-6	0.0017058703105930278	4.5754170572401604E-5	4.660421825537953E-6	2.0687068849190326E-5	2.3014901885996886E-9	1.3826813264019512E-4	0.0022907163875880124	7.652719688818507E-4	0.0014644967842767553	1.320960329637398E-5	8.692040456137813E-5	0.0019242603055716228	1.7612527267617659E-7	7.102606861358899E-6	3.362647961420334E-5	4.232025476183662E-4	4.8390199687625704E-5	2.950544424957391E-5	4.435532722210733E-6	4.146639596129281E-8	8.503894826915202E-8	1.0042319549984006E-5	0.0	1.0042319549984006E-5	2.679319598866038E-7	9.169538467044751E-10	1.8463118175406967E-8	4.0915250958835397E-10	4.570419754901316E-9	1.1762964948822889E-4
0.0029247869607133643	1.2490846401393905E-6	0.0011197761411901785	2.2686515105828426E-6	1.0493972865788869E-5	1.1144593948226789E-4	4.81021454055479E-8	0.02093423186154516	0.0028315784583065385	8.108309256262395E-4	0.0015476440342094314	1.3541085743529465E-5	9.484782673795198E-5	0.01582082200898525	0.004866704444831392	8.094722580275296E-5	9.792647398529466E-4	1.0212345607882707E-4	8.838189460241584E-4	7.020625773746716E-5	8.537448984091274E-6	6.515386151458395E-8	1.4754978858557362E-7	5.877199029402378E-5	0.0	5.877199029402378E-5	7.581587277656645E-7	4.926987132324115E-10	1.9882683138243356E-8	3.9838148133698345E-10	8.342206043183431E-9	3.523579947567904E-4
8.175580223260298E-4	4.1550217817796956E-7	1.2825715824684895E-4	1.155934283006957E-6	3.5545168599211986E-6	1.3065390274034218E-5	1.0398634066139401E-9	0.007081207711634598	0.0011961524474470705	4.441014512220855E-4	8.888909420093937E-4	7.988999088737884E-6	6.137337364893407E-5	0.0021312074549643626	2.0573392984727715E-7	2.792549676506953E-6	1.2828357963461346E-5	7.878192493131684E-5	1.5139705838162639E-5	2.505995861741923E-5	6.360337549766455E-6	7.035932272268448E-8	9.93298709904784E-8	5.876814930863951E-6	0.0	5.876814930863951E-6	2.0369755315770776E-7	1.560291002181823E-10	1.6265484092251085E-8	2.7167867692939617E-10	9.224508157747921E-10	1.4263903878692835E-4
5.782405494341308E-4	1.8994189676163465E-7	0.00284032839959538	2.0554183401814907E-7	5.717250500316282E-7	2.6063931127184645E-6	1.0557664104539231E-9	1.7305401356246433E-5	7.570867137928234E-4	1.4981680436376734E-4	2.8554701128495174E-4	2.247696566913428E-6	5.965611007483139E-6	2.8291179786415895E-5	1.797539889179735E-8	0.001197961002287295	4.005921196397333E-5	7.862884730957373E-6	8.077501225427396E-5	3.013968952797175E-6	3.385526273348255E-7	2.2700729294299065E-9	6.8720999414832846E-9	1.2873342266775624E-6	0.0	1.2873342266775624E-6	3.5049722639792854E-8	7.811889329741303E-11	2.180216532686671E-9	5.312577256184086E-11	3.5092210297137836E-10	1.1799971300563288E-5
0.0017586326179071417	8.134852810642732E-7	3.5347113963713536E-4	2.8882567528971093E-6	3.4037219958764165E-6	1.635561855228093E-5	4.6277361838146676E-8	1.7658731603349196E-4	0.003540208366925314	8.882974781461476E-4	0.0016604121874122825	1.4200526238957549E-5	2.0935796586349297E-4	4.24605105087297E-4	6.805322371028858E-7	2.6250409556174953E-4	3.237925549491835E-5	7.530275309678035E-5	3.5215578980259895E-5	2.31308439685639E-5	6.3151116312538205E-6	3.6166410649912624E-8	6.937822591858959E-8	7.863375687430813E-6	0.0	7.863375687430813E-6	1.5037487489286898E-7	3.085095017880565E-10	1.6161417086596922E-8	3.7903897242490367E-10	1.278834091992473E-8	1.9665959553446301E-4
0.0020386420562005865	6.667185784455199E-7	2.1341569388713192E-4	1.1986667132573613E-6	1.524360496912668E-5	2.4514954832393076E-4	5.349289826957567E-9	9.412054145010273E-4	0.001416570647085891	4.410404761464972E-4	8.449822099622271E-4	7.513426593826466E-6	0.0023430428841443767	1.2697314316414425E-4	9.453328034789647E-8	2.385589438079766E-5	2.2632919476124649E-4	3.1648949181762945E-5	0.0020564813876057376	1.0669013050080101E-4	1.971152328879019E-6	9.945783326762018E-9	4.841035886443506E-8	1.323367589686057E-4	0.0	1.323367589686057E-4	1.212716418913734E-6	2.712509722147235E-10	9.21181221881343E-9	2.274292154182656E-10	1.833128798048455E-9	7.476734148832136E-5
9.855868848711927E-4	4.493038582103371E-7	7.841153285557126E-5	5.023608719837983E-7	1.1400621142629712E-6	8.77077125828121E-4	3.355486959018553E-9	4.933486630495568E-5	0.0017492098161840837	6.42299358086696E-4	0.0012765633976913695	1.1492103725629634E-5	2.918635328455065E-5	9.258929126646854E-5	8.144709831864412E-8	0.001211572521762683	8.639867242956188E-6	1.926628946101349E-5	1.2696941172546572E-5	3.3558796543321263E-4	1.6343538960251688E-6	1.2524080218405622E-8	2.461517410997769E-8	4.7534330305505E-4	0.0	4.7534330305505E-4	5.4226506618226996E-8	1.680023377925736E-10	1.577327957440284E-8	3.8177869022891247E-10	1.19495943950572E-9	4.1513712680070734E-5
7.003572377377212E-4	3.0043563473371995E-7	6.973384172466858E-5	5.573942438940796E-7	1.044049730168036E-6	7.599161569186056E-4	6.6668924448725405E-9	5.329288739445823E-5	9.386020866549048E-4	4.29270624178023E-4	6.509257734668899E-4	6.998742613469554E-6	2.4520379474443228E-5	6.493424396308545E-5	7.385235707303285E-8	3.416493136117619E-5	6.867661168717152E-6	1.9150503116631304E-5	1.1985440958507977E-5	2.468241320727056E-4	1.6823064129339933E-6	1.421038701848704E-8	2.4470824448793215E-8	6.424696019361048E-4	0.0	6.424696019361048E-4	5.465673677257156E-8	1.1311457814906281E-10	4.289229952076791E-9	1.685599456690811E-10	1.7844593919222604E-9	4.912563727270531E-5
1.0101828637715426E-4	4.3351906327347264E-8	1.8232319176960904E-5	3.940815112030765E-8	1.5735062641052768E-7	1.5876565228974878E-6	3.9204435301156197E-10	2.748370230870041E-5	1.2098348122460528E-4	4.7919214818703183E-5	8.908120501252101E-5	8.393223319734438E-7	3.364708212181165E-6	5.6592518785268734E-5	6.405195153337122E-9	3.5012624225121467E-7	1.894792872371677E-6	2.3806839979682813E-6	5.922528012184933E-6	4.32928552277106E-6	1.020749438996362E-6	1.024314909790216E-9	6.101658479959049E-9	7.810604390197955E-7	2.7052052994995066E-7	7.810604390197955E-7	7.866626919310222E-9	1.6683867922355623E-11	1.0243273340350737E-7	3.1994291248763813E-9	9.136189913405943E-11	9.197012685476574E-6
3.1928658657236123E-7	1.1121680464736471E-10	3.1887708792359305E-7	1.5672154052215723E-10	3.311486404132826E-10	1.3425758758990813E-9	2.4231076497618815E-12	2.150568921881107E-6	2.717613859959297E-7	6.53968977939735E-8	1.1997259826205093E-7	1.023009776943288E-9	3.7637410309796105E-9	2.0539166174506912E-8	7.782766788810265E-12	1.1732751439068627E-9	2.8419145275780022E-8	4.7460187923493215E-9	2.255886235015014E-8	1.699360114177679E-9	2.830053091492569E-10	1.2952275992423213E-12	5.169974696402844E-12	6.581768298320708E-10	0.0	6.581768298320708E-10	2.1770209640254022E-11	4.565759803256142E-14	9.785189672958956E-13	2.5705982253293344E-14	1.4330246394706743E-12	1.585193056464411E-8
2.178915615550504E-6	6.822033448689407E-10	2.0941794697403735E-7	7.00779792381485E-10	2.2053164759969405E-9	7.72944503696637E-9	1.3976167420236106E-12	6.65958754930193E-8	1.3332166187656252E-6	3.594259620772853E-7	6.748632274508773E-7	5.8668391453934085E-9	6.284796011122744E-8	1.757549407673035E-7	1.2771454416522574E-10	4.517146782647146E-9	2.5654910273641817E-8	3.0531286114909094E-8	1.7504313572036914E-8	1.0867628146519442E-8	1.160694219566897E-9	7.0347554492622825E-12	3.15463718820281E-11	3.714051598912054E-9	0.0	3.714051598912054E-9	1.3600032507233914E-10	2.863030642708857E-13	6.423336358880798E-12	1.6295718775505109E-13	8.231134773653894E-13	2.6139220547360325E-6
1.6637662710080643E-4	6.989181108994664E-8	1.615762755827625E-5	1.225570594348533E-7	2.4111415885505537E-7	4.825962792739297E-4	1.438337358765826E-9	1.1764890498187875E-5	2.2806605845656237E-4	9.728366932595598E-5	1.4965589786490398E-4	1.579369048974009E-6	5.597932206894814E-6	1.5105301313450938E-5	1.653674981938801E-8	7.382234474039432E-6	1.6085418662920205E-6	4.338167965724503E-6	2.697371249476367E-6	1.8092848029762276E-4	3.725076635934337E-7	3.1149444605868557E-9	5.43533801577028E-9	6.268056313985483E-4	6.263047336370246E-4	3.136527981540163E-4	1.2631057784859714E-8	2.6476124875863785E-11	9.973111139552548E-10	3.802328200315045E-11	3.876709429009751E-10	1.080940864667523E-5
4.994761616656815E-5	2.0982073141881846E-8	4.8566059593383485E-6	3.678905717157013E-8	7.245615422267125E-8	1.4477904493823157E-4	4.317134076170517E-10	3.5430452582913373E-6	6.846304052774448E-5	2.9200875845153278E-5	4.492789056655579E-5	4.7409161636183486E-7	1.6839462564945526E-6	4.540089476091997E-6	4.968452264702159E-9	2.2147778891545413E-6	4.834519923693601E-7	1.3036443021743305E-6	8.100526234041448E-7	5.4279309490962846E-5	1.1222596937297456E-7	9.34807364911261E-10	1.6405343724479492E-9	1.5047021956146362E-7	2.692580075845921E-8	1.5672688684182794E-4	3.791396289979246E-9	7.948431159478321E-12	2.8252022711678082E-8	8.858157395423347E-10	1.1635163626987375E-10	3.249137526520701E-6
1.5805715143989455E-4	6.639694987420891E-8	1.534968360874712E-5	1.1642873185177634E-7	2.290575171797768E-7	4.584645964202231E-4	1.366414920759062E-9	1.1176600412864383E-5	2.1666187233094843E-4	9.241910912140807E-5	1.4217252341805568E-4	1.5003944803011155E-6	5.318013918140953E-6	1.4349977751374791E-5	1.570984828862411E-8	7.0130941620850044E-6	1.5281085437793213E-6	4.1212427675599475E-6	2.5624922412316247E-6	0.0016593512499969967	3.5388083785010954E-7	2.9591851747032507E-9	5.163550066230757E-9	4.7585093368444186E-7	0.0	4.7585093368444186E-7	1.1999455980905351E-8	2.5152216101306443E-11	9.474416960959763E-10	3.612197065500335E-11	3.682858944713463E-10	1.0268896354101963E-5
2.4569044557507756E-6	9.765965090796678E-10	1.474250549821329E-6	5.317603041811279E-7	5.901016484135444E-9	2.2248243718026785E-8	3.6273139950117414E-11	2.455573296055006E-6	1.931423560227188E-6	5.3384392809487E-7	1.0194308062407772E-6	8.845030996509173E-9	3.2771754479528454E-7	3.9549538618985524E-7	3.049260053014202E-10	7.948262102173336E-9	1.1430065216017234E-7	3.3436540851786447E-7	9.491021532365415E-8	1.0245425221866995E-7	1.0504285445776679E-8	1.2823677419038529E-11	1.350274470220294E-9	6.408759673085513E-9	0.0	6.408759673085513E-9	1.538977426772803E-5	5.771106605406273E-6	1.0455348377598216E-11	2.5526326609623287E-13	6.035971993045183E-12	1.0535478651064645E-6
7.672018138107179E-7	1.0766750278122065E-8	2.611466548849112E-7	1.3909834660116317E-9	1.2197483409874559E-9	9.434208365756948E-9	5.355569072260777E-12	2.8361682566145615E-7	9.497742427222795E-7	3.389332986320314E-7	6.706882041810563E-7	6.021872650105804E-9	1.4423049274571686E-6	2.955249565658086E-7	2.704890612820029E-10	2.5419957826636344E-9	2.4212281870627383E-8	4.164369816802265E-8	2.1791645257913522E-8	1.6771116659590458E-8	2.9687397077248597E-6	7.43142008581875E-12	1.344128482694363E-10	4.328375251111232E-9	0.0	4.328375251111232E-9	4.825505214257299E-11	3.857297414925617E-12	3.229134160373704E-7	1.9770170159230584E-13	1.418239826340076E-12	1.1991820261862069E-7
7.1077988482001E-7	1.0982428767901986E-7	8.875613246962013E-8	2.9920220840137403E-10	2.1625635718856997E-9	3.805991921447847E-9	7.92557351816593E-13	7.276137692076469E-8	5.928099008724298E-7	3.4259383089512533E-7	5.03324420936106E-7	5.679814053747023E-9	2.3945130768657216E-8	6.091570634711322E-8	3.5866922911245493E-11	2.1752335323197783E-9	7.736535789352421E-9	1.593456995432656E-8	1.1428123989759222E-8	8.443383699840634E-9	4.9634972966625355E-9	1.0312709881793528E-11	4.668117394942716E-11	1.6677888902018173E-9	0.0	1.6677888902018173E-9	4.281469368981086E-11	3.9256171130812276E-11	8.11337556115253E-12	8.453889044571785E-9	4.677459817750519E-13	3.112279554621195E-8
1.4512546131114615E-8	5.781718264641E-12	1.8730641531833692E-9	7.521617212189904E-12	3.168448419927391E-11	1.25916137978543E-10	2.9039614843812074E-14	6.321441320325181E-9	1.2838617419054832E-8	7.040776183580963E-9	1.0697986664749094E-8	1.1764921109909522E-10	1.4945778507337396E-9	2.0669535780529587E-9	1.4828488142728456E-12	4.874278878419824E-11	1.9700203082343195E-10	1.4680157296689721E-9	2.573182640214714E-10	5.036023795563601E-10	5.358392105276141E-11	2.085323448636127E-13	5.428808745109498E-12	4.10374834359425E-11	0.0	4.10374834359425E-11	1.010033423401319E-12	2.2299289142326045E-15	7.6675646146608E-14	2.99053214175769E-15	1.0358475364211583E-14	3.928097284652431E-9
7.262083080930853E-8	3.280430326228587E-11	1.0881554217874325E-8	1.4444518514727282E-10	7.763128315208737E-11	3.7170680632304286E-10	2.974169576594815E-12	7.960955076362205E-9	8.15914359974668E-8	2.4267845017169288E-8	4.125901722675652E-8	3.85396920980412E-10	1.376808262479261E-9	4.660797719398933E-9	2.4040937081408545E-12	2.2368732801501195E-10	1.0445629405771945E-9	1.2055805309541398E-9	1.1610140390347165E-9	5.950611442911123E-10	1.2566554258076665E-10	5.675573945311403E-13	1.8796471766371814E-12	1.7594776605649278E-10	0.0	1.7594776605649278E-10	4.851940457502694E-12	1.2690724063321588E-14	3.052136490752251E-13	9.454082618881894E-15	6.017623121788026E-14	7.102080842902091E-9
0.002541699063414705	2.17211185670757E-6	1.4374722473190396E-4	9.02988753773579E-7	2.5037921290790856E-6	2.947005224998245E-5	2.721896156183555E-9	8.723159834891568E-5	0.010674745207789015	0.0020247036553438917	0.003876659799055039	2.9979554871381974E-5	5.8860559819557073E-5	2.4476455396278847E-4	1.268422920519684E-7	7.948022081072853E-6	1.6353180907522856E-5	3.900598378658777E-5	2.8309811935538747E-5	3.1697321584578294E-5	3.3357910862845132E-6	2.4065818163047357E-8	5.184746002926056E-8	1.4694330001588508E-5	0.0	1.4694330001588508E-5	1.1525575036467927E-7	7.930022401033952E-10	2.809474064290425E-8	6.894811981765504E-10	1.371630438530516E-9	7.776585897508145E-5
