32
NULL,open@__open_nocancel,fstat@_fxstat,mmap@__mmap,read@__read,munmap@munmap,open@__open64,close@__close_nocancel,rt_sigprocmask@sigprocmask,exit_group@_Exit,rt_sigaction@__libc_sigaction,sched_yield@sched_yield,mremap@mremap,time@time,read@__read_nocancel,mprotect@__mprotect,madvise@madvise,lstat@__lxstat64,openat@__openat64_nocancel,write@__write_nocancel,syslog@__syslog,getpid@getpid,writev@__writev,close@close,stat@__xstat,socket@__socket,fcntl@fcntl,connect@__connect,getdents@__getdents64,lseek@llseek,getrlimit@__getrlimit,write@__libc_write
0.7469362389003098	0.013547527364659138	1.085613654772584E-4	0.008033026761914528	6.788612650580906E-7	0.006231275432202753	7.163836545246702E-4	7.981958357796435E-8	0.17197467686565454	0.04086684578948517	0.07664713608055108	6.438185137483558E-4	2.8622911026512123E-6	0.0018860923543467126	6.418371321429481E-5	4.0405972721439695E-6	6.216127031090411E-8	1.0019872194667293E-5	2.2262404567794815E-7	3.45108477894062E-4	0.0017803659629493387	0.0022641926743004036	0.001296396948812457	9.948204551390213E-4	3.605876515784518E-4	3.442823921926044E-4	0.0	3.442823921926044E-4	2.3938681221243153E-7	1.6475378000203025E-8	6.205828514318467E-4	0.004096617753954475
0.0033226237328116315	0.004109058362509649	2.2972684480767792E-4	0.0028265239275610953	6.845494746551309E-8	0.0013616857986782928	3.354992557057807E-5	1.2617143952023666E-5	0.005775788957052154	0.0015369528802712607	0.0028661334790644984	2.4884240552163174E-5	2.2823841551552263E-7	2.2392960621410777E-4	0.0027048156924824097	8.089754336266488E-7	2.242775120643055E-8	7.049301113101384E-7	3.994573095208548E-7	1.8748967168021906E-4	0.009218356753434484	1.8394013804554063E-4	1.4462575855290555E-4	5.814440562246171E-5	2.408112562990678E-5	1.549472407459878E-5	0.0	1.549472407459878E-5	5.939005691016241E-8	6.708450021531125E-10	7.222462883396845E-5	4.566478805776778E-4
7.78665779779734E-5	2.1599612538399615E-5	9.813746509288298E-7	5.5213668248502494E-5	9.869400800692694E-10	2.5960045341733022E-5	1.4942669494225795E-6	3.496479087761591E-10	1.1866992185161941E-4	4.6275704232363607E-5	8.60293194450049E-5	8.076204819227321E-7	6.407461843524091E-9	3.226478919487162E-6	3.950223259556519E-8	6.0973820933057515E-9	8.752924143981143E-11	1.2330240613202682E-8	2.6804495483410474E-11	4.1216075460147417E-7	2.2856027049907412E-6	3.0005025808232592E-6	5.832388356025466E-6	4.044131369444398E-6	3.2569255480151996E-7	7.320549911871077E-7	2.592062626324815E-7	7.320549911871077E-7	9.751357278167229E-8	3.0652497954429618E-9	7.277092389528432E-8	9.306280911926804E-6
0.0018847958114045398	0.0013018945337628354	8.605335818427296E-6	0.014103605155959527	6.377860533839677E-8	0.019077919890361908	1.0211759279108255E-4	4.06931723018384E-8	0.002844044728481448	8.061535895780775E-4	0.00153618514933092	1.3403716021074026E-5	1.6803258144185704E-7	9.576730794980629E-5	2.2609917330273643E-6	0.004319005262135093	8.062861417193789E-9	9.493748994077877E-7	6.809302965971096E-10	7.810786732321228E-5	9.188445575153653E-4	1.336243553995801E-4	8.079495643581442E-4	6.856398814876664E-5	2.164426475458255E-5	5.358659454559333E-5	0.0	5.358659454559333E-5	6.299095760756645E-9	3.858117130499451E-10	1.806613493019013E-6	3.663781147713752E-4
2.065466699222416E-7	3.4227658758946915E-7	3.4166991615454985E-10	2.7443132812347814E-8	1.4626237260707813E-12	2.0863254254524253E-6	1.677851196951269E-9	2.2615973725717407E-12	2.9770976473117216E-7	7.226258797216048E-8	1.329414337519067E-7	1.1333964076328636E-9	8.047813854852814E-12	4.77387035203362E-9	1.689677436762606E-10	9.917027089568583E-12	1.4287850698201261E-12	5.362551671177899E-11	7.2149874735952E-14	1.7732239047425708E-9	3.1217730218652114E-8	9.974008517274645E-9	2.3960760573776887E-8	2.2794589432868743E-9	1.0593174093421839E-9	8.121670407489329E-10	0.0	8.121670407489329E-10	3.6839225846798964E-13	2.8335819811195325E-14	1.883192180695564E-10	1.909682336047559E-8
0.003304818638729367	0.0015033612377927002	1.8913923852984558E-5	0.005184080390259414	1.1986803697990348E-7	0.005352725307622882	4.58444494568575E-5	1.4763294487710166E-7	0.00658920765026985	0.0018458805352803537	0.0034376663395005577	3.024005371144599E-5	1.9011371933803803E-6	4.5437549748034866E-4	1.2822246628947303E-5	0.008062063117853718	9.90070795525841E-9	6.87301286368423E-7	1.2074144484032656E-9	4.886842929932149E-5	5.052489627007575E-4	6.492448520888434E-4	1.7669793649852247E-4	8.717857041229187E-5	1.61791038273451E-5	2.0752899973220256E-5	0.0	2.0752899973220256E-5	1.267171175593598E-8	8.342636288058216E-10	3.2892770813489464E-6	0.001204680594023445
5.773768854301046E-4	1.9869066587550665E-4	5.3223692417509365E-5	9.620977030379757E-5	1.1043457876071659E-8	7.76996053673127E-4	2.4109639536842608E-5	1.2581730438090259E-5	8.388366507723644E-4	3.558467143043618E-4	5.706636388872277E-4	5.871299645442551E-6	6.071160511033981E-7	7.86805479642719E-5	7.602005415666299E-7	8.106274063994743E-8	1.6306082727410544E-9	8.193692976691424E-8	2.1651112782050472E-10	2.2756938473978414E-5	1.946292533699998E-5	1.0144795806866879E-4	1.851755606668359E-5	1.8352311067431238E-4	9.475429834550357E-6	2.359850755912787E-6	0.0	2.359850755912787E-6	1.4549185690067257E-9	1.4836965707840215E-10	5.913872307669223E-7	2.1055865108972178E-4
1.3380498914935248E-6	5.111630433368304E-7	7.961160930585163E-6	1.6692393682746688E-7	1.52398062446014E-11	5.240329864116027E-7	1.540297378392055E-8	1.0426695931306827E-11	1.7697113675628432E-6	6.856461688668599E-7	1.2529237567674505E-6	1.1853759001354363E-8	1.7264045889042486E-10	6.689167092660823E-8	3.518044145369234E-9	1.0229047472955172E-10	2.134560096687372E-12	1.8029783719200728E-10	4.424514605890114E-11	6.46895124850548E-9	4.8365253164397086E-8	6.849178893557793E-8	4.351126912396736E-8	2.8497567652070655E-8	6.523144415310251E-9	7.06159874180605E-9	0.0	7.06159874180605E-9	9.836993363191753E-12	3.522734492911392E-13	1.2376122552933107E-7	1.805505468632895E-7
0.11204921431903689	0.004867375829878198	1.0647613647166633E-4	0.006910642182607718	8.975483712853812E-7	0.0028694364673137527	5.860400068826007E-4	6.95543030661652E-8	0.08083046354919778	0.0840527334848227	0.15208298245449142	0.0010992693884927342	1.8350891516757948E-6	0.0016478048486966285	2.9782189048940873E-5	3.1768309868408875E-6	4.359282565148899E-8	4.702362753942308E-6	3.59774294470303E-8	3.325095954097354E-4	5.683322541443948E-4	0.0014417254740960576	8.582087834575497E-4	8.372272565615273E-4	1.2717717979242438E-4	2.7210642773617296E-4	0.0	2.7210642773617296E-4	1.8309426140719312E-7	1.5625612256546873E-8	1.0000837381821859E-4	0.002708641540359969
0.11249189436934692	0.00324792373814896	4.7932244596320114E-5	0.004844660725687661	3.708616599889042E-7	0.001742312531015282	2.1580516668526583E-4	6.07046481311292E-8	0.038465568417321544	0.009290700834329518	0.017254067880942088	1.4626018936568676E-4	9.509266672632387E-7	6.5795806530233E-4	1.9290787779680526E-5	1.4943614701482363E-6	3.156773194757827E-8	2.8446156895755656E-6	3.5564736475727554E-8	2.845831969148416E-4	3.950010578029145E-4	7.891447020654758E-4	4.629777091456643E-4	3.5205840989055296E-4	8.471576517361802E-5	8.598581061025101E-5	0.0	8.598581061025101E-5	5.654598488730277E-8	3.720437749525099E-9	9.899604305001497E-5	0.001511805884923043
0.10552702493463736	0.0037645747946559215	6.593173225660347E-5	0.005389945610365464	5.27680378618294E-7	0.0020952331324484465	3.9479059230817663E-4	6.050069826352088E-8	0.0562906787830499	0.07977884740819463	0.06604250123655697	0.001362683752691985	1.213048380148858E-6	9.95983472329024E-4	2.230474730777479E-5	2.1637677846805782E-6	3.5252170938286286E-8	3.3405727910073035E-6	3.362186626940438E-8	2.847687123508703E-4	4.490993396692773E-4	9.757776436666461E-4	5.823584665575496E-4	5.345042509191044E-4	9.501102624340422E-5	1.793994220271774E-4	0.0	1.793994220271774E-4	1.2022432020265952E-7	8.929493601323949E-9	9.353251368703708E-5	0.00185355411792982
0.0011438553164038977	3.79860731978909E-5	6.565761862773631E-7	5.546161202336869E-5	5.275662371639223E-9	2.1089784013730023E-5	3.378000973462549E-6	6.440371027092261E-10	5.232334033112106E-4	8.66416776110225E-4	6.629704935464772E-4	4.5055132522125877E-4	1.223474480183743E-8	9.5960491232851E-6	2.274304975042227E-7	2.0363593456994232E-8	3.5848057599487593E-10	3.43180310048033E-8	3.6334449891334844E-10	3.0355876163934377E-6	4.551123131657991E-6	9.91578537026665E-6	5.863441289732926E-6	5.0399333263877876E-6	9.851965841148151E-7	1.4730682900507967E-6	0.0	1.4730682900507967E-6	9.821482596842503E-10	7.443528974844176E-11	1.0109798463391066E-6	1.8848708837686836E-5
1.3536618990725425E-6	4.509065875910356E-7	1.6226662458799265E-9	2.2440960557154398E-7	8.195577628258882E-12	1.0040106350324667E-7	1.0242845881515844E-8	1.4042208163997364E-12	1.5291925369801162E-6	4.0877371039924907E-7	7.679418451367445E-7	6.651859504728918E-9	5.2697692832423195E-11	6.866632330991387E-8	8.066431337389887E-10	1.4036457894757663E-10	1.0508193909522395E-12	3.6979044614487493E-10	4.669886018402219E-13	9.066571691207605E-9	5.217241565585156E-8	6.888860890548278E-8	3.417719959057962E-8	1.513448482490633E-8	7.455446030342918E-9	4.87403918095136E-9	0.0	4.87403918095136E-9	2.438826573551214E-12	1.8140817371466565E-13	1.2079353969783252E-9	2.531398640394083E-6
0.0020738868746588207	0.0017645299546888843	4.722277955635066E-6	0.0017804924206475854	4.1506116148523434E-8	1.7483606713952155E-4	2.1955845309227078E-5	2.111979256160804E-9	0.0024006937440172052	7.79462226083323E-4	0.001489158128522949	1.3354342935123422E-5	1.089443659888601E-7	9.012439572907586E-5	4.1355972039359045E-5	1.8036788402790248E-7	4.653749858082389E-9	5.375060853728572E-7	8.32250768739638E-10	1.2134603903051069E-5	6.401287723522033E-5	4.3376097271556467E-4	6.517168588596229E-5	3.265560334029597E-5	1.1462968547006206E-5	1.0549882340822645E-5	0.0	1.0549882340822645E-5	6.025426491917241E-9	4.0298507061241814E-10	2.2070443259029943E-6	1.4692449158137293E-4
2.4941558405312315E-4	6.781557409909868E-5	4.4520113232210023E-7	1.3733521532421068E-4	3.293832668978792E-9	1.6778111780543596E-5	2.0836626823769834E-6	4.3001589719795764E-10	6.497018145820223E-4	1.301793444163903E-4	2.49172841531528E-4	1.964001046702601E-6	1.1451884072283782E-8	9.65647533870664E-6	1.0255806998758528E-5	2.2126266379548953E-8	2.620182385319205E-10	1.8353807142175706E-8	3.263452008640552E-7	0.001087586048562467	2.6506180736068173E-6	5.830418332869936E-6	2.9665178383011E-6	3.2767370442968563E-6	1.4780447325353372E-6	9.752979775905403E-7	0.0	9.752979775905403E-7	4.145805453609036E-8	4.666994962680042E-11	6.87402874636998E-5	1.657433290839946E-5
6.283022041170941E-4	1.3662864428204934E-4	5.916082819511755E-6	0.001896427851531394	6.776064440228314E-8	0.006297334272055118	1.1569695793730226E-5	7.20888756352089E-10	0.0011049146910941884	4.0808644477419935E-4	8.156408248200387E-4	7.321435469094878E-6	1.0031572839572428E-7	5.654394116704575E-5	1.0939166514660483E-6	1.8265137405042646E-7	8.513535362549115E-10	2.1463009656157783E-7	2.2127671752401558E-10	2.8516921446239215E-6	1.3895960980110594E-5	7.62613793086507E-5	1.5019998143100788E-5	2.3374709438943373E-5	4.89134001639516E-6	5.12678637747102E-6	0.0	5.12678637747102E-6	4.7878415871199785E-9	2.447027329614439E-10	6.077236539751071E-7	1.3926091991261875E-4
4.779501859400982E-8	1.4404024282167772E-8	1.2232312933565466E-10	5.197162967571451E-9	5.588271252367745E-13	8.292492748395513E-9	3.8124217142209394E-10	1.6290315217099617E-12	8.039898321589171E-8	2.381195442738903E-8	4.064208459463038E-8	3.78005029018831E-10	2.1699955237631744E-12	1.3814121001044772E-9	1.3896448251599906E-10	2.4432403034634373E-12	6.161326225366862E-14	8.512383392334381E-12	1.6823312121866468E-14	2.798179960252197E-10	1.4339829480132916E-9	1.7632207092186126E-9	1.354530401876804E-9	6.171152593245765E-10	1.7110609798800322E-10	1.796974055319313E-10	0.0	1.796974055319313E-10	1.0013306757165108E-13	9.173370274512424E-15	4.5260377609367574E-11	7.264703121923641E-9
1.6092492997664564E-6	1.6742639419851545E-6	1.0843306073290321E-8	4.3918092352291643E-7	1.434578160206071E-11	2.4276906540347845E-6	2.4248584326626377E-8	3.473354245574845E-11	2.1340927082864744E-6	5.858459661845113E-7	1.1165387201337775E-6	9.668825337056735E-9	1.347261819740323E-9	3.19167005819247E-7	4.926152375101691E-7	3.121824801373778E-10	6.210402655753612E-12	1.4746352182125198E-5	5.529735688051248E-6	1.2360600048700497E-8	1.3775745412292956E-7	3.5223425995114983E-7	1.0892568381430432E-7	1.0334867277294689E-7	1.5778854902369668E-8	7.462309245301847E-9	0.0	7.462309245301847E-9	3.768300438797934E-12	2.7317319109212396E-13	1.5154460596154921E-9	1.0495428886441038E-6
2.8060358964071156E-7	2.000231431789002E-7	2.8441102984477296E-6	1.1109328757042395E-7	2.9611975666299534E-12	2.616796219253224E-7	4.200567159924087E-9	4.700697031939347E-12	4.1077166641428246E-7	1.334177477910321E-7	2.6128688291816857E-7	2.315418649485928E-9	1.2555514478629894E-10	4.0728629691669315E-7	1.1424323280117322E-9	9.318240367788531E-11	8.639709708915206E-13	5.437339743412715E-11	1.0883606406475E-12	1.8204153084126334E-9	1.8959045423826642E-8	3.599951197001912E-8	1.535846685824332E-8	1.137830991798475E-8	1.8308664182965509E-9	1.6861707956568634E-9	0.0	1.6861707956568634E-9	8.661162500093671E-8	7.208282213770883E-14	3.032835305682196E-9	1.0664881808735142E-7
3.548375784389048E-4	0.0026225821747374494	4.1014635048720207E-7	3.704697424267387E-5	2.3686356926266176E-9	2.3272151893048225E-5	2.9197549337536856E-6	6.94513611558636E-10	7.392133261127292E-4	1.494694705238738E-4	2.846309060001668E-4	2.2555814588420934E-6	1.0920688692361332E-8	7.098532775403561E-6	2.1346830816623246E-7	1.9700794432794832E-8	3.699926001851258E-10	8.19040259696015E-8	1.212004574259605E-10	0.0010895333181357655	4.123239828409142E-5	1.5365948122863406E-5	7.508649206398836E-5	3.6871794051262394E-6	1.645117346535894E-6	1.4238120962389186E-6	0.0	1.4238120962389186E-6	7.384870148431166E-10	5.331376264084679E-11	3.178823424151174E-7	1.6959958039706847E-5
0.0013153880471571623	3.836870815560649E-4	5.897512139197093E-6	4.0025957398091323E-4	3.479373916341038E-8	1.7987467531994862E-4	1.5096396228838233E-5	2.5379682477807706E-8	0.0033278319587492253	8.397157778629355E-4	0.0015692497716268117	1.3424989602277533E-5	7.299123427502044E-8	1.930127891422689E-4	2.771893399435791E-6	6.15067818636531E-7	1.1822373198735553E-8	1.967927477121123E-7	4.5089189857116297E-10	2.3950137233505925E-4	3.610382128103935E-5	7.848337106901875E-5	3.596980548805505E-5	2.2013855098944303E-5	5.1242443936979115E-6	7.213703083251146E-6	0.0	7.213703083251146E-6	4.990573072042533E-9	3.53738088044986E-10	1.2332640186914286E-6	1.947447460078962E-4
0.0012241151950945672	3.7848749744304465E-4	2.5514039655905206E-6	1.6045548666907545E-4	1.017207025774151E-8	8.786721434269734E-4	2.2060204162739345E-4	3.5850739673720236E-9	0.0014572651700202133	4.465982141228446E-4	8.536682161488909E-4	7.5653616659886354E-6	6.935335867546904E-8	0.0021367711287768204	1.1956392091316817E-6	9.887263917803087E-8	1.848128880438413E-9	1.3198541104964626E-6	4.2015359408437344E-10	2.475239118534029E-5	2.2215769568524263E-4	5.944516392427674E-5	0.0018455718297690831	9.984592722799956E-5	3.2156461402878986E-5	1.1884433972384002E-4	0.0	1.1884433972384002E-4	3.046089511045337E-9	2.236108684630124E-10	1.1032783920620766E-6	9.591249082266903E-5
8.391285776843289E-4	8.42447409530831E-5	1.4835036763559773E-6	8.564932443227035E-5	1.1697691527973367E-8	4.877140796893858E-5	7.965925303329535E-4	1.948762914363753E-9	0.0016394701423782154	6.000641919380418E-4	0.0011914651956087352	1.0713435404525428E-5	2.4862612909848578E-8	2.5931080336927302E-5	4.747710801062895E-7	7.129488991137735E-8	1.0926288241317635E-9	6.340155133672399E-8	2.8240440427396507E-10	0.001101099604923732	9.299564371111094E-6	1.94273219941432E-5	1.218612586975021E-5	3.048905335278105E-4	1.5808592795529164E-6	4.316798358059138E-4	0.0	4.316798358059138E-4	4.808686566352658E-9	3.4985244558298254E-10	7.810578532942127E-7	4.044900755946503E-5
5.750299576226238E-4	7.617655776848137E-5	1.5288934186512738E-6	6.0872848539565783E-5	1.3277388086935855E-8	5.201636883403831E-5	6.906044093461772E-4	3.853883605210711E-9	8.84120345398281E-4	4.013321979038305E-4	6.10539205791963E-4	6.536321296069073E-6	2.4638422539373866E-8	2.1941698809519625E-5	5.277265565238388E-7	6.573124091448667E-8	1.6428728501379791E-9	6.308615033943108E-8	1.9081298205448917E-10	3.1207020936661314E-5	7.653756610604502E-6	1.9240381051650068E-5	1.1506447876081333E-5	2.2444179464860197E-4	1.473581254495219E-6	5.838106629043264E-4	0.0	5.838106629043264E-4	1.3123421115128601E-9	1.5539490133224138E-10	5.262127507262121E-7	4.769163021339508E-5
6.024377583038643E-5	1.9727440305543158E-5	2.86391701505963E-7	3.378143591025779E-5	9.232010066052879E-10	4.033210892104921E-6	7.40563665312813E-7	5.2740915301545095E-11	8.442310096091541E-5	3.150581013820887E-5	6.023814844680688E-5	5.53607392815401E-7	2.2264370634127013E-9	1.6664430806193895E-5	3.442375724984478E-8	3.085143412301825E-8	9.883479582207534E-11	8.803383127870695E-9	9.877863951565184E-10	2.933089669856311E-7	1.929476993241815E-6	5.728179386069166E-6	1.7566799120489795E-6	8.982612150065075E-7	3.1973896934613895E-7	3.657385982888138E-7	0.0	3.657385982888138E-7	3.523056640643101E-10	1.7313498954877323E-11	2.7619380368283716E-6	2.8963249674802352E-6
1.3391090529475395E-4	1.8783133807708084E-5	3.412993793301003E-7	1.4437252683885183E-5	2.9173553480409924E-9	1.1659754821536794E-5	4.385912633235057E-4	8.345230720414254E-10	2.153954364886369E-4	9.12075976714213E-5	1.4081145512531403E-4	1.4793265307860142E-6	5.5782315166606746E-9	5.059335922504319E-6	1.1666147991136111E-7	1.4825596364518465E-8	3.582642850792566E-10	1.5657780972483645E-8	4.451632525951503E-11	6.768559213781207E-6	1.9146063157665356E-6	4.550954586432353E-6	2.6768855991503963E-6	1.645277428337083E-4	3.6221521422113227E-7	5.695789459614562E-4	5.691163368609049E-4	2.850203536947254E-4	3.0710139505816823E-10	3.517384239314561E-11	1.2235705781924459E-7	1.0640330218349643E-5
4.020044659206842E-5	5.6456616468817986E-6	1.0285073932433414E-7	4.33973095786E-6	8.755346845973916E-10	3.511493899146506E-6	1.3157755654113774E-4	2.5055401946330764E-10	6.466258150138051E-5	2.7378145276363294E-5	4.227468046471363E-5	4.440793856729176E-7	1.6833918960224477E-9	1.5222046248782042E-6	3.5020618490478085E-8	4.454868645689513E-9	1.0752984870550411E-10	4.701055994315505E-9	1.3364215155641672E-11	2.030702549747417E-6	5.754320909612511E-7	1.3676333389363033E-6	8.04003192840946E-7	4.9359094423147625E-5	1.0894246573688419E-7	1.3897809150759757E-7	2.5799654408034404E-8	1.4241827422487363E-4	2.6875619319302337E-8	8.483898016512981E-10	3.673241121036442E-8	3.198466829427359E-6
1.2721484145006883E-4	1.784390437823901E-5	3.242330886563469E-7	1.3715334140355367E-5	2.771476282963223E-9	1.107672192719159E-5	4.166600016800201E-4	7.927936866866458E-10	2.0462483052934583E-4	8.664686457963985E-5	1.337703370662081E-4	1.4053544754446204E-6	5.299298338710917E-9	4.806349533724193E-6	1.1082795413552932E-7	1.408425913306718E-8	3.4034968342018456E-10	1.4874831287937273E-8	4.229033660375647E-11	6.430105041342827E-6	1.8188685855227512E-6	4.323389233200381E-6	2.543030952754158E-6	0.0015079485219414326	3.441030508046995E-7	4.394768540366639E-7	0.0	4.394768540366639E-7	2.917451360322503E-10	3.341501406016573E-11	1.1623873109146917E-7	1.0108272501961448E-5
2.0439838522400935E-7	3.429176136874678E-8	4.027440328833457E-9	2.1339134301763858E-8	3.390674285791142E-12	3.029623558563481E-8	1.3320082964629057E-9	2.868929302744608E-13	2.0165696092287152E-7	1.1400948037627453E-7	1.6893557881465096E-7	1.889505963199446E-9	3.443551850185378E-11	8.40406898747292E-9	1.2948302075930841E-10	1.2017365601711376E-11	1.5985910791278962E-13	1.879339531528939E-11	1.0447954111199512E-11	7.777908980837159E-10	3.1781834680484008E-9	6.774091650534035E-9	4.255072885309004E-9	3.109304881597222E-9	2.4088217391082586E-9	5.723518757959052E-10	0.0	5.723518757959052E-10	1.6604067163113558E-12	8.100225636120159E-9	2.923093575516695E-8	1.4015886106616864E-8
1.1666573794360082E-8	2.490639316742114E-9	5.300385298524082E-11	2.1253388901182374E-9	2.0662569857475411E-13	6.285329026414806E-9	1.2683198998783767E-10	2.428528405156422E-14	1.3264927057886112E-8	7.051988943695539E-9	1.0791318255601689E-8	1.1759445149154936E-10	5.393114832595032E-12	1.4253947662342918E-9	7.668678863523772E-12	1.4516073940172878E-12	1.0683640937596167E-14	1.6338889194416734E-12	3.9098936639206405E-15	5.837522982479072E-11	2.652746574755756E-10	1.4774031806781363E-9	2.9216435280982547E-10	4.930198089063238E-10	6.627299515127541E-11	4.205099488723479E-11	0.0	4.205099488723479E-11	2.5488244982155428E-14	2.950649698616358E-15	1.0632644921422879E-11	3.888286162291033E-9
2.489483178221011E-4	6.204269938869778E-4	1.5703980387062396E-7	1.9366140872929225E-5	6.059123349777314E-10	1.0719426735838752E-5	7.392543109711162E-7	8.45002042857834E-11	1.0997449640884334E-4	3.05290635907613E-5	5.834080370348884E-5	5.059145306926084E-7	4.605750040545982E-9	8.299429580090314E-6	4.387716403018504E-8	1.583842695407995E-8	8.625903602709899E-11	8.795381486710183E-9	5.987084654768093E-8	2.897737092688091E-7	2.023737354873491E-6	2.4191416874673385E-6	2.1747308051947036E-6	1.1547619006295248E-6	2.6283885826209056E-6	3.4780947991752573E-7	0.0	3.4780947991752573E-7	7.675480836605373E-9	1.4412355824309056E-11	1.6751848357052208E-4	5.255161965327015E-6
0.0023418091563248574	1.5371203371223187E-4	3.1518998711261972E-6	2.3482033279731827E-4	2.3548304247732253E-8	9.026973790852804E-5	2.7228709045211895E-5	1.6508251902244388E-9	0.010317335807418554	0.001971825985842177	0.0037743776250802855	2.923530770234434E-5	5.408601699413724E-8	5.467305597722425E-5	8.875626278188244E-7	1.160297121527355E-7	1.2999823902719776E-9	1.2969839829965296E-7	8.729337292049296E-10	7.645640598906747E-6	1.751508388200673E-5	3.950750206221784E-5	2.749516057807159E-5	2.97497563080398E-5	3.3503460528522923E-6	1.3545405112392969E-5	0.0	1.3545405112392969E-5	9.04319318314855E-9	6.659851658817925E-10	2.4247325070548828E-6	7.835018371217425E-5
