32
NULL,open@__open_nocancel,fstat@_fxstat,mmap@__mmap,read@__read,munmap@munmap,open@__open64,close@__close_nocancel,rt_sigprocmask@sigprocmask,exit_group@_Exit,rt_sigaction@__libc_sigaction,sched_yield@sched_yield,mremap@mremap,time@time,read@__read_nocancel,mprotect@__mprotect,madvise@madvise,lstat@__lxstat64,openat@__openat64_nocancel,write@__write_nocancel,syslog@__syslog,getpid@getpid,writev@__writev,close@close,stat@__xstat,socket@__socket,fcntl@fcntl,connect@__connect,getdents@__getdents64,lseek@llseek,getrlimit@__getrlimit,write@__libc_write
0.8395144485543613	0.0030080412004603015	3.2868840351041227E-5	0.0023680613485595955	2.2530463041083462E-7	0.001862609302922975	2.2307943024598527E-4	1.7997304339597508E-8	0.0583120403555843	0.013872788632921101	0.02600238477138881	2.1816489983839067E-4	8.44532482673129E-7	5.70625086223655E-4	2.0945848255002345E-5	1.2250591533970692E-6	1.8452354473998045E-8	2.0088091273777965E-6	2.0931858951222787E-11	8.791113923094327E-5	4.312056976000147E-4	5.175036613818797E-4	3.2640406362218085E-4	3.0575208940645637E-4	5.952967394132814E-5	1.0751634722805759E-4	0.0	1.0751634722805759E-4	1.4942615937973098E-8	5.544589377969177E-9	5.8018312429602535E-8	0.001224157846126594
6.472075225666294E-4	0.001263328022936038	6.295107787187723E-5	7.823221838832221E-4	1.8971879520424283E-8	3.849948169268149E-4	1.0189299519554777E-5	3.3596102897292174E-6	0.0014804054097655205	3.991247340259566E-4	7.435602422599119E-4	6.4687472482250735E-6	7.416397391887273E-8	6.33328825099963E-5	6.251883777535411E-4	2.2199020095007803E-7	6.243636875572716E-9	3.588303160348722E-7	1.5217451750508289E-10	5.3271590614564524E-5	0.0024854330974271445	7.672345287062783E-5	5.065365669783385E-5	1.77649691876244E-5	1.1365084380737114E-5	4.703423009653985E-6	0.0	4.703423009653985E-6	4.994491928143476E-10	1.7413614201136656E-10	3.2892681070197825E-8	1.3964887951962326E-4
2.0181297979948217E-5	8.275755970797896E-6	2.710614050954029E-7	1.552918221818604E-5	2.6579107610744864E-10	7.201237408882559E-6	4.155982713828735E-7	9.464000236837586E-11	3.0226003970030334E-5	1.2123745343674672E-5	2.2521020359435102E-5	2.121098296873876E-7	1.93612406295075E-9	9.188181648455584E-7	1.035284080289642E-8	1.740632753914748E-9	2.530058561768858E-11	5.837661606394411E-9	9.439395776689383E-14	1.5631603026841408E-7	8.820935929454835E-7	1.2042109938150314E-6	1.748569255058474E-6	1.1161396603693943E-6	1.703150155845376E-7	2.030290347330281E-7	7.08877905809427E-8	2.030290347330281E-7	2.6599943273561796E-8	8.380171070937167E-10	2.623200015839225E-10	2.7661507176277227E-6
3.398802306385761E-4	4.7817744305457717E-4	2.5587701728631217E-6	0.0037636219706765036	1.7658390072027824E-8	0.0051234042737094004	2.8235235582921077E-5	1.066755462265123E-8	7.35277940359849E-4	2.1160534281343448E-4	4.0321725089665565E-4	3.524656274372458E-6	5.613088071043959E-8	2.9211188169534298E-5	6.211761816329778E-7	0.0011446287245666402	2.312621574823054E-9	3.811584612402357E-7	1.8031799886310427E-12	2.3250431565737935E-5	2.5986828121092435E-4	5.5995839154856125E-5	2.2436279220049133E-4	2.0250697955678124E-5	1.0361723521981827E-5	1.4741600721680465E-5	0.0	1.4741600721680465E-5	3.025793010927886E-10	1.0146896268526955E-10	4.961089419695469E-9	1.1301761787587509E-4
3.1138754025231265E-8	1.1159681643854397E-7	1.2436269989317162E-10	1.1005850168146057E-8	4.3267631328199665E-13	5.747471179794361E-7	6.110030154781391E-10	6.268180158855487E-13	7.899127752346708E-8	1.9448609608022992E-8	3.577449450834188E-8	3.057005892730101E-10	3.59866381255041E-12	1.7904846222489596E-9	4.808607878301741E-11	3.736829843135181E-12	4.088652786293891E-13	3.1984671184347446E-11	1.380243134782228E-16	8.143632386840939E-10	1.0485917271921188E-8	5.526488461912701E-9	7.822960298804556E-9	8.903898433907593E-10	7.989743440195206E-10	2.922218199408942E-10	0.0	2.922218199408942E-10	1.9940328818621057E-14	7.657606771164375E-15	3.74399630402349E-13	7.032515750755922E-9
7.993128164173605E-4	5.089802344961879E-4	5.232417152295651E-6	0.00139416980482129	3.2909196907682E-8	0.0014397837015002767	1.2837473940910708E-5	2.9869625610513944E-8	0.001707420756221395	4.8382151508579276E-4	8.994539137242494E-4	7.926785580945598E-6	5.274773305819516E-7	1.242552250345126E-4	3.443733670140936E-6	0.00213661042712227	2.818114752630695E-9	2.8675533327520727E-7	5.836911099042285E-12	1.4920909366385439E-5	1.465594719951601E-4	1.9023637563572734E-4	5.467428849157702E-5	2.4689969697250564E-5	7.666394922933036E-6	5.801114423202866E-6	0.0	5.801114423202866E-6	6.139066463637477E-10	2.178529122987831E-10	1.6259973576322606E-8	3.3901977603172345E-4
1.532771021703656E-4	6.88245745120259E-5	1.4240737872708378E-5	2.845112779533973E-5	2.978186678350039E-9	2.108289250977439E-4	6.4428736017186744E-6	3.3526095493429337E-6	2.1173146006751346E-4	9.280360325133151E-5	1.4796314584546833E-4	1.532150104200376E-6	1.6507017719322718E-7	2.1233227178665892E-5	2.0052911388829557E-7	2.225084620370643E-8	4.550206293375169E-10	3.760827868826129E-8	8.708537635072064E-13	6.370314308451364E-6	6.888042983149338E-6	2.9394518997301007E-5	6.032096176417212E-6	4.882793130121687E-5	3.097740013620609E-6	6.673780443959259E-7	0.0	6.673780443959259E-7	7.10649561118787E-11	3.852433654515958E-11	2.4252938558977022E-9	5.834136541107121E-5
2.8616042859766653E-7	1.7056826382700324E-7	2.133396566512019E-6	4.829505427068291E-8	3.959526164214678E-12	1.4089647378372524E-7	4.1674117641659725E-9	2.8206486454363405E-12	4.261719901421713E-7	1.7211989733574065E-7	3.136562925289306E-7	2.9864887691988477E-9	4.833720797359953E-11	1.7116774676116145E-8	8.794313529076072E-10	2.6087613109234317E-11	5.834824564110429E-13	8.808889415853204E-11	9.429358106472639E-14	2.4311633346942916E-9	1.6963629676176495E-8	2.4346351773691585E-8	1.4031889584585465E-8	7.552175077857343E-9	2.5541416154220895E-9	1.9213119235673576E-9	0.0	1.9213119235673576E-9	2.380705361359786E-13	8.881931252724813E-14	2.638066338998036E-10	5.180788601572264E-8
0.03761375797024414	0.0013565374569193549	2.7313556599873153E-5	0.001787450479069102	2.3545938676042585E-7	6.991352179248416E-4	1.469024560829603E-4	1.3421977402785103E-8	0.018939365213193258	0.02240571246704183	0.04046240264526371	2.9062897630945214E-4	4.7584400737794344E-7	4.157855103955291E-4	6.893627505094002E-6	7.908238843638145E-7	1.1061411187375276E-8	1.3943524074681619E-6	2.0461141402246435E-11	8.859869562211215E-5	1.524977634367159E-4	3.952680974153974E-4	2.2831297550600992E-4	2.1216353105016404E-4	3.753882473874111E-5	6.797184090386442E-5	0.0	6.797184090386442E-5	9.144400329487539E-9	3.97314867740846E-9	5.695049949069665E-8	6.982991744639762E-4
0.038127519026194184	7.134820726358071E-4	1.100605044491086E-5	0.0011830561733271899	8.89290516772404E-8	3.627515987013659E-4	4.5008081616565726E-5	1.1023445506556904E-8	0.007152527392427768	0.0017469089648613036	0.0032279698348596946	2.7463858288529347E-5	2.135639456675993E-7	1.4304996874049493E-4	3.97516722198712E-6	3.2652859891305096E-7	7.452966790911307E-9	6.845208411874177E-7	8.507248658305573E-12	7.157885487505357E-5	8.31235995199294E-5	1.8534886820899057E-4	1.0675442563264662E-4	7.723751586712853E-5	1.9064936481480134E-5	1.685423743290152E-5	0.0	1.685423743290152E-5	1.89902638550264E-9	6.931189463827402E-10	2.3633134861399973E-8	3.4497425428445407E-4
0.0356356659714364	9.479118192933215E-4	1.6193361383983172E-5	0.0013575447614937112	1.3356437926645808E-7	4.7810992050810865E-4	9.491322906908867E-5	1.1305693705450707E-8	0.01232532769683794	0.021233905381926124	0.016815261476343234	3.6332819036621634E-4	2.964917157814589E-7	2.3879285377509298E-4	4.9020061850679885E-6	5.159681305962273E-7	8.668026169412713E-9	9.088315610575995E-7	1.2227413207702071E-11	7.3656187347204E-5	1.0847987997806094E-4	2.513702223630296E-4	1.4627206449791636E-4	1.2921041649044862E-4	2.490822496808997E-5	4.2802913580414486E-5	0.0	4.2802913580414486E-5	5.7239736137936374E-9	2.148523748304327E-9	3.399914271017252E-8	4.533609450780786E-4
3.869129946885447E-4	9.214193039001744E-6	1.5918122011574515E-7	1.3852123543040656E-5	1.3238320377701475E-9	4.697981885549292E-6	7.835565046097894E-7	1.193856454499902E-10	1.0953284217495279E-4	2.3056261944808668E-4	1.67606199040393E-4	1.238153600939247E-4	2.935793485703823E-9	2.256925094262606E-6	4.914849961657941E-8	4.7484151654974196E-9	8.705151033024145E-11	9.04281907638146E-9	1.2105122588707123E-13	7.788564895041642E-7	1.0575588835630673E-6	2.497603424117525E-6	1.4428157026405115E-6	1.192075272979501E-6	2.4823357583396174E-7	3.3586155109055725E-7	0.0	3.3586155109055725E-7	4.284122061780594E-11	1.7145034174354867E-11	3.3658089100185895E-10	4.5386142766266694E-6
1.738690169246924E-7	2.511468808627419E-7	6.712351844988047E-10	8.694991266194512E-8	2.4608970921208568E-12	4.199172375429862E-8	3.922357849390283E-9	5.001098072812687E-13	4.0257388532576696E-7	1.0982846223718891E-7	2.0650424798025495E-7	1.793959448498091E-9	2.461696001971599E-11	2.2321761596344682E-8	2.360190904717033E-10	4.5931394679294355E-11	3.9892789011190966E-13	2.2745276608948818E-10	5.502791395313932E-16	4.88331795835932E-9	2.8201149824619446E-8	3.924089246608652E-8	1.835480169582536E-8	6.098300951890588E-9	5.754416083202563E-9	1.8500612568284497E-9	0.0	1.8500612568284497E-9	1.3369581048794241E-13	4.914874527343513E-14	1.4536979384123566E-12	7.053448680806226E-7
3.372916880932063E-4	6.146485407509323E-4	1.5535223362003648E-6	5.02774466691561E-4	1.1793564088526017E-8	6.45121539916226E-5	7.143163472798524E-6	6.95962307883988E-10	6.142938974088877E-4	2.0491833891883506E-4	3.9136027477834525E-4	3.5228552904275865E-6	4.187249796916091E-8	2.8653265557831647E-5	1.0883588229249614E-5	5.702718273996624E-8	1.480398895855861E-9	2.945478720498636E-7	8.404858889903048E-13	6.0846735952396675E-6	3.3631590048695956E-5	1.408259363251754E-4	2.815740793857609E-5	1.1075450060321201E-5	7.566368950539253E-6	3.4016210625379313E-6	0.0	3.4016210625379313E-6	3.0682020394517914E-10	1.0651802943714277E-10	2.2490323673834065E-9	5.5864701736535646E-5
4.500575409975012E-5	1.5189452343820451E-5	1.0072037332732674E-7	3.437711877351127E-5	8.173332324897843E-10	3.3216074382965473E-6	4.602208527286452E-7	7.888809853621064E-11	1.5764348204909396E-4	3.059269562307384E-5	5.856105931132903E-5	4.5536547722002076E-7	2.5812561023424033E-9	1.4348141902674024E-6	2.6677786147287607E-6	4.066263862542536E-9	6.165941982125902E-11	5.031510356619408E-9	1.2288936428580537E-10	2.9112696201345035E-4	5.826965747105269E-7	1.447070232386933E-6	6.138415641674188E-7	7.294576337918219E-7	1.5370338697267113E-7	2.1514565111921403E-7	0.0	2.1514565111921403E-7	4.59727710649459E-11	1.0470884792074874E-11	2.657352104027139E-8	3.854271501937804E-6
1.7609458931806894E-4	4.7216649456285283E-5	1.6028689512183097E-6	5.043418157380003E-4	1.8540957443503715E-8	0.0016703799035591514	3.0725807110731634E-6	1.7509439662939805E-10	2.7807918832361054E-4	1.0524142949347715E-4	2.1061391075026487E-4	1.894008717721291E-6	2.8217711655264727E-8	1.528114925859101E-5	2.893722654457519E-7	4.8618409452538595E-8	2.4278871931569864E-10	6.950254590033203E-8	2.740925400431839E-13	9.49607838396659E-7	4.854164816864568E-6	2.2213655540186206E-5	4.740159189423566E-6	6.348337268293656E-6	1.7510046016264098E-6	1.3551941489909484E-6	0.0	1.3551941489909484E-6	2.1246968507416973E-10	6.341272455296392E-11	7.58364253471453E-10	3.893737294772596E-5
1.0273584837636157E-8	6.036532784865089E-9	3.608685590399074E-11	1.801780540034851E-9	1.5367886733039995E-13	2.4913258576023894E-9	1.179997664635756E-10	3.176414575645419E-13	2.0787730869817247E-8	6.256465323435197E-9	1.0639170958923303E-8	9.932288017522636E-11	7.530508019030431E-13	4.229546787947471E-10	3.7411986604339686E-11	7.635423543836475E-13	1.8827102085420258E-14	4.417464593725066E-12	4.916361666742304E-17	1.1452170211607947E-10	6.188139621470392E-10	8.14955012737853E-10	5.13822291503796E-10	1.9467312653358634E-10	1.0889638635792245E-10	5.538360179573026E-11	0.0	5.538360179573026E-11	5.101687608658876E-15	2.398416496970841E-15	1.3606839110112196E-13	2.193865346647381E-9
2.5471941918078076E-7	5.863745594904125E-7	3.1948310821997012E-9	1.4602541243462433E-7	4.26621417107732E-12	6.7987094774118E-7	7.700761939264226E-9	9.600698529890341E-12	5.636593617281864E-7	1.5770292676609634E-7	3.0060075343756823E-7	2.6103206760245144E-9	3.8042749646976337E-10	9.032379790766327E-8	1.308966923279874E-7	9.301875947758921E-11	1.854059789450034E-12	4.03296306125031E-6	1.5122732798153013E-6	5.788174043491731E-9	5.1702104377756977E-8	1.1580579550796023E-7	3.901889783935633E-8	3.005620491068889E-8	8.806249696243377E-9	2.5497941672451042E-9	0.0	2.5497941672451042E-9	2.0724927321810613E-13	7.39055794114658E-14	4.509296659060006E-12	3.012021335945835E-7
2.2563378164256546E-8	5.8437945022646586E-8	7.777715889497565E-7	1.3873277500096226E-8	3.498199481521032E-13	7.103118009194046E-8	7.287227104517046E-10	1.2683861979957885E-12	5.1299505878247574E-8	1.4161512755461304E-8	2.7160061352313153E-8	2.344336710265648E-10	3.44445988158246E-11	8.151608951615824E-9	2.8657304058919183E-10	8.492599634163803E-12	1.9092089324045053E-13	2.4676592747712185E-11	5.760900568332566E-16	6.055350487085302E-10	5.714780457478224E-9	1.084632857625726E-8	4.285842799228636E-9	2.7377604008881562E-9	8.649550513590294E-10	2.468861846915975E-10	0.0	2.468861846915975E-10	3.2562540454400626E-11	6.664169739971781E-15	1.6029657508690552E-12	2.9076658254893204E-8
5.814662185116215E-5	7.268830301217498E-4	1.5416529266331447E-7	1.4974170695268302E-5	6.6914141916845E-10	9.088119840247602E-6	9.954880934241259E-7	1.7820741268499243E-10	1.9212537314333236E-4	3.903705484178645E-5	7.438685822079589E-5	5.892513466452103E-7	4.957845378933041E-9	2.5849249892414335E-6	5.9134001740147265E-8	6.711212499795061E-9	1.204393295888882E-10	4.7488635291481906E-8	1.1584996629062605E-13	2.9214751620895225E-4	1.3760900673940398E-5	8.225462325054318E-6	2.1735604125569138E-5	1.3682721487699899E-6	1.1931321755667186E-6	4.794058503722219E-7	0.0	4.794058503722219E-7	3.943997407197504E-11	1.3913717742157821E-11	3.064346217767797E-10	7.2060063354480854E-6
3.4811050676005346E-4	1.3309286354382276E-4	1.631459785483055E-6	1.1248473519861377E-4	9.599798818635953E-9	5.198836741423414E-5	4.158816240068303E-6	4.950013474532927E-9	8.641137003232171E-4	2.1992917352444368E-4	4.1049426377560945E-4	3.515789670711066E-6	2.222179335661027E-8	5.2554824252090814E-5	7.4679064419943E-7	1.6516187767086297E-7	3.2602790257764537E-9	8.312871747545092E-8	9.22150789679292E-13	6.464122955192252E-5	1.287831723166833E-5	2.60496211127629E-5	1.1712398876509404E-5	6.234896382290346E-6	2.3181611474519436E-6	1.97866199986781E-6	0.0	1.97866199986781E-6	2.5479573384671353E-10	9.229442160232496E-11	2.5582142064152262E-9	5.607273944271621E-5
1.915872071007461E-4	1.9519666705363487E-4	9.03912233268607E-7	6.257844544461233E-5	2.8970991403901254E-9	2.451913217837123E-4	5.957126784909688E-5	9.129606609834435E-10	3.7542891245465515E-4	1.1769427004529655E-4	2.2504905510298086E-4	2.0002249322117647E-6	2.744945260857632E-8	5.748799541511518E-4	3.296599450992142E-7	3.213849602525818E-8	5.740634753400937E-10	4.523458116422916E-7	5.998169426915344E-13	8.376098873201553E-6	6.942711048860687E-5	3.130040690682262E-5	4.980095786664486E-4	2.821570723340416E-5	1.3418214768292093E-5	3.201653382050494E-5	0.0	3.201653382050494E-5	1.6553128633071837E-10	5.924754948414645E-11	1.6154651896954465E-9	3.652176389163049E-5
2.606275755490089E-4	2.8354106790986305E-5	3.9264933870101955E-7	2.3182578755551675E-5	3.0855131877499364E-9	1.3163370430102329E-5	2.1315997372214302E-4	3.99032874673083E-10	4.1706450297994353E-4	1.5608329542904763E-4	3.1029052236828053E-4	2.7944267575699683E-6	6.9631380547346414E-9	6.783477574455511E-6	1.1921802497287484E-7	1.8577163370071488E-8	2.9516840469329063E-10	2.3357257065155562E-8	2.9239126772172004E-13	2.948500498540177E-4	3.080723727858532E-6	6.1060911313441385E-6	3.6008173554542022E-6	8.158360682875635E-5	6.192287687291597E-7	1.1550585247673235E-4	0.0	1.1550585247673235E-4	2.6672264232482514E-10	9.130902002511943E-11	8.122252639045579E-10	1.1186030688341522E-5
1.7260016466221054E-4	2.6461809382654086E-5	4.1005873562241365E-7	1.6933023069075142E-5	3.5545009569797955E-9	1.4292736292079201E-5	1.8487193839064755E-4	7.876327484748312E-10	2.2212220813515605E-4	1.045607037877889E-4	1.5775216511602542E-4	1.7026824012871228E-6	7.017818785266213E-9	5.83888815037446E-6	1.3710496343040847E-7	1.7424532298473584E-8	4.488132503705558E-10	2.3303369124074153E-8	3.2389523121821573E-13	8.451838073740232E-6	2.6817102617558494E-6	6.103391821073637E-6	3.4533734407354025E-6	6.011088502559669E-5	5.949015993820442E-7	1.5627710509482368E-4	0.0	1.5627710509482368E-4	5.995893917170587E-11	4.015873273197699E-11	9.009353972715275E-10	1.3341460767365146E-5
1.3516515417050696E-5	7.312758817363321E-6	7.996914331705107E-8	9.384116596472944E-6	2.517440043839546E-10	1.2704737987394362E-6	2.0856264388278733E-7	1.4006785388235413E-11	2.1045926850573364E-5	8.118231571026409E-6	1.551939708645304E-5	1.4318516186220243E-7	7.534614108530388E-10	4.4915909842991236E-6	9.19709825598898E-9	8.31126372726668E-9	2.959383466573945E-11	4.494871578763717E-9	3.9336781291578364E-13	1.1718866775860844E-7	7.432883292669783E-7	1.8805093033328088E-6	6.130730371241403E-7	2.639986026410475E-7	1.409377268712728E-7	1.0237882679061248E-7	0.0	1.0237882679061248E-7	1.2495384896490338E-11	4.4861113788952086E-12	1.0991211040353725E-9	9.797171742223002E-7
3.9012792016271386E-5	7.0021898122715346E-6	9.26870704059222E-8	4.134067421829129E-6	7.819020927840544E-10	3.2740261122855502E-6	1.1742229666492841E-4	1.7164071307438645E-10	5.436520438138602E-5	2.3771411287723605E-5	3.642135748318189E-5	3.854924755887936E-7	1.6367497334244264E-9	1.3646461672861676E-6	3.0389243381453734E-8	3.969697498268159E-9	9.840207554477644E-11	6.234520579734634E-9	7.284035090769067E-14	1.8456501659668872E-6	7.214380696821971E-7	1.529896138353138E-6	8.437907842740352E-7	4.407395177166292E-5	1.5972100050130796E-7	1.524760235751244E-4	1.5235143264585385E-4	7.630019379197835E-5	1.4252315926848375E-11	9.095926618332454E-12	2.0220403274102534E-10	3.0407845980052817E-6
1.1710880328292767E-5	2.1044882843703916E-6	2.793313440119291E-8	1.2427273977409875E-6	2.3466168124722705E-10	9.860171994795183E-7	3.522674372184997E-5	5.15460887384989E-11	1.632100315931365E-5	7.1356541403761565E-6	1.0934745434471615E-5	1.1572300595904293E-7	4.93805245076221E-10	4.106155372673228E-7	9.12274956502583E-9	1.192913346925041E-9	2.9535486103199726E-11	1.872281399574489E-9	2.1867135047651305E-14	5.537484128720826E-7	2.1681582825100467E-7	4.5975073003744635E-7	2.5345841554384144E-7	1.3222407756947957E-5	4.80364120822594E-8	3.743278388110992E-8	7.055695646252716E-9	3.812534767545425E-5	7.329003645925508E-9	2.3186076530289013E-10	6.070262042949574E-11	9.140745711687487E-7
3.706200133551707E-5	6.652053205156749E-6	8.805235794804745E-8	3.9273480412538945E-6	7.428039601708019E-10	3.1103121277614735E-6	1.1155072710509879E-4	1.63058012729231E-10	5.164673362901641E-5	2.2582748666777934E-5	3.460014856460516E-5	3.6621635896105086E-7	1.5549059083180421E-9	1.2964085742280096E-6	2.8869663527774234E-8	3.77119725040573E-9	9.34815906981762E-11	5.922770407102932E-9	6.91980512826259E-14	1.7533605102509053E-6	6.853633723754668E-7	1.4533954067988166E-6	8.015979774177188E-7	4.0370379999051393E-4	1.517343319447804E-7	1.183609003196217E-7	0.0	1.183609003196217E-7	1.3539644937351754E-11	8.641095062763007E-12	1.920930480538076E-10	2.8887335924403426E-6
1.227151807416264E-8	4.122834899970446E-9	1.0176957314625719E-9	1.9816145855658273E-9	2.192362413899658E-13	3.7952244242186884E-9	1.2362425314204775E-10	4.911822424359869E-14	1.3078572544040856E-8	7.3443083612027785E-9	1.108399217331909E-8	1.223385267012592E-10	7.998510826937324E-12	8.136446185475165E-10	1.7589408937759114E-11	1.025254925160298E-12	1.3205816657295299E-14	2.9133845393940982E-12	4.0365016342816496E-15	8.358959520927241E-11	4.30498211627403E-10	9.915386402772153E-10	4.763547779711611E-10	3.315634825167027E-10	6.305569745610359E-10	5.0325346328136084E-11	0.0	5.0325346328136084E-11	5.2049954298010745E-15	2.215242115844204E-9	1.129336478436326E-11	2.0757778395562874E-9
3.14008940070932E-9	1.0229638758471493E-9	1.4905049384010025E-11	6.411542551720577E-10	5.6601867138561756E-14	1.753799741577356E-9	3.6468196203501427E-11	6.474720123761228E-15	3.3601703373417913E-9	1.878054232260898E-9	2.8521188571833464E-9	3.1348289645575954E-11	1.5067131145501083E-12	3.9321376878820834E-10	2.042480113316845E-12	4.103849849668968E-13	3.2174687044966634E-15	7.914985883310145E-13	5.963841780679675E-18	2.213770760013044E-11	1.093808584203531E-10	4.5343676915403207E-10	1.03481709482796E-10	1.3787217968970207E-10	3.131821531179909E-11	1.237810870469492E-11	0.0	1.237810870469492E-11	1.2471475386013875E-15	7.825866281006777E-16	1.6437476986122315E-14	1.0984287434061038E-9
1.9451789220746954E-8	2.6397292114136504E-7	1.4217101800657373E-10	1.4302979701863432E-8	3.064150082987808E-13	3.29631619944343E-8	5.928359921459515E-10	1.673904393536776E-13	4.004495829665888E-8	1.204388468291845E-8	2.3059125764362877E-8	2.0306918117329567E-10	2.3073165528247448E-11	7.468414075526488E-9	3.050874414798233E-11	8.686757778114042E-12	6.897527473469982E-14	3.054329803480394E-11	2.309168444247494E-11	6.472794176456038E-10	4.0886867843123754E-9	1.067213386730956E-8	3.11011794559149E-9	1.147655112436832E-9	2.047071376307365E-9	2.6622721432089446E-10	0.0	2.6622721432089446E-10	2.903341173944838E-12	5.944319783631522E-15	6.461121009508099E-8	1.0418691355208807E-8
7.689448714837759E-4	4.779521414034732E-5	8.281407089428025E-7	6.277751664244179E-5	6.228823265787298E-9	2.3538476986730245E-5	7.109294834353844E-6	3.3418377242157835E-10	0.002754627301488325	5.250613863021862E-4	0.0010050767440112711	7.762495152339198E-6	1.469081931346067E-8	1.4220081463163978E-5	2.162396325361279E-7	2.9978744798684046E-8	3.4330779705253886E-10	4.3019082202926915E-8	5.709688847468596E-13	2.1354623033769604E-6	5.302968998271043E-6	1.1645444130549975E-5	7.710214145785896E-6	7.789492521596926E-6	1.1477058369042348E-6	3.5365748034106614E-6	0.0	3.5365748034106614E-6	5.016567356294948E-10	1.7524556217198982E-10	1.5877400580828158E-9	2.1090246426988336E-5
