32
NULL,open@__open_nocancel,fstat@_fxstat,mmap@__mmap,read@__read,munmap@munmap,open@__open64,close@__close_nocancel,rt_sigprocmask@sigprocmask,exit_group@_Exit,rt_sigaction@__libc_sigaction,sched_yield@sched_yield,mremap@mremap,time@time,read@__read_nocancel,mprotect@__mprotect,madvise@madvise,lstat@__lxstat64,openat@__openat64_nocancel,write@__write_nocancel,syslog@__syslog,getpid@getpid,writev@__writev,close@close,stat@__xstat,socket@__socket,fcntl@fcntl,connect@__connect,getdents@__getdents64,lseek@llseek,getrlimit@__getrlimit,write@__libc_write
0.48129916386727223	0.0524912099052006	3.069001301836455E-4	0.025318360813968963	1.000239946559786E-6	0.018153622075946722	0.002027267376777984	1.8156863311639638E-7	0.22466328259898283	0.05327741347571117	0.1002283413220651	8.434462437353748E-4	5.0067980255457145E-6	0.00811124712534857	7.566463950489134E-4	1.8806645425400966E-5	2.1146809885640239E-7	2.2261844005427172E-5	1.20216700339922E-6	0.0011528765492456775	0.006260526571600936	0.00803236049990158	0.004092856758020973	0.0028595430227283877	0.0011301696173987954	9.778359489262991E-4	0.0	9.778359489262991E-4	9.871607113235663E-7	2.6674235110718284E-8	0.0033485347950303573	0.007413757337716633
0.018746869584181203	0.018878303181123532	5.639241037428504E-4	0.014230546953917976	1.6521465767796203E-7	0.004288089473313265	2.2204539880680947E-4	4.4776909478620954E-5	0.02015400034832049	0.005244430250148268	0.009813058651048409	8.48971183925807E-5	9.570426803273314E-7	0.0012170546019332018	0.010486406714069274	5.2364664023720775E-6	7.071374888698637E-8	1.846922246746734E-6	2.4016382566659643E-6	7.597820485761037E-4	0.03454767199031745	7.971415913917575E-4	5.788662539425789E-4	4.1669615719286277E-4	9.031155964974363E-5	1.0128809206022188E-4	0.0	1.0128809206022188E-4	3.9076902813235363E-7	2.79621573366481E-9	4.8494211624637123E-4	0.0017870599570439863
2.3723515392967437E-4	9.87784876902666E-5	2.6524690893130808E-6	1.403238764046675E-4	2.9581772494721076E-9	1.0954639577569103E-4	7.436202968735022E-6	7.425823082172717E-10	3.7111335673267477E-4	1.3948388164752753E-4	2.613174298381468E-4	2.4373261943419407E-6	1.730255381027831E-8	1.94971604935796E-5	4.737677129914276E-7	4.4044238878835015E-8	4.102552039877E-10	2.6915121308053404E-8	3.5648460083715834E-10	2.0197999006683545E-6	1.0155856715127398E-5	1.2598862227093394E-5	1.962576274299704E-5	1.7687529521716367E-5	8.616866625294279E-7	3.63376986978852E-6	5.544260696867916E-7	3.63376986978852E-6	2.1072752918724983E-7	6.595105402646279E-9	9.849281326107744E-7	2.620467878680159E-5
0.008405012043052293	0.003508518047480434	3.243821013181535E-5	0.07671652674100342	1.4017964937304035E-7	0.08254605300170598	4.704139496776179E-4	8.07000009075347E-8	0.009827230540446442	0.0028939241156111456	0.005575641795690089	4.898048771619562E-5	4.013733355474172E-7	5.094317348211779E-4	1.895081897172835E-5	0.023556078039606954	2.0889290009841337E-8	1.91920021176582E-6	1.1184911550786518E-8	2.97499451539492E-4	0.0033180855685946927	4.6091419151204893E-4	0.003225575537020506	3.249210199259543E-4	3.701666633231923E-5	2.463349348794079E-4	0.0	2.463349348794079E-4	6.430107688687039E-8	1.7804802140434037E-9	3.083783306707173E-5	8.078502987202357E-4
3.813257987178487E-7	6.157476833331708E-7	7.860710215171568E-10	6.093423633705453E-8	2.068321674456347E-12	3.947511978184545E-6	4.504860558309151E-9	4.004480125594503E-12	4.909933704398078E-7	1.1452180240035152E-7	2.124374896594773E-7	1.7905109443461783E-9	1.1439947015574051E-11	1.480619791805687E-8	6.834515363006441E-10	3.6229452852698256E-11	2.5319658808516576E-12	5.6575838198847125E-11	6.21842796194325E-13	3.6770048844034412E-9	5.700899610416962E-8	1.848956691859848E-8	4.3130747245223866E-8	6.0329299540668725E-9	1.1886092811940265E-9	2.1684130886052323E-9	0.0	2.1684130886052323E-9	1.7425531047831713E-12	5.459499706187472E-14	1.7024423750628119E-9	3.0516940720419186E-8
0.021307625508565776	0.004819767603482409	8.513490237370056E-5	0.02807753661764694	2.624798766451548E-7	0.0253046972910204	2.9220487638041893E-4	4.5316237050935663E-7	0.020903263691532396	0.006004661965413397	0.011495894261409175	1.0074191360605432E-4	4.204655205592758E-6	0.002009817212055554	4.294796835689116E-5	0.04397096983333127	2.7384260477847704E-8	1.6852331710066394E-6	2.922596671989528E-8	2.1475421025890948E-4	0.0018457575070716188	0.0024623556030705118	6.886275144467845E-4	4.390114206559665E-4	7.330063906211234E-5	1.3980549833280312E-4	0.0	1.3980549833280312E-4	1.2799039324386213E-7	3.5937541174262553E-9	8.116159389004765E-5	0.002724762985827731
0.0023141131521062456	8.471126584607741E-4	2.33589189164565E-4	5.269956788459454E-4	3.4413253663898796E-8	0.0026431903442620808	1.3795515911007187E-4	4.463618736206635E-5	0.0029772262523339384	0.0012097965299250391	0.001970708874552414	2.0042232323223145E-5	1.917640983067821E-6	4.3267101512648945E-4	4.866713393728761E-6	5.247141195258646E-7	5.336136004184496E-9	2.3726061718913148E-7	3.4029246567968855E-9	9.125915408951253E-5	8.850296887653608E-5	5.142715950372487E-4	9.047018157945975E-5	0.0010508926819682654	3.47883683550701E-5	1.654261383834515E-5	0.0	1.654261383834515E-5	1.5358262279184883E-8	6.292473300552854E-10	9.419483121992055E-6	6.607552019620136E-4
4.620080934029878E-6	2.2359978905620204E-6	2.977213401562401E-5	8.567166401961686E-7	4.845086342342327E-11	1.9971977491428126E-6	9.580257056496877E-8	1.9846355124224124E-11	5.926352924162036E-6	2.208653327025264E-6	4.065711491829169E-6	3.8208867881095446E-8	3.9671025232536646E-10	3.743381076598205E-7	9.666511697898999E-9	7.377010744952337E-10	9.221971925102766E-12	4.4261401347178225E-10	2.680416958622655E-10	3.381026328694454E-8	2.1342361373041085E-7	2.767910868276206E-7	1.986580623565245E-7	1.5191443110576336E-7	1.643059777527644E-8	4.5307625639391576E-8	0.0	4.5307625639391576E-8	7.486261410735107E-11	1.3954300953859194E-12	7.497619041420772E-7	4.3457645454545964E-7
0.15348844213123697	0.018918525452996583	3.4580033042849165E-4	0.022245208684726382	1.5275385843330222E-6	0.008648323161069938	0.0021029214952967817	2.0610492239052559E-7	0.1482721440022876	0.14459441695296002	0.2631554716411566	0.0018872995625706943	3.6035677437409367E-6	0.007386530702745785	2.839331479958657E-4	1.6998838684408528E-5	1.3240628034367802E-7	9.352971032320833E-6	2.3760786213334818E-7	0.0012012237997038554	0.002152814769676725	0.004704460670970065	0.0030236368885768724	0.0029051572476315136	4.7664987505291874E-4	9.870552652079675E-4	0.0	9.870552652079675E-4	9.463641815394306E-7	3.2479296921844046E-8	6.611107509664154E-4	0.005510497356311859
0.1428890658488365	0.013725302144050135	1.8335216614311634E-4	0.015068372790784938	7.211874140961517E-7	0.006329107443742581	9.111644950791588E-4	1.938666558009769E-7	0.08541637102724908	0.02051090635760135	0.038088761167432324	3.2358811989537E-4	2.095511949095343E-6	0.003545189555332648	2.4011086713904034E-4	9.4051203874895E-6	1.1362339116696892E-7	6.14297410770603E-6	2.3298877969005343E-7	0.0010893077149070464	0.001603110276607898	0.0029492592604980286	0.0018284942089000882	0.0014039103982703483	3.721797546517386E-4	3.791144868011355E-4	0.0	3.791144868011355E-4	3.650953418592786E-7	1.0081373962747229E-8	6.488312552348543E-4	0.003397487517768945
0.1378425396189981	0.015128060524121434	2.3061419534423902E-4	0.01706643495919015	9.522122424686091E-7	0.0068345934436194414	0.0014779439002605328	1.8672040634890982E-7	0.11037664664354346	0.1404734346858011	0.11829208218922756	0.0023986105180931836	2.5106575737586435E-6	0.004821381003076099	2.4069740961003353E-4	1.2299984854562969E-5	1.1572844382775916E-7	6.912876635457401E-6	2.2056503665916338E-7	0.0010621037696292434	0.0017460820121546253	0.003397592465029972	0.00216185637117272	0.0019555256055370568	3.8595645897101946E-4	6.790791710948356E-4	0.0	6.790791710948356E-4	6.50377325663371E-7	1.9762040597712907E-8	6.13997984464923E-4	0.003951981023199002
0.0014825028549456873	1.5516050619172205E-4	2.331643649252393E-6	1.7445957566533934E-4	9.625196364769966E-9	7.111564462090395E-5	1.305962261455995E-5	2.006113760420559E-9	0.0010634886791046013	0.0015318354390876435	0.0012033921648828575	7.845452712795782E-4	2.5644350160843864E-8	4.73097085383662E-5	2.5656154465678064E-6	1.1885934098833968E-7	1.2132097420441776E-9	7.166496020730225E-8	2.3814873453471986E-9	1.1391593308549961E-5	1.7958053087196406E-5	3.5026697576795515E-5	2.205589514334664E-5	1.8777922300821927E-5	4.0815832654353866E-6	5.8016636903396315E-6	0.0	5.8016636903396315E-6	5.571136243083671E-9	1.7122464811994163E-10	6.630277600546636E-6	4.0622304290983116E-5
2.6195285852782168E-6	8.456525039587024E-7	4.223147620501337E-9	5.186701199083074E-7	1.3069105874265573E-11	1.880707616214657E-7	2.970845945096368E-8	2.7674813545181904E-12	2.6660259672138706E-6	6.96787672318704E-7	1.3168428811587713E-6	1.1352170196342683E-8	7.653844719495063E-11	1.8051147340525295E-7	4.644077615179188E-9	4.061402347599764E-10	2.0348811356979206E-12	3.8411218805098455E-10	4.278481334318674E-12	1.9000266793788182E-8	1.0258076655185571E-7	1.294666575237301E-7	6.192353182724157E-8	4.216593874340526E-8	8.040117467488079E-9	1.4329430367740206E-8	0.0	1.4329430367740206E-8	1.2480540913002541E-11	3.8048149295407076E-13	1.169914523749083E-8	5.443738500645229E-6
0.008608903822802536	0.01212998666234047	1.8707023615975182E-5	0.009516037111551107	8.334194826096817E-8	6.172092978364914E-4	1.2720474290172647E-4	7.62750620916457E-9	0.00801167856357502	0.002516136855276068	0.004873551606968317	4.327902399598647E-5	2.6385805764677877E-7	4.392386310514532E-4	1.7876817497047598E-5	1.163460732005519E-6	7.147401880764929E-9	1.1418393865258886E-6	1.336924674733434E-8	5.394913964905244E-5	2.5662444673304005E-4	0.0015646913464374833	2.4558793434827683E-4	1.65223304846182E-4	3.0301237739861875E-5	6.269555115363131E-5	0.0	6.269555115363131E-5	5.6082033239345206E-8	1.6164944013932046E-9	3.670411811362702E-5	3.8046569330562246E-4
0.0011758458318469342	3.964771587217303E-4	3.0323206589922613E-6	7.752533029537423E-4	9.58496902205861E-9	9.659935642074265E-5	1.71934501848983E-5	1.811642813551967E-9	0.002559621858159753	5.124772003856257E-4	9.83143492495921E-4	7.770689435443018E-6	5.962552819993801E-8	7.626634095728391E-5	1.8585804294510156E-5	1.886583904035063E-7	1.1322480058317115E-9	7.078203113826187E-8	1.94788881531115E-6	0.0040229948694356366	2.0237782205711125E-5	3.6594115222976595E-5	2.027011375770779E-5	2.8541923087179404E-5	4.058341091893572E-6	8.015945030957837E-6	0.0	8.015945030957837E-6	2.5105454315554567E-7	2.2797745960713225E-10	4.1468507846204164E-4	9.132564404084336E-5
0.004548484694166112	9.623939233447567E-4	2.4734375966536756E-5	0.010597809186371036	1.4781957511299597E-7	0.034205555518014144	1.0777586357545795E-4	4.281183310875274E-9	0.00569406181294737	0.0020448232265429223	0.004094805251083519	3.6669095634309686E-5	2.6602315495653303E-7	3.560529734671602E-4	1.1872135054159109E-5	1.3707655706408144E-6	3.9279012909577716E-9	6.016215048035478E-7	5.2049807884532425E-9	2.4772203228768933E-5	1.0125474516096222E-4	3.2486898957114103E-4	1.0889938580909405E-4	1.461068504900083E-4	2.38014769713356E-5	5.248058693144531E-5	0.0	5.248058693144531E-5	5.7631867181306546E-8	1.4874035743989066E-9	1.443633300541668E-5	3.851794746153186E-4
2.455990893877157E-7	4.6529620575617464E-8	6.529738370638282E-10	2.4277350921326355E-8	1.4095389014870048E-12	2.1651594985270594E-8	2.0521348846784556E-9	5.246499833394413E-12	2.193828659657778E-7	6.288815387021566E-8	1.092437660617389E-7	1.0033811187988834E-9	5.715176335269169E-12	8.753373533785953E-9	4.423984658365317E-10	1.833147497365085E-11	1.788990694425864E-13	1.878038793786906E-11	3.644462990853492E-13	1.2951344857110623E-9	5.106725952385313E-9	6.97993674176307E-9	5.2674299776487E-9	3.1765096516101746E-9	7.04502831265059E-10	9.819649958492889E-10	0.0	9.819649958492889E-10	8.555509568675917E-13	3.041268120037267E-14	1.0093109909511175E-9	1.71072980978801E-8
6.035848694532772E-6	2.8991219430103342E-6	3.1628865153344136E-8	1.0191451371608127E-6	1.9514478537111955E-11	4.9573843528534155E-6	7.56923462655154E-8	5.5683958997977646E-11	3.722887666878216E-6	1.015437436755333E-6	1.9565614533064572E-6	1.6890995124982203E-8	2.5622169616354816E-9	8.847173722058588E-7	1.9734496002157088E-8	8.290513103056016E-10	1.049770258397966E-11	3.154114320796127E-5	1.1827765802042189E-5	2.908533916992676E-8	2.895540317400291E-7	1.0395590895581436E-6	2.1694919295937067E-7	3.2905364979165997E-7	1.836904287242616E-8	2.3508613791439248E-8	0.0	2.3508613791439248E-8	1.99658371751948E-11	5.949611844112265E-13	1.765768997133563E-8	2.0565892275665193E-6
1.0401144891901614E-6	5.923199652002341E-7	6.0856708640301165E-6	5.768387694900478E-7	1.0242960191909556E-11	5.774398227598142E-7	2.9172289498726998E-8	8.241291961534967E-12	1.5843567169707448E-6	5.406660134755791E-7	1.0710886571796009E-6	9.557285644573483E-9	2.5351707600782235E-10	2.3691645386188876E-6	2.0868557249050445E-9	5.506489730798412E-10	2.0728180899131207E-12	1.0987869350003797E-10	7.480119517447877E-12	8.280837182040368E-9	5.855590942017652E-8	1.2363161397126486E-7	5.0351177587638926E-8	5.204122887011348E-8	3.702423103091653E-9	1.3461148169625178E-8	0.0	1.3461148169625178E-8	5.16522086868888E-7	3.760769116590823E-13	2.0870535830400254E-8	2.2779412103374735E-7
0.0013422532804655822	0.009700587891659179	2.2122759095655683E-6	1.8390759461714887E-4	7.555529516701022E-9	8.952825488347919E-5	1.7236165314888137E-5	2.563190993870086E-9	0.00266012190301151	5.217538342740467E-4	9.946513061606767E-4	7.824059811230496E-6	3.198820636008498E-8	4.9902082975438136E-5	2.3891593153082233E-6	1.5059203840132115E-7	1.4372787140396263E-9	1.784736551687971E-7	2.174059217201533E-9	0.004029098694655074	1.5528535256140318E-4	6.103492663934585E-5	2.7416196233218305E-4	2.122039770448993E-5	4.10540406557196E-6	8.468141978717843E-6	0.0	8.468141978717843E-6	7.463150132103988E-9	2.2243416944255473E-10	5.960892115922297E-6	5.171038474274385E-5
0.006529303225095771	0.0015433332315985576	2.5086230816249157E-5	0.0016541919746825141	7.771023139876128E-8	5.443673067282845E-4	9.604924717771038E-5	8.290600169163085E-8	0.011202192364340325	0.0027194672285924875	0.0051033995463243605	4.328078960757032E-5	1.9056639769999168E-7	7.71037981352312E-4	1.3477503561304945E-5	3.0544681932716653E-6	3.22864815302507E-8	5.152298986232059E-7	8.940158531345543E-9	8.985090602362368E-4	1.5781603147452947E-4	2.9015481591966423E-4	1.6449060687304812E-4	1.2349727377393652E-4	2.4797407229550777E-5	4.711332734921618E-5	0.0	4.711332734921618E-5	4.554749039543666E-8	1.3820135493802994E-9	2.4798189414885915E-5	4.745532434886831E-4
0.005024358774180412	0.0011710035262550121	1.0149159591361377E-5	7.185074338742698E-4	3.0466426101324946E-8	0.003439625752579074	9.271793149275108E-4	1.2246776949233992E-8	0.004799138562077003	0.0014598563087830682	0.0028069554057850252	2.485289925409782E-5	1.5875228936614832E-7	0.007969470131621349	1.1239235175464798E-5	6.600949859158317E-7	6.4756536797408165E-9	2.69447389044961E-6	6.546849914564573E-9	1.0058449419499616E-4	8.890410348441944E-4	1.8500142430347626E-4	0.007578679129472389	4.2389687571884525E-4	2.3990753855091184E-5	4.997385981761573E-4	0.0	4.997385981761573E-4	2.9858241044466195E-8	9.082378954210338E-10	1.8012595467611183E-5	2.5540677266239263E-4
0.002830083332037628	5.677501050977912E-4	9.425257893147025E-6	5.949691617260351E-4	3.9267133401600736E-8	2.427089954377766E-4	0.0029899460121616942	7.606535440531067E-9	0.005749768413456786	0.0020566602535640336	0.004087947259410753	3.6716492254724415E-5	9.39610761944994E-8	2.2904630229846567E-4	5.714300497346491E-6	6.726728072625615E-7	4.465967394627645E-9	2.3562200937791801E-7	4.176084309585148E-9	0.0040805101090471375	6.274068852448647E-5	1.1826682313850459E-4	8.24005932976984E-5	0.0011677332837733742	1.0191690937945405E-5	0.001620487542535739	0.0	0.001620487542535739	4.85651976456209E-8	1.467539083015424E-9	1.159301148502136E-5	1.4996459026103893E-4
0.0023193705279577325	4.5720236313092515E-4	8.903522154083652E-6	4.096648887909966E-4	4.085313303075551E-8	2.529223726735818E-4	0.0025655279081891933	1.2911664144834864E-8	0.003149761741785116	0.0013423162214219197	0.0020802213765498804	2.1914959257656595E-5	8.602042432295512E-8	1.7549382046653668E-4	5.00605802543889E-6	4.991418780363919E-7	5.4235110336096676E-9	2.189582108991296E-7	3.162395706712984E-9	1.2331736191773912E-4	4.796677186483826E-5	1.0698525098107795E-4	7.367821379482922E-5	8.513917485973786E-4	9.15900308217574E-6	0.0021650435188920888	0.0	0.0021650435188920888	1.3823357715600142E-8	6.463671741663146E-10	8.774519966892269E-6	1.5338727997740175E-4
2.010602991059746E-4	7.371459616165343E-5	1.0544906763927015E-6	1.176196337808294E-4	2.3732383842780877E-9	1.5173115142729805E-5	4.292768562038729E-6	2.1289138253332626E-10	2.584671150269172E-4	9.301283095446127E-5	1.7802829742916495E-4	1.6307511200141142E-6	6.108358800908569E-9	5.737041202735672E-5	3.976654509631506E-7	1.1278141113330896E-7	1.957000583857036E-10	2.0437264478897587E-8	6.092202572137331E-9	1.4146079148881398E-6	7.438365580414176E-6	2.0254035876912548E-5	6.93393265151849E-6	4.926413151596135E-6	9.082391348282031E-7	2.1452930314879514E-6	0.0	2.1452930314879514E-6	2.7107303072242653E-9	6.218078621945121E-11	1.703460310763609E-5	8.519154021898448E-6
5.324165360269232E-4	1.0721131144789184E-4	1.956195730769851E-6	9.350883786658018E-5	8.962233693531133E-9	5.5901030301472186E-5	0.0016228368966825489	2.757890845241479E-9	7.638130436822079E-4	3.043884098080356E-4	4.7817311045334176E-4	4.945696665744468E-6	1.925093146629026E-8	3.924658205690452E-5	1.1352024969924534E-6	1.1104716622451144E-7	1.1861648188000754E-9	5.1443914625295385E-8	7.354970041240388E-10	2.6651917565208285E-5	1.1329232182079889E-5	2.4536246105081193E-5	1.62247384408218E-5	6.104536570249029E-4	2.071862024378044E-6	0.0021069879818623608	0.002103667988988924	0.0010551524207096338	3.204254842159683E-9	1.4559715154781575E-10	2.038988549867178E-6	3.3937286162711166E-5
1.5978202421544974E-4	3.2188228050317567E-5	5.87919880823108E-7	2.8074827267282685E-5	2.6892576950112683E-9	1.6798650213941033E-5	4.868517722139886E-4	8.27703470698779E-10	2.2923098186939563E-4	9.134734854517348E-5	1.435128709812454E-4	1.4842568242452965E-6	5.7944727923468164E-9	1.1786161216935086E-5	3.40680070177055E-7	3.333524528722696E-8	3.559434757072597E-10	1.5438690349037423E-8	2.20730846444701E-10	7.995993790909908E-6	3.4012974328288064E-6	7.36785157010222E-6	4.869738445206646E-6	1.8313873520465774E-4	6.217862517598415E-7	9.967655967230157E-7	5.518385569643861E-8	5.26914546173087E-4	5.824994341756448E-8	1.83576405081124E-9	6.119224617544768E-7	1.0193754986890689E-5
5.057936474029145E-4	1.0185033069171408E-4	1.8583783687177962E-6	8.883303385331683E-5	8.514087301937552E-9	5.31057623054981E-5	0.0015416887672917553	2.6199856228418444E-9	7.256194335752367E-4	2.891678105508621E-4	4.542626031697146E-4	4.698392679878812E-6	1.828831034231084E-8	3.728410096874923E-5	1.0784379759866696E-6	1.0549437787486971E-7	1.1268519843485268E-9	4.887151967364236E-8	6.987193056509467E-10	2.5319218475413422E-5	1.076272669968105E-5	2.3309338781387902E-5	1.5413438687273526E-5	0.00557612715906442	1.968260899719247E-6	3.1539803728473258E-6	0.0	3.1539803728473258E-6	3.0440296913363363E-9	1.3831673013461915E-10	1.9370312262389016E-6	3.224029042990905E-5
1.0079138240137354E-6	2.2582099102455688E-7	1.0909816334781629E-8	1.7627727713004418E-7	1.5701437149972298E-11	1.4676238278028523E-7	1.204640292642396E-8	1.2396122179233292E-12	9.87287794099269E-7	5.20589818939799E-7	7.837110690051936E-7	8.646066967744817E-9	8.80652879038888E-11	7.795391701029304E-8	2.1785800989294403E-9	1.3395387066225955E-10	9.85734404287992E-13	8.530712555954624E-11	6.352324993864931E-11	6.758678773974355E-9	2.17849375661256E-8	4.595827458001884E-8	3.0577243448628265E-8	2.5141743162732693E-8	4.184240044676018E-9	5.412492309725263E-9	0.0	5.412492309725263E-9	1.3005870279162674E-11	1.7326040436912242E-8	1.777099207694552E-7	5.761670091054983E-8
2.4749103533666427E-8	6.4011091639757655E-9	1.7617270285086336E-10	6.3790875352780125E-9	3.933034639536099E-13	1.351989857432912E-8	4.6428742429798005E-10	4.9623048584927286E-14	2.675405079578022E-8	1.3486558827418457E-8	2.095706306591143E-8	2.257208986253889E-10	1.0469695071241816E-11	4.660736756382399E-9	5.2945370004492694E-11	5.1050173221250595E-12	2.3971954849768947E-14	2.6730769458436533E-12	3.474668954198399E-14	1.9515413855364164E-10	7.142012814035421E-10	4.6442539041536105E-9	8.617773712756798E-10	1.6929960816981476E-9	1.0010219537821433E-10	1.653396608013367E-10	0.0	1.653396608013367E-10	1.538733804304625E-13	7.028912911346869E-15	9.60522953737388E-11	8.028741149304743E-9
0.001283385145981136	0.0037514113858119207	1.1768082378597937E-6	1.5344457780027315E-4	3.6876215644620555E-9	7.32576424480943E-5	8.401276276997051E-6	5.62144513817768E-10	7.523602161405119E-4	1.9855715757058787E-4	3.8039031886436117E-4	3.266463742473455E-6	2.0850099266309478E-8	6.556294220432584E-5	2.3696566649905054E-6	1.379534664711623E-7	6.904950392271866E-10	4.814928147923089E-8	3.5986912113245223E-7	3.150188049272329E-6	1.8376052740435806E-5	2.0695145954590662E-5	1.5730709249594626E-5	1.1529676588789324E-5	4.302855890472509E-6	4.07482551955726E-6	0.0	4.07482551955726E-6	4.8569845688340614E-8	1.1244440320644554E-10	0.0010068958492324286	2.9424054376551603E-5
0.004180285893052254	6.836036251707349E-4	1.2388348926486577E-5	8.82622256484603E-4	4.910118522994888E-8	2.8781878091607504E-4	1.1579173694707066E-4	5.707335451332573E-9	0.02218177540569954	0.0041225784858297115	0.007892972743067016	6.072184100259651E-5	1.2512851594196392E-7	2.894884194109747E-4	8.044671799505678E-6	7.222837838665813E-7	4.275060514240611E-9	3.0583081885994706E-7	6.988479605062851E-9	3.313617688900413E-5	7.574899122275922E-5	1.532128432621991E-4	1.1467416891038493E-4	1.239000993244372E-4	1.393712706099947E-5	5.7953551276078964E-5	0.0	5.7953551276078964E-5	5.446990211053985E-8	1.6596022826615198E-9	1.943693256358061E-5	1.8868449297243433E-4
