32
NULL,open@__open_nocancel,fstat@_fxstat,mmap@__mmap,read@__read,munmap@munmap,open@__open64,close@__close_nocancel,rt_sigprocmask@sigprocmask,exit_group@_Exit,rt_sigaction@__libc_sigaction,sched_yield@sched_yield,mremap@mremap,time@time,read@__read_nocancel,mprotect@__mprotect,madvise@madvise,lstat@__lxstat64,openat@__openat64_nocancel,write@__write_nocancel,syslog@__syslog,getpid@getpid,writev@__writev,close@close,stat@__xstat,socket@__socket,fcntl@fcntl,connect@__connect,getdents@__getdents64,lseek@llseek,getrlimit@__getrlimit,write@__libc_write
0.9735472300803056	0.0016227784938601566	1.7960261286377003E-5	0.001234388128320031	1.1590607056038209E-7	0.0010017492890178636	1.1500486877909882E-4	9.72410621335841E-9	0.029436755004070156	0.007002460135846851	0.013139842337280758	1.1058244564422614E-4	4.5769217314167045E-7	2.986024433294796E-4	1.0834085202046271E-5	6.329160342033072E-7	1.0019522391728718E-8	1.0954857038676367E-6	1.7220563086166512E-10	4.6098520490080735E-5	2.299130199567052E-4	2.816795164556176E-4	1.778788997296678E-4	1.605802853874092E-4	7.12215654129817E-5	5.5290248719655786E-5	0.0	5.5290248719655786E-5	7.769203505723943E-9	2.8189703034447944E-9	4.803396446434829E-7	6.450595468796899E-4
3.785138853070653E-4	5.842700458803747E-4	2.9256012042846706E-5	3.6296663875155604E-4	8.655978404113355E-9	1.7685893438402307E-4	4.5755032966276994E-6	1.566350550490662E-6	6.782287135518309E-4	1.8236034752422577E-4	3.404528851212248E-4	2.967171323958547E-6	3.174819502600058E-8	2.8586618159671634E-5	2.917380887599905E-4	1.0257091792659171E-7	2.861276953007254E-9	1.6165366681296817E-7	3.4311400416708565E-10	2.4748870200450524E-5	0.0011585348414127126	3.415968985763971E-5	2.2751303950255948E-5	7.852584179017413E-6	1.2784210629647774E-6	2.12197736412029E-6	0.0	2.12197736412029E-6	2.6917284056948764E-10	8.011179696484237E-11	6.333593932892696E-8	6.26428805670311E-5
1.0964281695402104E-5	3.6976840516782324E-6	1.2434887305343292E-7	7.172918713368617E-6	1.2151567510552012E-10	3.2646552970288887E-6	1.898490670555395E-7	4.3082532722101064E-11	1.3669014685195337E-5	5.538495958091217E-6	1.0302287265354854E-5	9.7420192270758E-8	8.504983414571989E-10	4.1171925351286683E-7	4.614976122440121E-9	7.861866108366813E-10	1.1216307088278132E-11	2.588966372721784E-9	5.021447729551054E-14	6.99004907329675E-8	3.9293902365644987E-7	5.298600045502547E-7	7.944929737495637E-7	5.12851136550565E-7	6.130474597283929E-9	9.299477408215453E-8	3.304594310320023E-8	9.299477408215453E-8	1.2400239888132045E-8	3.906288821122457E-10	1.3663008697383173E-10	1.2402886830116117E-6
2.2353835416536155E-4	2.1381225036295313E-4	1.0690814405260918E-6	0.0017511606701710177	8.102804490064378E-9	0.0023827549116812387	1.2947782740484399E-5	4.912743210445808E-9	3.295053250086674E-4	9.470242920597072E-5	1.8099593799849594E-4	1.5846911262978588E-6	2.3038267536262515E-8	1.2662352103827542E-5	2.8029881434181313E-7	5.336844448692819E-4	1.0429888892849335E-9	1.7009135004393744E-7	9.978929348563322E-13	1.0677339822945982E-5	1.2014133011452323E-4	2.4258815209734407E-5	1.0341577475339889E-4	8.933369752796178E-6	3.3038919137401795E-7	6.783042357107042E-6	0.0	6.783042357107042E-6	1.4060488401253984E-10	4.583240690109864E-11	2.6130526512878385E-9	4.9886516873961935E-5
1.9802976915492513E-8	5.138854456309174E-8	4.811222767240299E-11	4.855437020301397E-9	1.920463827567021E-13	2.6750330119272857E-7	2.676494248616854E-10	2.875488342587909E-13	3.573325443029144E-8	8.741259633534574E-9	1.6100266676600803E-8	1.3774404768384334E-10	1.4322644219485712E-12	7.606651810729745E-10	2.182052822264923E-11	1.63680781346051E-12	1.8809264552613214E-13	1.4350494873511083E-11	8.14939974582979E-17	3.6775784859554624E-10	4.816934949383941E-9	2.437904946438909E-9	3.560250840029898E-9	3.748050772239269E-10	1.6496271684515917E-11	1.2904396282889874E-10	0.0	1.2904396282889874E-10	9.176317873682335E-15	3.449474043387686E-15	2.0206792617138103E-13	3.06186206491169E-9
4.3836107257402905E-4	2.308712246712078E-4	2.3554128890956063E-6	6.473087674942862E-4	1.517877550222287E-8	6.674312846427397E-4	5.816249104135371E-6	1.3907932526147012E-8	7.783979527424861E-4	2.2055200903437982E-4	4.106715125460782E-4	3.628787941354403E-6	2.4366809417498624E-7	5.713979123641749E-5	1.595693237085555E-6	9.96198507640896E-4	1.2685168406039906E-9	1.282219481999139E-7	3.0160030124838027E-12	6.837008594429775E-6	6.762132407257514E-5	8.729293937699164E-5	2.46301205015618E-5	1.1177470625957288E-5	4.91699251304247E-7	2.6321735442490736E-6	0.0	2.6321735442490736E-6	2.8892260898656433E-10	1.0004845705705094E-10	8.283972467673066E-9	1.5590512083448656E-4
8.307486277765445E-5	3.116883446947125E-5	6.6658331881756995E-6	1.2862910602599362E-5	1.367284961236095E-9	9.821639940990307E-5	2.99094342622831E-6	1.563109619789308E-6	9.560687935028868E-5	4.243092798727035E-5	6.74931106998215E-5	7.035892319577909E-7	7.703234644396698E-8	9.818319626725349E-6	9.260392128487184E-8	1.0219919692275252E-8	2.0631556017804038E-10	1.6696334381630605E-8	4.629216614343159E-13	2.9518133544956797E-6	3.1089519422494937E-6	1.3544462720527985E-5	2.6790843776262605E-6	2.2956713191177304E-5	9.39430707515895E-7	2.9901972589981707E-7	0.0	2.9901972589981707E-7	3.3147315253303937E-11	1.7712715601714526E-11	1.2707102669594981E-9	2.698354474539391E-5
1.5638586355802678E-7	7.710815828694497E-8	9.979753346922562E-7	2.1521776828813213E-8	1.8092985838895357E-12	6.424882916474047E-8	1.8832230956231485E-9	1.2992825791658281E-12	1.9257977660350547E-7	7.858595225170496E-8	1.4334083112727912E-7	1.370729076625936E-9	2.170504555936151E-11	7.722319944791262E-9	4.074840383830307E-10	1.1782495306361452E-11	2.6294269837637146E-13	3.903282060435072E-11	7.329712664704006E-14	1.088340890546357E-9	7.633827687585816E-9	1.085635263791104E-8	6.229023552083429E-9	3.3983964011120023E-9	9.28581316023208E-11	8.70277920841623E-10	0.0	8.70277920841623E-10	1.1551033685535748E-13	4.092848253351291E-14	2.0502348350929573E-10	2.338920602479907E-8
0.0188587365088364	5.748027839239561E-4	1.2090577734951335E-5	7.967409063328567E-4	1.0697637125503214E-7	2.910299588338099E-4	6.555021714016617E-5	5.8955601822955365E-9	0.008130319763042767	0.010245073341765196	0.01851076806441362	1.3290098192485998E-4	2.0434925424372022E-7	1.8508845451573551E-4	2.9549752310422794E-6	3.516991427150518E-7	4.806128276301421E-9	6.07668655803362E-7	1.8400115519036704E-11	3.982739311385632E-5	6.363018525475033E-5	1.7358151798725784E-4	9.961678820452959E-5	9.458351679090973E-5	4.864841432588748E-6	3.031879276064879E-5	0.0	3.031879276064879E-5	4.1843263884740375E-9	1.7920309040794942E-9	5.0863379518858795E-8	3.0424383350502487E-4
0.019071804916175585	2.865469920159249E-4	4.61005518912567E-6	5.190405960826654E-4	3.857831123232171E-8	1.4086215532891776E-4	1.805945961014563E-5	4.864554687398463E-9	0.0026095657221293154	6.402198228741463E-4	0.001180111676929858	1.0100869326478875E-5	8.59312642858091E-8	5.8714996947329887E-5	1.5944605707852707E-6	1.3594912526717576E-7	3.2046387708809336E-9	2.8653318884553527E-7	1.249766443121034E-11	3.213092822609955E-5	3.249622463566456E-5	7.810875364493158E-5	4.4476422843246866E-5	3.185370626482558E-5	3.049053274943962E-6	6.464274325593735E-6	0.0	6.464274325593735E-6	7.196223344990049E-10	2.549725594976331E-10	3.4626764071923725E-8	1.4283451558765172E-4
0.017825442698182856	3.940252942182314E-4	7.00589718576892E-6	6.003514098881266E-4	5.953760624095038E-8	1.9368835030084637E-4	4.150191969425771E-5	4.975047778693573E-9	0.005073989674459664	0.0097155251059145	0.007511658011971879	1.6683947900712767E-4	1.2381507898497797E-7	1.0345953076760567E-4	2.041324557530945E-6	2.24899762541948E-7	3.751524595462592E-9	3.8902359482038004E-7	1.3889582272248037E-11	3.3053872100212985E-5	4.4220469434157243E-5	1.0837247381122124E-4	6.258987841316197E-5	5.6238294256925615E-5	3.498138871240527E-6	1.8661001301304828E-5	0.0	1.8661001301304828E-5	2.5572894497870397E-9	9.407441145095307E-10	3.842733774941976E-8	1.9301071801903352E-4
1.9335924950965945E-4	3.7862215001718815E-6	6.843755819077964E-8	6.105058422377914E-6	5.871989467004442E-10	1.8798411767526155E-6	3.3482306317536025E-7	5.252114680375316E-11	4.367558777173807E-5	1.0546185245808536E-4	7.451181216371858E-5	5.7689392723029616E-5	1.2165503046203683E-9	9.671148004638195E-7	2.0245431562740482E-8	2.0422998865811744E-9	3.752978917129496E-11	3.849007537987504E-9	1.4419799194785517E-13	3.4922776343477227E-7	4.250758856385981E-7	1.0711100368983595E-6	6.132777339231572E-7	5.120530438353283E-7	3.621527260563149E-8	1.421635793191118E-7	0.0	1.421635793191118E-7	1.8518430687679762E-11	7.308210537375046E-12	3.9915952901888446E-10	1.919882942557743E-6
1.1738660700153557E-7	1.1214557649354874E-7	2.421343610579316E-10	3.855958538172123E-8	1.0874935907093623E-12	1.6545577720930585E-8	1.7067488298235958E-9	1.9943217562161392E-13	1.8066347137785745E-7	4.9111043114338224E-8	9.255370243468758E-8	8.052145364319942E-10	9.720053301211031E-12	9.887961761260033E-9	1.06194312173554E-10	2.066707708088071E-11	1.7081052840718484E-13	1.0194172072391207E-10	3.641434113409493E-16	2.1896747726479146E-9	1.2600086184477613E-8	1.7301138624947256E-8	7.869932221100893E-9	2.556655078355403E-9	1.0520042872146723E-10	8.116131398486668E-10	0.0	8.116131398486668E-10	6.15729382450219E-14	2.212098741027143E-14	8.297384973299288E-13	3.272711219572911E-7
2.1122197454352188E-4	2.7961698188071145E-4	6.248512250629787E-7	2.3160707644317806E-4	5.305288921642384E-9	2.580825966182132E-5	3.160819766323581E-6	2.7882175996281886E-10	2.7488247699997386E-4	9.198876925981061E-5	1.7632105508296223E-4	1.5903703617449718E-6	1.7061531328477246E-8	1.249271986949683E-5	5.072100348019381E-6	2.5480947724645403E-8	6.295564667884711E-10	1.3150589983215372E-7	6.394455039692464E-13	2.7149155959067136E-6	1.4910437165733372E-5	6.409768334575999E-5	1.2185547424297581E-5	4.7625052195797594E-6	2.2843097047280793E-7	1.5154667915095744E-6	0.0	1.5154667915095744E-6	1.4296742641156402E-10	4.8380952446039004E-11	1.564501016249757E-9	2.3780056786825743E-5
2.327740881654215E-5	6.933647562614368E-6	4.511896858871324E-8	1.5947737329837104E-5	3.760078563254125E-10	1.4588956827124673E-6	2.1018411807036607E-7	3.5861721689784663E-11	7.271094089213551E-5	1.403666011196261E-5	2.692024090901571E-5	2.0955229018818453E-7	1.1535994103610355E-9	6.515865322228501E-7	1.241972663031718E-6	1.8694201583376638E-9	2.7622317199175673E-11	2.2243406708228665E-9	2.800374123228614E-10	1.357280631963472E-4	2.541930221690511E-7	6.43291795972235E-7	2.6705967985961606E-7	3.3213666556589306E-7	1.2689001079631686E-8	9.839648277804338E-8	0.0	9.839648277804338E-8	4.9429517587464624E-11	4.824787921714069E-12	5.9429672135952293E-8	1.7448276567722162E-6
9.56814524125326E-5	2.0687582909650883E-5	7.323406066105339E-7	2.346008375788238E-4	8.612556184670475E-9	7.78057332849002E-4	1.401751015500226E-6	7.311352085161708E-11	1.2613950363108903E-4	4.810801569217625E-5	9.658219828839687E-5	8.708334122915543E-7	1.2730812838675463E-8	6.973705167245795E-6	1.328416931978015E-7	2.2456894099598743E-8	1.0455060589561236E-10	3.1299757164639416E-8	1.8777410443905725E-13	4.1828877771120024E-7	2.113578195751719E-6	1.008273015053613E-5	2.0348947953325926E-6	2.902635068019175E-6	2.1658501366410583E-7	6.186521088327307E-7	0.0	6.186521088327307E-7	1.0105986414586032E-10	2.9316303868375913E-11	5.077320492729283E-10	1.773388895840493E-5
5.702289992519498E-9	2.7176273587271598E-9	1.549252559829359E-11	7.992809179864206E-10	6.983240392780778E-14	1.101973201181615E-9	5.240172759918168E-11	1.4774641066800378E-13	9.444442216457008E-9	2.847037943939953E-9	4.8360686434099304E-9	4.535495528703935E-11	3.170404040785042E-13	1.861432090333754E-10	1.7304398186987115E-11	3.3992076030126716E-13	8.300217994521478E-15	1.9797339624031273E-12	2.6966452669067922E-17	5.1625348644927705E-11	2.7767757624397874E-10	3.6002360837535836E-10	2.2647737928822767E-10	8.510401473144149E-11	3.7051210477771464E-12	2.470789632185011E-11	0.0	2.470789632185011E-11	2.3661486669258132E-15	1.0952409695466174E-15	7.218168596491799E-14	9.915156019200336E-10
1.749855054698431E-7	2.657499274241244E-7	1.3870950063382023E-9	6.499336283294161E-8	1.8638137690829017E-12	3.123296019507326E-7	3.406583521104247E-9	4.423744621742585E-12	2.5199469304225037E-7	7.024758484079142E-8	1.3435560971656123E-7	1.1677481758477864E-9	1.7468811793691027E-10	4.125779946691659E-8	6.112229931586991E-8	4.2189799200336707E-11	8.288934575308381E-13	1.8800501978360726E-6	7.04980312702021E-7	2.561035741735384E-9	2.3254874681704307E-8	5.236688087636797E-8	1.7140900632044222E-8	1.3673180580370093E-8	1.688980081099292E-10	1.1093695220461096E-9	0.0	1.1093695220461096E-9	9.537376765273566E-14	3.32025238003587E-14	2.3213042097041774E-12	1.3799487200447532E-7
1.5997476776948522E-8	2.6533684832325166E-8	3.62566002244276E-7	6.217896120034178E-9	1.5425911559343444E-13	3.266982504231086E-8	3.2324780250377973E-10	5.86283234291763E-13	2.3044068195461557E-8	6.350908671443167E-9	1.2227747780260586E-8	1.0566319226087941E-10	1.580213737515259E-11	3.97915466002595E-9	1.332497506896131E-10	3.890919002967336E-12	8.646703317480476E-14	1.0886751114034023E-11	9.60771220676026E-16	2.694502713667447E-10	2.5850212592910384E-9	4.905986569139026E-9	1.8990519900651487E-9	1.2442344582015546E-9	1.612195148204558E-11	1.0807987035442403E-10	0.0	1.0807987035442403E-10	7.428400392837804E-11	3.0210622011459895E-15	2.668912931115856E-12	1.3326636545664351E-8
3.52314464571392E-5	3.376071556214246E-4	5.697367596172374E-8	6.53613288447711E-6	2.980019675569232E-10	3.5872038884571833E-6	4.367914825261518E-7	7.590096242833073E-11	8.767975471357919E-5	1.763982449415913E-5	3.3692908516903875E-5	2.6669816885051166E-7	1.9374521438435743E-9	1.0921759065667306E-6	2.656188303065775E-8	2.9606720002785346E-9	5.28490043027615E-11	2.1197810417511465E-8	8.164581280835229E-14	1.3618642084723976E-4	6.276252793215131E-6	3.6132813607490583E-6	9.954138953285901E-6	5.75484568649642E-7	2.4782893836695337E-8	2.1198703507985676E-7	0.0	2.1198703507985676E-7	1.8249562202315386E-11	6.288592757188041E-12	1.8965800035564153E-10	3.023844201727797E-6
1.8665963683434295E-4	5.984791325042424E-5	7.309763393973527E-7	5.149144567504076E-5	4.36337604482398E-9	2.2896109693457794E-5	1.8804352994447298E-6	2.2988930701124663E-9	3.954876849829061E-4	1.0034017024399888E-4	1.8765205700015602E-4	1.6100529785232196E-6	9.587866618808734E-9	2.4160029290953095E-5	3.41331118223434E-7	7.659667486297906E-8	1.4846039419655048E-9	3.6910313060972815E-8	5.418470032975872E-13	3.0097083677984087E-5	5.763682410820857E-6	1.1596138445075317E-5	5.182378886455349E-6	2.778652757814299E-6	2.183123424387742E-7	8.978280545969707E-7	0.0	8.978280545969707E-7	1.1967899211491253E-10	4.237657139226553E-11	1.4687507806534116E-9	2.5360382992632388E-5
1.6627983216870786E-4	7.880958849510162E-5	2.54777813569155E-7	2.4473787383935573E-5	1.2381441014794428E-9	1.0716758049310404E-4	2.7495336896365172E-5	3.456817802307559E-10	1.613249281212497E-4	5.0756670176035685E-5	9.748976430085754E-5	8.680302327369491E-7	8.65453392937391E-9	2.668418139999144E-4	1.4522725833078306E-7	1.3244993456001274E-8	2.4015794237261275E-10	2.008058360818342E-7	3.36667240944155E-13	3.690766990122418E-6	3.102038597076115E-5	1.2215666043941878E-5	2.3061981313270808E-4	1.2463281842188233E-5	1.9664900072454277E-7	1.4812817885787303E-5	0.0	1.4812817885787303E-5	7.424886868355472E-11	2.5911772546680852E-11	8.164413842484766E-10	1.3423458979132173E-5
1.3347615078030254E-4	1.2596491949572871E-5	1.7558380913430442E-7	1.0509409357721064E-5	1.4190179873000894E-9	5.754230587323079E-6	9.935967177624998E-5	1.822429259251597E-10	1.9049011395806393E-4	7.176136459076705E-5	1.4300892274841186E-4	1.291606698987E-6	3.0384588246663504E-9	3.0836054502428283E-6	5.378683907288492E-8	8.543264710660951E-9	1.3300388847622755E-10	1.03978628578757E-8	2.115978048031021E-13	1.3745396261181635E-4	1.3618227927964377E-6	2.72035051233417E-6	1.6009652013637815E-6	3.79920947134539E-5	5.534337526080522E-8	5.3845356842693934E-5	0.0	5.3845356842693934E-5	1.2639078542742635E-10	4.238941686997654E-11	5.794096126950569E-10	4.996894338096174E-6
8.911144666074738E-5	1.1745691181638835E-5	1.841772416077884E-7	7.618026392444921E-6	1.6383492089744474E-9	6.307807467934529E-6	8.616884020154196E-5	3.640371392551335E-10	1.0030414316203681E-4	4.7889699392533385E-5	7.199324924728034E-5	7.830720740880429E-7	3.0800943669413095E-9	2.645727399611797E-6	6.224762861779866E-8	8.005467415810632E-9	2.038779473335476E-10	1.0398634546219913E-8	1.9703709635716823E-13	3.928656270835911E-6	1.181107790083999E-6	2.7227234271188664E-6	1.536680166413283E-6	2.798439252498929E-5	5.431081125738547E-8	7.28518455461005E-5	0.0	7.28518455461005E-5	2.7835128621329838E-11	1.847121302492238E-11	5.399047740217335E-10	6.0220998651733344E-6
7.456325578773349E-6	3.2907923444135444E-6	3.5704690964454936E-8	4.325557683188744E-6	1.1362866362526748E-10	5.198247228123823E-7	9.427949087878795E-8	5.763534389750359E-12	9.511185059242028E-6	3.697824029750316E-6	7.0878336206784875E-6	6.559067120379809E-8	3.096737094503838E-10	2.07882031930326E-6	4.047548539308407E-9	3.8551876073039815E-9	1.26695946840089E-11	1.9963037053828213E-9	8.5192889426331E-13	5.248277028487196E-8	3.3334255402153475E-7	8.490491353770761E-7	2.7025235063036745E-7	1.1621307568137203E-7	1.2775936552261624E-8	4.650092123347268E-8	0.0	4.650092123347268E-8	5.961676009607221E-12	2.0657714971360524E-12	2.3803848139093128E-9	4.1727982172936877E-7
2.0272165458841552E-5	3.1089070565370453E-6	4.1309990832614184E-8	1.8561254562367261E-6	3.6007756529346297E-10	1.432479130058956E-6	5.473750702924863E-5	7.913969527371163E-11	2.4589770946975728E-5	1.088087434661798E-5	1.661642683653038E-5	1.7716882828090162E-7	7.119580208108842E-10	6.167604606991058E-7	1.3776253605484396E-8	1.8207531976935391E-9	4.463325667335089E-11	2.783127160627268E-9	4.466674403581166E-14	8.573340783119343E-7	3.1826402111862677E-7	6.812293240228459E-7	3.7371630408581685E-7	2.0533714393080443E-5	1.243276030091426E-8	7.10861954809836E-5	7.103028041975824E-5	3.557100237293967E-5	6.617288468927286E-12	4.180752493766358E-12	1.2151873141013678E-10	1.3661914720521968E-6
6.085804729319029E-6	9.34346820841179E-7	1.2450559560071415E-8	5.579619370107957E-7	1.0806405470200225E-10	4.3145314413179344E-7	1.6421274985301684E-5	2.3766287697498207E-11	7.382069517579543E-6	3.2661790643475207E-6	4.988718685429758E-6	5.3184959288874895E-8	2.1484103077303887E-10	1.8558587215575328E-7	4.1355371293790394E-9	5.471434001007924E-10	1.3396459970437042E-11	8.357430156062292E-10	1.3409152154600647E-14	2.5722309621499986E-7	9.564591586352602E-8	2.0471077296586366E-7	1.122496944991244E-7	6.160212150883435E-6	3.732590176880062E-9	1.6799283695115088E-8	3.2891717313904784E-9	1.7774395837717082E-5	3.416572416200016E-9	1.080692537408401E-10	3.647985515448095E-11	4.106805576661458E-7
1.9258478680429907E-5	2.9534496642362274E-6	3.924433131496936E-8	1.763311995440914E-6	3.420722926016185E-10	1.3608496261739609E-6	5.200041970271621E-5	7.518240403566594E-11	2.3360187173908798E-5	1.0336788492291335E-5	1.5785541146354204E-5	1.6830970076738263E-7	6.763573626599147E-10	5.859200492133623E-7	1.3087387575642753E-8	1.729708486806588E-9	4.240142099407493E-11	2.6439600247288312E-9	4.243323385873033E-14	8.144640543063089E-7	3.0234958756158574E-7	6.47165219710444E-7	3.5502904163732346E-7	1.882034287421547E-4	1.1811074139078941E-8	5.3119091628907696E-8	0.0	5.3119091628907696E-8	6.286398419538807E-12	3.9716986788028435E-12	1.1544232424929819E-10	1.297876607771429E-6
9.481952156244877E-9	1.34317457126913E-9	4.6506634513229796E-10	7.045640084227109E-10	9.881240375579009E-14	1.4300358855748447E-9	4.409847534154736E-11	1.9038152779834972E-14	5.459840643588601E-9	3.267548454114729E-9	4.858403785732912E-9	5.4675585830958776E-11	3.4880778917386918E-12	3.2605752429669206E-10	7.744875876266247E-12	3.9819953072561075E-13	4.978873868103803E-15	8.784642276870107E-13	9.006402046823631E-15	2.881470435390666E-11	1.352551027377255E-10	3.5061827617342145E-10	1.440543774780404E-10	1.2274080862542897E-10	1.0059838225460673E-11	1.7780378451498854E-11	0.0	1.7780378451498854E-11	3.1552068891710157E-15	1.0326850313573778E-9	2.519901230315693E-11	7.984361381582105E-10
1.7294018397913929E-9	4.4846205911592414E-10	6.604034925553236E-12	2.871061149250696E-10	2.596335182160138E-14	8.009537307329073E-10	1.6260090093839867E-11	2.831761233168542E-15	1.4925620361590992E-9	8.555429760366373E-10	1.2933216386164148E-9	1.4345436049408292E-11	6.930960844670804E-13	1.8027278426042367E-10	9.17574948955429E-13	1.8670902710983862E-13	1.388771774354672E-15	3.456116706637063E-13	3.692069196088512E-18	9.798189417987573E-12	4.777581035948047E-11	2.0572429076103291E-10	4.443394338798893E-11	6.310757000369243E-11	1.1396206672496254E-12	5.440260801316134E-12	0.0	5.440260801316134E-12	5.751702689058137E-16	3.5824500045881424E-16	9.801493312191684E-15	5.032986456393743E-10
2.2640072416226964E-7	5.425241580556918E-7	1.1261111739289048E-10	1.8786887856633985E-8	5.962741596205716E-13	1.823064154142282E-8	7.397999859326754E-10	9.500845922477185E-14	1.082686383138499E-7	2.9703821902430105E-8	5.6706835053902586E-8	4.914448969668555E-10	1.1263642782900427E-11	8.64198573952679E-9	4.681724001141366E-11	1.4526755460551957E-11	8.436537406955123E-14	1.7538478331205355E-11	5.1792542187379806E-11	4.512871880085518E-10	2.8905944835703454E-9	5.5649131146483604E-9	2.4194143946775926E-9	1.124155514050584E-9	1.1701885626136137E-10	3.508230380575166E-10	0.0	3.508230380575166E-10	6.5137661010136474E-12	1.3833945154909702E-14	1.4491704729037289E-7	7.083785505649748E-9
3.885192654961771E-4	2.089464809464394E-5	3.7024405882125616E-7	2.8491723150046323E-5	2.8500172407534546E-9	1.0126228431643504E-5	3.263786669310041E-6	1.4692557896976628E-10	0.0012712435757553215	2.4112910399231365E-4	4.6238629464150397E-4	3.575578564660501E-6	6.40793443049339E-9	6.439269176705696E-6	9.572446050006903E-8	1.3646096248401269E-8	1.5135264256790957E-10	1.8997985983850144E-8	5.375643410706101E-13	9.632713010554099E-7	2.298947872396933E-6	5.162293557843102E-6	3.4256466709054595E-6	3.5444419156561295E-6	1.214370466455278E-7	1.6262802282459083E-6	0.0	1.6262802282459083E-6	2.3623195189977963E-10	8.082612969376504E-11	1.4833296448601575E-9	9.331885222001052E-6
