32
NULL,open@__open_nocancel,fstat@_fxstat,mmap@__mmap,read@__read,munmap@munmap,open@__open64,close@__close_nocancel,rt_sigprocmask@sigprocmask,exit_group@_Exit,rt_sigaction@__libc_sigaction,sched_yield@sched_yield,mremap@mremap,time@time,read@__read_nocancel,mprotect@__mprotect,madvise@madvise,lstat@__lxstat64,openat@__openat64_nocancel,write@__write_nocancel,syslog@__syslog,getpid@getpid,writev@__writev,close@close,stat@__xstat,socket@__socket,fcntl@fcntl,connect@__connect,getdents@__getdents64,lseek@llseek,getrlimit@__getrlimit,write@__libc_write
0.9095582366856928	0.005300508732949214	4.180245264796862E-5	0.0030732490566431226	2.574605706150407E-7	0.0023729523155883447	2.700102629781873E-4	2.3978234028694465E-8	0.06571663174780361	0.015630084339111325	0.02930922909065289	2.4611001863239024E-4	1.1296971586586005E-6	7.045780533261056E-4	2.3930048931309674E-5	1.5064956231273052E-6	2.2492407018780247E-8	4.10016113216768E-6	2.6585474735704492E-11	1.3390374475498234E-4	6.945956714507636E-4	8.9142512328144E-4	5.06955783893368E-4	3.776194555318842E-4	1.861336782131804E-4	1.2964915260808602E-4	0.0	1.2964915260808602E-4	1.688059301919251E-8	6.260984969198549E-9	7.305804725638532E-8	0.0015975264564186576
0.0013363926180195575	0.0011870581004143979	7.016438954643808E-5	8.269734239496763E-4	2.0364420140392264E-8	3.985036584328202E-4	8.750505124902468E-6	3.7762680250346306E-6	0.00153132567005606	4.135705566968755E-4	7.698135957963501E-4	6.709759417047587E-6	6.214575880116716E-8	6.301692563272696E-5	7.027640738893737E-4	2.3210566711877153E-7	6.774225958543826E-9	1.8173538614618344E-7	1.7069791924681127E-10	5.5419807107655814E-5	0.0027681674087925026	4.902552275696993E-5	3.997992674349403E-5	1.5356517352492074E-5	3.5489154697477998E-6	4.034822081582634E-6	0.0	4.034822081582634E-6	5.193183677863588E-10	1.805803452618084E-10	3.6028592690217675E-8	1.296515627889411E-4
3.12338510670559E-5	5.7752996557602634E-6	2.9521224448348375E-7	1.665081810379052E-5	2.840250342502466E-10	7.543593252866684E-6	4.2653622572529607E-7	9.948392766281012E-11	3.205385578041197E-5	1.3094959634433158E-5	2.4318575593173842E-5	2.2993231912348395E-7	1.8167945283047384E-9	9.005295706095432E-7	1.0272227308828142E-8	1.6846990799623337E-9	2.4776545858603094E-11	3.2148915559461166E-9	9.978559624696735E-14	1.0840369611045449E-7	6.038352181965185E-7	7.820824110549969E-7	1.716276438556658E-6	1.1760853307348746E-6	2.4029608344933288E-8	2.0970937074402626E-7	7.96885470616397E-8	2.0970937074402626E-7	2.990169864858048E-8	9.418254638982707E-10	2.784705020720033E-10	2.6665156272985307E-6
8.525097346016765E-4	3.684654823003283E-4	2.3740544827817035E-6	0.004191586774606714	1.913157798770186E-8	0.005735822193568077	3.001787973395644E-5	1.16466225817547E-8	7.278200630170406E-4	2.1168861317509533E-4	4.040751377252557E-4	3.5411689260003513E-6	4.556405527555594E-8	2.640838762662089E-5	6.302969839536266E-7	0.0012867218649437065	2.421877143980318E-9	2.6990263213439916E-7	1.7292798826416688E-12	2.2936803943220225E-5	2.737499790369274E-4	3.5573226839727645E-5	2.4231186873528157E-4	1.922031088919559E-5	1.2106353374669052E-6	1.581093293779371E-5	0.0	1.581093293779371E-5	3.087832103632273E-10	1.0269896619627556E-10	4.805308530692871E-9	1.0573745068437869E-4
9.72884640384589E-8	1.0225093887470806E-7	8.677574672052035E-11	7.1942220854885565E-9	3.91128936517017E-13	6.428662883387653E-7	4.2041462810119847E-10	6.625071440102797E-13	7.539022178349515E-8	1.8390234346624884E-8	3.3665316077486606E-8	2.8787887815337493E-10	1.9837019811033898E-12	1.2091689791664072E-9	4.501654720281367E-11	2.4817027633495773E-12	4.3598639936886416E-13	1.3831248399140592E-11	1.1784429889523627E-16	4.709365180241069E-10	9.228565770212214E-9	2.5078271825405598E-9	7.118975684605766E-9	5.54440386991367E-10	8.451984476245701E-11	2.0473809947435115E-10	0.0	2.0473809947435115E-10	1.82510640257964E-14	7.108682206826802E-15	3.249746494581136E-13	5.215419268902958E-9
0.0012507426719378135	4.3193271139352785E-4	5.495110830414739E-6	0.0015353381897340015	3.6421591425913086E-8	0.0015969037093006074	1.276954501334296E-5	3.33018913438447E-8	0.0018441740224696445	5.231839150690063E-4	9.723676512397771E-4	8.581722769185876E-6	5.793075328475068E-7	1.3459620378866063E-4	3.817331562671117E-6	0.0024018611268043907	3.0231927502931985E-9	1.8903018470122774E-7	6.3296682844275994E-12	1.4093825553021808E-5	1.4928247032981273E-4	1.913064088166586E-4	5.103726802522338E-5	2.4771758566781228E-5	1.5693534148440933E-6	5.757874937311646E-6	0.0	5.757874937311646E-6	6.652789316755413E-10	2.3594838697898587E-10	1.7680974728677235E-8	3.641216098444201E-4
2.2626232365988115E-4	5.509831958589889E-5	1.5880892506473126E-5	2.6875994044286964E-5	3.2548216330085847E-9	2.3289659472081173E-4	6.9544352327317185E-6	3.7687917170528893E-6	2.2624109474071827E-4	1.0098767529153154E-4	1.601343264971387E-4	1.6695219454277554E-6	1.8285069654393193E-7	2.3022951980130997E-5	2.1638756969149233E-7	2.330140724055781E-8	4.880573761458611E-10	2.1209658907570428E-8	9.400598097395818E-13	6.737098878851843E-6	5.287865669462889E-6	2.943594699874895E-5	5.118540611750066E-6	5.398056808613324E-5	2.2894538880517756E-6	6.288967976625445E-7	0.0	6.288967976625445E-7	7.594745964749513E-11	4.1872255199460694E-11	2.625603118916203E-9	6.272378131312766E-5
4.626558608323354E-7	1.3335667033400083E-7	2.3935848882119552E-6	4.0981232202766224E-8	4.204295137611414E-12	1.4938452228583915E-7	3.992916327441034E-9	3.0588217956011835E-12	4.465602856777978E-7	1.8453966122026454E-7	3.358597488581062E-7	3.214325378416957E-9	4.845504676497316E-11	1.7057135348358977E-8	9.657981696098911E-10	2.4807330887833866E-11	5.952890585505786E-13	4.349258250910262E-11	1.0600058173150317E-13	1.6162269153168426E-9	1.2632647255811227E-8	1.792664369787445E-8	1.1483507567916401E-8	7.247921744189168E-9	3.648563296549944E-10	1.8424984883768128E-9	0.0	1.8424984883768128E-9	2.569197217957393E-13	9.596159360656321E-14	2.965808132703493E-10	5.088517280847825E-8
0.04143641599509599	0.0011217991497992396	2.964017270395818E-5	0.0019280784661636385	2.645436302391349E-7	7.316233806035951E-4	1.616033651165826E-4	1.4346018040680705E-8	0.02156415077935697	0.025204362332356085	0.04553576372065628	3.2729535975321275E-4	4.977115162298336E-7	4.5580430289416236E-4	7.761793673572074E-6	8.655952093327176E-7	1.2133414924362956E-8	1.1772402396263788E-6	2.2417953112714535E-11	9.201678023416429E-5	1.2784101662216007E-4	3.7920802959107185E-4	2.2672278692296063E-4	2.3100790590736616E-4	1.7596650977989022E-5	7.48455584829569E-5	0.0	7.48455584829569E-5	1.0315298356657886E-8	4.480287798043417E-9	6.253961505912983E-8	7.415166390368326E-4
0.04130872982966936	6.682167806895273E-4	1.219677288062294E-5	0.0013149729431572207	1.01523723308973E-7	3.9951423674043337E-4	5.079124852088471E-5	1.2236327788113027E-8	0.008538217135729475	0.0020759268662296423	0.0038399736323849994	3.264927538523866E-5	2.315926817842099E-7	1.603571133869306E-4	4.613201747939642E-6	3.666324855866522E-7	8.390823746405526E-9	6.342272956600037E-7	9.486863982442297E-12	7.816129831474701E-5	7.964233520854771E-5	1.870753094878363E-4	1.1071830674883318E-4	8.607407160425233E-5	1.2773872195601198E-5	1.9096341389035423E-5	0.0	1.9096341389035423E-5	2.253344037720937E-9	8.234900625860056E-10	2.6406999603082802E-8	3.79549446290859E-4
0.03887464968920679	8.293510982716944E-4	1.7682571278191593E-5	0.0014845353879872848	1.508794396230747E-7	5.11058731322689E-4	1.0530705845875151E-4	1.2322962642782824E-8	0.014225637577023149	0.02392909754300172	0.01902409506961697	4.0956625605151375E-4	3.1370851608329996E-7	2.63423300331524E-4	5.59056497966453E-6	5.700438259330266E-7	9.624712623420095E-9	7.899415132601292E-7	1.3464248983893945E-11	7.845078916830995E-5	9.675710360755191E-5	2.446003995923533E-4	1.4726372166190435E-4	1.4178206895303766E-4	1.3712442186190287E-5	4.7532214000850845E-5	0.0	4.7532214000850845E-5	6.508184905690449E-9	2.443360751777399E-9	3.752395241655521E-8	4.874907125280236E-4
4.2102658745808713E-4	8.186956289865418E-6	1.7444462497349596E-7	1.5214190887678764E-5	1.4982799157757507E-9	5.0577375514467695E-6	8.710902749902426E-7	1.308145725480827E-10	1.2745505761727874E-4	2.599186413215939E-4	1.8990389867271326E-4	1.3920085311439686E-4	3.127085711276347E-9	2.498103213872509E-6	5.629979868753935E-8	5.2620326587722304E-9	9.700046681222376E-11	8.022960982917439E-9	1.3372884417659908E-13	8.35927800891045E-7	9.588915025435444E-7	2.458948547335098E-6	1.4651058012627783E-6	1.3116604575848596E-6	1.4394446164010305E-7	3.73687522618961E-7	0.0	3.73687522618961E-7	4.9079969383634195E-11	1.9621142988776102E-11	3.726306220513262E-10	4.9108747729233144E-6
6.535525503031735E-7	1.1339722642229196E-7	3.6962249071725274E-10	5.999044185432309E-8	2.070474774717091E-12	2.3662069478352708E-8	2.4614418759024684E-9	2.553699273085225E-13	3.5416378521246276E-7	9.807073583119851E-8	1.8421146150119753E-7	1.6084387893459093E-9	1.2698567116496911E-11	1.924358270952667E-8	1.9933373016133128E-10	3.9104734417148875E-11	2.7597371380953965E-13	9.425995993270003E-11	3.469172140328983E-16	2.247242578935712E-9	1.3055961913501302E-8	1.7098637174892256E-8	8.440836753686808E-9	3.6027693831250942E-9	5.730901697337499E-10	1.1742520648444557E-9	0.0	1.1742520648444557E-9	1.1980830385899653E-13	4.427640562745121E-14	9.360488616143476E-13	7.733387245127435E-7
9.206749308623446E-4	4.8940659181476E-4	1.2727746527881517E-6	5.200234010924546E-4	1.2430661577289517E-8	4.398382226200662E-5	5.694950510447479E-6	4.114673446128186E-10	5.74340936149361E-4	2.001298701804499E-4	3.829191356491754E-4	3.4747401987912006E-6	2.8934339013879454E-8	2.51805722211823E-5	1.2152045881796173E-5	4.910838653073444E-8	1.4589326730646555E-9	1.3867212548444283E-7	6.177680245653675E-13	2.974163907167992E-6	1.556860715724838E-5	1.2607100608892914E-4	1.7042381250403694E-5	8.51284725424184E-6	9.620642044950777E-7	2.740202533920172E-6	0.0	2.740202533920172E-6	3.0854780381424577E-10	1.0666176359291439E-10	1.6870611710796275E-9	3.9278728848573155E-5
5.403266673053993E-5	1.5045342977846865E-5	1.0695462965482084E-7	3.820211593210065E-5	9.117451738892128E-10	3.401929793483895E-6	4.932638961473183E-7	8.444602251496021E-11	1.7652524360007625E-4	3.41357900289015E-5	6.5369996699534E-5	5.081401624269126E-7	2.691787697924923E-9	1.5387363659273608E-6	3.0028496076314765E-6	4.419886347361022E-9	6.727459843340522E-11	3.71935107846508E-9	1.3815409632560044E-10	3.272317339672871E-4	4.3101325928238777E-7	1.29710133917684E-6	5.350586529516542E-7	7.740961201837754E-7	4.0963837618552136E-8	2.3090313891716575E-7	0.0	2.3090313891716575E-7	5.138118497868966E-11	1.1664490182208877E-11	2.989563369816618E-8	4.083263347325174E-6
2.379193706364232E-4	3.6259325866763985E-5	1.7390271348969735E-6	5.62957675397279E-4	2.077178591489781E-8	0.0018746385988370944	3.240001049892912E-6	1.5826177585178815E-10	3.0402618636084374E-4	1.1574664205213455E-4	2.3199089902633662E-4	2.0885359757113016E-6	2.977687837770004E-8	1.6503787661085418E-5	3.1871076458231275E-7	5.331200645032934E-8	2.548299084489982E-10	6.227454166625528E-8	2.7642536914005894E-13	7.483532425424408E-7	3.601621536235413E-6	2.2229738015463558E-5	4.006334134122642E-6	6.711023788781565E-6	5.861739444425053E-7	1.4269455460423007E-6	0.0	1.4269455460423007E-6	2.3570142765107014E-10	7.015453504111788E-11	7.698965884850226E-10	4.153534714752413E-5
1.9038917164136743E-8	3.885028312605154E-9	3.376795134200445E-11	1.3772229585098197E-9	1.6098982102098774E-13	2.3927136208399664E-9	9.927472759309824E-11	3.517655710537747E-13	2.176954642741814E-8	6.607656009021778E-9	1.1161390757431223E-8	1.048689636096887E-10	5.867357181201559E-13	3.7485686164982725E-10	4.095602540858987E-11	6.436755828557698E-13	1.8219186909435267E-14	2.194508386396097E-12	5.062728556604121E-17	7.311070944347179E-11	3.756002431153775E-10	4.519042293107846E-10	3.674662167083752E-10	1.624244657915426E-10	1.5466359339182603E-11	4.6775128829350234E-11	0.0	4.6775128829350234E-11	5.2281898911744075E-15	2.513371387946775E-15	1.4104354004485432E-13	2.129061055540971E-9
7.62089485267379E-7	4.865767114529698E-7	3.108526453393281E-9	1.2457998738818255E-7	4.064537100530327E-12	7.379387532690557E-7	6.58016660025755E-9	1.0448912639558256E-11	5.318853160580705E-7	1.5058068798960595E-7	2.8763960585217565E-7	2.5046010151216786E-9	4.1120301693068605E-10	9.529378742114982E-8	1.4703990125387463E-7	9.136664340799453E-11	1.903244242480859E-12	4.533493603292943E-6	1.7000228025170272E-6	3.2068107583621668E-9	3.906607134854244E-8	1.0257966416366303E-7	3.0965085573758086E-8	3.000856690785992E-8	7.912843316042926E-10	1.9136880221345E-9	0.0	1.9136880221345E-9	2.0089952714411284E-13	7.148593112034656E-14	4.304397186074741E-12	3.175977031989515E-7
7.460300447270978E-8	4.783499063035033E-8	8.742836877933126E-7	1.1516069904978495E-8	3.1779866265290755E-13	7.716086304622848E-8	6.056069149791378E-10	1.3907563364694807E-12	4.712882724869698E-8	1.3164797772615662E-8	2.534135166666298E-8	2.1918559748996744E-10	3.703702661709166E-11	8.521806371794539E-9	3.1492239008919383E-10	8.187040890942441E-12	1.959553612949176E-13	1.0764570598359233E-11	6.178045987290271E-16	3.390926186888436E-10	4.4525538733555044E-9	9.33749514728426E-9	3.4894977997008147E-9	2.693403187638305E-9	7.716453018990854E-11	1.7937149231647217E-10	0.0	1.7937149231647217E-10	3.6601887003298866E-11	6.295820195430899E-15	1.725086283017468E-12	3.052916581568264E-8
1.5981729155055112E-4	7.842405597488316E-4	9.48859101653498E-8	9.175329837421195E-6	6.125593698787104E-10	5.44411382109855E-6	7.244596171525882E-7	1.382246124202261E-10	1.9641703567595026E-4	3.8796217881239525E-5	7.40290011191248E-5	5.808332130623989E-7	2.523596834092602E-9	1.7187985777575606E-6	5.3502832813306986E-8	5.007699839197781E-9	1.0067118530183057E-10	2.0502078303725324E-8	7.499717790534671E-14	3.2775979458613127E-4	1.1804748163906197E-5	3.744071181146634E-6	2.224264937954665E-5	8.772366205494855E-7	1.3000812019415059E-7	3.5560853682457993E-7	0.0	3.5560853682457993E-7	3.823097067480841E-11	1.3445589804102148E-11	2.0256872772693387E-10	4.120555272738218E-6
4.907461590189408E-4	1.074873557258074E-4	1.722989540122755E-6	1.1695434227422917E-4	1.0625857161435383E-8	5.2181454408747495E-5	4.183621884933011E-6	5.483758481587187E-9	9.502936627392791E-4	2.4123547001632853E-4	4.5027590979646655E-4	3.857924661487202E-6	2.1004088543981052E-8	5.758623193637502E-5	8.241153547277009E-7	1.8252452301579962E-7	3.6228057452082615E-9	5.330125886278266E-8	9.67352561556094E-13	7.186144172056665E-5	9.83309720413858E-6	2.2522116721942328E-5	1.0059593652164985E-5	6.146353884496372E-6	6.563519276089436E-7	1.9977302138238515E-6	0.0	1.9977302138238515E-6	2.7924977907160427E-10	1.0117553871213494E-10	2.697382106913399E-9	5.802193170609237E-5
6.188232300172188E-4	8.731041932534584E-5	4.811060086580692E-7	3.763855477918966E-5	2.6611124895158597E-9	2.5083349622337874E-4	6.605646243363746E-5	6.927113026541703E-10	3.4151767098310507E-4	1.1063973769047465E-4	2.124512102184061E-4	1.8985675131607123E-6	1.3995740169773391E-8	6.404945997481209E-4	3.135321784727506E-7	2.515362148788033E-8	4.972965988805082E-10	3.89317235604207E-7	4.0305757117448365E-13	6.985702835142171E-6	6.41598271412942E-5	1.339755335877021E-5	5.563154525057565E-4	2.8694975774610882E-5	8.864021243351656E-7	3.566034916054878E-5	0.0	3.566034916054878E-5	1.6030144604728237E-10	5.7151591264689923E-11	1.1042641289762234E-9	2.2200319925944756E-5
3.0802678649505933E-4	2.1440184584205096E-5	4.1370036115786994E-7	2.373429191671758E-5	3.430887890320089E-9	1.3263341310407712E-5	2.3948516705519084E-4	4.2855140020414225E-10	4.654835729112591E-4	1.7415990170820556E-4	3.464315140109851E-4	3.121729225977644E-6	6.84112151250617E-9	7.261457056549624E-6	1.3083069679599227E-7	2.011960221497272E-8	3.215432637512304E-10	1.6286440514296034E-8	3.1164080216669074E-13	3.3125596324047683E-4	2.3170177446523564E-6	5.184668807087464E-6	3.2762801393875014E-6	9.145980956404295E-5	1.8760602846862928E-7	1.2979037136475214E-4	0.0	1.2979037136475214E-4	2.9819001596321563E-10	1.0207039096927592E-10	8.691870435485269E-10	1.1347331154276188E-5
2.1229200250755454E-4	1.9962101193344417E-5	4.3417632301202156E-7	1.6837942299288228E-5	3.958300552354221E-9	1.459492795113536E-5	2.0769871759789962E-4	8.663518782995614E-10	2.45979199008654E-4	1.1626946843431766E-4	1.7506140507610662E-4	1.894926446846541E-6	6.947050658836232E-9	6.216784481367084E-6	1.509077464066733E-7	1.8867601219607402E-8	4.948149640257408E-10	1.685744918170246E-8	3.4796467623628487E-13	9.313904626294779E-6	1.9383138680998098E-6	5.284682832268596E-6	3.15540336350995E-6	6.734254471710495E-5	1.7305567998661676E-7	1.7562769753412435E-4	0.0	1.7562769753412435E-4	6.600705249674241E-11	4.462450130430177E-11	9.71207557194022E-10	1.38291536397214E-5
2.2764776533317196E-5	5.245226693708078E-6	8.257283161048066E-8	9.881721526729015E-6	2.710650484362571E-10	1.0008385506638882E-6	1.9993530742831534E-7	1.019843224051365E-11	2.204211825186366E-5	8.692128551163098E-6	1.6629082490871345E-5	1.5404038443538927E-7	5.754317951243722E-10	4.94511257310419E-6	9.213924629575611E-9	9.12186365953018E-9	3.025284104896282E-11	2.213725599550695E-9	4.378088182765946E-13	7.473508897824333E-8	5.073827228947693E-7	1.6390405657466491E-6	4.7221320530243015E-7	2.3796585071194505E-7	3.810955825913857E-8	9.909766134021669E-8	0.0	9.909766134021669E-8	1.3520777625462339E-11	4.854945680629761E-12	1.2243688939795082E-9	7.523773954226176E-7
5.016158249171225E-5	4.87078265257732E-6	9.636028770092083E-8	3.974142343651776E-6	8.671289825964382E-10	3.2381833782173506E-6	1.3195595587127043E-4	1.8718884921098444E-10	5.979934705866673E-5	2.6312389586670427E-5	4.0197714861029504E-5	4.2704537606768795E-7	1.55741824014786E-9	1.4282148711458468E-6	3.312060850571836E-8	4.240687870843372E-9	1.0760005227296296E-10	4.143491720428358E-9	7.695829476880612E-14	2.017124238846305E-6	4.806273144364839E-7	1.237323164529326E-6	7.274133105965809E-7	4.9464486176868234E-5	4.0866910528877965E-8	1.713901598902018E-4	1.712659431308503E-4	8.57570607784114E-5	1.5559950515727556E-11	1.0054584263389432E-11	2.1462739910135994E-10	3.062602503761098E-6
1.505997530392855E-5	1.4642286199843036E-6	2.9046507662911834E-8	1.1947424259214025E-6	2.602352096331815E-10	9.75485131616412E-7	3.958683116397799E-5	5.621406622792178E-11	1.7951912178179245E-5	7.898260776110065E-6	1.2068291354111297E-5	1.2819481543535266E-7	4.702129760829986E-10	4.297836498724952E-7	9.942363683277387E-9	1.2743519339097705E-9	3.229526677804078E-11	1.2439774215751493E-9	2.3101800526133275E-14	6.051723248665888E-7	1.444752111133244E-7	3.718616822871982E-7	2.1847927872043737E-7	1.4839562881752742E-5	1.2271235334712285E-8	3.731968531486663E-8	7.931663971343635E-9	4.2853869241210055E-5	8.238764506513941E-9	2.6059512598822865E-10	6.442801381685653E-11	9.206691433896225E-7
4.7653309112664995E-5	4.627224657480106E-6	9.154190015348872E-8	3.775419836307177E-6	8.237691754450926E-10	3.0762616692003397E-6	1.2535764706844666E-4	1.7782868184768454E-10	5.6809148128311176E-5	2.499666821064986E-5	3.818767344933539E-5	4.0569145349930036E-7	1.479541296922415E-9	1.3567985967201674E-6	3.146444981841091E-8	4.028637054921795E-9	1.0221963297010382E-10	3.9363010884268595E-9	7.311008200364145E-14	1.9162602154402436E-6	4.5659408744961233E-7	1.1754522146768133E-6	6.910398281045663E-7	4.5374663299137583E-4	3.88234067422814E-8	1.1800544034537508E-7	0.0	1.1800544034537508E-7	1.478189273287471E-11	9.551816113094058E-12	2.0389519798571459E-10	2.909460518416904E-6
2.2058141130805677E-8	2.354762213099976E-9	1.1303444767988647E-9	1.519130592439909E-9	2.328098668277763E-13	3.3963381951997416E-9	9.782255682789613E-11	4.5206668220006583E-14	1.3096282325241656E-8	7.763100500198588E-9	1.1555213764952292E-8	1.2949796061294557E-10	8.642721823234374E-12	7.640245166403528E-10	1.858923204659493E-11	9.041527772312532E-13	1.1520814419611437E-14	1.2489914774170825E-12	4.5351911898547565E-15	5.209712174576038E-11	2.3007080371542548E-10	7.106287596478959E-10	2.881407536574868E-10	2.7986027693026415E-10	3.947418825830369E-11	3.889135047002281E-11	0.0	3.889135047002281E-11	5.266558868061079E-15	2.4902653678833153E-9	1.2689358163597374E-11	1.856727332118785E-9
4.772140703151713E-9	6.594265283118794E-10	1.5238014553228974E-11	6.070783090757879E-10	6.156338870743735E-14	1.8930434891740667E-9	3.501971980456999E-11	6.254988605949906E-15	3.5155297611468015E-9	2.037407395669308E-9	3.0692925292616778E-9	3.4070659146246325E-11	1.6448872342020681E-12	4.239118774548994E-10	2.105569189181302E-12	4.23506092797604E-13	3.1004305819879682E-15	4.2427942150440547E-13	5.835240474222299E-18	1.5520403169506E-11	6.883021373790796E-11	4.310202562778024E-10	7.900187048030105E-11	1.4356193299977164E-10	4.22370367217308E-12	1.1196147117797978E-11	0.0	1.1196147117797978E-11	1.3154565310000288E-15	8.481077525007127E-16	1.6225070892804527E-14	1.173644731327281E-9
9.369235829180896E-8	2.7310709888663915E-7	7.339140598410922E-11	1.0357529104595923E-8	2.3769609513277644E-13	3.3062497390783353E-8	3.606228761248264E-10	1.3273939309220012E-13	3.0403821554382294E-8	9.646241621958947E-9	1.861244386299302E-8	1.6526385051381512E-10	2.357260153343097E-11	7.490679920400045E-9	2.437929752854693E-11	7.847863088752394E-12	5.129597402107192E-14	1.2050149040378928E-11	2.5986719473859088E-11	2.774075995823133E-10	1.980987974861794E-9	8.238162107955761E-9	1.6058357231490791E-9	7.287698641998711E-10	1.3308251690171284E-10	1.601945005394873E-10	0.0	1.601945005394873E-10	3.2626481351310902E-12	4.977406053349725E-15	7.271161151927777E-8	8.595962766118951E-9
8.672760513684823E-4	3.801553848539889E-5	8.880563897474438E-7	6.715477222046161E-5	6.961071411867849E-9	2.4183238761490426E-5	7.82058662391452E-6	3.4560416695821446E-10	0.0030966620800867398	5.889849997790413E-4	0.0011278008513902857	8.712153830851634E-6	1.5017402467868688E-8	1.5461809941514386E-5	2.4013175360824623E-7	3.261642027234311E-8	3.716039976256306E-10	3.328458101497798E-8	6.168113791941638E-13	2.101499602925367E-6	4.24409876333406E-6	1.0554591645238495E-5	7.498245533306908E-6	8.43284429292657E-6	4.25930879200127E-7	3.897729908461724E-6	0.0	3.897729908461724E-6	5.625169674557429E-10	1.965387810960749E-10	1.7205942333235008E-9	2.1895682918836566E-5
