32
NULL,getrlimit@__getrlimit,open@__open_nocancel,read@__read_nocancel,stat@__xstat,open@__open64,close@__close_nocancel,munmap@munmap,rt_sigprocmask@sigprocmask,exit_group@_Exit,rt_sigaction@__libc_sigaction,sched_yield@sched_yield,time@time,mmap@__mmap,mprotect@__mprotect,write@__write_nocancel,syslog@__syslog,getpid@getpid,writev@__writev,close@close,fstat@_fxstat,read@__read,mremap@mremap,socket@__socket,fcntl@fcntl,connect@__connect,lstat@__lxstat64,openat@__openat64_nocancel,getdents@__getdents64,lseek@llseek,madvise@madvise,write@__libc_write
0.7769385846316499	0.003351648983310671	0.018108991396397735	4.4275538535212827E-4	6.206572341195148E-4	0.0010194471651352778	8.786926474583908E-8	0.008911603335068415	0.10835465528157794	0.02573575208009887	0.048657851220057224	4.080746957241464E-4	0.0048450487639682	0.013374392736698609	1.1337974743335106E-5	4.1301240695286283E-4	0.0022132326317146245	0.002378612549894472	0.001676761958077293	0.0013293357275546676	1.3904312785975096E-4	4.402167515467325E-7	1.939429557021171E-6	4.987286483488868E-4	0.0	4.987286483488868E-4	5.484844909477165E-6	1.1994109106802309E-6	7.128264153260868E-7	1.3648879534587192E-8	7.852819283273076E-8	0.0028890233797222832
9.578979759206381E-4	6.30081895875135E-4	0.0023547824091204057	1.977893525022947E-6	3.3457087663721366E-6	5.434699381596244E-6	3.9767189670454767E-10	4.777351082142732E-5	4.28221158852146E-4	1.1469305381153325E-4	2.2011470187496075E-4	1.8926135592477898E-6	4.387562209277461E-5	1.0186163594939901E-4	9.336463702067242E-8	2.104079357814242E-6	1.2340702123316222E-5	1.3823958610279643E-5	1.0341665999111637E-5	7.444516174492819E-6	7.537066181217665E-7	2.1551185383290145E-9	1.2795359228917832E-8	2.641816163422461E-6	0.0	2.641816163422461E-6	3.172747971087113E-8	2.251970505213152E-7	3.105320212853022E-8	6.886960490192518E-11	4.3280333120443643E-10	1.8306274525270657E-5
0.008373485280991374	2.6197350130150175E-4	0.011120754118993844	0.005426937414574233	4.346203567975395E-5	1.2016764073254604E-4	2.1872514043276932E-5	0.0020941315117072447	0.008856864747343544	0.0023689220638324353	0.004379870577661719	3.831235623697117E-5	6.391178411858243E-4	0.00740748801059732	2.7695401671478374E-6	4.0472175260251414E-4	0.017063092830516397	6.79374690252305E-4	3.6428742409847057E-4	2.4041235359671445E-4	2.683296803751174E-4	8.517732138571013E-8	5.597010228688725E-7	5.414430656156116E-5	0.0	5.414430656156116E-5	1.7385511509154152E-6	1.4870064424828674E-6	2.4217406157624956E-7	1.3126502450275962E-9	3.9490753120401376E-8	0.0010203011298957926
7.091250569376199E-4	2.580770744421261E-4	2.455921179612298E-4	1.006017491849923E-5	2.65318804769001E-6	9.46376055081735E-6	1.0856164051597332E-9	5.430142708790529E-5	0.0012463433159642047	2.509193594312412E-4	4.806397205311951E-4	3.8024416606932653E-6	4.483277729400703E-5	4.1517664858634545E-4	1.0957012922047483E-7	0.001965366054256973	1.421246765980313E-5	2.436679901350024E-5	1.2649077171990585E-5	1.5921573677388697E-5	1.6607899027538784E-6	4.749517392152766E-9	3.238262554204745E-8	4.4120579863142945E-6	0.0	4.4120579863142945E-6	5.1508146536095676E-8	1.2173303233148457E-6	1.5728002961909076E-7	1.1693300016976414E-10	6.719732648356436E-10	5.016346430570018E-5
7.752430287423448E-5	1.0218354163964873E-5	5.289884428085716E-5	2.0246276538364356E-7	4.6732924403288775E-7	2.2671854642780647E-6	1.4666922794613523E-10	8.275429575641014E-6	1.1660449826876748E-4	4.2813704770763706E-5	8.13391446332123E-5	7.493422629029859E-7	2.7868491385142515E-5	5.864562207738317E-5	5.522354140463841E-8	1.036773052807243E-6	5.446603974638449E-6	1.2915417261910732E-5	4.297430176092406E-6	2.7845219263314308E-6	5.448058376572803E-7	1.2063166052137543E-9	3.8393815130875785E-9	1.1240923559959372E-6	0.0	1.1240923559959372E-6	1.9038120367550224E-8	3.6580378484235394E-9	1.6898463664886577E-9	2.979723458442608E-11	1.574501155331743E-10	5.5385289532683E-6
0.0010363188488101448	5.270898320847417E-7	5.45658178222229E-4	2.7202686951654896E-6	1.7032290155493716E-5	6.854970254375235E-5	2.179055671226348E-5	0.001259045547507062	0.0013286179706221014	5.563253306357799E-4	8.988570898525767E-4	9.211567780324882E-6	2.1969534492385126E-4	2.8106788135902854E-4	2.756801451857463E-7	4.7432066920341084E-5	5.7570491896977326E-5	2.7874866873224953E-4	5.206550269544662E-5	5.238997071153462E-4	1.1466699091136487E-4	1.677434263759174E-8	9.048187938252801E-7	8.629449037602804E-6	0.0	8.629449037602804E-6	1.8598435999138206E-7	2.3845999546643035E-10	9.430982815168699E-9	3.0200725149221964E-10	2.9728890753830985E-9	3.2094876971930787E-4
2.1337606402580166E-6	4.5989323174428265E-7	1.4784164979062195E-6	5.6573728854710535E-9	9.662172154446455E-9	5.206721880067397E-8	9.893003837734488E-12	1.0394022503754728E-6	2.7836793668165127E-6	1.045986854496613E-6	1.9228660280900547E-6	1.8081810799502744E-8	2.06544925434438E-7	4.987888483673899E-7	4.217799391266654E-10	2.358246635225439E-8	1.4431759345191396E-7	1.9246952004823417E-7	1.1913101991119302E-7	8.426896098623523E-8	1.4635956160406798E-5	2.3868985510975446E-11	2.0593145302036745E-10	2.4568811754600966E-8	0.0	2.4568811754600966E-8	3.856848367245902E-10	1.6447994905362405E-10	4.7708341997364146E-11	6.920338197131601E-13	5.208098044755535E-12	2.3149435684444152E-7
0.013181720280138944	1.9445813715479086E-6	0.0027233973073025014	2.208669593804055E-5	3.513230230222096E-5	1.4101263054525336E-4	2.476026542417172E-7	0.013005319827584795	0.008138572500814727	0.0024648380841795245	0.004728212656994297	4.181158614756937E-5	9.561769905415572E-4	0.014507130599346977	0.022924860372954315	1.1267322282815415E-4	9.373325614466789E-4	0.0012706002491837582	3.5486132786691796E-4	2.1249211290962802E-4	4.197213736382813E-5	1.1706193393256538E-7	1.9592454827458674E-6	6.758625964167304E-5	0.0	6.758625964167304E-5	1.0279433360165942E-6	9.26613904439964E-10	7.377496992331974E-8	1.5969692769863161E-9	1.3930877024821319E-8	0.0012793053545488006
0.06958011545351359	2.0195440311211268E-5	0.010423785798305718	1.4277952260209953E-4	2.3359013426283999E-4	9.780589953897311E-4	1.1081264836162298E-7	0.003831391406803443	0.06026166665201016	0.06259932373363286	0.11383329484890593	8.10936136327648E-4	0.003568671234403605	0.01063665813221071	8.413859918224613E-6	6.015222089547576E-4	0.0011598968984496295	0.0024463873201020798	0.0014929529183713762	0.001361857318298258	1.6020438758796574E-4	6.56074582391662E-7	1.6313455019276437E-6	4.584308150847936E-4	0.0	4.584308150847936E-4	5.0711302833234974E-6	8.362888798120147E-9	5.290504127902453E-7	1.4197568135530472E-8	6.268941657561829E-8	0.0025301661089720223
0.0658593748952455	1.830362683562353E-5	0.006668270118836967	1.1063579938686871E-4	1.617780217454819E-4	4.1120242373586616E-4	1.0356379568769361E-7	0.002650792700901077	0.03400350574276505	0.008189760176124843	0.01517135410697084	1.2893681913570077E-4	0.0016772067553419766	0.007024827904224901	4.630493128310831E-6	5.291377441007904E-4	7.632695066340226E-4	0.0014127725292075192	8.628600782229377E-4	6.35486852789583E-4	8.27390559638291E-5	2.999351833884449E-7	8.93337426556801E-7	1.693890785574382E-4	0.0	1.693890785574382E-4	2.956672671577777E-6	7.2987981925070604E-9	1.8680157169311387E-7	4.19528973358612E-9	4.846736967347619E-8	0.0014816727313929248
0.06300768326793635	1.8134231682957124E-5	0.007855367809967113	1.1488674897090996E-4	1.7679125504624238E-4	6.823300789459154E-4	1.0011609637467049E-7	0.002941522502392412	0.04463651616713199	0.061170302323753034	0.050407782929713055	0.0010443503786639098	0.0023150605023733247	0.00807117682074514	6.084588745666769E-6	5.237689143012457E-4	8.866962003929139E-4	0.001711064244332239	0.0010480249405311656	9.05971918325359E-4	1.0585533449497925E-4	4.043777200002694E-7	1.109258493619979E-6	3.1271326936333226E-4	0.0	3.1271326936333226E-4	3.56944333288805E-6	7.350201233714316E-9	3.5692104260374366E-7	8.550003917032587E-9	5.2124914628518006E-8	0.0017762147726952842
6.801771203180719E-4	1.921045966553218E-7	7.910447066285675E-5	1.2167637273219657E-6	1.8505214612903459E-6	5.991451132405485E-6	1.0746185959607492E-9	3.041461613013021E-5	4.277089974799728E-4	6.679237455727946E-4	5.132952859551488E-4	3.470487658776479E-4	2.2624372901989644E-5	8.218901628726022E-5	5.871306481738641E-8	5.591589786829288E-6	8.957746083934646E-6	1.7372092268837277E-5	1.0613060439231294E-5	8.648258189711804E-6	1.065376449198711E-6	4.067050848635724E-9	1.1222496233031908E-8	2.6503413766328116E-6	0.0	2.6503413766328116E-6	3.6227528608215204E-8	7.751143482846597E-11	2.997387640485676E-9	7.342799233409908E-11	5.367527735670886E-10	1.8106377625547517E-5
0.002453821488397093	2.1269590517417738E-6	0.0076488464228400095	8.11136773845073E-6	1.4677234617198696E-5	7.305882648750753E-5	6.199292290614927E-9	3.5675236290960856E-4	0.00367044836951912	0.0011821205017217699	0.002271481451228162	2.0321390662227235E-5	2.4377880368929992E-4	0.005096448616180928	6.534111217493079E-7	5.007523066857629E-5	2.54735852218632E-4	9.714938768806238E-4	1.8294917412327956E-4	1.0403766217179874E-4	1.1412983616663534E-5	4.299705290671414E-8	1.861754807664866E-7	3.5518839347903926E-5	0.0	3.5518839347903926E-5	1.186622396454413E-6	1.1602286012673197E-9	3.557305280993973E-8	7.925423593059993E-10	6.259873516229764E-9	2.7754515585077215E-4
0.003491210713906704	9.801693608459278E-7	0.002367454065518689	1.1137920649868312E-5	2.1889166814141158E-5	2.3958082572563458E-4	3.990185553022226E-8	0.04225914833299038	0.004490343488127943	0.001361567170050454	0.002612650209547654	2.310609781389413E-5	2.718182891827952E-4	0.04006544364136908	0.01228136668325459	1.593197786592133E-4	0.0016926515525536724	3.4398945543564075E-4	0.0016239536051502923	1.7447616504209177E-4	1.7207741958705507E-5	6.726789155743727E-8	2.236521090482121E-7	1.250057090944724E-4	0.0	1.250057090944724E-4	1.2588690448148633E-6	5.903634773706765E-10	4.120461726398508E-8	8.834317260224889E-10	1.1732917643889621E-8	4.304091331547311E-4
0.002294597142050675	5.694565870470937E-7	6.572745281572555E-4	8.289475699998616E-6	1.6102758768597144E-5	5.907446228922426E-5	2.7271185590555895E-9	0.01783827638721672	0.002705568117432801	0.0010014823349472528	0.0020012663241919812	1.800543708651689E-5	1.9109957885821174E-4	0.005553984876095371	7.45975427151592E-7	1.6014720375054008E-5	6.875973381038195E-5	1.8873086933411727E-4	6.608872845729996E-5	7.885457460793685E-5	1.2615327272676374E-5	6.940051096299473E-8	1.351162064641119E-7	2.8893449830192436E-5	0.0	2.8893449830192436E-5	3.708643562291248E-7	2.631789357520899E-10	3.838363409991371E-8	7.680384282890796E-10	2.8608086184268198E-9	1.978881350270612E-4
3.6634304152481515E-4	1.3986288731863153E-7	0.0049333588737494015	9.356199060274185E-7	1.7562077864988657E-6	1.0126664270788836E-5	1.7550933700289448E-9	5.05452482698002E-5	0.0012595655970514897	2.4487869706762635E-4	4.659328963533374E-4	3.649849818987404E-6	2.8408751394452497E-5	1.203311806724389E-4	8.834225682792627E-8	0.001971560927243933	9.752633149925697E-5	6.312616826922798E-5	1.432380827961974E-4	1.3911512775124087E-5	1.3853725901890038E-6	3.7202740035118173E-9	2.4528986987678817E-8	4.9022187526340276E-6	0.0	4.9022187526340276E-6	1.9374690669664656E-7	1.1904053188716572E-10	4.651957274308888E-9	1.0734113520737519E-10	8.298575950277863E-10	3.9736803967211415E-5
0.0034597374658379074	6.458829364049498E-7	9.767746188421276E-4	6.7769299829719635E-6	1.2259490623384171E-5	4.8118448145263434E-5	4.616863226139672E-8	2.728380852080242E-4	0.004978976884470636	0.001230599571425635	0.002280941036698088	1.95207193248568E-5	3.7891186151962653E-4	8.094836695010914E-4	1.5358618454738414E-6	4.435799925510456E-4	9.974362534827537E-5	1.9545261960870686E-4	9.382934075249448E-5	6.581537601997104E-5	1.3248113524274619E-5	4.016266562826433E-8	1.060364685296368E-7	2.3425538026198687E-5	0.0	2.3425538026198687E-5	3.780021620112636E-7	3.2594334451778537E-10	2.7300755819183525E-8	6.448878172129816E-10	1.8049960246974426E-8	2.467372921493501E-4
0.0019553857339896143	4.248226035053559E-7	0.0010326761858887527	6.943943600051436E-6	1.4655367322564424E-5	4.6030143682731194E-4	7.530481260405013E-9	0.0017167937204179602	0.0021258346650928277	6.60317109300824E-4	0.0012665290543940296	1.125922211601214E-5	0.0039012678063209297	4.1889621976402353E-4	3.608112452163974E-7	5.853687740342434E-5	4.8800669467391955E-4	1.667968825382629E-4	0.0037568549606668638	2.1673112454314702E-4	5.767933370018674E-6	1.4836405831673513E-8	9.723012170264718E-8	2.4779540748998206E-4	0.0	2.4779540748998206E-4	1.4829841337943492E-6	3.1385674005078315E-10	1.840191807253893E-8	4.32506314157944E-10	3.680084351365758E-9	1.5660055806557033E-4
0.0013447993896279291	4.676432166335685E-7	3.85796476223548E-4	3.2493858239452135E-6	5.765548666416142E-6	0.0014630865572081504	4.375159897463917E-9	1.2410818699038216E-4	0.0026361309046851297	9.586000245377834E-4	0.0019020862971312316	1.71223684436549E-5	1.2386662776731741E-4	3.210428909572341E-4	3.6659365856629334E-7	0.0019949963533881358	4.192625207773208E-5	7.717202969984848E-5	4.736223069837973E-5	5.738935772751757E-4	4.96320894963769E-6	1.9156947282801074E-8	5.016389806886372E-8	7.929503344461688E-4	0.0	7.929503344461688E-4	1.6701336423971984E-7	2.0775592751698498E-10	3.1025866241416586E-8	7.181928736648635E-10	2.5839866239149322E-9	8.022794468690993E-5
0.001159155578430977	2.731776408861112E-7	3.11222850998856E-4	2.967989564954896E-6	5.376132709658053E-6	0.0012534976428541435	7.210254532961459E-9	1.3168272323648938E-4	0.0014109897319785057	6.194471499378055E-4	9.517534829697468E-4	1.0104809189318716E-5	9.334006304214935E-5	2.189906321809819E-4	2.642403616986957E-7	6.212439539822725E-5	3.252539688849811E-5	6.864898967695994E-5	4.195342663572671E-5	4.179134998528378E-4	4.662699301998185E-6	1.9833493875750323E-8	4.5587998365692986E-8	0.001057603683814387	0.0	0.001057603683814387	1.4984196184221597E-7	1.3072519593383622E-10	8.451061011205297E-9	3.1093570720819154E-10	3.0205108931875463E-9	8.025909057977429E-5
9.400878342990229E-5	3.627150815972692E-8	6.829319430152008E-5	2.5293743544633274E-7	4.6933658345231976E-7	3.855609087478139E-6	3.902977073714644E-10	5.594580438114026E-5	1.6935606951770947E-4	6.451795825278483E-5	1.2063933097252312E-4	1.1271919823524118E-6	1.0395371040550147E-5	6.920639432861913E-5	2.414289962275799E-8	1.3688796624241222E-6	7.085336984326379E-6	9.264059016347967E-6	1.0530032564114336E-5	9.048993821202967E-6	1.2890654557814305E-6	1.4277198826865343E-9	9.014514893414636E-9	1.8800440778336233E-6	2.57071549303213E-7	1.8800440778336233E-6	2.2504525623632987E-8	1.9481047543529657E-11	9.81814897452158E-8	3.059900875189859E-9	2.360797521091184E-10	1.383452736873287E-5
8.386136384551863E-8	4.1915539975346037E-11	3.3457227327136754E-7	2.367829175723736E-10	4.6178480275662443E-10	2.4966010340051284E-9	1.9301696672826136E-12	1.7847908208867552E-6	2.0971334737097265E-7	4.8773794704045346E-8	9.023892876575746E-8	7.595831381053988E-10	7.807171160241628E-9	3.604402960681284E-8	2.005084132259225E-11	2.8291155954255048E-9	3.2008139800394055E-8	1.805651033874997E-8	2.2367523285272427E-8	3.7371636741427186E-9	4.4468649059201996E-10	9.617030135150867E-13	7.787615126382974E-12	1.1811260441812712E-9	0.0	1.1811260441812712E-9	5.643175119449409E-11	3.480274029371774E-14	9.916384878830441E-13	2.409037305235551E-14	1.1886788098321792E-12	1.8022378936991683E-8
5.361000903284734E-7	2.3376552475100683E-10	8.061007719402255E-7	1.5592743916134708E-9	3.0633279314888305E-9	1.691184419549699E-8	2.1205150086868528E-12	9.96934487989104E-8	1.1413105709452147E-6	2.991356573205202E-7	5.64183324944594E-7	4.8642727276411995E-9	9.060732557885991E-8	2.999047475570314E-7	2.1283598030004195E-10	1.7022158221411933E-8	9.302102207208734E-8	1.2865465061254658E-7	4.9868301021712327E-8	2.6458932705077316E-8	2.5443494885311152E-9	6.098778251514565E-12	5.3506784497344815E-11	8.03381868061255E-9	0.0	8.03381868061255E-9	3.9812496573462764E-10	2.275924708512246E-13	7.216245034525963E-12	1.70424264773254E-13	1.2192471604127897E-12	2.560681197154896E-6
2.5806345148176105E-4	6.248169086965713E-8	7.624174516411323E-5	6.606664140519738E-7	1.1989045656677644E-6	7.925721199724692E-4	1.547868557923603E-9	2.9188965790975425E-5	3.4440045614173774E-4	1.40545287008955E-4	2.190570781551339E-4	2.280809125159539E-6	2.087704703133913E-5	5.045029398094128E-5	5.8938855225521866E-8	1.3514897710683535E-5	8.035369794593469E-6	1.632057044828401E-5	9.436606918306269E-6	2.9846665166820166E-4	1.0283641256126246E-6	4.3483436395665036E-9	1.0383538252612636E-8	0.0010289948768857319	0.0010272779745479084	5.153551245701746E-4	3.698353914296506E-8	3.116498275219092E-11	1.961459253951065E-9	7.001802846987834E-11	6.611221481360397E-10	1.806317727160935E-5
7.744095728147408E-5	1.8752450994344463E-8	2.2887965860836958E-5	1.982637433408652E-7	3.597947110692924E-7	2.3777200068678136E-4	4.645204746716045E-10	8.770157616768335E-6	1.0335791643432431E-4	4.217723833337613E-5	6.5744027055601E-5	6.84485483586646E-7	6.2690560006972905E-6	1.5146131490642634E-5	1.7692037779996042E-8	4.054744240371359E-6	2.412207695600322E-6	4.9002433715877595E-6	2.8322808813237465E-6	8.954132569587763E-5	3.090110425530906E-7	1.304785314434406E-9	3.124160111509047E-9	5.154562994240027E-7	2.5587179348226756E-8	2.573353324572029E-4	1.1099645449582618E-8	9.353714750529091E-12	2.7151659806907674E-8	8.519440679061694E-10	1.9839233396012386E-10	5.425065817542175E-6
2.4515927953775005E-4	5.935736436117602E-8	7.242936265407484E-5	6.276305348695146E-7	1.1389546945372133E-6	7.529404446793215E-4	1.4704691357912274E-9	2.7729404464984134E-5	3.2717909961825145E-4	1.335174783864227E-4	2.0810337593253788E-4	2.16675983629847E-6	1.983311383185372E-5	4.792758390937586E-5	5.59916842191422E-8	1.283910048770208E-5	7.633570187296214E-6	1.550447872324604E-5	8.964740028428308E-6	0.002723321041208519	9.769419369153783E-7	4.130909618303795E-9	9.864321128957303E-9	1.6310505721006673E-6	0.0	1.6310505721006673E-6	3.5134218964308846E-8	2.960661292586612E-11	1.8633786953565652E-9	6.651685589635792E-11	6.28063480484513E-10	1.7159948457030487E-5
2.35930871644762E-6	4.405049611219492E-10	1.7967423030765118E-6	1.0595157395665356E-8	7.940243764353547E-9	3.802340331293444E-8	2.5408795482525524E-11	2.343431766677669E-6	1.493275364352776E-6	4.1675547617533765E-7	8.007961863556469E-7	6.949272794950431E-9	4.3023385345314405E-7	5.291187965388107E-7	4.054894839392543E-10	2.2303517703552088E-8	1.8377061513452338E-7	5.828525290312184E-7	1.2361295257027898E-7	1.6216115040684444E-7	1.5353899109490904E-8	9.01902800267911E-12	1.2114356115964443E-9	1.2135507997285751E-8	0.0	1.2135507997285751E-8	1.462496544189997E-5	5.484194865145152E-6	1.1136113744011786E-11	2.5768362341495164E-13	5.387841699553102E-12	9.81608319799539E-7
4.6955004537900433E-7	1.0610852100473085E-8	4.1449511088806816E-7	1.2533985160760668E-9	2.3003205731406303E-9	1.8626579420837907E-8	4.053937215337464E-12	2.83839492471363E-7	8.789125762506493E-7	3.1050635143256876E-7	6.128195228318241E-7	5.504059811402686E-9	1.474992076106253E-6	3.638840716159879E-7	3.460679693495449E-10	6.738455651889752E-9	4.19599182450166E-8	8.261673835694901E-8	3.311783532908797E-8	3.05578393238271E-8	2.822353398641149E-6	6.5866073787327515E-12	1.265214985840323E-10	8.775234202393389E-9	0.0	8.775234202393389E-9	1.1220877261574084E-10	3.826408402181872E-12	3.2291066393155884E-7	2.277809535832895E-13	1.502985329920997E-12	1.1833372659065358E-7
6.269560699143455E-7	1.0951452116948943E-7	1.7564981266974341E-7	1.7268491161148457E-9	3.202733667956126E-9	7.736369543566696E-9	8.701513433776195E-13	9.061962517435162E-8	5.469156436677117E-7	2.9964877887567063E-7	4.478238847908975E-7	4.976575284400103E-9	5.129894474418433E-8	1.1802159915097896E-7	9.019852552418051E-11	4.947333294471387E-9	1.7224505139051024E-8	3.403514358047805E-8	2.115167472911365E-8	1.6292084642381024E-8	5.643970948851693E-9	9.340513082104098E-12	4.700118458600599E-11	3.4788312573310677E-9	0.0	3.4788312573310677E-9	6.999084244096084E-11	3.915542680021599E-11	8.875823861410941E-12	8.033626598554293E-9	6.778197820283432E-13	3.627380068199043E-8
9.90847966224763E-9	2.9957080829610775E-12	4.550969571159279E-9	2.950351937073754E-11	5.6127273707120394E-11	2.3173519498888196E-10	2.728002126245339E-14	6.4476830441682435E-9	1.1391658524899193E-8	5.933352831800785E-9	9.164759444731548E-9	9.930201629479166E-11	2.309084467232518E-9	3.285445317128674E-9	2.5780637510124333E-12	1.236993699727947E-10	5.032720036944045E-10	2.5258987948581425E-9	4.941385674865485E-10	8.331004426910842E-10	8.587752918366747E-11	1.8067804897657622E-13	4.9423586770303794E-12	8.392826851852921E-11	0.0	8.392826851852921E-11	2.048979495660487E-12	1.634399288475072E-15	9.090740702577058E-14	3.2372610499913098E-15	1.4108110540173842E-14	3.845847362859041E-9
1.405606497584691E-7	1.8449144949655587E-11	3.195602365497134E-8	1.8284529009798384E-10	2.577239488247872E-10	9.22156086109201E-10	2.9037598843196534E-12	9.813615159954262E-9	7.967200348497627E-8	2.3721145954005097E-8	4.050038502305369E-8	3.779318600075466E-10	3.806267787218513E-9	1.147483565775895E-8	8.15717761057531E-12	8.093769891918539E-10	3.4606121309285184E-9	4.941003809134591E-9	2.976976235986115E-9	1.523891395597483E-9	3.2381330385113415E-10	5.687820731752294E-13	2.8709391216882255E-12	4.3722036973322796E-10	0.0	4.3722036973322796E-10	1.4346480320020415E-11	1.1137718180985847E-14	4.0743246519566284E-13	1.1853539821229886E-14	8.018300816430556E-14	8.369680771649285E-9
0.0019291180747262873	1.7375981103277865E-6	4.216932031806145E-4	4.316911098398921E-6	7.374929324114595E-6	5.719761213853389E-5	3.2480743677010882E-9	1.3656045271185212E-4	0.010113063991867203	0.0018642602474854427	0.003563402105639532	2.729570725855375E-5	1.4826732904921493E-4	4.461707374599197E-4	3.7735164471126427E-7	1.8045478907581344E-5	4.585117588851906E-5	8.944443075304259E-5	6.073319605226702E-5	6.17941961495949E-5	6.122173190037912E-6	2.2498145731744753E-8	6.132857973801311E-8	2.861707486118103E-5	0.0	2.861707486118103E-5	1.9027924487784262E-7	6.650481864903837E-10	3.294940108273059E-8	7.715752648770114E-10	2.3002979654833075E-9	9.366537275693433E-5
