32
NULL,stat@__xstat,fstat@_fxstat,open@__open64,open@__open_nocancel,close@__close_nocancel,munmap@munmap,rt_sigprocmask@sigprocmask,exit_group@_Exit,rt_sigaction@__libc_sigaction,sched_yield@sched_yield,mmap@__mmap,read@__read,mremap@mremap,time@time,read@__read_nocancel,mprotect@__mprotect,madvise@madvise,lstat@__lxstat64,openat@__openat64_nocancel,write@__write_nocancel,syslog@__syslog,getpid@getpid,writev@__writev,close@close,socket@__socket,fcntl@fcntl,connect@__connect,getdents@__getdents64,lseek@llseek,getrlimit@__getrlimit,write@__libc_write
0.8098339817671798	0.018232128304313453	0.005885905538841138	0.004735283496055077	0.04165650456386502	1.0508889468527693E-7	0.015162843332374066	0.06553458668640566	0.018894518357617265	0.03617578993978274	3.2096065980323886E-4	0.0231730223225266	2.079890822555956E-6	4.9441646451214455E-6	0.008254764069629834	3.723260914898199E-5	1.961480239016897E-5	1.4648168551087892E-7	2.2854374310865918E-5	1.2591832847087658E-10	9.18376797136039E-4	0.004623443840382373	0.006392176750498595	0.0055122128319579295	0.002683241644904494	0.0010812430219969819	0.0	0.0010812430219969819	9.306785218155912E-8	3.373288332751587E-8	3.4547773015364073E-7	0.007226234868791703
0.00363502866859545	2.614103810114137E-4	2.302423078246247E-4	1.8825939028041397E-4	0.00135465928950969	3.3010519802968813E-9	3.527305961084665E-4	0.0024735648413656357	9.296783092828682E-4	0.0018045233264890935	1.67118271181371E-5	0.0023763916659582866	1.0031374397220852E-7	1.3274372719439875E-7	0.001088113669572647	1.1894650051962518E-6	2.3330572357146486E-6	3.3689929179944023E-9	4.167280176256587E-7	7.830193160343776E-12	2.6613567730692225E-5	1.2994168695040371E-4	1.4951262494340787E-4	1.6051679126355737E-4	1.0842509715693527E-4	5.2231623121817866E-5	0.0	5.2231623121817866E-5	5.390966022144004E-9	1.93120450139791E-9	2.1822548674087707E-8	2.0518510906340523E-4
0.0033373777634857407	2.604869389777118E-4	2.533673807470914E-4	1.9791969307366173E-4	0.002237436786013674	5.087780573541308E-9	0.0024070430521107786	0.0026386356430210577	9.535410375911461E-4	0.0017928087637445185	1.6767846028532967E-5	9.462905756059868E-4	1.0569455078903817E-7	1.8635270608969038E-7	3.144205685294883E-4	1.5690679500999005E-6	7.764086544189956E-7	9.198110150002076E-9	4.2974391134532526E-7	7.848562327034113E-12	2.916400466589144E-5	2.074005843704909E-4	1.486252368383192E-4	2.4038379096868074E-4	1.5907425308652774E-4	4.9363157086515496E-5	4.582700489351227E-7	4.9363157086515496E-5	1.7674436536847525E-7	7.217755847679644E-9	2.1874211220083967E-8	3.1391435353972434E-4
0.002814508670329354	4.940969801392036E-4	0.0021012939545330973	5.7516465025514E-4	0.0014765640249377967	5.01068323818107E-4	0.0017340287325731403	0.0017679970975372384	6.946322543926876E-4	0.0011702602065058365	1.176410129193285E-5	7.474569939199205E-4	9.695462435533409E-8	7.00935871444081E-7	3.1898012072725487E-4	2.7458494724764695E-6	6.634473235450405E-7	5.434049671313951E-9	3.764483621540175E-7	8.397659716421717E-12	7.062243086809618E-5	1.264074525765413E-4	2.396609285122708E-4	1.4008922009767867E-4	3.321533314050276E-4	2.591945469080204E-5	0.0	2.591945469080204E-5	2.3918319521083483E-9	1.1352786404198913E-9	2.342543189558222E-8	3.76017930135336E-4
0.013987501512363831	0.001371974636459368	0.003034313039983462	5.416206379528528E-4	0.01341971719476567	5.011452159750542E-4	0.0026521976789910754	0.008518104887528166	0.0022543341270577022	0.004108708785039611	3.659934977755817E-5	0.012145000823196828	3.462164770355464E-7	7.747324967050998E-7	0.0010828889597738706	0.006467318346700735	4.920778960380969E-6	4.625374908726965E-8	1.8620594499713851E-6	9.286391609287799E-10	5.399683577310683E-4	0.022487050650266502	5.569444666416056E-4	7.698420871171804E-4	3.1681259366710937E-4	1.1018386251456521E-4	0.0	1.1018386251456521E-4	8.782879912271707E-9	3.430419939054989E-9	2.2747601630814076E-7	0.0016476652510570857
5.55288176241648E-5	4.299261085307729E-6	3.2880795393685857E-4	2.7941713953075576E-6	4.650353336116144E-5	9.780196290481893E-11	4.37832013827912E-5	3.960475229726818E-5	1.4688676321489639E-5	2.6942306977844915E-5	2.563533226473613E-7	1.3014761053685703E-5	1.715468698447786E-9	2.376322562264398E-9	4.7282409017793854E-6	3.734513269369847E-8	1.1459631009932485E-8	1.9455096955265436E-10	7.1334869500331276E-9	6.651523799947515E-13	4.837355430444339E-7	4.300169206380117E-6	2.4211417391741795E-6	4.266183463579356E-6	1.6592730214261082E-6	6.987658009578251E-7	0.0	6.987658009578251E-7	6.981102517267024E-11	2.743003876538679E-11	1.8596482690111288E-9	3.731115934444062E-6
0.015473767494986742	0.0012244268578628834	0.0019104805846113658	7.048284218972479E-4	0.004674423640795418	2.0128353082304398E-7	0.019934934340572592	0.00891180471665218	0.0028682093112138	0.005364874879779155	4.9261841116942136E-5	0.022216402847168817	5.290239214360838E-7	3.3853065572112043E-6	0.0017722022612391912	1.5432006709401515E-5	0.0330963594524812	1.947887477211335E-8	2.17060621633757E-6	4.6721814385151515E-11	1.8138894695209607E-4	0.0013364664717738176	0.0017834762724950664	7.551293235948567E-4	4.1428651136342284E-4	1.5266389341875858E-4	0.0	1.5266389341875858E-4	1.394313268549241E-8	5.203024591841303E-9	1.303210251233364E-7	0.0024779820903081647
0.04411210761225041	0.003125145446121344	0.00361849493571433	0.001957948651866497	0.008506461752596147	7.213870245615318E-8	0.004654265005914648	0.027446289205201993	0.03475333962685731	0.06357514694950948	4.3657019614905994E-4	0.011658278651391811	1.622524307242484E-6	1.8321421211744388E-6	0.0034731253480852356	1.6672658748408777E-5	8.566011341246837E-6	5.058467157797395E-8	5.106237308550784E-6	8.871509153850334E-11	6.029885016822191E-4	8.21952220574303E-4	0.0019282431612922097	0.0016147516949932992	0.001270708050705843	4.1530574886009956E-4	0.0	4.1530574886009956E-4	3.98400739576934E-8	1.7240190576312782E-8	2.4742190023567557E-7	0.002960354345553328
0.037343191540155606	0.0022376153570111165	0.0023854685478423183	9.940347627893215E-4	0.005334815227537262	7.276609888969965E-8	0.003066281918861963	0.01884167258206166	0.004461547612418513	0.007949889150313905	6.94739442750663E-5	0.008974096482329979	9.928621175770318E-7	1.1563193399792584E-6	0.001781574536062497	1.2287462115957879E-5	5.217526687909829E-6	4.627709789565945E-8	3.4338711040472764E-6	5.772088367377092E-11	6.24370912152071E-4	5.340925021805091E-4	0.0013177482320515014	0.0010934157498922784	7.105914639153488E-4	1.728077874410591E-4	0.0	1.728077874410591E-4	1.4148479273335197E-8	5.861976561980697E-9	1.6091828862466443E-7	0.0019953481251132185
0.037751963520005906	0.0024374401462417803	0.002671305810454964	0.0013715685653864454	0.006369883967183146	6.773002937022244E-8	0.003468687546362126	0.022034211626273125	0.03627329080305768	0.027193190840021385	6.231968144665849E-4	0.00951935316228507	1.143198146420132E-6	1.3293628148889957E-6	0.002342216216216824	1.3160297551253831E-5	6.455254418784573E-6	4.558234814077806E-8	3.845943457775675E-6	6.504053707145813E-11	5.746483038309783E-4	6.27018229083702E-4	0.001459997595840324	0.0012275974418466803	9.080834306129957E-4	2.9273484380157175E-4	0.0	2.9273484380157175E-4	2.7447984876711076E-8	1.0811394984922635E-8	1.8133919228625824E-7	0.0022215662983893145
3.9750576801151087E-4	2.5204857247397757E-5	2.7639296710341762E-5	1.2980205742221905E-5	6.343767813797378E-5	7.333914465115209E-10	3.559546483064533E-5	2.174330271537604E-4	4.0115224236615834E-4	2.840425335959685E-4	2.197570646362158E-4	9.867870534643722E-5	1.1819309085379046E-8	1.3633186853794285E-8	2.2977614792429734E-5	1.3691847516604346E-7	6.299420978967605E-8	4.813664112035918E-10	3.9559044784468484E-8	6.720789054939669E-13	6.2456931884844135E-6	6.26587403217232E-6	1.5082833781785202E-5	1.2576625636081517E-5	8.862846886987319E-6	2.52006968573036E-6	0.0	2.52006968573036E-6	2.2552872089750253E-10	9.408106955240441E-11	1.873907904779834E-9	2.294816654396238E-5
0.010856830419664055	0.0010480899471339202	7.546471476969418E-4	5.751692720882553E-4	0.003559202611499508	6.196906608776621E-8	0.05812018254137213	0.005426279463170473	0.0016564568551092037	0.0031046766834798532	2.8178002700432282E-5	0.05866027284006595	3.0029731411322883E-7	7.014242818595285E-7	7.513472045341642E-4	4.381391726720392E-6	0.017730645284233175	1.585890631776593E-8	1.8880763283401514E-6	1.6087783388661554E-11	2.0793583802989715E-4	0.0021328297345520127	4.529948505898157E-4	0.0012615522869177122	3.1307203405497625E-4	1.3577272496688894E-4	0.0	1.3577272496688894E-4	7.89195372540111E-9	2.932548501639069E-9	4.474187357875851E-8	0.0012893165739251465
5.659012693301996E-7	4.0090597105621526E-8	1.8677697422359532E-8	1.3761203948076909E-8	8.819288432999282E-7	5.937921030894538E-12	5.6389973049781165E-6	3.425204305159091E-7	7.354939390308144E-8	1.3743383109278394E-7	1.1399412898706888E-9	9.246384478313157E-8	6.596971012900066E-12	1.6401415919254273E-11	2.559902008451442E-8	3.384625909981947E-10	6.442939022002485E-11	3.711961813272273E-12	6.673987364256236E-11	1.020015860336101E-15	4.591059163522467E-9	8.123034295735591E-8	1.7559910189672575E-8	6.885981594714535E-8	8.04778519080956E-9	3.276815088839868E-9	0.0	3.276815088839868E-9	2.607637451201762E-13	9.866228992851452E-14	2.8360583229594203E-12	4.487236891468869E-8
2.218203224329381E-6	1.58697770150708E-7	8.002657254937803E-8	6.206230334404757E-8	5.106777967810002E-7	1.7794969583359208E-12	1.8252280204526483E-7	1.2409057879873003E-6	3.1328100591168025E-7	5.883141144037038E-7	5.103382236413748E-9	4.77163656729464E-7	3.045455587100697E-11	6.475237840664068E-11	1.72495666391191E-7	8.765604225003891E-10	3.9984679084053274E-10	1.5540883827711362E-12	2.518850352067821E-10	2.2824631276300207E-15	1.270932979118792E-8	6.572717785097382E-8	7.17206284183369E-8	6.931986267640327E-8	3.5757878218270506E-8	1.4581605922793464E-8	0.0	1.4581605922793464E-8	1.3086949590732926E-12	4.913023469807482E-13	6.316231332072939E-12	4.161070499909702E-6
0.005552503735554391	4.2577537004819384E-4	3.020866163862619E-4	2.0844026235644492E-4	0.010205619376955787	4.597084797580111E-9	5.482477573473787E-4	0.0026015832701676337	8.779959065804625E-4	0.0017014335595335265	1.5484522303471316E-5	0.00718424347309825	1.410955760575433E-7	2.0421096707109678E-7	3.5290246013749797E-4	7.575795880441434E-5	9.74626190504923E-7	3.98068241503864E-9	6.999347150753128E-7	5.9606277427400936E-12	3.109031304926271E-5	1.3269589626914533E-4	9.109010793289602E-4	2.0309926727353259E-4	1.2149232950288317E-4	5.186848834498845E-5	0.0	5.186848834498845E-5	4.913268171224569E-9	1.7405003907818567E-9	1.651548412534428E-8	3.032665343655996E-4
4.039380025850386E-4	3.261916339537959E-5	4.04781077651592E-5	2.8407056542873283E-5	2.478826441250555E-4	8.698399090646622E-10	6.14547841958971E-5	0.0012581561173195177	2.1425454322544915E-4	4.083204348772023E-4	3.076713783111701E-6	5.687587808648565E-4	1.638029007519657E-8	3.7574089472807155E-8	4.308839502709732E-5	9.145750881954696E-5	1.292434958663849E-7	5.946045701198145E-10	5.428856802526318E-8	7.422446812383905E-10	0.0025659347511043594	1.0383779889471307E-5	2.0853310131717533E-5	1.590320074472826E-5	1.659076628771549E-5	6.110878295246709E-6	0.0	6.110878295246709E-6	7.260077708983175E-10	2.239272860661694E-10	1.6199086973315184E-7	6.708526751533824E-5
0.0032788964471810863	3.49581950159847E-4	4.731414711819289E-4	2.5175709989762264E-4	0.0010828920286457412	3.733568471995147E-9	0.02598327229992531	0.0026273870899781704	9.815128758849133E-4	0.001959148560247556	1.787189065661401E-5	0.008308548278471791	2.585094760699213E-7	2.562826048600138E-7	3.7399552049161727E-4	1.9718311267080615E-6	1.381579275437936E-6	3.4761522807712107E-9	6.575577290099663E-7	6.0567210076829766E-12	2.6611255479406226E-5	1.01137400408618E-4	2.5051372321838335E-4	1.3963662112182975E-4	1.429419242218041E-4	5.908740651638574E-5	0.0	5.908740651638574E-5	6.375521195403945E-9	2.140333982094161E-9	1.6869937413573258E-8	3.9066629983446565E-4
1.39841030536061E-7	9.77216760419503E-9	1.5669524991367015E-8	3.96615233043961E-9	3.005149523517769E-8	2.0838930049606777E-12	1.6766384152102258E-8	7.036891345154477E-8	2.187737916982919E-8	3.6698008561620303E-8	3.539869360428258E-10	2.136702337433593E-8	2.7863528796039728E-12	5.028840872193336E-12	8.06848501465939E-9	1.1364714870792553E-10	1.6802223270899237E-11	9.73032499103278E-14	1.6725580161585E-11	3.4936263868763787E-16	9.615138349653618E-10	3.2663016429025867E-9	4.9151141492523235E-9	5.178995297878382E-9	2.521965764502534E-9	7.870674055699822E-10	0.0	7.870674055699822E-10	6.22213010046465E-14	3.1035844207886675E-14	9.737123259398289E-13	1.4612036436089757E-8
4.0461261197359425E-6	3.0065801315895514E-7	2.7245632836696174E-7	2.6106815407591233E-7	2.7098066617066616E-6	6.299606983706726E-11	3.89306610567825E-6	2.0262256727317926E-6	5.459587790595218E-7	1.0312167572881685E-6	9.0674788357333E-9	9.83908650780901E-7	5.5747766912494326E-11	1.497628882452961E-9	6.146409950113443E-7	2.659713058603698E-6	8.419559485842777E-10	8.813557174302624E-12	2.6070931013397797E-5	9.776430386492695E-6	2.9423418446643275E-8	2.389425502036259E-7	5.241925784627582E-7	2.48287157214048E-7	1.525922940447301E-7	2.889678588986366E-8	0.0	2.889678588986366E-8	2.4467699131003554E-12	9.08390131012961E-13	2.6532982805731283E-11	1.5593989547559467E-6
4.114474174883819E-7	3.0208353976343364E-8	5.0525986369980685E-6	2.4843484596083854E-8	2.9864075184367383E-7	8.472539159635129E-12	4.238721513469258E-7	2.1898994101382617E-7	5.6549905480371826E-8	1.0668001493948221E-7	9.28791312717257E-10	9.691535575847029E-8	5.6662418552213435E-12	1.3588922400112062E-10	5.7932845427105683E-8	5.319536159644993E-9	8.257695923889979E-11	1.0929779222253824E-12	5.023549294236764E-11	3.4809675385628783E-15	3.255260037776703E-9	2.807515597565095E-8	4.8787360284590485E-8	2.883721987896487E-8	1.441548952441689E-8	2.955953576615903E-9	0.0	2.955953576615903E-9	1.9665411026318886E-10	9.10995139219422E-14	9.727304466465784E-12	1.5320230693578106E-7
9.775486797263338E-4	6.967551339720539E-5	4.14978812491847E-5	2.9714849710817648E-5	0.006229069279759884	1.2955015517589022E-9	8.082694928980947E-5	0.0013565475639898937	2.3677404386705247E-4	4.4811119188734743E-4	3.42232259906049E-6	1.669636835213105E-4	1.576718158470504E-8	2.6801305748071118E-8	5.03188984098699E-5	3.6457640141980506E-7	1.4793782399025794E-7	9.496240326654334E-10	1.1131971596519194E-7	9.579323607809475E-13	0.0025696324228535374	1.0228463857704642E-4	3.2521734218212984E-5	1.987204856697021E-4	1.7243003844909496E-5	7.448307647771274E-6	0.0	7.448307647771274E-6	6.929657598310196E-10	2.5171705108572943E-10	2.6508219721638996E-9	4.435291826043815E-5
0.004316130268354343	3.237501173052312E-4	4.3847951482092556E-4	1.8165050303446586E-4	0.0012155132493616122	3.404282679113728E-8	5.143345633195685E-4	0.005277793946609147	0.0011743823971613245	0.002169770943368535	1.8295328147007238E-5	0.0012844546438087402	1.4325658732094092E-7	1.8370699893103017E-7	5.600068629250909E-4	2.603223074753623E-6	2.325064263129548E-6	1.8399336222130135E-8	5.481040337572506E-7	8.800966492523567E-12	5.820390053743373E-4	1.1912283528979179E-4	2.1434451959746E-4	1.6995388302308676E-4	1.0882200823662695E-4	4.214910680876492E-5	0.0	4.214910680876492E-5	4.11110935644746E-9	1.5879764416518309E-9	2.4523055531360296E-8	4.366396067561608E-4
0.007043941247318334	9.939642412849503E-4	2.1164171633258308E-4	4.192665925943798E-4	0.0010209325618612851	6.170006978840059E-9	0.0014182350634724208	0.0018913821213526042	5.673517886309901E-4	0.0010702699518962623	9.647318820203142E-6	7.857560034114338E-4	6.389389890745811E-8	1.8902063368005843E-7	0.005193507350201107	2.3430030326111375E-6	6.51306735561812E-7	4.420712395014575E-9	1.9232855349398666E-6	4.248741628292141E-12	4.6048543057660164E-5	3.535059250599065E-4	1.5231998537893062E-4	0.002381122801279301	1.9202604089120167E-4	1.7002058478111443E-4	0.0	1.7002058478111443E-4	2.70022287246157E-9	1.0060980166025361E-9	1.1757124743242154E-8	2.593213375533221E-4
0.002274713883369882	1.792614373529454E-4	2.0140655425081403E-4	0.0020089183130501892	6.331657669893568E-4	4.8849329141830205E-9	2.964864525046996E-4	0.002332671890008215	8.427147148764264E-4	0.0016705024951236686	1.52091996871782E-5	6.506298255914943E-4	8.604239577796732E-8	1.0629519557643629E-7	2.472881673226715E-4	9.623394672609905E-7	7.221524482144099E-7	3.281217026498546E-9	3.00005703348151E-7	4.9594151725654596E-12	0.0026089198038331913	6.082492124966689E-5	1.0820952781540825E-4	9.846547682651732E-5	7.754580275981073E-4	0.001049496981250603	0.0	0.001049496981250603	5.1482658175848105E-9	1.7881553134541126E-9	1.382323522325506E-8	1.7559882038577148E-4
0.0016309835930721868	1.3847849141948227E-4	1.849696592466183E-4	0.0016969476445850378	4.4127082701715236E-4	7.750559234248485E-9	2.8053281457079244E-4	0.001316426537722363	5.319479525502417E-4	8.216862715416948E-4	8.710809959166317E-6	4.2002363149975825E-4	8.273404543088477E-8	9.077273690994575E-8	1.7278957257839018E-4	8.649271962693492E-7	4.6263048919924606E-7	3.4512873752575005E-9	2.434839010926405E-7	4.553453780510621E-12	8.275069774307624E-5	4.154422635408251E-5	8.768705502386393E-5	7.657693197174253E-5	5.580586842907573E-4	0.001384482216437021	0.0	0.001384482216437021	1.1487820125759956E-9	7.418078946706676E-10	1.2705809913577758E-8	1.648598189798007E-4
3.754629134067404E-4	3.152475471541318E-5	4.077152324810007E-5	0.001048369888601604	1.0016647272856546E-4	1.678153939574768E-9	6.220107440115899E-5	3.30628505794173E-4	1.2212704196156858E-4	1.9168538915307408E-4	1.9831183294172772E-6	9.507542947512103E-5	1.8188887417735803E-8	2.019142557769681E-8	3.875839790033792E-5	1.9123667588678848E-7	1.0343627605930489E-7	7.578604456650667E-10	5.5102906462296054E-8	1.0043253038569573E-12	1.792563161474014E-5	9.486980582516084E-6	1.9708925217428328E-5	1.7226625970466604E-5	3.9238804739375133E-4	0.0013444929702554904	0.001341465159272611	6.737593915939152E-4	2.704320601848059E-10	1.6742121017425727E-10	2.8018966344463316E-9	3.6460260634280413E-5
1.1270052491563158E-4	9.462384623572167E-6	1.2236737504365339E-5	3.1451449527852897E-4	3.0075975019800662E-5	5.038163163521419E-10	1.868522005323429E-5	9.92339647978311E-5	3.6654500963495545E-5	5.7537846399758225E-5	5.952300545626125E-7	2.8546254278893478E-5	5.458357291813103E-9	6.070697709076217E-9	1.1638611548028595E-5	5.74276759333125E-8	3.105392055830723E-8	2.2744652435308707E-10	1.6538403926410848E-8	3.01425543309062E-13	5.3781830549236684E-6	2.8485712466561437E-6	5.917249035663698E-6	5.171058845074634E-6	1.1771856013915082E-4	9.092976917017173E-7	4.56131297446422E-8	3.362760870224898E-4	4.743353136889594E-8	1.5315201677345864E-9	8.409254372370562E-10	1.0948990563331144E-5
3.566883137283262E-4	2.9948394897683562E-5	3.8732789194936765E-5	9.959473342811018E-4	9.515776119001632E-5	1.594239743819997E-9	5.909077980281088E-5	3.140958001209675E-4	1.1602021691743043E-4	1.8210037737948387E-4	1.8839547331730832E-6	9.032128981468807E-5	1.727937260902872E-8	1.9181776106013615E-8	3.6820327910540446E-5	1.8167410151418837E-7	9.826406169166197E-8	7.199644885108312E-10	5.234754774907475E-8	9.541051493396204E-13	1.702928061566052E-5	9.01259481435188E-6	1.872340263227711E-5	1.6365227960552057E-5	0.0035587386367861096	2.8764087083127342E-6	0.0	2.8764087083127342E-6	2.5690940990728464E-10	1.5904950131444713E-10	2.6617909521707594E-9	3.463710640749339E-5
1.0683917114392959E-7	1.1288791961100296E-8	1.5416446125436732E-8	5.118490111439824E-9	2.8892867540885376E-8	3.201929406946818E-13	2.631439276800616E-8	4.878470855200937E-8	2.586645923642229E-8	3.955465207643511E-8	4.38137039084935E-10	2.426368852752659E-8	4.093118642514889E-12	4.622604525699462E-11	1.0943957121743513E-8	2.6951706218863646E-10	1.8937510317660767E-11	1.0139643287213552E-13	1.3316593705473338E-11	2.4466465988718776E-14	8.121715482481343E-10	2.732978904346989E-9	6.41136498371159E-9	4.426065972439375E-9	3.2924704734698226E-9	7.241511537600037E-10	0.0	7.241511537600037E-10	6.679482934908036E-14	1.432095068349715E-8	6.845571646757424E-11	1.290497731173543E-8
2.636281257819806E-8	2.2020330755229414E-9	2.699466463441565E-9	1.7263182944794826E-9	7.459159729347268E-9	4.143041581785519E-14	1.136813618396089E-8	1.264181440433616E-8	6.738878651399489E-9	1.036758292981267E-8	1.145031472341372E-10	7.37591306586272E-9	1.0623881954548195E-12	6.526795642665776E-12	3.9263506644128976E-9	1.5630434616797066E-11	5.897441626382998E-12	2.3218029211881207E-14	3.643164162765901E-12	5.68327022430948E-17	2.1472275960539468E-10	7.157246128040655E-10	2.804492293868954E-9	1.1424821520325052E-9	1.0759728759103386E-9	1.966067925338832E-10	0.0	1.966067925338832E-10	1.726278723335556E-14	1.0532601674438408E-14	1.5837841855700272E-13	6.436094956970044E-9
4.197662793536974E-7	3.5224872333606095E-8	1.3257375134041251E-8	1.1342320033539243E-8	1.4720449534750506E-6	6.931178169821033E-13	1.9067718268608836E-7	1.2233005632893355E-7	3.8131864041109205E-8	7.215017683170455E-8	6.545304954761412E-10	8.112409274992817E-8	4.2180426441905195E-12	8.784360983875627E-11	5.075653825018066E-8	1.8738904860891187E-10	7.139092667353381E-11	2.859740692816622E-13	4.330563902306243E-11	1.3958140389968024E-10	1.9230464622550303E-9	1.1603847546891486E-8	4.328815376341252E-8	1.3392444531917781E-8	6.463193597700514E-9	2.2244305845631336E-9	0.0	2.2244305845631336E-9	1.7635987349612775E-11	6.946006718735552E-14	3.905529173013327E-7	3.831173127689315E-8
0.0037889128533679377	2.8214238124857057E-4	3.206185128074568E-4	2.3729094184450576E-4	9.078450449086656E-4	5.1894671848636215E-9	4.313616213728943E-4	0.014949755895911921	0.002469410752595778	0.004689610452562266	3.4902981511862744E-5	0.0011347956243553837	1.371230084729111E-7	1.673646457839766E-7	3.69268329303373E-4	1.5860072341180013E-6	9.71183639963934E-7	4.290691014891902E-9	4.764057169663115E-7	7.723851086899981E-12	4.1648845265539404E-5	8.665967369410933E-5	1.720277318781266E-4	1.5806479458795817E-4	1.4090586990959242E-4	6.527788118545466E-5	0.0	6.527788118545466E-5	6.735726513233565E-9	2.413337166244354E-9	2.1531686738598436E-8	2.662705683295223E-4
