32
NULL,getrlimit@__getrlimit,open@__open_nocancel,read@__read_nocancel,stat@__xstat,open@__open64,close@__close_nocancel,munmap@munmap,rt_sigprocmask@sigprocmask,exit_group@_Exit,rt_sigaction@__libc_sigaction,sched_yield@sched_yield,time@time,mmap@__mmap,mprotect@__mprotect,write@__write_nocancel,syslog@__syslog,getpid@getpid,writev@__writev,close@close,fstat@_fxstat,read@__read,mremap@mremap,socket@__socket,fcntl@fcntl,connect@__connect,lstat@__lxstat64,openat@__openat64_nocancel,getdents@__getdents64,lseek@llseek,madvise@madvise,write@__libc_write
0.5652935591038261	0.007133452027328258	0.02068231494696729	7.864749211446059E-5	6.436555733689052E-4	9.502978677302489E-4	2.445238728449131E-7	0.008980303136340635	0.18888178789155696	0.04484704554778652	0.08407649138451988	7.067529174230383E-4	0.00277645909095289	0.01066980668367476	5.893958815553532E-6	4.750829211452069E-4	0.0025386942054518814	0.003243127312287249	0.0018855926683108556	0.0013130274961055668	1.466037742802156E-4	7.99580021503386E-7	3.34671644990433E-6	4.568160588645684E-4	0.0	4.568160588645684E-4	1.2659933541708633E-5	2.5576985053738287E-6	1.8687593725423175E-6	1.8822375140975064E-8	1.0571486113134783E-7	0.0048995358294742705
0.00235366871626752	0.0014463932859316666	0.00528144344088739	3.7895935335810185E-7	3.725851361462033E-6	6.5738077138609565E-6	1.2862551688845728E-9	6.807503995290221E-5	9.623991084069086E-4	2.5953340401486344E-4	4.980181354658235E-4	4.283798688543888E-6	6.987914542390535E-5	1.6291897507591884E-4	1.381857026649597E-7	2.5720215821986087E-6	1.6664917033919922E-5	1.7571967900305726E-5	1.4689163878614524E-5	9.204336007451326E-6	9.540528426024811E-7	4.698911832288081E-9	2.5552934479827627E-8	3.1555193685873674E-6	0.0	3.1555193685873674E-6	6.342960864534489E-8	5.169719359328192E-7	7.531041324399022E-8	1.2643181032153733E-10	6.116141529069412E-10	3.634657636329359E-5
0.006435053909950087	6.086992081872475E-4	0.005107911755900303	0.006065430833083189	2.0759015117277427E-5	4.5097039795520265E-5	1.626835112000869E-5	0.0015663678918571514	0.007013124097939624	0.0018387258773144121	0.00344831305226594	2.977111304158683E-5	2.963954613518369E-4	0.0036837854909897013	1.1118832949520587E-6	2.341547864687041E-4	0.011523944349305254	1.8447683334088023E-4	1.6447383175219112E-4	7.647272004015814E-5	2.556615234669939E-4	6.811759278537405E-8	2.532349035697653E-7	2.089890473524987E-5	0.0	2.089890473524987E-5	6.175627404386968E-7	3.401465190690736E-6	4.995750120274573E-7	8.375294666499367E-10	2.38892580895821E-8	5.267529042394074E-4
0.0011664180481244764	5.926781902551549E-4	1.9139538300928953E-4	1.461248302985347E-5	1.8806499733669511E-6	5.323334107930249E-6	1.8203912568916918E-9	4.323713608936071E-5	0.0011484706223643657	2.5227782814339893E-4	4.838007827225466E-4	3.93285459489611E-6	4.291869468158122E-5	2.3774135655413152E-4	7.945952359619597E-8	0.0013603779348638646	9.489155018986702E-6	1.3699783858976892E-5	8.920434724686155E-6	7.924075584116034E-6	9.118732148529291E-7	5.28780672801058E-9	2.2912791719559873E-8	2.5204718387403063E-6	0.0	2.5204718387403063E-6	4.463274619159294E-8	2.7834491814071267E-6	3.570995288198457E-7	1.0433254273662366E-10	4.902814513838485E-10	3.423378912893917E-5
1.1949232971222675E-4	2.35694689787187E-5	2.5555853370064424E-5	3.867986455481471E-8	2.802299173641199E-7	1.077183961881731E-6	1.5865233932770552E-10	4.9164360029022595E-6	1.1085964060681257E-4	4.008976674510055E-5	7.693467375003411E-5	7.025324276676552E-7	2.1283768935695918E-5	4.339695399812227E-5	4.0135836606135364E-8	3.691394902711129E-7	2.330399578157994E-6	6.631073904517763E-6	2.1778636925386413E-6	1.243605544312796E-6	3.5347657600366313E-7	9.90291846194855E-10	2.3842822118719396E-9	5.353392044211068E-7	0.0	5.353392044211068E-7	8.19505255116892E-9	8.428332772091814E-9	2.953589811183918E-9	2.2811301521259862E-11	6.37130116780875E-11	3.282009323821577E-6
7.972793789760441E-4	2.1701133082391587E-6	2.2082370215549432E-4	9.105414186264798E-7	1.0008269200783977E-5	3.25288741673222E-5	1.614761116935459E-5	8.981916787168003E-4	9.850395769613832E-4	4.217707386104231E-4	6.74178824388842E-4	6.964311415783978E-6	9.992011163636568E-5	1.1705335747666781E-4	1.0417672332957693E-7	2.8348655932031645E-5	2.167006249019061E-5	1.2681251254126948E-4	2.167613724053851E-5	2.4612451981927347E-4	6.8033374330801E-5	1.2412031465205257E-8	6.931768464966872E-7	3.147073130087056E-6	0.0	3.147073130087056E-6	7.6072082525109E-8	8.074863571295487E-10	1.1260832543533225E-8	1.829349957741832E-10	1.7039664036767177E-9	2.3885781658264366E-4
3.3262006487646753E-6	1.056945535969185E-6	7.942202967380625E-7	5.979352218746744E-9	5.5830780590361875E-9	2.6413501000702932E-8	1.4306984006072994E-11	7.233323286071069E-7	2.7263208516240282E-6	9.967838332506411E-7	1.8367007034159284E-6	1.714954005926673E-8	1.307225878445971E-7	3.0874112677737106E-7	2.221132937265153E-10	9.289632399341043E-9	6.735325386543781E-8	9.217986487158594E-8	6.208577099734648E-8	5.305634459718021E-8	1.0009466997496888E-5	2.107404657383507E-11	2.2604374847444787E-10	1.182933202574455E-8	0.0	1.182933202574455E-8	1.9869941045692312E-10	3.778527728280981E-10	8.882058521809906E-11	5.287350546984508E-13	2.9260373952655167E-12	2.2761838962614007E-7
0.005781522449640144	1.321377042041393E-5	0.0015984856118157979	1.475269014521285E-5	1.1289027443434806E-5	6.071897956329486E-5	4.509666081762921E-7	0.006740366994638902	0.007669483725823683	0.0021401648991776646	0.004015470370275778	3.5192676099432175E-5	5.556976689615134E-4	0.006785256492994244	0.010663925061790374	5.994072436827469E-5	6.072603445715514E-4	7.802138409118876E-4	2.033944740407844E-4	1.0744782170362043E-4	2.3269338855973175E-5	1.2541923564499097E-7	2.0584197177094705E-6	2.7936490457525136E-5	0.0	2.7936490457525136E-5	6.573522154554568E-7	4.92500124538907E-9	9.872813748824877E-8	1.0211364461571138E-9	9.402011237799357E-9	0.0013018751713383457
0.10856607689812499	2.380154252800988E-4	0.005838690189264143	3.317674389394278E-5	1.3980184562829913E-4	7.138475932138117E-4	2.0786820084801935E-7	0.0030839233460497853	0.08348752531433558	0.08737590277509304	0.158202940136576	0.0011403533838717135	0.0020044884624999077	0.007894697049794857	4.01974884070773E-6	4.094042414713694E-4	6.808300444748546E-4	0.001703309540872937	0.001029761925215545	0.001004333886625788	1.2665930625176052E-4	9.223830874414016E-7	1.8589545168440409E-6	3.3192601880235563E-4	0.0	3.3192601880235563E-4	4.998476207261096E-6	8.702918391207284E-8	1.2354318098852965E-6	1.6693288668524785E-8	4.792575954594355E-8	0.0028475160899253957
0.10740059938331686	2.3269152090293153E-4	0.00424268518864991	2.2138914443975613E-5	1.1852372262277746E-4	2.692600695642692E-4	1.9078984001959789E-7	0.001996765104455551	0.04075015214507537	0.009795627010266325	0.01817233115419491	1.5403375139754876E-4	8.154539077875859E-4	0.005526232075036413	1.926399394326576E-6	3.5962451797387447E-4	5.093429352741765E-4	0.0010067563360071576	5.830653403202023E-4	4.325183809995958E-4	5.9172343905813375E-5	3.924661570557964E-7	1.0055552730686266E-6	1.0762690033557476E-4	0.0	1.0762690033557476E-4	3.2900492425961036E-6	8.488327895628905E-8	3.792137204401944E-7	4.062793567339763E-9	3.920315090849094E-8	0.0016489454974075355
0.10133658053449358	2.2089498842447434E-4	0.004692069404748275	2.5138536736068502E-5	1.1887858943832543E-4	4.843444855766389E-4	1.858849477414859E-7	0.00231379521422815	0.0586431511264317	0.08336934575723218	0.06871424154262576	0.0014242885826323832	0.001219089216082001	0.006150359161566818	2.757704649142047E-6	3.554498773569507E-4	5.563162883846788E-4	0.0011915411542641567	7.126646155228585E-4	6.469954426305927E-4	7.955359976228313E-5	5.478149395481247E-7	1.2502309454745238E-6	2.2028167474481358E-4	0.0	2.2028167474481358E-4	3.690263930555555E-6	8.066240806495711E-8	8.083300896344076E-7	9.58555866164334E-9	4.1073395513677946E-8	0.0019788754220187213
0.0010963481526782839	2.384034838755754E-6	4.803148086442994E-5	2.578436086040278E-7	1.2672947511299351E-6	4.159115924931959E-6	1.9917783029431547E-9	2.3545312687785243E-5	5.475023496792758E-4	9.064634626552735E-4	6.914739773705779E-4	4.7252606893374816E-4	1.1777041635132973E-5	6.327382191858219E-5	2.6015162397429497E-8	3.8027028584399498E-6	5.708748573622397E-6	1.2245504194108265E-5	7.230167491798864E-6	6.117916173016766E-6	7.962637430107061E-7	5.500753336125114E-9	1.2692250275639588E-8	1.8158095329872956E-6	0.0	1.8158095329872956E-6	3.8380733132188606E-8	8.702746390880005E-10	6.604218105633937E-9	8.012257385461668E-11	4.2622050755428935E-10	2.0235525156233927E-5
0.003526615335341654	9.49526808272779E-6	0.002273466238560339	5.47486773037367E-5	6.8870812643954055E-6	2.6517363069041195E-5	4.584939780331472E-9	1.5673357042768503E-4	0.00260545474734515	8.468261482521858E-4	0.0016353303057838292	1.4602214114276534E-5	9.142250552014756E-5	0.0022809579241050548	2.132409359679715E-7	1.1706105600614696E-5	5.764832426565827E-5	4.918230400874556E-4	6.467389084181919E-5	3.584043991350358E-5	4.738247009037982E-6	3.6712890119144605E-8	9.072951064677848E-8	1.2958915489863209E-5	0.0	1.2958915489863209E-5	4.1446091115585596E-7	3.6430992300747366E-9	4.349523838145324E-8	4.6559278516835963E-10	2.044147197912814E-9	1.2838400972364504E-4
0.00310216816771289	6.109228541513985E-6	0.0013025782271631132	2.4761117944153364E-6	7.736675843597282E-6	1.292071809870658E-4	6.163152484910012E-8	0.023699280461731986	0.003186614647797257	9.09900578874887E-4	0.0017429686096653793	1.5206997759802659E-5	1.0821432007689669E-4	0.018584793002441688	0.0057128634764365485	9.4366975769392E-5	0.001118238806912354	1.2978529843976703E-4	0.001003221137030442	8.251788054749573E-5	9.691018469600721E-6	6.605005303391756E-8	1.5951036189915884E-7	6.804973370087435E-5	0.0	6.804973370087435E-5	8.84794491661238E-7	2.3693271761298237E-9	4.766005161508015E-8	4.605546840578564E-10	8.097200939114909E-9	3.7919812194112183E-4
9.381226593966341E-4	2.088574923120703E-6	1.65568974368498E-4	1.2904757195775419E-6	3.2999872724305847E-6	1.6764606003626133E-5	1.896074143870726E-9	0.008304577215600946	0.0014098186225688259	5.183776987203886E-4	0.0010390936460559644	9.31344076700835E-6	7.098476667509701E-5	0.00250796735845084	2.478861372631269E-7	3.80273646152808E-6	1.701743360877927E-5	9.067819486022571E-5	1.889580728813705E-5	3.0044336887821116E-5	7.282906952143098E-6	7.253540983809738E-8	1.0521405056027558E-7	7.653205757277803E-6	0.0	7.653205757277803E-6	2.283004577678393E-7	7.751852576650857E-10	3.9504607398294366E-8	3.2429266574079287E-10	6.749651825613294E-10	1.520880334217675E-4
5.785080665134988E-4	1.0619504058154142E-6	0.0032434752133195565	2.4337828270094874E-7	1.0439597335525698E-6	3.477532844016942E-6	2.0352835967804993E-9	2.269799822699535E-5	8.645495560703672E-4	1.7100637688031862E-4	3.260587555611781E-4	2.5643379813568327E-6	7.94484624191821E-6	3.892809676508151E-5	2.385219478559353E-8	0.0013612042391663829	4.782268688319532E-5	1.3808578560397379E-5	9.105010869415335E-5	4.1388895742046135E-6	4.5059804329539747E-7	2.512168276327888E-9	9.369594926068506E-9	1.7089541633727588E-6	0.0	1.7089541633727588E-6	6.2381808477761E-8	4.229243544301886E-10	5.406057894239239E-9	6.219255596865331E-11	3.9365512760719053E-10	1.563676089017862E-5
0.0020742369345388696	4.5279403066938985E-6	4.216405786481237E-4	2.9816100803922526E-6	4.2907481508002045E-6	2.0316714373446726E-5	8.298113074608731E-8	1.8198783931705186E-4	0.003989966871263252	9.84208217733182E-4	0.0018496549590796307	1.5698608579387203E-5	2.3009302625539476E-4	4.867466154286264E-4	7.881011619202613E-7	2.992507166508953E-4	4.055948379292616E-5	8.056420249523695E-5	4.132168276455543E-5	2.7105056522378367E-5	6.971440810876516E-6	3.3456210796574876E-8	6.934432801944917E-8	9.850195808867661E-6	0.0	9.850195808867661E-6	1.8303427537955513E-7	1.687294089632534E-9	3.796601983861898E-8	4.297290409930549E-10	1.2126151462200009E-8	2.0268859014473386E-4
0.002251819314322132	3.8284571662401615E-6	3.170394468389292E-4	1.4020634526066226E-6	6.04628423620846E-6	2.7967726479046276E-4	9.693982158361182E-9	0.0010580462989015535	0.0015925383587956858	4.935822886384141E-4	9.471027052374559E-4	8.403381950255626E-6	0.002662697968816103	1.603828515537681E-4	1.1682851709204722E-7	2.8879886671038254E-5	2.658965957107669E-4	4.756122595661709E-5	0.002337446992780455	1.2255328411398922E-4	2.227297990603958E-6	1.0556619006166156E-8	5.249165850773617E-8	1.5092846087312478E-4	0.0	1.5092846087312478E-4	1.321393721140615E-6	1.498892928184452E-9	2.2346496405135524E-8	2.611086596120407E-10	1.896228511327442E-9	8.546877928877571E-5
0.0010282193933656787	2.3115033557370654E-6	1.0570033388953455E-4	5.833238642442741E-7	1.589513604103077E-6	9.981153162743619E-4	6.053685861194152E-9	5.785006405364765E-5	0.0019921330455011255	7.281409611908819E-4	0.0014474278562262924	1.3013515988787558E-5	3.637979628492051E-5	1.1484694306742121E-4	1.0348384641873348E-7	0.0013766338216348033	1.1803149557733396E-5	2.4533796905855666E-5	1.6259566449531877E-5	3.8296085921195273E-4	2.014396132824184E-6	1.3718148443111252E-8	2.825023691168625E-8	5.409072034462602E-4	0.0	5.409072034462602E-4	7.036491661183689E-8	8.520495223671431E-10	3.844482774313243E-8	4.4314126855530306E-10	1.2144222148732582E-9	4.7395272423243824E-5
7.543071352877635E-4	1.656184391871634E-6	9.100847249917495E-5	6.218688756717654E-7	1.3442638717574413E-6	8.636651377145386E-4	1.1726285051540913E-8	6.094879034111536E-5	0.0010696869679322955	4.8404660511038136E-4	7.361549792005698E-4	7.885297812388203E-6	2.9668583161615278E-5	7.998301489059713E-5	9.018481245494721E-8	3.926776674139562E-5	9.278927606457022E-6	2.3475698897138396E-5	1.5031466157478059E-5	2.812764010621336E-4	2.0282856924692426E-6	1.5244680835980076E-8	2.7330101527851957E-8	7.299816193985739E-4	0.0	7.299816193985739E-4	6.859832016857732E-8	6.127006240310015E-10	1.0471687498651847E-8	1.949935793289399E-10	1.7749782455527276E-9	5.4221524188718454E-5
1.0139454560485596E-4	2.1517632404382983E-7	2.3812392620797085E-5	4.621202921902721E-8	1.790493469960421E-7	1.8954022860708614E-6	5.011875429011716E-10	3.162041909881389E-5	1.3565166689392358E-4	5.335526155755753E-5	9.930093858533264E-5	9.336070092261352E-7	4.037532098472195E-6	6.046594467893683E-5	7.9329404373703E-9	4.698894951165094E-7	2.4850190407158813E-6	3.178839571461188E-6	6.650355978382855E-6	5.080090098361353E-6	1.101867638840608E-6	1.115353397164131E-9	6.76722583111652E-9	9.291551185773006E-7	2.8320521717913595E-7	9.291551185773006E-7	1.0569334945160885E-8	8.148796573259967E-11	1.0857660620267325E-7	3.351899335580522E-9	9.764137369190341E-11	1.02817792906222E-5
2.92304817263797E-7	5.420595348592233E-10	3.408087944265486E-7	1.6922522175915092E-10	5.451778186447213E-10	1.6293754798823645E-9	2.841459508087378E-12	2.215797898566713E-6	2.8120747905942786E-7	6.725856510367236E-8	1.2371471382911834E-7	1.0512269186604673E-9	4.355339496768558E-9	2.4724132125677897E-8	9.605797293428548E-12	1.5512030611938832E-9	3.0796090163955193E-8	7.366817702357147E-9	2.376275657784506E-8	2.1012947388861644E-9	3.282552868456612E-10	1.2263657625139097E-12	6.124159529274553E-12	7.952422830260337E-10	0.0	7.952422830260337E-10	3.462537936845954E-11	2.1685345077133128E-13	2.1920635498393346E-12	2.7126106289650143E-14	1.433868875164684E-12	1.8025170905845865E-8
2.017748851159906E-6	3.5677763912843237E-9	3.450500080290141E-7	7.816139921005822E-10	3.799665842142591E-9	9.902329953606337E-9	2.891981794699076E-12	8.260862371742022E-8	1.4112070031794334E-6	3.7856801594142517E-7	7.119506933165006E-7	6.1739014140270356E-9	6.987587511585703E-8	2.109214159576675E-7	1.4533986353846466E-10	7.264350327163264E-9	4.104148202419117E-8	5.127851160521346E-8	2.6368984591055204E-8	1.4026649988798508E-8	1.4470635898475275E-9	7.095502399478111E-12	3.925621001920541E-11	4.745288656625162E-9	0.0	4.745288656625162E-9	2.3470381246417005E-10	1.4454817194986716E-12	1.4758981979970555E-11	1.7597310740595035E-13	8.148447052389725E-13	2.75127163725421E-6
1.7816485642659473E-4	3.8589091756358974E-7	2.1729804825251194E-5	1.371343327975038E-7	3.179157594823461E-7	5.482196039234009E-4	2.534185626149266E-9	1.3551058515449835E-5	2.6000632512298595E-4	1.0977098981244367E-4	1.69364265649165E-4	1.7805484046737651E-6	6.782411776117065E-6	1.8669539780946052E-5	2.022901444142859E-8	8.500881707742653E-6	2.237846481687498E-6	5.429458551530599E-6	3.4245492757662697E-6	2.0565291722628764E-4	4.502407665555396E-7	3.345172477250449E-9	6.118815036843318E-9	7.119623025744946E-4	7.11320360815282E-4	3.5630159242740396E-4	1.6353547098975545E-8	1.435137243054683E-10	2.4375708905281188E-9	4.401113033332153E-11	3.8647514021999556E-10	1.2007669849929357E-5
5.348369103104546E-5	1.1583743453043047E-7	6.529474288131915E-6	4.116342381213385E-8	9.544174920655011E-8	1.6446607625361214E-4	7.60502523353731E-10	4.079425175330814E-6	7.804717208528297E-5	3.294769413036318E-5	5.0841683238919255E-5	5.344562490487972E-7	2.0396047229562806E-6	5.61004052977578E-6	6.076714557194422E-9	2.5504013209183166E-6	6.723832093364463E-7	1.631344089078636E-6	1.0282936594619027E-6	6.169674299380286E-5	1.3557037517695905E-7	1.003857591613575E-9	1.845882322170343E-9	1.9281702350518543E-7	2.8188349523536688E-8	1.7802317209705064E-4	4.908843338673228E-9	4.3080646612707316E-11	2.9995258341389987E-8	9.28613227934536E-10	1.1598302485039462E-10	3.6088892628668833E-6
1.6925592364859795E-4	3.665948772941108E-7	2.0643230433702144E-5	1.3027708509471815E-7	3.0201874035578823E-7	5.208065007060124E-4	2.4074665310193523E-9	1.2873453112194667E-5	2.4700500197299074E-4	1.042820152254934E-4	1.6089539649098242E-4	1.691514089133857E-6	6.4432649219168E-6	1.77359904927164E-5	1.921748538099312E-8	8.0758047020584E-6	2.1259454913760625E-6	5.157964597971721E-6	3.2533085501560016E-6	0.0018847509615445737	4.277269846368836E-7	3.1779008989585315E-9	5.812850589434511E-9	6.098421852853338E-7	0.0	6.098421852853338E-7	1.5535806413698467E-8	1.36337482322616E-10	2.315682906327015E-9	4.181040338027759E-11	3.6714988655525085E-10	1.1407239856837677E-5
2.3696016042095844E-6	4.564966979095279E-9	1.6465186485268042E-6	6.173402491631429E-7	4.768411488063079E-9	2.609099436533105E-8	3.9667836834353853E-11	2.5626375308384383E-6	2.013782625730743E-6	5.494883889441948E-7	1.0543380832481902E-6	9.095098577565416E-9	3.550669133823842E-7	4.3708210822579454E-7	3.289892971525457E-10	1.081434712994004E-8	1.3171866569301564E-7	3.848161570822264E-7	1.0423673968768714E-7	1.1600134560810882E-7	1.1620158189766949E-8	1.0582006561834263E-11	1.4006161791050162E-9	7.68130035737439E-9	0.0	7.68130035737439E-9	1.6111483399161752E-5	6.0417147504806E-6	2.3163206250145983E-11	2.6973965789003887E-13	5.245893155357478E-12	1.1034512871684637E-6
1.3646357039884718E-6	2.6760454058288237E-8	4.4657379625451547E-7	1.816796358204851E-9	2.241069966286819E-9	2.1149052945018496E-8	7.337114386036184E-12	3.26847148254727E-7	1.9561536996432286E-6	7.083578533105197E-7	1.4092589766769888E-6	1.2645693305021245E-8	3.261945034084912E-6	6.414061645330491E-7	5.938250822543929E-10	5.707405354500579E-9	4.272477365694827E-8	6.108757336445282E-8	3.83404688658418E-8	2.9164064381153235E-8	3.108977917245673E-6	1.3187701829962196E-11	1.5336062378271002E-10	1.020150177289297E-8	0.0	1.020150177289297E-8	1.0748893865548731E-10	9.618517602482962E-12	7.380939969933346E-7	4.301457230626637E-13	1.5122279812213306E-12	1.464611726503666E-7
1.4403326203639677E-6	2.5335423288345883E-7	2.0931551331427903E-7	6.366523654137466E-10	2.581356580914307E-9	9.191435502268638E-9	2.553010310488335E-12	1.5140543212666205E-7	1.302357013312301E-6	7.457596531224082E-7	1.097291806601979E-6	1.2351952992014193E-8	5.539237316430457E-8	1.4219215586120522E-7	8.568837430096556E-11	5.43754615315612E-9	1.864483476415477E-8	3.724409197493938E-8	2.6676911791310265E-8	1.9788093748333E-8	6.7657351963292305E-9	2.2228104465442528E-11	6.938087793460134E-11	4.0553318450428824E-9	0.0	4.0553318450428824E-9	1.0340773829536487E-10	9.058188419067198E-11	2.6405916613884114E-11	8.850455968284376E-9	9.370969342023837E-13	6.390521180677801E-8
1.3982390177745468E-8	2.9002600127860702E-11	2.344938224463041E-9	8.206688134583532E-12	2.683106300373389E-11	1.4799035793784062E-10	4.2323599210775984E-14	6.647732444455999E-9	1.3565837896717819E-8	7.343516499550017E-9	1.1192579062743497E-8	1.226135588249923E-10	1.6525084590895795E-9	2.3073942447741706E-9	1.6457035214850474E-12	6.224241938089167E-11	2.5172480651959193E-10	1.686264536208798E-9	3.033504504543831E-10	5.739663548419985E-10	6.059047571900172E-11	2.1175216441614083E-13	5.640238921736106E-12	4.894257731224441E-11	0.0	4.894257731224441E-11	1.327751232583321E-12	1.0959486282040276E-14	1.744202771809527E-13	3.200899402220126E-15	8.822206922132338E-15	4.124308835873824E-9
8.286570139700188E-8	1.7534378599301029E-10	1.4401834215180456E-8	1.6037772599533084E-10	1.341870226455799E-10	4.800038874800944E-10	5.339590019948285E-12	8.657837998527774E-9	9.116157856086833E-8	2.693370929187742E-8	4.5976725900555064E-8	4.2770005184096014E-10	1.678056873248256E-9	5.914319427033828E-9	3.105519924537684E-12	3.1604938272733146E-10	1.450780732549862E-9	1.7588642982652089E-9	1.473424937270662E-9	7.5757881353473E-10	1.5463459393411076E-10	5.969255392590552E-13	2.1763010560928764E-12	2.2736015495651493E-10	0.0	2.2736015495651493E-10	7.30137734529199E-12	6.660845646903014E-14	7.422424292478856E-13	1.080222077062197E-14	5.516529489774744E-14	7.734150927764827E-9
0.002410677796134386	7.872880558773575E-6	1.8165952057033822E-4	1.0112784299355438E-6	3.3502248249512976E-6	3.4503138596606764E-5	4.89510646772921E-9	9.713612923484055E-5	0.011222801338984083	0.0021269036912421706	0.004071698037278508	3.1462134175366745E-5	6.878646957677602E-5	2.760995334006583E-4	1.5218300537196544E-7	9.593328051240376E-6	2.070494945810759E-5	4.666345303019289E-5	3.364086360005623E-5	3.7040069801103846E-5	3.862793417476758E-6	2.4935213463015148E-8	5.579984799178023E-8	1.7195878441939338E-5	0.0	1.7195878441939338E-5	1.3602373455701947E-7	2.863724784409001E-9	6.353289394731142E-8	7.41287478312677E-10	1.375400821399651E-9	8.407710033772454E-5
