32
NULL,open@__open_nocancel,fstat@_fxstat,mmap@__mmap,read@__read,munmap@munmap,open@__open64,close@__close_nocancel,rt_sigprocmask@sigprocmask,exit_group@_Exit,rt_sigaction@__libc_sigaction,sched_yield@sched_yield,mremap@mremap,time@time,read@__read_nocancel,mprotect@__mprotect,madvise@madvise,lstat@__lxstat64,openat@__openat64_nocancel,write@__write_nocancel,syslog@__syslog,getpid@getpid,writev@__writev,close@close,stat@__xstat,socket@__socket,fcntl@fcntl,connect@__connect,getdents@__getdents64,lseek@llseek,getrlimit@__getrlimit,write@__libc_write
0.9695318005838882	8.311544244327764E-4	9.101210492812904E-6	6.549510453960507E-4	6.234452261270923E-8	5.155351548575436E-4	6.173564467745086E-5	4.962369837452321E-9	0.01642134928428795	0.0038096662369961794	0.007175488167497468	6.053132090890086E-5	2.3548479841003237E-7	1.5869489784099233E-4	5.768807359060666E-6	3.4016892024096733E-7	5.093599508800991E-9	5.552798480689796E-7	5.789985751235593E-12	2.4208843009549133E-5	1.191235047684482E-4	1.431913734690721E-4	9.015771532984692E-5	8.462807436895634E-5	1.6468430038400285E-5	2.9755167489786477E-5	0.0	2.9755167489786477E-5	4.13597700589046E-9	1.5356877216129539E-9	1.6048671768836935E-8	3.421408827504253E-4
1.6485698343205406E-4	2.8644475428354026E-4	1.44425326273836E-5	1.7770280235563358E-4	4.2546539976058684E-9	8.60818221975806E-5	2.242763688709068E-6	7.717436736585461E-7	3.2557208551229955E-4	8.583366950767031E-5	1.606287581962539E-4	1.4068917771060658E-6	1.662909472083889E-8	1.4293957021392637E-5	1.435687202998079E-4	5.0321681563102514E-8	1.4130219044921267E-9	8.05874693839854E-8	3.4946521113647534E-11	1.2160879536066491E-5	5.703261518005159E-4	1.7235664817296175E-5	1.1323860206279644E-5	3.929858959304654E-6	2.5578223309806907E-6	1.034007065461481E-6	0.0	1.034007065461481E-6	1.0894536211100998E-10	3.788136468801326E-11	7.52655722969562E-9	3.150741379276439E-5
5.194356964134959E-6	1.8747728931234394E-6	6.191837899295213E-8	3.546677744083407E-6	5.88001793600646E-11	1.6399858536404662E-6	9.322818913136498E-8	2.158517032768701E-11	6.601334834965569E-6	2.6302818643631106E-6	4.907755386327869E-6	4.6680849035270546E-8	4.3718185198149586E-10	2.0598153817445802E-7	2.2377682822045095E-9	3.8910993042012567E-10	5.660674868601738E-12	1.3211895550285671E-9	2.1460883166905167E-14	3.502134504282377E-8	1.9931311538782282E-7	2.714870137217654E-7	3.9864763974342107E-7	2.5280469796372156E-7	3.846951366883555E-8	4.557217797317072E-8	1.6284226385295804E-8	4.557217797317072E-8	6.110345534791067E-9	1.924526398169363E-10	5.964081028080484E-11	6.261272218225773E-7
8.752693471591586E-5	1.091891810861785E-4	5.810399531984893E-7	8.641866958848855E-4	4.019619664067946E-9	0.0011767109177833388	6.4524412026653465E-6	2.4475834508679745E-9	1.631361073533356E-4	4.602474085333541E-5	8.817581908001508E-5	7.760281957080787E-7	1.273986650289274E-8	6.621467032825212E-6	1.3963272909625962E-7	2.629420342891462E-4	5.282807124088662E-10	8.714358946067643E-8	4.105947626017661E-13	5.32374240565801E-6	5.962040213136066E-5	1.2756761217296753E-5	5.151709062424832E-5	4.58761285048542E-6	2.3623944568893425E-6	3.3711717004032943E-6	0.0	3.3711717004032943E-6	6.700430125187857E-11	2.2400454641494687E-11	1.1296356565386883E-9	2.5789244900596255E-5
8.026666604636371E-9	2.5535733818858235E-8	2.7974292646791492E-11	2.4871420316311405E-9	9.600834467939397E-14	1.319970635552093E-7	1.3686181788914705E-10	1.4364914769785936E-13	1.7626811634496008E-8	4.234454828683648E-9	7.821975266273185E-9	6.725539169707711E-11	8.122524476535984E-13	4.028401925819579E-10	1.069406385245676E-11	8.400512711829624E-13	9.360501154213722E-14	7.289757113682639E-12	3.1351077643834085E-17	1.8502067896153655E-10	2.3969358189727118E-9	1.2571398981580384E-9	1.7853483679143853E-9	1.9887883266417194E-10	1.8147900618159795E-10	6.548666165694394E-11	0.0	6.548666165694394E-11	4.3701344606689216E-15	1.681160739811573E-15	8.503033035570292E-14	1.5978484651066934E-9
2.0621841814534564E-4	1.1566914324668716E-4	1.1873249901576172E-6	3.1940426020764034E-4	7.475306206702652E-9	3.3004802377015327E-4	2.86375394762271E-6	6.854642920830026E-9	3.79204292079873E-4	1.0525545092046208E-4	1.9656903984417766E-4	1.7449549911962829E-6	1.2084494297405996E-7	2.8347422112865154E-5	7.832996776944101E-7	4.908182054901041E-4	6.405145802633884E-10	6.503100308158615E-8	1.3328322481044712E-12	3.3907760922999415E-6	3.350164472958564E-5	4.3488110810157465E-5	1.2416843293246562E-5	5.530924262721136E-6	1.7335378649182597E-6	1.2926171952014366E-6	0.0	1.2926171952014366E-6	1.3553260904817158E-10	4.802140247148839E-11	3.713033106445221E-9	7.750302986144747E-5
3.9410234662466064E-5	1.5502136017591116E-5	3.2594402507843286E-6	6.33993927083499E-6	6.649877960389418E-10	4.798839627510499E-5	1.4558443105983558E-6	7.701536903107674E-7	4.6135033537867644E-5	2.0121651317431896E-5	3.2019430208628324E-5	3.366368391080835E-7	3.7609566443431315E-8	4.813887326222965E-6	4.438555866953572E-8	5.016928277144642E-9	1.0298144751285833E-10	8.443798285360837E-9	1.9794199379880613E-13	1.455260913642637E-6	1.5432856055177875E-6	6.675426843718392E-6	1.3533407379108743E-6	1.1083574988367004E-5	7.060190027369224E-7	1.4604212845390073E-7	0.0	1.4604212845390073E-7	1.5367936696987055E-11	8.462178439612333E-12	5.512893593709696E-10	1.325169324575384E-5
7.365919217764823E-8	3.8777919472284305E-8	4.896572614901622E-7	1.0795943912623913E-8	8.772752829524777E-13	3.2163006375671384E-8	9.258300581458196E-10	6.456961536986346E-13	9.309148787684928E-8	3.7347339687107015E-8	6.831145726854277E-8	6.572561560332999E-10	1.1000884713630786E-11	3.860753558009094E-9	1.9947063585661717E-10	5.840839250443984E-12	1.3182993090021957E-13	1.994133493876753E-11	2.1659696505287028E-14	5.455210281868167E-10	3.845583399561578E-9	5.519702908625183E-9	3.174399853577107E-9	1.6862222539456098E-9	5.77043445991084E-10	4.2641154033342675E-10	0.0	4.2641154033342675E-10	5.262439941467799E-14	1.9632226827321075E-14	6.059775429271447E-11	1.1769532600769407E-8
0.009818683112170575	2.839820040333865E-4	5.905970327618148E-6	3.8526104389461263E-4	5.1415923721146197E-8	1.4452892789185853E-4	3.132080628052597E-5	2.889969802723656E-9	0.0038924295911905967	0.004927590331058728	0.00893563686874497	6.426892362667955E-5	1.0124407880031917E-7	8.961941890573142E-5	1.408576604612365E-6	1.6916303062159396E-7	2.356202852935452E-9	2.9938108568358406E-7	4.456037554522535E-12	1.927400270286416E-5	3.1344816792428754E-5	8.524601600447371E-5	4.904504337862601E-5	4.540199357028657E-5	8.010382788367653E-6	1.4456936045968038E-5	0.0	1.4456936045968038E-5	1.9400356516222233E-9	8.524560389068684E-10	1.2404508729267364E-8	1.4905985055751718E-4
0.010216981070813742	1.4493931023123525E-4	2.31759837125814E-6	2.569463580968609E-4	1.9006766376947073E-8	7.17046908148361E-5	8.933160269873632E-6	2.418610180157527E-9	0.0012992660015310165	3.114787175212863E-4	5.761894471917685E-4	4.947989043310846E-6	4.378996566360151E-8	2.932104545071861E-5	7.820602652635326E-7	6.740792911357973E-8	1.596195690538053E-9	1.444622749873575E-7	1.8220676303097705E-12	1.588023016121104E-5	1.63981509728875E-5	3.92933858403967E-5	2.2455786342300367E-5	1.577696217439513E-5	3.994935556079227E-6	3.1965080498231505E-6	0.0	3.1965080498231505E-6	3.425271225682136E-10	1.2446152461406653E-10	5.062565547176801E-9	7.178211411647111E-5
0.009402863406184979	1.9542205764048828E-4	3.4462265683489936E-6	2.923463305359169E-4	2.8750873203397578E-8	9.664234804248154E-5	1.9931684679833228E-5	2.4471877730760315E-9	0.0024473526472224127	0.004720397872894456	0.0035981777130832597	8.159094385982334E-5	6.180044027805818E-8	5.0375555684838914E-5	9.802417467132235E-7	1.0881982288628941E-7	1.8450960488135566E-9	1.926809040259504E-7	2.6300864321368866E-12	1.611323436644376E-5	2.186742449425315E-5	5.353142690020333E-5	3.098973186454822E-5	2.7153369146428556E-5	5.246443097084019E-6	8.935922976872375E-6	0.0	8.935922976872375E-6	1.1901136986677178E-9	4.4782861055702726E-10	7.3142779407280815E-9	9.519109293744888E-5
1.0222206670121742E-4	1.8837080718098402E-6	3.373623343004841E-8	2.9791341008403495E-6	2.8418304102091427E-10	9.408111380011756E-7	1.61049843505103E-7	2.5855166180462446E-11	2.1135044995718184E-5	5.1320893935357775E-5	3.5754306500645234E-5	2.842337893457224E-5	6.084466594000929E-10	4.721658740264739E-7	9.755301233644037E-9	9.908970745001588E-10	1.8476558434115175E-11	1.9100721395809377E-9	2.596319235557298E-14	1.7050853700612862E-7	2.1093868625317993E-7	5.300443067124559E-7	3.043537856417031E-7	2.4787527252641533E-7	5.207567818386189E-8	6.810622806745506E-8	0.0	6.810622806745506E-8	8.586623354274571E-12	3.4758540305264715E-12	7.220233713133342E-11	9.487748779012544E-7
4.471483089365559E-8	5.726153441448337E-8	1.5063069061674873E-10	1.9734399668150185E-8	5.455640842604108E-13	9.445242090697506E-9	8.799180444777748E-10	1.128795092640875E-13	8.942963157397835E-8	2.3875353499887727E-8	4.511385253079833E-8	3.945340540795613E-10	5.567772436697863E-12	5.0781239438130065E-9	5.2095850125524595E-11	1.0443278389642297E-11	8.976251644044119E-14	5.192939418430933E-11	1.2433260226866236E-16	1.1101823419344324E-9	6.42170699176069E-9	8.944090332707331E-9	4.175332864898028E-9	1.3658378794646814E-9	1.309491595820805E-9	4.1509812161843806E-10	0.0	4.1509812161843806E-10	2.9425767830712613E-14	1.082015043255392E-14	3.2823498428576194E-13	1.6192833487393417E-7
8.67733421586475E-5	1.4049410503333006E-4	3.5027607355988823E-7	1.1510234637576106E-4	2.6699458059995192E-9	1.4524573162889541E-5	1.6005099995328143E-6	1.56813126614966E-10	1.3521874398364744E-4	4.446426672280288E-5	8.538992394110168E-5	7.747397808494011E-7	9.46688884519813E-9	6.487359007990773E-6	2.4874718881574266E-6	1.2902348622573066E-8	3.3656923193218554E-10	6.718443509129254E-8	1.892758577616038E-13	1.3794214283879168E-6	7.648808961388347E-6	3.2235473099006265E-5	6.403803771383612E-6	2.480323224552433E-6	1.7202652740620823E-6	7.623092354442077E-7	0.0	7.623092354442077E-7	6.789745498947435E-11	2.352976712866753E-11	5.061596464592658E-10	1.2654038934366625E-5
1.1628427307038882E-5	3.443488610400332E-6	2.2517929947316507E-8	7.859230978318376E-6	1.836617949983493E-10	7.367299053631046E-7	1.0142753045770719E-7	1.7824674372665303E-11	3.552848475600784E-5	6.705012645165384E-6	1.2905483823513032E-5	1.0066050855222969E-7	5.795009716422311E-10	3.202488212008873E-7	6.11729565874205E-7	9.137840824141475E-10	1.3867599036762848E-11	1.1218330889302743E-9	2.822974610542224E-11	6.687554098709712E-5	1.279473099314213E-7	3.234151838720335E-7	1.354997620483412E-7	1.6154713605161702E-7	3.427241467529095E-8	4.736320814677693E-8	0.0	4.736320814677693E-8	1.0271467805822892E-11	2.301543668056767E-12	6.103885868921803E-9	8.682656288778546E-7
4.5299711772598334E-5	1.0618713396663492E-5	3.646828584974984E-7	1.1567331608320382E-4	4.23989493884826E-9	3.8357662819775575E-4	6.840937393070057E-7	3.8819707887962096E-11	6.075068431281048E-5	2.281340839444009E-5	4.598487564634765E-5	4.166851045225703E-7	6.406124439251297E-9	3.4648912194591097E-6	6.506501334586247E-8	1.1070207471390618E-8	5.436091465076852E-11	1.5800455600033328E-8	6.113799043455218E-14	2.1053151636828597E-7	1.0858891421238702E-6	5.058390290737872E-6	1.0616974913827655E-6	1.423465538005895E-6	3.9674636935061067E-7	3.010254147233429E-7	0.0	3.010254147233429E-7	4.7356464763605785E-11	1.4052103057560741E-11	1.6914526937003103E-10	8.861318101740041E-6
2.6524690815006703E-9	1.371942722323549E-9	8.123439677463227E-12	4.0340852624524736E-10	3.4196153010241056E-14	5.647744982790024E-10	2.614665516282786E-11	7.288587215272857E-14	4.618228906376685E-9	1.3625259011843741E-9	2.3202714516331556E-9	2.1879364823885514E-11	1.6936525969090954E-13	9.472581782878339E-11	8.509752211501096E-12	1.7039566805878368E-13	4.2464314312317365E-15	1.0037248469768963E-12	1.119049158550898E-17	2.5838846498953957E-11	1.4023002223835438E-10	1.8450872644546485E-10	1.1635131699112875E-10	4.321992513493439E-11	2.464527695727122E-11	1.2270103755177757E-11	0.0	1.2270103755177757E-11	1.111107810596077E-15	5.271574054453244E-16	3.0971549094533145E-14	4.993200891886929E-10
6.547920660074928E-8	1.339201972891374E-7	7.251009123068378E-10	3.318435007190314E-8	9.49953807845403E-13	1.558318434007842E-7	1.7335538273551748E-9	2.2023181505316186E-12	1.2490241004829223E-7	3.422948162798388E-8	6.560318604121038E-8	5.734105419532478E-10	8.722945198378345E-11	2.0677341407043797E-8	2.997871628635682E-8	2.120374737140645E-11	4.226943701498518E-13	9.26445175746467E-7	3.4739692467352805E-7	1.3129609146406293E-9	1.1785906790558755E-8	2.650998697629806E-8	8.887088166064368E-9	6.8043517983996625E-9	2.0049910892048026E-9	5.708872436859235E-10	0.0	5.708872436859235E-10	4.565988648727677E-14	1.6269797249910622E-14	1.0271083940919466E-12	6.903207487764339E-8
5.797888586390259E-9	1.3354151337166509E-8	1.7866760868377892E-7	3.1538745187019293E-9	7.773387547663758E-14	1.6285892858977276E-8	1.6418499492674115E-10	2.910813660200506E-13	1.1376543454413183E-8	3.074953940828753E-9	5.930845584875501E-9	5.151421695595815E-11	7.89785586894265E-12	1.86631155999337E-9	6.535206587427532E-11	1.9360967152761057E-12	4.358670799065205E-14	5.625586253308648E-12	1.3205926938366396E-16	1.375336124883067E-10	1.3039846081901263E-9	2.4829198449024005E-9	9.7703573826529E-10	6.198282408024325E-10	1.9696683507374326E-10	5.536815737853968E-11	0.0	5.536815737853968E-11	7.480037846439763E-12	1.4675292406276753E-15	3.674634970694318E-13	6.664913943968564E-9
1.4998086418761305E-5	1.6685747852005766E-4	3.445801002491011E-8	3.374428689986315E-6	1.4796106045092546E-10	2.0376402245801756E-6	2.22529206114115E-7	4.040615825619206E-11	4.3198210885455734E-5	8.537210623497677E-6	1.635586464087905E-5	1.3001584004468638E-7	1.116341711635116E-9	5.797943630847723E-7	1.3050228262815455E-8	1.5108739403267714E-9	2.7164464828456414E-11	1.0831665621198057E-8	2.6031003182765756E-14	6.710856392045044E-5	3.1461022853693694E-6	1.8718820700752466E-6	4.979429587757187E-6	3.0500756857382387E-7	2.7120137381741363E-7	1.0720925822094348E-7	0.0	1.0720925822094348E-7	8.668834394719521E-12	3.0552030912763767E-12	6.878974028457871E-11	1.627390288969001E-6
8.983152525750168E-5	3.0145154750133315E-5	3.693252633860846E-7	2.5506291843906165E-5	2.1694766513084136E-9	1.1714908819273511E-5	9.202250269873466E-7	1.134574557295193E-9	1.9297741628567376E-4	4.796919592703052E-5	8.995867622744078E-5	7.75245254313696E-7	4.990047264732336E-9	1.1992662910952934E-5	1.6901746557673738E-7	3.777032120413101E-8	7.46242984470588E-10	1.8783321894550503E-8	2.085475669784953E-13	1.4834993449543465E-5	2.9034367598181407E-6	5.903180328358127E-6	2.639001429401601E-6	1.382029415726642E-6	5.226189121583614E-7	4.3771430560118975E-7	0.0	4.3771430560118975E-7	5.6192465786865565E-11	2.0343049913115017E-11	5.785554708490601E-10	1.2733303673182881E-5
4.9282251848189296E-5	4.4435295532138364E-5	2.038436113073559E-7	1.411976642802874E-5	6.438259438032644E-10	5.6153243319516854E-5	1.3676030052593383E-5	2.0762767137491069E-10	8.286718792446973E-5	2.555104263332255E-5	4.912950183767265E-5	4.399233306787869E-7	6.215900091576297E-9	1.3200794441536385E-4	7.318159171257924E-8	7.267977085124807E-9	1.2982518582172E-10	1.0371465424294922E-7	1.3558569877484027E-13	1.914131900148007E-6	1.590550687438299E-5	7.12559450915702E-6	1.1449249867333476E-4	6.448226147021383E-6	3.068215009005028E-6	7.352108339573784E-6	0.0	7.352108339573784E-6	3.6563089379659164E-11	1.3079582678854228E-11	3.650218401969973E-10	8.285468276999841E-6
6.707666076197018E-5	6.225272583022189E-6	8.63049057491891E-8	5.0690476981361395E-6	6.807073144787592E-10	2.864628947756493E-6	4.8934213394037815E-5	8.980324486385774E-11	9.124772117490181E-5	3.385471426633916E-5	6.777043920008273E-5	6.150308414241989E-7	1.5190691484546173E-9	1.4950923951845803E-6	2.5686851719233287E-8	4.127798121505535E-9	6.589613047936713E-11	5.146875612111111E-9	6.4581976514061E-14	6.772184113371172E-5	6.704732744860206E-7	1.3445781165501511E-6	7.912403569120927E-7	1.8699144564829574E-5	1.3581898825173077E-7	2.6518971115174267E-5	0.0	2.6518971115174267E-5	5.916355104462008E-11	2.0225304145111798E-11	1.7940453145634984E-10	2.459166328587892E-6
4.450617997514644E-5	5.9030977549799625E-6	9.147062783714614E-8	3.731347662102872E-6	7.963147733355227E-10	3.183326870291987E-6	4.245242191598993E-5	1.7975227430625298E-10	4.848712104255473E-5	2.273712592405598E-5	3.4176447419840156E-5	3.751835818610422E-7	1.55654411769978E-9	1.3005676173637086E-6	3.0434127334256873E-8	3.9248369002765154E-9	1.0197744073601425E-10	5.2085074306680585E-9	7.262487195528055E-14	1.9346507756001115E-6	5.935666699154249E-7	1.3630525361741215E-6	7.697787008802011E-7	1.3782130233895213E-5	1.3233419066421523E-7	3.5892968801777125E-5	0.0	3.5892968801777125E-5	1.2859555656025302E-11	8.835926455069704E-12	2.0201706298675605E-10	2.9906984625889095E-6
3.4774254152305424E-6	1.6604701209555968E-6	1.8136795591755726E-8	2.141405350678981E-6	5.6304809759219013E-11	2.8229985533094576E-7	4.6348922605485086E-8	3.1106174366057883E-12	4.600102351871711E-6	1.760474584593948E-6	3.384178703542586E-6	3.150068086838987E-8	1.682583345216393E-10	1.0283438848069627E-6	2.0119272377494974E-9	1.9018174248326522E-9	6.68658350715602E-12	1.0181232536071603E-9	9.022845455188531E-14	2.629737199565745E-8	1.6830131401073762E-7	4.282819653486155E-7	1.3853972944022988E-7	5.850067528460616E-8	3.1902710195202235E-8	2.276461521440706E-8	0.0	2.276461521440706E-8	2.765767778815447E-12	9.924567008825843E-13	2.521136197048578E-10	2.1876495528147893E-7
1.005937511548294E-5	1.567862031351258E-6	2.0674936339323454E-8	9.136296739267842E-7	1.7507567327854695E-10	7.29218198738866E-7	2.696952344780101E-5	3.915665766636809E-11	1.1911889693531346E-5	5.170676999783026E-6	7.898901131565598E-6	8.494534316182405E-8	3.633465345484725E-10	3.042704687690803E-7	6.739134894431745E-9	8.941399900357125E-10	2.2347218023085366E-11	1.398807622599275E-9	1.6330950660006908E-14	4.223726661797604E-7	1.6053164981599443E-7	3.425244777772764E-7	1.8846671436810624E-7	1.0116859002811127E-5	3.5678309188122047E-8	3.502499311648088E-5	3.4997919937939164E-5	1.752600708361682E-5	3.0643796103550925E-12	2.0010634291953643E-12	4.5334026252950427E-11	6.817002276416987E-7
3.0196241777811497E-6	4.7122830325776033E-7	6.2315235296339525E-9	2.746572262080367E-7	5.2542838963261385E-11	2.1963513495878227E-7	8.090868744380623E-6	1.1759314950837774E-11	3.576070748681114E-6	1.5521204412331372E-6	2.3714903201573395E-6	2.5500159911788812E-8	1.0963996257832101E-10	9.15600082893697E-8	2.023056412119986E-9	2.6869841232609393E-10	6.707521022729091E-12	4.200771639510395E-10	4.902663320268607E-15	1.267237334551538E-7	4.82464659955191E-8	1.0293515100875012E-7	5.661256379050006E-8	3.0351073703402296E-6	1.0730800885934139E-8	8.134296591135111E-9	1.6208227717032804E-9	8.7576273130232E-6	1.6835436862654384E-9	5.323612107665899E-11	1.3609514287124686E-11	2.049292469100597E-7
9.556367404029954E-6	1.4894628581212858E-6	1.964110945712751E-8	8.679446521315326E-7	1.6632121162104432E-10	6.927544648501733E-7	2.5620942833924122E-5	3.719867314597852E-11	1.1316249079175362E-5	4.912123125962349E-6	7.503925485904785E-6	8.069774704656909E-8	3.4517780073455025E-10	2.890557670205895E-7	6.4021520519087016E-9	8.494295279102659E-10	2.1229770580666024E-11	1.3288618244826817E-9	1.5514339884184645E-14	4.012523972011862E-7	1.525044456544326E-7	3.253969274368789E-7	1.7904264879832224E-7	9.273082169985658E-5	3.389425556180812E-8	2.5719414771776644E-8	0.0	2.5719414771776644E-8	2.911148762799219E-12	1.9010025084685296E-12	4.306714938091211E-11	6.476125763247446E-7
3.161132737158793E-9	9.31642137631883E-10	2.3354929953214946E-10	4.4290367480207023E-10	4.8881419738311404E-14	8.631444880515704E-10	2.727525569311741E-11	1.1186593279303671E-14	2.8179351629413755E-9	1.594330436023513E-9	2.3961332798785014E-9	2.6933565789895505E-11	1.8325731028816572E-12	1.838283215167653E-10	3.949276398175606E-12	2.2958124568847876E-13	2.9471954822702934E-15	6.569916558933758E-13	9.272016755549992E-16	1.8663284684555313E-11	9.69324648628164E-11	2.246214673576275E-10	1.0743887942512555E-10	7.407134503172057E-11	1.4407390277506287E-10	1.1047161471507348E-11	0.0	1.1047161471507348E-11	1.1274346598970191E-15	5.088817379197988E-10	2.5941373842215434E-12	4.710030247954973E-10
8.087529826811802E-10	2.309672627841384E-10	3.3569891847324586E-12	1.4408092714890392E-10	1.262187338822335E-14	4.00554936026837E-10	8.079422790740565E-12	1.462388663575742E-15	7.238114284036235E-10	4.076136666266544E-10	6.165922525517155E-10	6.9003747064564685E-12	3.4486650930954896E-13	8.955940562900633E-11	4.453625120308462E-13	9.273963888661871E-14	7.158764450854523E-16	1.7869208143680656E-13	1.3351773558381477E-18	4.9459759508489886E-12	2.46032288060395E-11	1.0338905092704499E-10	2.3276515861314648E-11	3.10177091875394E-11	7.088389694455579E-12	2.7113899349577418E-12	0.0	2.7113899349577418E-12	2.6878089668930923E-16	1.7233022769620276E-16	3.679371822852298E-15	2.5083796077596567E-10
5.0013693348520986E-9	6.059464446803275E-8	3.2197557272573397E-11	3.259829163099761E-9	6.816175150410063E-14	7.563606119779077E-9	1.3371129838407152E-10	3.825775174661691E-14	8.852936031648477E-9	2.6146720576059636E-9	5.034174362072801E-9	4.464739081038974E-11	5.300927686771435E-12	1.7121862035042926E-9	6.771121935956697E-12	1.9839449284814232E-12	1.5637503257829164E-14	6.9840743847850905E-12	5.305040436396658E-12	1.4745016859866715E-10	9.33303868085808E-10	2.4474251199080116E-9	7.098247133836577E-10	2.5887729860189877E-10	4.680104403352396E-10	6.002389034176718E-11	0.0	6.002389034176718E-11	6.668581460601318E-13	1.3112455210254724E-15	1.4843658689964234E-8	2.3851256305937674E-9
1.9874267175531613E-4	1.02668065307092E-5	1.8068217211153928E-7	1.376978553358928E-5	1.3619316877775729E-9	5.0052399313196025E-6	1.5618075772834105E-6	7.193641469527406E-11	6.212079173462335E-4	1.151362890665413E-4	2.216059623253704E-4	1.7165181986187916E-6	3.172454994804693E-9	3.1120404762785136E-6	4.5353203961033144E-8	6.546753522689425E-9	7.407227455707033E-11	9.342658528097686E-9	1.2480478125550657E-13	4.6321115083953254E-7	1.1249773810620911E-6	2.5317184233552044E-6	1.682829097421934E-6	1.6985933595768604E-6	2.478848041071481E-7	7.778077462774724E-7	0.0	7.778077462774724E-7	1.103561062351165E-10	3.850648418435568E-11	3.4708421323334287E-10	4.563537574296555E-6
