37
NULL,access@access,open@__open_nocancel,lseek@llseek,dup2@__dup2,alarm@alarm,fcntl@__fcntl_nocancel,ftruncate@__ftruncate,write@__write_nocancel,read@__read_nocancel,rt_sigaction@__libc_sigaction,lstat@__lxstat64,openat@__openat64_nocancel,fstat@_fxstat,time@time,mmap@__mmap,munmap@munmap,mprotect@__mprotect,rt_sigprocmask@sigprocmask,exit_group@_Exit,sched_yield@sched_yield,syslog@__syslog,getpid@getpid,writev@__writev,close@close,open@__open64,read@__read,close@__close_nocancel,mremap@mremap,stat@__xstat,socket@__socket,fcntl@fcntl,connect@__connect,getdents@__getdents64,getrlimit@__getrlimit,write@__libc_write,madvise@madvise
0.021469804525336384	0.2411479816107178	0.06459206469299106	1.1645608473483693E-7	0.0	0.25108098170885007	0.003960236331486699	0.0	9.358853738108676E-4	4.8669052013715185E-5	0.04629027819798205	8.385874558452214E-5	5.182964595348565E-10	5.152497625621539E-4	0.01871022979770649	0.05925219040405638	0.05393764719291304	4.037014825331266E-5	0.0715957263575933	0.023508438424364505	4.174671735055799E-4	0.005694739174029924	0.0077640619732352294	0.005321890595760904	0.005503025315301114	0.0024814557752069247	6.800147879936554E-7	3.6802770652181145E-7	6.925155704163749E-5	0.0012678187328977104	0.0010671192570626878	0.0	0.0010671192570626878	3.3309631424003247E-7	1.4211048734960592E-6	0.09085618426682907	1.0506410964459805E-7
0.0	0.1105262868505025	0.2411479816107178	0.0	0.0	0.0	0.0	0.0	0.0	0.0	0.0	0.0	0.0	0.0	0.0	0.0	0.0	0.0	0.0	0.0	0.0	0.0	0.0	0.0	0.0	0.0	0.0	0.0	0.0	0.0	0.0	0.0	0.0	0.0	0.0	0.0	0.0
0.13529649054603188	0.0	0.038663215701281214	0.12861228500176808	0.0	2.642717970792673E-4	8.763149453277273E-5	0.0	0.0014179613427569029	0.01751654684614407	0.013449671859410726	2.4416675190506686E-5	9.674337871163537E-9	0.0018455543968101053	0.0025993835539678935	0.0377161398873639	0.006865773977920506	1.3381049265498403E-5	0.027373805891025352	0.0073373030835708316	1.2040140573130724E-4	0.05708479845623527	0.001939871383680128	0.0015417624493967996	6.825386341479906E-4	5.08499743977877E-4	3.436232167181631E-7	7.612629354752759E-5	5.66960885460028E-6	2.769949440832668E-4	2.47658747393988E-4	0.0	2.47658747393988E-4	7.344481482306265E-8	2.367607826910533E-6	0.011447858000335666	1.0832394638718746E-7
0.06430620506688106	0.0	6.937977190745553E-8	0.12861225685938105	0.06430612842952474	1.2827571242505712E-9	0.011339177218689461	0.022678250696858936	0.0793739310389084	1.397456331948995E-10	1.274690785586189E-7	1.466730176344571E-10	2.053823074741453E-15	1.0080776772004425E-9	3.4241540022284426E-8	1.2137255396222342E-7	1.4009470114707368E-7	6.147469612485001E-11	1.398295805243333E-7	8.225588074194044E-8	1.4237389056771903E-9	8.488182657172686E-9	2.0303143702901976E-8	1.0798476913934501E-8	8.880436585119445E-9	4.204250046641934E-9	3.5277760034004525E-12	9.122845584599817E-13	1.4084147697127364E-10	1.6688413618494014E-9	1.8581875952991082E-9	0.0	1.8581875952991082E-9	5.673846877637679E-13	5.7105861925032084E-12	1.1829759004654797E-7	2.1715409911876654E-13
0.03216172426296329	0.0	2.5002701875177996E-4	3.7434004823058485E-11	0.0	0.03125683801494321	4.524729251142229E-4	0.0	1.079958249851249E-6	5.2570987823725486E-8	1.8692372551919666E-5	7.719352288803663E-8	2.7341006819885894E-13	1.2442271271761774E-7	3.4523416116764285E-6	2.567515799247959E-5	1.1580185860975806E-5	1.1316182926372438E-8	4.091454151454395E-5	9.887748476631712E-6	1.604256815995829E-7	2.3162755160409068E-5	5.010683496437967E-6	3.7833829108437597E-6	1.0784648475110895E-6	9.230232135306347E-7	2.944797122214563E-10	4.2665552845328826E-10	9.165744540720332E-9	7.557646867152419E-7	4.5716530980993575E-7	0.0	4.5716530980993575E-7	1.0117802202691075E-10	7.361015173110895E-10	1.3453333322331758E-5	7.06738516345548E-11
0.21703285548838822	0.0	0.0	0.0	0.0	0.37895949379670724	0.39732879017653194	0.0	0.0	0.0	0.3973282757275045	0.0	0.0	0.0	0.0	0.0	0.0	0.0	0.0	0.0	0.0	0.0	0.0	0.0	0.0	0.0	0.0	0.0	0.0	0.0	0.0	0.0	0.0	0.0	0.0	0.0	0.0
0.0	0.0	0.0	0.09071310567724124	0.0	0.39732879017653194	0.0	0.0	0.0	0.10795108363141376	0.0	0.0	0.0	0.0	0.0	0.0	0.0	0.0	0.0	0.0	0.0	0.0	0.0	0.0	0.0	0.0	0.0	0.0	0.0	0.0	0.0	0.0	0.0	0.0	0.0	0.0	0.0
0.0	0.0	0.0	0.022678250696858936	0.0	0.0	0.019843533665879997	0.0	0.0	0.0	0.0	0.0	0.0	0.0	0.0	0.0	0.0	0.0	0.0	0.0	0.0	0.0	0.0	0.0	0.0	0.0	0.0	0.0	0.0	0.0	0.0	0.0	0.0	0.0	0.0	0.0	0.0
6.477363767370123E-4	0.0	0.01591654716996772	2.446873493891381E-9	0.0	2.7813992552018036E-5	0.059539721119004026	0.019843533665879997	0.006505398666449669	1.0515405549302325E-6	0.0015040916417202936	2.2152723317640367E-6	1.1943101564536513E-11	5.092144128714546E-6	1.4839483517935597E-4	9.243378450385402E-4	3.3919843312262964E-4	4.6125793932089926E-7	0.004089085893116351	7.861505859064209E-4	1.194426344076516E-5	2.89425273877893E-4	1.530525734607848E-4	5.038183013172771E-4	5.0201502310457303E-5	4.6370278849924906E-5	1.5699809905516777E-8	1.2404914176889455E-8	3.2458296702076996E-7	2.155762256933808E-5	2.3123642540081395E-5	0.0	2.3123642540081395E-5	6.849825099757291E-9	3.263500640388954E-8	4.709925332632554E-4	2.2226503541013344E-9
5.269628604070602E-4	0.0	0.0014094352154335724	1.958858091350287E-9	0.0	0.004076739762340782	0.10255597186841797	0.0	0.0064904532271644385	3.1272532505613736E-4	0.0012374140487125798	7.851578277996448E-7	7.73264448520116E-9	3.887022490282647E-6	1.0526777100369269E-4	0.0019617314804944307	2.0520775367262705E-4	3.5486242088399586E-7	0.0034444959154286627	6.447196513584317E-4	9.715755278283706E-6	9.581400927813486E-5	6.735379449408176E-5	4.842987001341967E-5	3.629647255773299E-5	3.220497346807623E-5	1.555707699503447E-8	7.979561531280293E-9	2.2651039819843155E-7	7.622258042039964E-6	1.5962558849921913E-5	0.0	1.5962558849921913E-5	6.535200222436317E-9	1.6888778444222535E-6	3.264137188742136E-4	1.5098023012556629E-9
0.1995381014496858	0.0	0.01981239474048773	1.2108933664269036E-7	0.0	0.325438493920221	1.5068381469051276E-4	0.0	0.0016180296942761292	4.2865733915203415E-5	0.10561738002844966	5.166227645261814E-5	7.625450715425207E-10	2.952074146305069E-4	0.007220370485216583	0.0726421462736245	0.013283748726469508	2.1338167911839883E-5	0.08721700876354117	0.13393347814938353	0.0023167834038670555	0.0022495864171554036	0.004781791667810246	0.0036366619203302237	0.0026544658373640127	0.00209945487806626	1.1353321671901617E-6	6.252139068880079E-7	1.4996249986003772E-5	4.995795152462585E-4	9.609049838174351E-4	0.0	9.609049838174351E-4	3.193995866636079E-7	2.1208452551736253E-6	0.022796442585301127	1.0670039039942152E-7
5.596467075024626E-6	0.0	2.6828566909202238E-5	2.8032393120865774E-11	0.0	2.779877446257387E-7	9.217964910588393E-8	0.0	2.8759246095837376E-7	2.3730027822756182E-5	1.2084074061468128E-5	2.295456832023857E-4	8.607127769613107E-5	1.1506602626545191E-7	4.8426611543700345E-6	1.4846353927478242E-5	4.363394521654824E-5	8.755199165198517E-9	2.1545349034173543E-5	6.218763334858151E-6	1.0678900911471433E-7	2.725474981807558E-6	3.501269535135626E-6	2.2355854210464646E-6	1.138346656430343E-6	5.842689529980916E-7	1.7758984879436144E-10	2.861165730661448E-10	2.8989477657933555E-8	2.9616455659107376E-7	2.6233562749757534E-7	0.0	2.6233562749757534E-7	7.874355150459791E-11	4.1949300369424723E-10	2.084500352989168E-5	8.680161810631426E-11
5.723961275806158E-7	0.0	2.9977303848401523E-6	2.8064113914770015E-12	0.0	3.0535246969070146E-8	1.0125368493348247E-8	0.0	3.1066960092605454E-8	4.671880061137135E-8	1.2410400959058915E-6	2.4520066386128918E-9	4.017842094263823E-14	4.4260920408224E-5	4.57364291830748E-7	1.4673723230479097E-6	4.636737530498101E-6	8.489657502853607E-10	2.3067108004182904E-6	6.400463197083055E-7	1.088226166636179E-8	3.1560503668047323E-7	3.428666151209981E-7	2.569718945925377E-7	1.079092112682812E-7	5.876942017023032E-8	1.7955450971236312E-11	3.3843804544380216E-11	2.625122288217158E-9	3.069562150465708E-8	2.669415692545324E-8	0.0	2.669415692545324E-8	2.0538970629557594E-9	1.1156174833752814E-10	1.970434902782541E-6	1.0621487238643127E-11
2.2444110992072275E-4	0.0	3.5527929119323853E-4	4.849399635375035E-8	0.0	5.487465542417732E-6	1.8196221162976432E-6	0.0	6.821690957374738E-6	3.7970995474040245E-7	4.478509623430428E-4	5.139056542726163E-7	8.260674657323726E-12	1.4332056950684677E-5	6.818521696159258E-5	6.994668845165233E-4	3.137236692825549E-4	1.6771665553680434E-7	6.026434726677144E-4	2.4315563292367492E-4	4.327137668599039E-6	3.467958476114312E-5	4.2229960487394526E-5	5.086573549064437E-5	3.549623548119555E-5	1.954253069290604E-5	7.812273683216681E-9	3.699080773635307E-9	1.4712079154439593E-7	5.189965370452029E-6	9.717514063444289E-6	4.0345900344833885E-6	9.717514063444289E-6	1.5159546683950416E-6	2.2959302782554388E-8	1.9735739638670967E-4	1.0324646121390947E-9
0.003261968159339573	0.0	0.0314075816941916	1.7431477326100715E-8	0.0	1.6259861426520453E-4	5.3917064683008236E-5	0.0	1.3678534812348712E-4	2.2299413144059114E-4	0.00696680647925301	1.3845517440371719E-5	7.930418159075107E-11	3.812123322786795E-5	0.001101792057792656	0.02366308383789928	0.0025069390661793213	3.1906226112504058E-6	0.01083579154579064	0.003583547850333675	6.333214584209167E-5	6.491133880932333E-4	0.00285091513740784	7.938729884647808E-4	3.7216476632222337E-4	3.260997856710937E-4	1.5103743403967411E-7	4.221749246481157E-8	2.5425143845698413E-6	1.3452950711978593E-4	1.629908201233116E-4	0.0	1.629908201233116E-4	4.937750967612454E-8	2.1732308393783488E-7	0.003308095648289239	1.2898863120628858E-8
0.00630060474138813	0.0	0.024777007391107424	3.0412724008937965E-8	0.0	3.032086695566319E-4	1.0054280919189994E-4	0.0	6.697546741504919E-4	1.9169558006938954E-5	0.013482156600676188	2.718988938851405E-5	1.6768475701511746E-10	8.823156026771829E-5	0.0020564202323393815	0.17504956535083865	0.26322499331537247	0.05124151918550763	0.02489563870792554	0.006973798159699766	1.1845314028166007E-4	0.00710777209136621	0.001966929001018941	0.005197955669839033	7.982302968222789E-4	9.0429988659564E-4	3.097059846939482E-7	3.398189628696471E-7	5.10466193176214E-6	2.782319795674985E-4	4.6376135357526833E-4	0.0	4.6376135357526833E-4	8.539411987767329E-8	4.606605212943484E-7	0.007961196372552673	9.486164138634236E-8
0.010483860811312596	0.0	0.01905236553342685	5.029836469822499E-8	0.0	2.525655211327181E-4	8.374973920380173E-5	0.0	5.507335894619059E-4	4.867105669679627E-5	0.021364443815652286	2.6736099184951816E-5	4.922511741275564E-10	1.973921152767254E-4	0.005098480439448879	0.0724987183202788	0.06399749265631774	0.09564887668890977	0.037523918497679006	0.010973669877691841	1.8937393628681677E-4	0.004417630153982257	0.004954184776581482	0.002453983507694823	0.0011549500580783376	9.182510421876702E-4	5.029422004402457E-7	1.7518940858574755E-6	3.5623036671026E-5	2.6399120495751265E-4	4.515352980120837E-4	0.0	4.515352980120837E-4	1.4402819950475403E-7	1.3702311510783163E-6	0.024333554427189916	7.460219203915048E-8
0.003586753378062043	0.0	0.0030829760385201943	2.1274132971109822E-8	0.0	4.9850766495241964E-5	1.653031923899172E-5	0.0	8.382318669324378E-5	6.5450926283365475E-6	0.007709100172891083	7.624695167553396E-6	7.149870199877443E-11	4.972684323950084E-5	0.0011058516627322143	0.026226665402168517	0.07580232406916158	4.241664312072546E-6	0.009648919822879144	0.003841182991976446	7.109531774778916E-5	3.378701559399694E-4	7.493979465418633E-4	4.1841780375159325E-4	4.0358999356198533E-4	3.443178305419288E-4	2.602720634811368E-7	3.126027110647784E-8	2.8161952385303177E-6	6.856303205569753E-5	1.7076330580973118E-4	0.0	1.7076330580973118E-4	6.34276898945705E-8	1.986536626010558E-7	0.0038076022973581574	1.0475861535652515E-8
0.1268226187284206	0.0	0.027823667536487823	2.04304841826504E-7	0.0	5.988122127761191E-4	1.9856378822863329E-4	0.0	0.0018278832604268764	6.019523370940229E-5	0.24489792659729792	7.29600826263018E-5	1.1496326711856927E-9	4.4853817358713073E-4	0.011903285982810268	0.08703935004013061	0.019892195165750918	3.063751455377068E-5	0.11246990295165167	0.13386600291218348	0.0017484465313875267	0.0031469118702033036	0.00683728805699308	0.0052348472820579394	0.004056369955013702	0.003046171395765104	1.8486613936025557E-6	6.886613912042803E-7	2.2938558466924943E-5	6.921916026404756E-4	0.0014285835236233539	0.0	0.0014285835236233539	4.807512370988592E-7	3.1998674837038157E-6	0.0331226778818393	1.3043508151164445E-7
0.1428349974319387	0.0	0.0159072113606867	5.705824465526221E-8	0.0	4.0662351220147866E-4	1.3483476663116167E-4	0.0	0.0016761255314173217	3.713944790130747E-5	0.03032278373549493	4.394154413201888E-5	6.092922437701314E-10	2.3167579460897232E-4	0.004699800958375042	0.07065221777833022	0.01069533167264246	1.54903516818278E-5	0.0707109473979448	0.016456839225810163	2.607691205221002E-4	0.0018381440769680603	0.0040087566734843365	0.0029776166306759648	0.001841289887838656	0.0012598099233405522	8.411995522590546E-7	6.585771124734308E-7	1.1875040083199476E-5	4.320130081706498E-4	5.147392716016434E-4	0.0	5.147392716016434E-4	1.5026098310733534E-7	1.6933833401247426E-6	0.01915635067772314	9.887855419414365E-8
0.0013936847823834365	0.0	1.9569266497719242E-4	1.0227891784418097E-9	0.0	4.660292482996333E-6	1.545334764278007E-6	0.0	1.733290098108406E-5	4.403383754511601E-7	0.001078056331801456	5.265256645122102E-7	7.689880105257555E-12	2.958678535341766E-6	6.843819352117526E-5	7.606955232205441E-4	1.341648489217255E-4	2.0204829906804751E-7	8.432937891035098E-4	0.0014668580587374064	7.895088430851351E-4	2.2391237739608503E-5	4.855959617419847E-5	3.656585487950949E-5	2.5150352357593784E-5	1.8305597271055925E-5	1.134582565360559E-8	6.725876473669442E-9	1.513026159452474E-7	5.105823682204573E-6	8.070264320271612E-6	0.0	8.070264320271612E-6	2.5660433877775398E-9	2.1385463255891682E-8	2.329623285379152E-4	1.0926471335751722E-9
0.0034627035912930555	0.0	0.0031630148614029924	1.4202214068846953E-8	0.0	5.609658516208761E-5	1.860140828597087E-5	0.0	0.0014804015606430234	8.05945229558327E-6	0.007199231514537562	6.4521215128671615E-6	9.611100580706765E-11	5.079839985915713E-5	0.0014378064828305468	0.005223134597044454	0.001717396445283392	6.402550288070127E-6	0.01591616990990694	0.003887618180491541	6.261409941844057E-5	3.4512974790974787E-4	6.549348037747443E-4	4.5214094509266555E-4	2.812153491227821E-4	2.245743680859299E-4	1.5180116801418028E-7	3.167836839015643E-7	1.942789240306554E-6	6.219564703008349E-5	1.102816365513801E-4	0.0	1.102816365513801E-4	3.7046621261511035E-8	2.673439861895986E-7	0.0043628022331356755	4.4775561971666916E-8
0.002145068940885496	0.0	0.005123612083582372	1.0430408369338935E-8	0.0	1.61993282040532E-4	5.3716338884329844E-5	0.0	1.974905432087499E-4	6.714631358712558E-6	0.004600453252694683	1.449023711777277E-5	6.172846309999363E-11	2.597766087862511E-5	0.013242165935075418	0.00444532923023861	0.005085550435139754	2.198053869548217E-6	0.008514194294466397	0.0024013965106306936	4.077960715017931E-5	0.001424822553525618	8.44392882574632E-4	0.00829267225371413	5.865913015351352E-4	0.0010922099851087609	6.859334260669294E-8	6.053702498129708E-8	1.7769137096217416E-6	1.8355184965295707E-4	5.839407490644511E-4	0.0	5.839407490644511E-4	2.873891709372746E-8	1.6816272221102833E-7	0.002475463857227245	1.104255704775472E-8
0.0026648999898700424	0.0	0.0015483931396827017	1.553916472467695E-8	0.0	2.7432235293934003E-5	9.096421955540952E-6	0.0	0.006598339756673371	2.6206679583155344E-6	0.005695165694600311	3.2406258605941137E-6	5.040727564111508E-11	2.0582987666556793E-5	6.558373617238487E-4	0.00318486953582065	9.475966357611309E-4	2.0010504849043294E-6	0.007275906632265324	0.0028568840464763706	5.259841656332267E-5	1.6780800601864026E-4	3.0243537600597737E-4	2.473648392105104E-4	0.0019500791546943179	0.004896647812296821	8.071790102043155E-8	3.3820141433138334E-8	1.0007781747441869E-6	3.0509138158659662E-5	0.002652665077023052	0.0	0.002652665077023052	4.489704686136356E-8	1.402696469425929E-7	0.0014524042587057873	7.663355949426899E-9
0.0016995562520485026	0.0	0.0012302497767478176	6.783143793147464E-9	0.0	2.2753711672269442E-5	7.545041816969557E-6	0.0	2.1375627485059482E-4	2.732378338949196E-6	0.0028542213590963357	2.9090635038776935E-6	4.69792822902972E-11	1.910990868242387E-5	4.8359915354158074E-4	0.0021757656590810524	0.0010008777637676978	1.3523464235984672E-6	0.003999358534616076	0.0018484204532783148	3.103368831492552E-5	1.363006588956678E-4	2.669009223646265E-4	2.1118279591254946E-4	0.0014140372462723891	0.004162240415580922	8.071580250788736E-8	5.1956377694359815E-8	9.627319740640669E-7	2.6767794519182724E-5	0.0035037480690179213	0.0	0.0035037480690179213	1.0947625394534875E-8	1.30809582593392E-7	0.001521983984954799	8.457422669631988E-9
0.0014889424279952703	0.0	0.0019413003788589182	6.3091665025286975E-9	0.0	3.0196636296198155E-5	1.0013086518288977E-5	0.0	1.6473297850522534E-4	4.442379644877789E-6	0.002626613619251447	3.2130024529398076E-6	6.777998710304614E-11	2.803019986047974E-4	6.392258418560125E-4	0.0023901116635849226	0.0057686823100347355	1.4221629517124814E-6	0.0037764383184985505	0.0016175882254270823	2.7432508287371205E-5	2.4803571985064244E-4	4.8334197877220356E-4	2.494533744140019E-4	5.346199195077296E-4	1.2773267004092685E-4	6.687619981244406E-8	7.54147602629502E-5	5.0394718312622945E-6	7.466242740354607E-5	3.952357500769987E-5	0.0	3.952357500769987E-5	1.2023687463428592E-8	1.8880127500983065E-7	0.002524439554979913	9.321627359277987E-9
1.4794792133022575E-7	0.0	9.943494721413993E-7	6.174725686951012E-13	0.0	8.137585425476281E-9	2.698391506789128E-9	0.0	9.022873200726088E-9	1.4503767531123747E-9	3.267330664150903E-7	6.634520605579014E-10	7.135981608503166E-15	3.022640357509908E-9	4.552783662599446E-8	3.2554452490722167E-7	5.699363471153469E-6	1.184781612994104E-10	7.64305446753619E-7	1.7346854910945564E-7	2.759793236707559E-9	9.585342755879642E-8	4.520487720328585E-8	8.543390868422196E-8	1.4506204914067206E-8	1.269070103273519E-8	4.46752373772942E-12	3.6839427050660584E-11	1.1041777633240698E-10	6.368306303593272E-9	6.332546658663093E-9	0.0	6.332546658663093E-9	1.6545764337657204E-12	1.973785502712081E-11	2.8563718657851436E-7	3.775016243051124E-12
3.3390706775733123E-6	0.0	7.2070611933321285E-6	1.728192332587426E-11	0.0	8.929082692536124E-8	2.9608489055642828E-8	0.0	1.1054608654499092E-7	1.2348625532929075E-7	6.739331310138011E-6	8.156672117342007E-9	5.956066878625467E-12	5.086354713488075E-5	1.1655822849874852E-6	5.200376073827149E-6	7.945933056766937E-6	2.6902911300208103E-9	9.475614931265838E-6	3.628375795553591E-6	6.429130584727796E-8	7.456667337743162E-7	7.961534401695544E-7	7.396215285236742E-7	3.608731862183902E-7	2.77295612812555E-7	1.1473015203654966E-10	9.002938083482988E-11	3.779177138161514E-9	8.519143804837503E-8	1.3621863679610571E-7	0.0	1.3621863679610571E-7	4.558119803517735E-11	1.666274179249856E-8	3.727250475034824E-6	2.5459699211085603E-11
5.540246789645076E-6	0.0	1.2226397793794049E-5	2.536896779572607E-11	0.0	3.825323053068123E-7	1.2684621662843615E-7	0.0	2.98924760719298E-7	1.3679779001359407E-8	1.2012288076895454E-5	2.9620993779209072E-8	1.3591529847035312E-13	5.704382593126894E-8	2.4150865261921062E-6	1.1802280868863091E-5	4.378510517531752E-6	6.065292823770352E-9	2.4612354554137895E-5	6.336011024625145E-6	1.0472845851076991E-7	1.5829260269430482E-6	1.9924814655156868E-6	1.5043260231196415E-6	5.71064598466548E-7	5.035876689683061E-7	1.6778099471960862E-10	1.0052992288797983E-10	4.097116210545862E-9	2.904029806809507E-7	2.5046931618210176E-7	0.0	2.5046931618210176E-7	6.870348999711796E-11	3.695379966671883E-10	4.7848738224467396E-5	2.1228403037887114E-11
9.765205523517693E-5	0.0	1.2808921483985526E-4	5.287987135389074E-10	0.0	2.4578426637101336E-6	8.150110164147639E-7	0.0	2.924621966611674E-6	1.2732406097413224E-7	1.998156380312339E-4	2.2741591436523715E-7	2.563814252246624E-11	1.6327122875053429E-6	8.324694331836928E-5	2.3923077275036578E-4	4.8674040464534306E-5	1.7327504218153598E-7	2.6466406609623993E-4	1.0551547477036096E-4	1.8993211601851644E-6	1.3871980420320346E-5	3.564915716706049E-5	1.6324877075573425E-5	9.194263081014495E-6	8.410283206179122E-6	3.9833938852586686E-9	9.572850874604823E-10	5.001551418033205E-8	2.496537134912797E-6	4.219592849423072E-6	0.0	4.219592849423072E-6	1.4226628643813288E-9	7.16671710162654E-8	6.675004456719425E-5	3.3354727221150556E-10
3.8509570946104076E-4	0.0	2.8738159686601816E-4	1.5323769297550272E-9	0.0	5.607408803252874E-6	1.8593948325779406E-6	0.0	4.641514946461556E-5	6.037121422240345E-7	6.615899480357286E-4	6.818708193156925E-7	1.0398481191486683E-11	4.238204790744375E-6	1.0844087086808503E-4	4.94214852778007E-4	2.232842943989886E-4	3.025634792913844E-7	9.971370179067535E-4	4.218114839112016E-4	7.037500819033581E-6	3.196880271425568E-5	6.13416902063422E-5	4.835863919033151E-5	9.918261481667112E-4	0.002621826381280742	1.7732598970459986E-8	1.1306792391121913E-8	2.1499543718771872E-7	6.316755949218846E-6	0.0034003054952063357	0.0033918809293219014	0.0017043625045202134	2.5753139211771946E-9	2.8937576248838885E-8	3.3779164045399067E-4	1.854374798826855E-9
1.1571156170185617E-4	0.0	8.646118583806485E-5	1.3501710847357635E-8	0.0	1.685498756034584E-6	5.589047967163022E-7	0.0	1.392937137356409E-5	1.8159876028635597E-7	1.9886610744906174E-4	2.048839710355935E-7	3.123249483708406E-12	1.2789773414560667E-6	3.262996952888643E-5	1.4859765988532869E-4	6.726938295102919E-5	9.099033829364121E-8	2.996471659031921E-4	1.267399901424692E-4	2.1148499333676862E-6	9.61717961945553E-6	1.843991803138227E-5	1.453579781535105E-5	2.975669365629597E-4	7.865634623361683E-4	5.32545593817628E-9	3.394693585004357E-9	6.47440125653047E-8	1.8998338192345294E-6	2.535875596690886E-6	4.0157605572731745E-7	8.505073709397531E-4	4.176632786466504E-7	8.691547801844579E-9	1.0152945479366563E-4	5.571623252159045E-10
3.658394326761918E-4	0.0	2.7301140411609414E-4	1.4557521490235624E-9	0.0	5.327016647982291E-6	1.7664178903041622E-6	0.0	4.40942122452639E-5	5.735241971926284E-7	6.285078885776279E-4	6.477746377544094E-7	9.878516863019993E-12	4.026278138443661E-6	1.0301840737933725E-4	4.6950219625530547E-4	2.1211921499399034E-4	2.8743413362722216E-7	9.472763055240983E-4	4.007192762192755E-4	6.685598524836187E-6	3.0370238776975008E-5	5.8274368145764245E-5	4.5940519958385386E-5	0.008997927367269613	0.002490724908998906	1.6845900351127657E-8	1.0741408985170744E-8	2.042448327425004E-7	6.000893689650343E-6	8.003304965456902E-6	0.0	8.003304965456902E-6	2.4465382520234984E-9	2.7490585373479135E-8	3.209007503080224E-4	1.761648877681086E-9
2.988972650894194E-7	0.0	3.034568860240273E-7	1.260819685023783E-7	0.0	5.530603430516726E-9	1.8339264713097242E-9	0.0	8.563010487772931E-9	2.4727096543130166E-9	4.955311535504442E-7	6.095908364761497E-10	2.6082078453251524E-13	5.8791934794215784E-8	1.0373625021702503E-7	4.395504201393251E-7	3.417560132985789E-7	1.995835419529272E-10	5.542313701529434E-7	3.215357473228931E-7	5.545054564091644E-9	3.436624239855236E-8	6.18003148517589E-8	4.7773701188226856E-8	2.9325286103878408E-8	1.597078445334166E-8	1.3735230286856713E-11	3.7068305433284606E-12	6.176449034521032E-10	1.8828185644912325E-8	7.335579156133255E-9	0.0	7.335579156133255E-9	2.171073200700052E-12	7.296288073305684E-10	3.1120449958143057E-7	9.279965094614739E-13
6.064792056103167E-7	0.0	1.6123599979563832E-5	3.0063226669016473E-12	0.0	5.016721338441968E-8	1.6635251790044707E-8	0.0	3.7719810745109356E-8	1.6673943717014092E-9	1.309286256015252E-6	3.8425407724709165E-9	1.4550827287763903E-9	8.295591698530422E-9	4.726787818859167E-7	1.632544480043111E-6	2.3972646908736166E-6	9.253252757802983E-10	2.376461897524984E-6	6.773159284332625E-7	1.1574383688672067E-8	2.276740074985272E-7	3.9834447820054495E-7	2.2795776143806693E-7	7.868218211184599E-8	6.53851629178866E-8	1.901161903206153E-11	1.4457648998136003E-11	1.972760747211641E-9	7.098122432590397E-8	3.225879091688921E-8	0.0	3.225879091688921E-8	1.9028437324093155E-10	4.071363448574262E-6	1.1068304748285095E-6	3.580838379980824E-12
0.03301096059738681	0.0	0.00807507485745818	8.195425374979356E-8	0.0	1.522566625099025E-4	5.048771392095509E-5	0.0	3.820496530425341E-4	1.4897512539758961E-5	0.05507297352019964	1.8268841671742707E-5	2.891171385057225E-10	1.1592155932345409E-4	0.00359536489688026	0.021365485337221466	0.005004790853110906	1.0208531438149988E-5	0.16046262069167483	0.028640394843303982	4.240887117065483E-4	8.857798061340544E-4	0.0017259632918412236	0.00138896219212704	0.0012911998992930494	0.0012788089428665236	4.6030993277966973E-7	1.4132376231561494E-7	5.708220317853286E-6	1.729581873728592E-4	6.416199820661233E-4	0.0	6.416199820661233E-4	2.3352795765057276E-7	8.0467681224767E-7	0.008004642034001908	3.4788638072298324E-8
6.449523726636326E-8	0.0	6.643995905360404E-8	2.2761478640045E-13	0.0	1.7298961669263065E-9	5.736268045613556E-10	0.0	2.425777425003949E-9	3.1018425023019053E-10	1.1608086610882569E-7	1.6306400173330097E-10	3.442392659809731E-15	1.2900266726142357E-9	1.6331692546862855E-8	8.674317836747684E-8	3.59138280049041E-8	3.787822537667203E-11	2.514835432592326E-7	6.53701730062694E-8	1.0475641659312576E-9	7.9495011019304E-9	1.1802527635232476E-8	1.1758399664056908E-8	5.063763727326802E-9	3.90334886336856E-9	1.8828473281491742E-12	1.945123109186155E-11	3.8989631171732776E-11	1.5033301806223198E-9	1.9209984857317447E-9	0.0	1.9209984857317447E-9	5.286188006608128E-13	9.583271467695995E-12	1.3203139391816947E-7	1.6420273312015107E-13
