32
NULL,open@__open_nocancel,fstat@_fxstat,mmap@__mmap,read@__read,munmap@munmap,open@__open64,close@__close_nocancel,rt_sigprocmask@sigprocmask,exit_group@_Exit,rt_sigaction@__libc_sigaction,sched_yield@sched_yield,mremap@mremap,time@time,read@__read_nocancel,mprotect@__mprotect,madvise@madvise,lstat@__lxstat64,openat@__openat64_nocancel,write@__write_nocancel,syslog@__syslog,getpid@getpid,writev@__writev,close@close,stat@__xstat,socket@__socket,fcntl@fcntl,connect@__connect,getdents@__getdents64,lseek@llseek,getrlimit@__getrlimit,write@__libc_write
0.9715203921928831	0.008553132494722919	9.307607551879727E-5	0.006242164589510625	5.670368636008905E-7	0.005176506911121906	5.749518758738821E-4	5.026810913448694E-8	0.14145230612857074	0.0342957902444548	0.06430090101429793	5.419960842505941E-4	2.3327240330704502E-6	0.0014815007504636927	5.506265757705003E-5	3.1526614223633504E-6	4.833330498576708E-8	5.812722470072397E-6	5.5433719191786766E-11	2.3667099110068985E-4	0.0012052355355855503	0.0014593059175320956	9.30731968900742E-4	8.18011236602067E-4	4.663973424025234E-4	2.760340892451543E-4	0.0	2.760340892451543E-4	3.7569487284997004E-8	1.3929770998768399E-8	1.5343668097862497E-7	0.003217043920406818
0.003474034156412783	0.0061684375630352934	2.99548838284312E-4	0.003809947888462336	9.54490056757183E-8	0.0019521871401775145	5.23839009954628E-5	1.5936915378395433E-5	0.007853998596804782	0.0021376633985895487	0.003987487406049426	3.4728094231543585E-5	3.5363328912973516E-7	3.090655257547057E-4	0.002967601303148035	1.0849077716734813E-6	3.0934808234600807E-8	1.7488685437450506E-6	7.220873901229504E-10	2.560712300613427E-4	0.011824301168058469	3.7308767374149855E-4	2.5109419990236023E-4	9.040365838162235E-5	2.22051294964895E-5	2.4320608671550117E-5	0.0	2.4320608671550117E-5	2.6817093384330513E-9	9.404281457398292E-10	1.5674240457910327E-7	6.766060626871341E-4
9.837110603767208E-5	3.927798835742862E-5	1.2899595364247266E-6	7.41703107579847E-5	1.3588452588881002E-9	3.4310841856403445E-5	2.052785026655542E-6	4.4839968649792014E-10	1.6028896290128146E-4	6.285977595123263E-5	1.1689118059177656E-4	1.0958330764649316E-6	9.22292254174471E-9	4.502674712127654E-6	5.665641399137601E-8	8.616507731814808E-9	1.2542364602457852E-10	2.7450116274069698E-8	4.531836489669419E-13	7.564231077680668E-7	4.213376411231811E-6	5.707836744385299E-6	8.269099507232823E-6	5.46240072827185E-6	2.2956814446118038E-7	1.0030052663225489E-6	3.362496305872836E-7	1.0030052663225489E-6	1.2618138552459906E-7	3.977653902558179E-9	1.2596679050595646E-9	1.324902143252093E-5
0.0019951501405160044	0.0022198622372918745	1.1485462743309077E-5	0.01784169867216029	8.50252499932164E-8	0.02425934509329811	1.3351758003753392E-4	5.022039981131845E-8	0.0037528691484041443	0.001082673615549157	0.0020631286747842593	1.803300243424152E-5	2.4980672984659686E-7	1.360979286964374E-4	3.087091319389353E-6	0.005429438590832641	1.0982036985482127E-8	1.753687305257305E-6	8.365726323797607E-12	1.0956354591528206E-4	0.001227327509638542	2.549687849110733E-4	0.0010521981938938381	9.581790277871456E-5	1.250202384768371E-5	6.976617962919419E-5	0.0	6.976617962919419E-5	1.5407280300688502E-9	5.193200807017687E-10	2.30279189698651E-8	5.227564159132705E-4
1.7875466559173162E-7	5.286104652131848E-7	5.387401920107682E-10	5.1904364288601234E-8	2.1772064729287104E-12	2.7247344555083092E-6	2.9323276257713976E-9	2.9511906021567272E-12	3.9924562642903896E-7	9.947632135865394E-8	1.8326963630856484E-7	1.5690653813651844E-9	1.5832565347746118E-11	8.3599368810035E-9	2.4701753504762836E-10	1.7812070429149684E-11	1.945796443791971E-12	1.485235905431959E-10	6.432540927705335E-16	3.840049886145059E-9	4.9701485014891966E-8	2.551822485925719E-8	3.701370876149993E-8	4.226232170467673E-9	9.052955220917834E-10	1.4090675158590415E-9	0.0	1.4090675158590415E-9	1.0367002586191146E-13	3.96760589558213E-14	1.7451732268330888E-12	3.24836408487136E-8
0.003898224758027328	0.002428649276345686	2.4972783200929577E-5	0.006636023141021305	1.5976413959656515E-7	0.006842774336334548	6.396034006131165E-5	1.4170154081021068E-7	0.008745258469370664	0.0024936143828813784	0.004640196352860701	4.090861808929453E-5	2.50407490587069E-6	5.946654936982355E-4	1.6744836569642123E-5	0.010134826345718342	1.3635810937100327E-8	1.3532911726730945E-6	2.7801518813529668E-11	7.147569707706766E-5	6.986743837893198E-4	9.025511699856202E-4	2.599690652171955E-4	1.2347721655276813E-4	1.1756214454854148E-5	2.8987433126714343E-5	0.0	2.8987433126714343E-5	3.1694908924231747E-9	1.1282763937958611E-9	7.745424968461776E-8	0.0016125944860202154
7.453205483086354E-4	3.371643062618293E-4	6.927050006358918E-5	1.4247061448830042E-4	1.5008421539826316E-8	0.001030201376761256	3.192361047588819E-5	1.5902882542279336E-5	0.001133726816945372	4.82358931802951E-4	7.776623409389802E-4	7.962215249730013E-6	8.051382208124238E-7	1.0403017519164258E-4	1.0575431385668586E-6	1.0970635629657835E-7	2.234765305429648E-9	1.8140628969231742E-7	4.211843090412704E-12	3.0465961951888073E-5	3.420321082043551E-5	1.428289251078799E-4	2.9336032399805022E-5	2.4459030071246533E-4	1.0842817315875803E-5	3.4616626288501346E-6	0.0	3.4616626288501346E-6	3.842657043647315E-10	2.01731923749156E-10	1.1730502666661319E-8	2.846375679320334E-4
1.4016058493629136E-6	8.102854686896378E-7	1.026133043610079E-5	2.3614791963586676E-7	2.0176021375120426E-11	6.697985005447962E-7	2.0892590164804936E-8	1.3368046520656183E-11	2.2587731721245866E-6	8.915751809800068E-7	1.6283026705682023E-6	1.5422000362924022E-8	2.2903465738225296E-10	8.304053227484953E-8	4.310158718766575E-9	1.2865650350750426E-10	2.8464677372004257E-12	4.139619618135191E-10	4.468150370119488E-13	1.1742978178002178E-8	8.103582857317105E-8	1.1511536474304088E-7	6.653340908253209E-8	3.782044862312925E-8	3.4043311070457945E-9	9.664594246570545E-9	0.0	9.664594246570545E-9	1.225862382458559E-12	4.573774432547462E-13	1.2500639827137557E-9	2.4710932198516546E-7
0.16413550994336393	0.007660461299282615	1.4742640245571994E-4	0.009509532833341714	1.2324105620720681E-6	0.004067901665444566	8.031951342344305E-4	7.074661779859311E-8	0.11212182613295626	0.11264137993310949	0.2036896941975771	0.0014814710431435094	2.5932685137143747E-6	0.002229301584437628	4.2157514846468074E-5	4.29869088407202E-6	6.065376786632178E-8	7.442703227062631E-6	1.0688794166295294E-10	4.5911236893007845E-4	8.994180070141873E-4	0.0020972279740719088	0.0012189374457624996	0.001165376638009903	1.1346205936286943E-4	3.7385977128397363E-4	0.0	3.7385977128397363E-4	5.07186330777663E-8	2.163479466620341E-8	2.9744401831010486E-7	0.0037906665806100273
0.16302637417796967	0.004471042169932151	6.597509003670318E-5	0.006437903680039946	5.008989425341968E-7	0.0023836508597858998	2.916092583474611E-4	5.847048455379197E-8	0.052721559503815324	0.012982873629575302	0.024117849101113316	2.0503529480520646E-4	1.2950491365425301E-6	8.724740121689645E-4	2.6828802095666234E-5	1.970308444146496E-6	4.2010497383441035E-8	3.95525558271054E-6	4.755247224838015E-11	3.7056220491829843E-4	5.521967574982558E-4	0.0010595188622796311	6.194401691454501E-4	4.8033467803724496E-4	7.962338635020495E-5	1.1757022330235846E-4	0.0	1.1757022330235846E-4	1.4276326830518982E-8	5.240697256557687E-9	1.320497678563202E-7	0.0020371407487542997
0.1537995781595154	0.005590735082868944	9.142138417539686E-5	0.007309913330021921	7.224635772844757E-7	0.0029340763562367644	5.378334959659964E-4	5.98857699878921E-8	0.07779622893332569	0.10588067603256221	0.0894219793801221	0.0018062795203878594	1.6944274013791919E-6	0.0013421343284081985	3.142864701658837E-5	2.9031039095007145E-6	4.810457644997769E-8	5.032592452653626E-6	6.586263300403037E-11	3.820903548423881E-4	6.725732882239304E-4	0.0013802132226885058	8.107034636842115E-4	7.395138203051327E-4	8.735799337866353E-5	2.4545548434416173E-4	0.0	2.4545548434416173E-4	3.316508321950734E-8	1.241841256463305E-8	1.8308174577624172E-7	0.002560755947726493
0.001664807836103289	5.523891317042025E-5	9.077704787237591E-7	7.477343498838717E-5	7.194904629431918E-9	2.9323985908183056E-5	4.603494984660127E-6	6.322735272381458E-10	7.221170677699241E-4	0.001146887116555011	8.943149777241783E-4	5.881562524051909E-4	1.696621268343969E-8	1.2875486481323251E-5	3.190164927043018E-7	2.7216509893848614E-8	4.85643146623435E-10	5.049470300365811E-8	6.555928237502165E-13	4.035625560158038E-6	6.685297765669131E-6	1.3815375367083759E-5	8.068471777026104E-6	6.953894180118961E-6	9.097866898464834E-7	2.0210766587314653E-6	0.0	2.0210766587314653E-6	2.6358518531255017E-10	1.0384367359914642E-10	1.8222612343059315E-9	2.5853098268318177E-5
1.0661918834633276E-6	1.1611748157154409E-6	2.78839769111348E-9	4.068019861461427E-7	1.234617264540537E-11	1.857394473941089E-7	1.862540561641719E-8	2.1843384537766957E-12	2.049585440044591E-6	5.622135811852078E-7	1.0578155979347887E-6	9.192904062693083E-9	1.0674154617698358E-10	1.0425371267205366E-7	1.230010559810278E-9	2.1705444639938277E-10	1.9129936366299227E-12	1.0483898430018532E-9	2.5039260930189687E-15	2.2783636069756896E-8	1.310616325546841E-7	1.7971357533978924E-7	8.268929029798769E-8	2.861529529026226E-8	6.3565752538283645E-9	8.833052731617372E-9	0.0	8.833052731617372E-9	6.88025791761742E-13	2.526863254490733E-13	6.610079843101559E-12	3.3378555639068425E-6
0.0018743373861018326	0.0028829532890285985	6.996799887509591E-6	0.0023809137058499108	5.738954947183686E-8	2.904133406989305E-4	3.453218282138526E-5	3.076039582399635E-9	0.0031891469652861847	0.0010554085536773766	0.002015484260307443	1.8105288817162562E-5	1.880144896512836E-7	1.3531663629011754E-4	5.232374976946784E-5	2.720831470348875E-7	7.088778889511422E-9	1.3611077690629442E-6	3.900066614895625E-12	2.8500060470878323E-5	1.561443924764426E-4	6.605365672423545E-4	1.284187775779552E-4	5.3262257420378124E-5	9.220680098415047E-6	1.6506588702164143E-5	0.0	1.6506588702164143E-5	1.5683305404260417E-9	5.459064823998515E-10	1.0440207178559796E-8	2.571401889578618E-4
2.0480777863729916E-4	7.323877502364734E-5	5.009254671189959E-7	1.6399636063036468E-4	4.049691984157132E-9	1.665456331775964E-5	2.3631172148594007E-6	3.812541357028642E-10	7.812224014814461E-4	1.5517819156335305E-4	2.9691775790893787E-4	2.3274876065081163E-6	1.2608422552393329E-8	7.155135291281582E-6	1.2634230199773734E-5	2.0085867566093247E-8	3.0473956444069604E-10	2.4583533743141313E-8	5.828748334659307E-10	0.0013809837760300956	2.967539432761447E-6	7.094297792831254E-6	3.0446771193366307E-6	3.748584656425342E-6	2.9406171059972514E-7	1.1083368444027028E-6	0.0	1.1083368444027028E-6	2.3147091233700306E-10	5.451259229116011E-11	1.2593861455218422E-7	1.8780089079967842E-5
8.550904982225772E-4	2.2601169831631293E-4	7.731025916625648E-6	0.0023974957458263524	8.880741333106967E-8	0.007926399752702882	1.5444096703403186E-5	8.363198922820892E-10	0.001475849970380292	5.48031355600013E-4	0.0010930113312429734	9.810223387697547E-6	1.352405412032935E-7	7.398801716611456E-5	1.4517672214398418E-6	2.3417994068863492E-7	1.2066163018694056E-9	3.290248369237478E-7	1.34164285863361E-12	4.666888941873879E-6	2.3524402262108796E-5	1.0580751633793162E-4	2.252840417034329E-5	3.19367942528939E-5	3.567642128421993E-6	6.842618264851311E-6	0.0	6.842618264851311E-6	1.0771614841823317E-9	3.2541188813781684E-10	3.7143692479779454E-9	1.8624082817010338E-4
5.07999531468532E-8	2.847666757969279E-8	1.6840415439242005E-10	8.725639579677028E-9	7.746524549323669E-13	1.178568404498047E-8	5.872686634554591E-10	1.5053608774294836E-12	1.0619494437432506E-7	3.205752602879815E-8	5.480376356078854E-8	5.102624485749663E-10	3.4953228126131825E-12	2.0496800384353776E-9	1.815022807346569E-10	3.750680616873392E-12	9.177518742282097E-14	2.0668497048134305E-11	2.3397401862854264E-16	5.473802930272765E-10	2.9381063117134118E-9	3.819777861584618E-9	2.4071056279804776E-9	9.644054182593775E-10	1.396782371343207E-10	2.766531301707268E-10	0.0	2.766531301707268E-10	2.6945172622889092E-14	1.2453322828557509E-14	6.477315495316539E-13	1.0398349143959409E-8
1.5701359284070151E-6	2.753760817951398E-6	1.491462223020613E-8	6.858808526636771E-7	2.1317274356578E-11	3.2091603937237354E-6	3.696021621615599E-8	4.527706380195479E-11	2.8905948127327874E-6	8.115492151826875E-7	1.546839599638622E-6	1.3435058480596174E-8	1.7928330138309034E-9	4.259851778839155E-7	6.266457384387767E-7	4.406958484564365E-10	8.856241478034882E-12	1.9129943757327976E-5	7.173327416570577E-6	2.6985651889274952E-8	2.4255993888077377E-7	5.398656117252995E-7	1.8026389603215768E-7	1.4747402822982324E-7	9.745227145335354E-9	1.2217360515550301E-8	0.0	1.2217360515550301E-8	1.0670079927049934E-12	3.8081039604215367E-13	2.099004206515029E-11	1.4181959959942564E-6
1.4343689896502746E-7	2.740916624977157E-7	3.689256121862056E-6	6.501035885789465E-8	1.749046779566141E-12	3.3518761126840027E-7	3.4837209499190884E-9	5.989528073799739E-12	2.624049447478285E-7	7.272304910841856E-8	1.3944594337592878E-7	1.2041168303428681E-9	1.62150453875777E-10	3.838087911581704E-8	1.3867522288632239E-9	4.0157996075211966E-11	9.092215669342374E-13	1.1292482872674713E-10	2.7142226444127783E-15	2.8220446545785135E-9	2.6833225546997885E-8	5.0487422669096593E-8	1.986415603873488E-8	1.3401851722801709E-8	9.467674152907403E-10	1.177112902108426E-9	0.0	1.177112902108426E-9	1.5446479474939427E-10	3.4266191249505856E-14	7.553621811797393E-12	1.3681656929283753E-7
3.157195907691198E-4	0.003437413975564375	6.571584208864598E-7	6.998941207653974E-5	3.3716503819540145E-9	4.045027028836265E-5	4.779030343443278E-6	8.068603624538316E-10	9.530442979590879E-4	1.974349984728762E-4	3.7622441404440714E-4	2.9983294628880028E-6	2.1495635889013497E-8	1.2020658422307912E-5	3.061595241256419E-7	3.186196246554445E-8	5.774371898845793E-10	2.1745072530307552E-7	5.30837078943978E-13	0.0013856748078945244	6.432353958387708E-5	3.7499075199478515E-5	1.01590699784893E-4	6.479133182996997E-6	1.353158782278347E-6	2.312667749166533E-6	0.0	2.312667749166533E-6	2.0333121103742617E-10	7.184756367265399E-11	1.404371069879284E-9	3.262357298480022E-5
0.001640226424337777	6.383005559124227E-4	7.863184949647595E-6	5.435827426601059E-4	4.7088633899672595E-8	2.5137094346147745E-4	2.1088668012051486E-5	2.350481189873953E-8	0.004370917379975047	0.0011271928641373487	0.0021052008964040944	1.8076322804369177E-5	1.0678992975023478E-7	2.519075062245433E-4	3.673491858946357E-6	7.896482050112134E-7	1.5570648312490622E-8	3.9558359044591695E-7	4.4546845233372825E-12	3.069544681189494E-4	6.23734285600532E-5	1.2453455729276818E-4	5.6188980844333886E-5	3.1672363706835805E-5	4.271021450114817E-6	1.0056294056024303E-5	0.0	1.0056294056024303E-5	1.3178686953508813E-9	4.780198363254578E-10	1.2360917611685446E-8	2.690595471321182E-4
0.001479833225789501	8.390617244824454E-4	3.093989720130643E-6	2.7144361142864216E-4	1.4178527351808921E-8	0.0011123416310114258	2.798316003687346E-4	3.772445419478798E-9	0.0019177838566876312	5.960803851564554E-4	0.0011403691470869008	1.0109235575289457E-5	1.011970468883698E-7	0.0027202683433760768	1.6727137058480248E-6	1.4448201920557887E-7	2.6554087588024128E-9	2.0585217773933125E-6	2.493947638792636E-12	3.823629303373957E-5	3.1911808247011273E-4	1.310261725958056E-4	0.002336293505836798	1.2982974661519703E-4	1.4114499908787313E-5	1.5059800024942797E-4	0.0	1.5059800024942797E-4	8.353273036608344E-10	2.98778784412791E-10	6.709751072427781E-9	1.4937889773019693E-4
0.0011953769334571579	1.4576664773912235E-4	2.033660131071207E-6	1.2073121766671197E-4	1.5933079470308354E-8	6.92072197682183E-5	0.0010124327925491712	1.9561724540445644E-9	0.00220844360317229	8.126814189290851E-4	0.0016106268674027915	1.447907041027334E-5	3.596518524989039E-8	3.493717048422403E-5	6.614646192880448E-7	9.441916912758865E-8	1.4885408051345203E-9	1.1807668115917611E-7	1.4906775435409903E-12	0.0013989860873689505	1.622834362548915E-5	3.104682146600868E-5	1.836132261650116E-5	3.887057604878999E-4	1.3299740399193396E-6	5.485797811531421E-4	0.0	5.485797811531421E-4	1.3672851333879783E-9	4.695472805364293E-10	4.141439984547798E-9	5.743556344034316E-5
7.900179486332012E-4	1.3055244736278078E-4	2.0479300115826774E-6	8.60358387940687E-5	1.774259067934684E-8	7.1171655499144E-5	8.774714225946084E-4	3.76465170031269E-9	0.0011779555691892865	5.37587572007402E-4	8.212600491576997E-4	8.756546545879469E-6	3.4919353472044705E-8	2.9288365416419923E-5	7.063300104492338E-7	8.57875085590321E-8	2.175317968910771E-9	1.1390004075422832E-7	1.5980901486935334E-12	4.030077745582111E-5	1.3482694113337326E-5	3.0041228267939553E-5	1.7002119672432463E-5	2.8611351854127313E-4	1.1837023033736266E-6	7.415686635910374E-4	0.0	7.415686635910374E-4	3.2673514340694256E-10	2.085387858237658E-10	4.445744131870916E-9	6.57522425663139E-5
6.623205054761419E-5	3.459781261161873E-5	3.8151020939656896E-7	4.480535321776881E-5	1.2556445730491181E-9	6.03469215772002E-6	1.0420238825431912E-6	6.542165129353342E-11	1.1109910692746603E-4	4.198727217228361E-5	8.026860822055516E-5	7.377134889644691E-7	3.5175069322807615E-9	2.138487307652299E-5	4.891484288667916E-8	3.9645688540809007E-8	1.4411286704688138E-10	2.10278273702179E-8	1.8658825513123644E-12	5.632534027988019E-7	3.536069567635558E-6	8.841450130036235E-6	2.888114352062424E-6	1.318955129880747E-6	2.4833405922648555E-7	5.124627962376146E-7	0.0	5.124627962376146E-7	6.407521162031448E-11	2.300239696806759E-11	5.2136842510364075E-9	4.677136525505726E-6
1.7981164109559115E-4	3.414337807819354E-5	4.6004907963712716E-7	2.0826002111374654E-5	3.904683772461415E-9	1.618825891048433E-5	5.570785206513195E-4	8.192918861845905E-10	2.8597802294509666E-4	1.2210034212906893E-4	1.892172287738713E-4	1.9813422875603413E-6	8.067246133475959E-9	6.812830556501948E-6	1.5678334566390563E-7	1.951259777887445E-8	4.769179565848896E-10	3.014252037970304E-8	3.584221364528979E-13	8.79713558824231E-6	3.572050695246232E-6	7.460562673760044E-6	4.114387090118324E-6	2.0922465234351294E-4	2.919755487626829E-7	7.233186558699354E-4	7.226648274235229E-4	3.619857039701942E-4	7.725380807961813E-11	4.721903414721096E-11	9.952236960191258E-10	1.492165641468751E-5
5.398059812456891E-5	1.0260819110988081E-5	1.3861047258353377E-7	6.2597284323488685E-6	1.1718688614143282E-9	4.874341333567174E-6	1.6712383899950692E-4	2.460400892054034E-10	8.585374045944978E-5	3.66520364292734E-5	5.68083020030958E-5	5.947911282510454E-7	2.4331336972126815E-9	2.0496496156168224E-6	4.706627617716251E-8	5.863361374645802E-9	1.431473506025005E-10	9.051455217950571E-9	1.0759744374056806E-13	2.6393922711397457E-6	1.0734100555786481E-6	2.2417855521683977E-6	1.2357819396769364E-6	6.276849167010282E-5	8.773250724333909E-8	1.964236620354138E-7	3.346803497676779E-8	1.8086289961190616E-4	3.476734340209225E-8	1.1010328755862686E-9	2.9876235470291597E-10	4.4851301751079505E-6
1.7082036270684838E-4	3.243607695151104E-5	4.370448440809695E-7	1.9784621355562725E-5	3.7094344626598176E-9	1.5378783274722617E-5	5.292224372907207E-4	7.783241191065536E-10	2.7167801432666314E-4	1.1599485217995293E-4	1.7975563457737638E-4	1.8822675002868462E-6	7.663852585791078E-9	6.472162645483458E-6	1.4894357122553522E-7	1.8536892325943547E-8	4.530702118553621E-10	2.8635277631564286E-8	3.4049964161385313E-13	8.35724474126787E-6	3.3934343274517465E-6	7.087505648487821E-6	3.9086518023421766E-6	0.0019150871345683246	2.773756406275051E-7	6.211344920933013E-7	0.0	6.211344920933013E-7	7.339081850451561E-11	4.485789958062628E-11	9.454586571403342E-10	1.4175515808728075E-5
8.23685343641364E-8	1.5470131326397785E-8	4.7459365735474E-9	8.193122467870222E-9	1.0796441934029277E-12	1.5636033246269902E-8	5.360464451649342E-10	2.0539795171607972E-13	6.969764445529363E-8	3.7237698018663175E-8	5.6767468288498725E-8	6.188454310789999E-10	3.581708551981637E-11	3.563471190434426E-9	8.580345487000476E-11	4.5060248132138E-12	5.850806820368189E-14	1.0353344955422772E-11	1.910963047964451E-14	3.356311282979035E-10	1.6060834439170167E-9	3.915295714149712E-9	1.703271432873301E-9	1.4298251230675792E-9	6.615794691352285E-10	2.2042905303660592E-10	0.0	2.2042905303660592E-10	2.695206244049755E-14	1.0507795588708758E-8	5.346642752986462E-11	8.73989437241733E-9
1.5424034349090058E-8	4.823180893723863E-9	7.220602487618392E-11	3.1062768622732952E-9	2.845379715391529E-13	8.327796237322776E-9	1.828207853769201E-10	3.045093233396848E-14	1.827658774850336E-8	9.683631179134901E-9	1.4896258205120454E-8	1.6138391239117686E-10	7.1436392544076E-12	1.881366218383055E-9	1.0978279734593536E-11	1.990079974578947E-12	1.60356664719738E-14	3.695485550060223E-12	2.887259963326972E-17	1.0682123571744782E-10	5.209492057923598E-10	2.140923557975056E-9	4.841002943287698E-10	6.889726767970666E-10	4.182218957847571E-11	6.295532448765299E-11	0.0	6.295532448765299E-11	6.72019614529784E-15	4.0507951793138215E-15	7.963886651884268E-14	5.2199008675735774E-9
1.8280699632923217E-7	1.236982281694037E-6	4.842741028314199E-10	6.302870909058385E-8	1.4652991021527748E-12	1.469819886742079E-7	2.5795985362017704E-9	6.98902451781355E-13	2.018559245673191E-7	6.011505672835107E-8	1.1524246551972899E-7	1.011492431371705E-9	1.0352815376520487E-10	3.4021295006491E-8	1.5080368765755043E-10	3.959052266679553E-11	3.0983955923080887E-13	1.315722520725127E-10	1.0940610302254643E-10	2.8245063596462427E-9	1.778496956010041E-8	4.7345858094803984E-8	1.2752570979025953E-8	4.87235779810147E-9	2.1268525747086384E-9	1.1710341798492073E-9	0.0	1.1710341798492073E-9	1.3759812229950788E-11	2.955718569307099E-14	3.0612148883624936E-7	4.5095926919172115E-8
0.003433535874534545	2.566605994557003E-4	4.373956348317792E-6	3.244407753894011E-4	3.259022337390695E-8	1.2968208756279975E-4	3.690699736554554E-5	1.756099729350594E-9	0.013634894296515376	0.0026618102312741003	0.005093076316805687	3.9670751099187076E-5	7.769191893079127E-8	7.417304548690146E-5	1.2618797015632806E-6	1.57225606676862E-7	1.8431952854543178E-9	2.239795390037097E-7	2.963240503897161E-12	1.112093698976931E-5	2.9427826284386102E-5	6.071010402353244E-5	3.9939068895076796E-5	4.1327233547348594E-5	2.9055749434510374E-6	1.834080319849713E-5	0.0	1.834080319849713E-5	2.6079517876025748E-9	9.137250359402977E-10	8.239794611934718E-9	1.1155332308401823E-4
