32
NULL,open@__open_nocancel,fstat@_fxstat,mmap@__mmap,read@__read,munmap@munmap,open@__open64,close@__close_nocancel,rt_sigprocmask@sigprocmask,exit_group@_Exit,rt_sigaction@__libc_sigaction,sched_yield@sched_yield,mremap@mremap,time@time,read@__read_nocancel,mprotect@__mprotect,madvise@madvise,lstat@__lxstat64,openat@__openat64_nocancel,write@__write_nocancel,syslog@__syslog,getpid@getpid,writev@__writev,close@close,stat@__xstat,socket@__socket,fcntl@fcntl,connect@__connect,getdents@__getdents64,lseek@llseek,getrlimit@__getrlimit,write@__libc_write
1.0024533489909535	0.0033067373244868546	3.6364373629169954E-5	0.0025542946823261738	2.508507784363803E-7	0.0020414368956857124	2.3929589723877966E-4	1.9545504344007965E-8	0.06182721498505919	0.014714631878456006	0.0276094875648393	2.3256857896757373E-4	9.252986773059721E-7	6.277393093516765E-4	2.315899907200765E-5	1.3197281063021444E-6	2.3726217743396957E-8	2.217578025093551E-6	3.3702925246010687E-11	9.489588535801633E-5	4.708066888778894E-4	5.826709187725038E-4	3.5698874523553927E-4	3.319319778206756E-4	7.215671073290695E-5	1.1519485147493671E-4	0.0	1.1519485147493671E-4	1.5992241749597244E-8	5.930831788637013E-9	9.362080339861432E-8	0.0013309153815829146
7.554515185534434E-4	0.0011921125028761343	5.929979390192558E-5	7.386570302213633E-4	1.6394936245055597E-8	3.6439780215294777E-4	9.474865574354348E-6	3.1698812280555933E-6	0.0013725404646162745	3.671387729220047E-4	6.872282150214309E-4	5.978679954354641E-6	6.695603532976794E-8	5.707557477432698E-5	5.898841780263556E-4	2.0833304515044348E-7	5.377133253250223E-9	3.3359026577871754E-7	1.6138313301484728E-10	5.0274458982615464E-5	0.0023459875379852543	6.898540518353416E-5	4.754479196750661E-5	1.633608570655445E-5	9.84972927292271E-6	4.388848251139549E-6	0.0	4.388848251139549E-6	4.676889046266776E-10	1.6171117735831942E-10	3.40811820072529E-8	1.2819411704010727E-4
2.1661760812827037E-5	7.716592556408001E-6	2.5484477210476323E-7	1.4605419729773392E-5	2.420957081596509E-10	6.745157070089265E-6	3.8936267808833353E-7	8.881883559622551E-11	2.770746371562397E-5	1.1225353027958742E-5	2.0891778480098005E-5	1.9762832556064297E-7	1.800209493171393E-9	8.477310156548054E-7	9.210994331044079E-9	1.6201461427976218E-9	2.114204851274561E-11	5.428560434187389E-9	8.89246023967236E-14	1.4555725635491177E-7	8.217765032492147E-7	1.1092167795283483E-6	1.6391614079824913E-6	1.051485925743016E-6	1.45011780074641E-7	1.9030874495945197E-7	6.688386020357514E-8	1.9030874495945197E-7	2.5097396983149448E-8	7.906372206385381E-10	2.4692818916926876E-10	2.5728055303837658E-6
3.8918378287360175E-4	4.465952611091117E-4	2.353089217446589E-6	0.003549102767043856	1.6114324240716002E-8	0.004830321438327442	2.648421955031145E-5	1.004058205014345E-8	6.7549910869481E-4	1.9380992720779877E-4	3.70853645699062E-4	3.246147482095799E-6	5.139097679298283E-8	2.643610502253075E-5	5.583738885473579E-7	0.0010799820358602626	1.9944786336054514E-9	3.551024464483165E-7	1.6885695338977408E-12	2.1852262623485316E-5	2.447086043554045E-4	5.11816185481741E-5	2.1087377009961804E-4	1.8868502669178705E-5	8.80947058492351E-6	1.3838473913106377E-5	0.0	1.3838473913106377E-5	2.812974398925997E-10	9.39751369870325E-11	4.636380450345815E-9	1.0470570782681879E-4
3.5212969028530074E-8	1.0510056341871503E-7	1.1270990080341539E-10	1.0253021485468279E-8	3.7005899230659443E-13	5.421142321087851E-7	5.673928777077516E-10	5.899344513281829E-13	7.298189816245336E-8	1.786530069515992E-8	3.294673729629655E-8	2.8197657244021803E-10	3.2817449382094832E-12	1.6097675595973256E-9	4.370031972675801E-11	3.454350483432796E-12	3.729797537717223E-13	2.9891965141853865E-11	1.2970801516317265E-16	7.632327336859426E-10	9.875335636937292E-9	5.101295890444346E-9	7.365501665941933E-9	8.229399567378523E-10	6.816326138370159E-10	2.7181433415657247E-10	0.0	2.7181433415657247E-10	1.845375195288961E-14	7.08083759160937E-15	3.5047217047609356E-13	6.498805354044452E-9
8.801277129331891E-4	4.7442350978305097E-4	4.856136184585164E-6	0.0013127010659130958	3.006100144438172E-8	0.001355197733998558	1.193860303301155E-5	2.81584832365532E-8	0.0015726885119905234	4.447108542906192E-4	8.291918390383275E-4	7.32394124153895E-6	4.955469801231619E-7	1.1536824368300324E-4	3.200443477647653E-6	0.002015938599491656	2.323159701771642E-9	2.649460534977963E-7	5.485213508256483E-12	1.3971474516813752E-5	1.3776463860838304E-4	1.769757846817056E-4	5.099919555009742E-5	2.301672976285223E-5	6.515115027168812E-6	5.398143470479176E-6	0.0	5.398143470479176E-6	5.710651687801399E-10	2.0218821455689944E-10	1.5272738224538514E-8	3.1696271467132093E-4
1.6664313665575454E-4	6.442816184938815E-5	1.3504371186748557E-5	2.6548649762523026E-5	2.6860074786466157E-9	1.9970740515354331E-4	6.087231877754466E-6	3.1632594994587933E-6	1.9311510490580827E-4	8.5692879549417E-5	1.3638826582851101E-4	1.4223523343852387E-6	1.564378063570016E-7	1.9877501499688676E-5	1.840447339097372E-7	2.0820684950308326E-8	3.8711959169663857E-10	3.483103617612399E-8	8.212957526382983E-13	5.998170168645662E-6	6.456803135730503E-6	2.7534504776567077E-5	5.627649313058867E-6	4.660296914106956E-5	2.810801317499612E-6	6.177277002550789E-7	0.0	6.177277002550789E-7	6.560243516128034E-11	3.5840139917900436E-11	2.286060667533499E-9	5.493839882136024E-5
3.0811851081567815E-7	1.596101035046382E-7	2.020658501301469E-6	4.487539933495317E-8	3.593990885144214E-12	1.3215316853532316E-7	3.891005856482169E-9	2.6542420076967926E-12	3.9033517797618124E-7	1.592515319374336E-7	2.906496989121847E-7	2.7803136759096913E-9	4.515236073778037E-11	1.5835578303170616E-8	8.223302809175921E-10	2.427338470681937E-11	5.050584213402271E-13	8.18999077133124E-11	9.071465976616403E-14	2.2656331779404517E-9	1.586011082793444E-8	2.252913220222119E-8	1.3106029505452304E-8	7.080367749944115E-9	2.1756213584461295E-9	1.7942683399392025E-9	0.0	1.7942683399392025E-9	2.230453810138416E-13	8.307715763150183E-14	2.537912157090853E-10	4.8294645222622744E-8
0.03925897494632399	0.0011760625829520335	2.4680011024228687E-5	0.001609955409021431	2.1321766599748455E-7	5.969414098392461E-4	1.321236155280491E-4	1.2047731684808888E-8	0.016104283511802688	0.020638386606493482	0.03729466391112654	2.676939252383388E-4	4.189449731954995E-7	3.7121498403942853E-4	5.7652689421300304E-6	7.077613818460829E-7	8.841837344567123E-9	1.2421865534379486E-6	1.915813159767025E-11	8.06273825995223E-5	1.299745734312293E-4	3.508340515290098E-4	2.044358896131631E-4	1.9144146568240124E-4	3.118338573014776E-5	6.106100880688147E-5	0.0	6.106100880688147E-5	8.21515158476785E-9	3.5969202942104352E-9	5.3307617243465675E-8	6.153786745058177E-4
0.03980548607193347	5.73987215078461E-4	9.297380547163513E-6	0.0010400291759381775	7.585958404741766E-8	2.814402114347122E-4	3.5397148802561805E-5	9.816816321718524E-9	0.004895283582784521	0.0012030386044294774	0.0022160643396428718	1.899703219745355E-5	1.7307948093234055E-7	1.1527235389254517E-4	3.0578511633990914E-6	2.6852680320637876E-7	6.088083174200872E-9	5.776709725678739E-7	7.84742707305233E-12	6.469929980106334E-5	6.460372410817872E-5	1.5611845321667148E-4	8.994710600658724E-5	6.324167655176397E-5	1.5174675534843212E-5	1.2506577176675306E-5	0.0	1.2506577176675306E-5	1.3233979306361191E-9	4.796582679210595E-10	2.1796825094322453E-8	2.843185574262395E-4
0.03716003902403914	7.98751796229102E-4	1.4234506003440221E-5	0.0012080222318758655	1.1792061426517727E-7	3.928668459916224E-4	8.314961785470146E-5	1.0095415640642704E-8	0.009920254058694618	0.0195713761106949	0.015037344378448045	3.3636843888982534E-4	2.5204853768446294E-7	2.0599166744154259E-4	3.9518093009958815E-6	4.498729406447278E-7	7.0086865578280786E-9	7.904791377363399E-7	1.1373241418078479E-11	6.670777811125542E-5	8.928982378848894E-5	2.1788875186938328E-4	1.276851083824843E-4	1.1312036336301347E-4	2.0286603147462447E-5	3.733602013336799E-5	0.0	3.733602013336799E-5	4.986022558231108E-9	1.8723672172112464E-9	3.16157518878386E-8	3.8765814516366086E-4
4.031402599608383E-4	7.654053882865273E-6	1.3883446207904916E-7	1.2268589919887933E-5	1.1622462317528765E-9	3.7999157823072037E-6	6.67432601403558E-7	1.0639393334607525E-10	8.453935585315674E-5	2.124283915883492E-4	1.4896414879701653E-4	1.1675020500606448E-4	2.4708552906037527E-9	1.9208242929478497E-6	3.910104777792424E-8	4.072085243565294E-9	7.041549156217487E-11	7.806898898407968E-9	1.1228184231317794E-13	7.04233681007087E-7	8.550549977506729E-7	2.151231460466582E-6	1.248542699079423E-6	1.0271158734302813E-6	2.0098462543239593E-7	2.8254848515758276E-7	0.0	2.8254848515758276E-7	3.5720832630343715E-11	1.4434274066027412E-11	3.121279793945465E-10	3.848564525081128E-6
1.982869380740685E-7	2.348909842529383E-7	6.066839886525306E-10	8.122363969242752E-8	2.1313704960177574E-12	3.862873800641721E-8	3.647688253190742E-9	4.622327337288362E-13	3.7138120409335294E-7	1.0104263325799383E-7	1.9056424626025239E-7	1.6588673886570012E-9	2.2558276247410762E-11	2.0632424097137823E-8	2.1484185940868127E-10	4.2924652744796644E-11	3.1304698904441496E-13	2.126454328159581E-10	5.171484196626613E-16	4.570915596909322E-9	2.6411552777559366E-8	3.636285457715127E-8	1.7075761566301976E-8	5.6622322105255806E-9	4.910288706217982E-9	1.72255405883597E-9	0.0	1.72255405883597E-9	1.2437918861996822E-13	4.564385168919795E-14	1.3562433083340783E-12	6.647107423388693E-7
4.133824041262273E-4	5.716928578520027E-4	1.3337242003083077E-6	4.711679660367194E-4	9.751528830275797E-9	5.621744727312326E-5	6.5512516763009244E-6	6.24773616557966E-10	5.549669898983682E-4	1.84087358022737E-4	3.544562259492472E-4	3.186886400374486E-6	3.65378768193974E-8	2.4510327130368052E-5	1.0222709258835651E-5	5.1944941615536484E-8	9.091366196780406E-10	2.7036719624840866E-7	7.730315143544475E-13	5.6160351574680506E-6	3.0993609599181165E-5	1.293184640872863E-4	2.5721247361163104E-5	9.955228094065986E-6	6.348166005089818E-6	3.1346470429929473E-6	0.0	3.1346470429929473E-6	2.817363014178056E-10	9.726308396012959E-11	2.0556020816199885E-9	4.90024823432631E-5
4.790938829332374E-5	1.4122705115070185E-5	9.255998218100205E-8	3.229797350532849E-5	7.444109223279414E-10	3.01709953486002E-6	4.2710811866810483E-7	7.344650108062491E-11	1.4673622506376993E-4	2.8272223414203478E-5	5.4265051715745994E-5	4.222994543654941E-7	2.3693127412135523E-9	1.3008803220827622E-6	2.5127184683327655E-6	3.7780125976578495E-9	5.0127486538425375E-11	4.581681446124577E-9	1.3054338883681415E-10	2.7468003574603956E-4	5.276060041584527E-7	1.2984385775758437E-6	5.585968562565333E-7	6.770459179637811E-7	1.297025194359341E-7	1.99835638627649E-7	0.0	1.99835638627649E-7	4.482891704005267E-11	9.726386098116046E-12	2.8142371149649315E-8	3.5432662086634113E-6
1.9269186548431642E-4	4.333234538207007E-5	1.5005124908929092E-6	4.753037725118004E-4	1.7311235742570952E-8	0.0015753943356453665	2.8720048018057724E-6	1.598489253438467E-10	2.5481867078615397E-4	9.708814465394197E-5	1.9518797299680803E-4	1.7595213538982932E-6	2.6245809965164557E-8	1.4076030020039608E-5	2.6341600624634733E-7	4.557992211450881E-8	1.6686400476712385E-10	6.449737655541733E-8	2.5648325390561615E-13	8.742744714942242E-7	4.460543198978737E-6	2.0494698740964578E-5	4.348107068616531E-6	5.957240377528158E-6	1.5102420342857107E-6	1.267004312073286E-6	0.0	1.267004312073286E-6	1.9944242764689132E-10	5.931304136232605E-11	7.088204681711047E-10	3.6189629998319885E-5
1.1195771851333537E-8	5.625427714254342E-9	3.3126318413189247E-11	1.6670645000746888E-9	1.3617995360313388E-13	2.3118160721548705E-9	1.0900392271519667E-10	2.993941424815631E-13	1.912200044160046E-8	5.759816268216652E-9	9.792395453412417E-9	9.185069249304869E-11	6.86571799324444E-13	3.810452368748019E-10	3.481319634574319E-11	7.026114992581576E-13	1.4838871178626944E-14	4.105198142823662E-12	4.62312210449729E-17	1.0672376686936913E-10	5.769112668094352E-10	7.441123144431276E-10	4.774797741020016E-10	1.7964212526219505E-10	9.254369311433925E-11	5.1227154078527085E-11	0.0	5.1227154078527085E-11	4.699713070881789E-15	2.220877324127716E-15	1.2778726634663859E-13	2.0394007015654683E-9
3.0271049562654687E-7	5.493695023570896E-7	2.963622003374889E-9	1.360520616728233E-7	3.3911256881507167E-12	6.390934421494472E-7	7.171847311548372E-9	9.039373567221077E-12	5.169231729568094E-7	1.435965721024877E-7	2.7522377540286717E-7	2.3894599900832093E-9	3.5735577256148364E-10	8.395190211080326E-8	1.237278643916962E-7	8.679088942769252E-11	1.5281136077893117E-12	3.80516644928061E-6	1.4268560750296039E-6	5.391287180986026E-9	4.8429695289988184E-8	1.0743455955380942E-7	3.638899177000326E-8	2.8363664052694264E-8	7.464735215072845E-9	2.361028427254014E-9	0.0	2.361028427254014E-9	1.9151283898290647E-13	6.805155587487161E-14	4.20891932724189E-12	2.8222583998080237E-7
2.6387820233165836E-8	5.485849782036686E-8	7.338378705488312E-7	1.2964096985715407E-8	2.9028837488721827E-13	6.684755436123188E-8	6.807247880822259E-10	1.1952375010866223E-12	4.7218728993129845E-8	1.2972521713804522E-8	2.4995064018027935E-8	2.1590706613028959E-10	3.2384964715058386E-11	7.622454420072078E-9	2.692069554473603E-10	7.946077563352561E-12	1.6647013329823165E-13	2.2972744678309525E-11	5.87051011133715E-16	5.659901657241374E-10	5.36702716476521E-9	1.0107416632638705E-8	4.013770133258409E-9	2.5892297273415453E-9	7.357204574166455E-10	2.2950927341764063E-10	0.0	2.2950927341764063E-10	3.4596998651764525E-11	6.171589250115941E-15	1.6331632313297065E-12	2.7294725544470835E-8
6.394699403607627E-5	6.850386467873654E-4	1.3936581331588287E-7	1.3888024847591793E-5	5.898264356518306E-10	8.319868272099972E-6	9.237469836661408E-7	1.6555832785543311E-10	1.784650598684084E-4	3.599574391164763E-5	6.878276047313083E-5	5.452745536460875E-7	4.5173674956538836E-9	2.340145738999237E-6	5.376556430209777E-8	6.21881287630604E-9	1.0079588904509832E-10	4.4247462533986915E-8	1.0870690478505718E-13	2.756353429961488E-4	1.2904763102660464E-5	7.5990445070015105E-6	2.040840435444091E-5	1.2652415372041946E-6	1.0150954186141418E-6	4.4544391634331533E-7	0.0	4.4544391634331533E-7	3.6647149544750836E-11	1.2897493354553357E-11	2.855337296477397E-10	6.60254371086441E-6
3.977340040949925E-4	1.206951577922041E-4	1.4602264630969213E-6	1.0407977878933481E-4	8.157509569436007E-9	4.616361722371493E-5	3.7992430293533856E-6	4.651963848150532E-9	7.943233709810463E-4	2.00174778910805E-4	3.7539615744973566E-4	3.213357348503714E-6	1.913771841033637E-8	4.796192255657904E-5	6.577092686747345E-7	1.546128350984175E-7	2.76043430462262E-9	7.404431776944156E-8	8.531626899126183E-13	6.0913731171172014E-5	1.1720198226096698E-5	2.239570102038359E-5	1.058044324049687E-5	5.560325135152085E-6	1.9183908444567764E-6	1.8169210644322183E-6	0.0	1.8169210644322183E-6	2.3450696012513925E-10	8.467635757230673E-11	2.3647100236482825E-9	5.0564193070263904E-5
2.2560396602000132E-4	1.8051182912488773E-4	8.068085551389461E-7	5.7653099405565144E-5	2.540713583951856E-9	2.2917481539041674E-4	5.6016379731157834E-5	8.414034750113721E-10	3.43948375382705E-4	1.0796814346748089E-4	2.071662385996314E-4	1.8459174748252846E-6	2.4724155979532273E-8	5.418496995390815E-4	3.035648327989508E-7	2.9687538502515745E-8	4.794550140575934E-10	4.2296202420478584E-7	5.556526591731952E-13	7.82892380075878E-6	6.505218178284099E-5	2.857768168542655E-5	4.6857326198659194E-4	2.640593536330658E-5	1.1388517589452502E-5	3.011666008532611E-5	0.0	3.011666008532611E-5	1.5395466749448025E-10	5.4981674547153826E-11	1.4891581636358115E-9	3.32214829005409E-5
2.7708842963726667E-4	2.5894450971540008E-5	3.6035749568362165E-7	2.140143525018281E-5	2.8076024708454954E-9	1.1900136101153657E-5	2.0108780221952572E-4	3.7215330225999156E-10	3.837338529691857E-4	1.4472559131125E-4	2.886580614729515E-4	2.608077538467626E-6	6.285116029287124E-9	6.189829052561323E-6	1.0551444817405624E-7	1.7301118217563574E-8	2.464037762260663E-10	2.135595784211379E-8	2.7591585773537463E-13	2.781782989377294E-4	2.807848704478027E-6	5.491443764953919E-6	3.3132960367379844E-6	7.690797652384696E-5	5.23522206508423E-7	1.0897290721390875E-4	0.0	1.0897290721390875E-4	2.5079345445950675E-10	8.569738867919206E-11	7.659372526042567E-10	1.016228992770681E-5
1.8494926233884125E-4	2.4065541804225133E-5	3.758038629883971E-7	1.5516712513298313E-5	3.233770643776072E-9	1.2958743029911296E-5	1.74388596908886E-4	7.390220496404156E-10	2.014373880312315E-4	9.64034265577359E-5	1.448536648275547E-4	1.5777451284061213E-6	6.329617536481717E-9	5.270176093204222E-6	1.2180374555918119E-7	1.6188055937183332E-8	3.829165714088367E-10	2.126155595360414E-8	3.038718850403552E-13	7.956710166738917E-6	2.4339947262139953E-6	5.448188650917173E-6	3.171972690246893E-6	5.664677965694917E-5	5.014005663579535E-7	1.4743513596170353E-4	0.0	1.4743513596170353E-4	5.457877430665242E-11	3.722030147011861E-11	8.44756218514701E-10	1.219417703658323E-5
1.5234901553805728E-5	6.737023715604633E-6	7.30929449054615E-8	8.785728795437783E-6	2.1111617179370607E-10	1.1056774871346459E-6	1.928183776716367E-7	1.2561660024264778E-11	1.9133091950637017E-5	7.420136995991244E-6	1.4257313585774891E-5	1.3180875103779377E-7	6.525331924374741E-10	4.189002753624268E-6	7.297042243428177E-9	7.803373968919946E-9	1.875899688970005E-11	4.093376455230237E-9	4.140620101111059E-13	1.0788624056836579E-7	6.862494819884327E-7	1.7035418615459394E-6	5.624238959124093E-7	2.390069729316594E-7	1.195695463662276E-7	9.50096494418731E-8	0.0	9.50096494418731E-8	1.1628919508911198E-11	4.1608480791169135E-12	1.156962658817002E-9	8.503898312449553E-7
4.18303096003862E-5	6.398379760843507E-6	8.490386946498832E-8	3.794912311277847E-6	7.108182548158338E-10	2.968502227722627E-6	1.1077688639582161E-4	1.6097305520961943E-10	4.945355530373688E-5	2.1917045245337703E-5	3.346098550584211E-5	3.5718150094616017E-7	1.4773481673752312E-9	1.2335894601078428E-6	2.6983078402542706E-8	3.687903770238196E-9	8.380495948243281E-11	5.713880382553293E-9	6.833711766380553E-14	1.7371109185635112E-6	6.584128387672878E-7	1.3728818122704222E-6	7.759265176043412E-7	4.1560998948867116E-5	1.34936338140697E-7	1.4386077670597327E-4	1.4374675868893233E-4	7.198729030942042E-5	1.3001748489226861E-11	8.430648528046704E-12	1.8954629272853249E-10	2.779106066496268E-6
1.2556885513629846E-5	1.923070232839913E-6	2.559020457293067E-8	1.1408129389314485E-6	2.1332416039253304E-10	8.941099266276999E-7	3.3233116154173165E-5	4.8342454660082276E-11	1.4846549601099755E-5	6.579013630689344E-6	1.0046014617897416E-5	1.0722430487367609E-7	4.458059000337981E-10	3.712144561582052E-7	8.100180435316302E-9	1.1082486746398054E-9	2.5153062218252195E-11	1.715927327742579E-9	2.0515170626947702E-14	5.211825596079207E-7	1.9788069605462408E-7	4.125808345120342E-7	2.3307471812450391E-7	1.2468507262466557E-5	4.058257815188844E-8	3.425717568758464E-8	6.657171247340416E-9	3.597100037396402E-5	6.914908369118871E-9	2.187191770184082E-10	5.690249050583028E-11	8.354413266510035E-7
3.973863212937958E-5	6.0784359945994884E-6	8.065834719518517E-8	3.605151999633581E-6	6.752745893784457E-10	2.8200656205906794E-6	1.0523761308429311E-4	1.5292377906900123E-10	4.698068602597636E-5	2.0821108107681864E-5	3.178780665039317E-5	3.393210426869055E-7	1.4034750378657349E-9	1.1719052099354519E-6	2.5633819988436143E-8	3.503494300044451E-9	7.961438696736805E-11	5.428164235998571E-9	6.491999714004091E-14	1.6502486455440142E-6	6.254896470762007E-7	1.3042324050699015E-6	7.371271868909335E-7	3.8088045675986035E-4	1.2818899868264972E-7	1.0831667464565096E-7	0.0	1.0831667464565096E-7	1.2351610714526791E-11	8.009083453330463E-12	1.8006824405997962E-10	2.640140000876367E-6
1.3830715744846102E-8	3.730403218442331E-9	9.581491884211611E-10	1.8017039611890516E-9	2.011862267076261E-13	3.4895333985325455E-9	1.1216345282127087E-10	4.5370655075109904E-14	1.1724312628809265E-8	6.765809460132615E-9	1.016217365367143E-8	1.133163955832353E-10	7.48983332529129E-12	7.464182430690167E-10	1.6208779457674507E-11	9.38494561172144E-13	1.0640632251414116E-14	2.6165870798883504E-12	4.273320302979907E-15	7.588657739140105E-11	3.8822166043241785E-10	8.993936650448679E-10	4.2970504339368557E-10	3.056422258698383E-10	5.351131406584905E-10	4.548013372227504E-11	0.0	4.548013372227504E-11	4.818699446803501E-15	2.090119316995615E-9	1.1955984483238389E-11	1.9064115691592454E-9
3.383965210260633E-9	9.483725073318865E-10	1.3936701864524411E-11	5.96642482164199E-10	5.168911981802941E-14	1.6454465166913945E-9	3.384231760795914E-11	6.024714576682859E-15	3.0280513886245458E-9	1.733867612306705E-9	2.623275599225722E-9	2.9101171131485117E-11	1.416359331591353E-12	3.670661865922287E-10	1.826633347796281E-12	3.8285567778370775E-13	2.4653307521755333E-15	7.3246994540718E-13	5.60428794262257E-18	2.0553086909676405E-11	1.014137127632823E-10	4.223563032267507E-10	9.584922340661148E-11	1.3019811391559853E-10	2.6634306533987944E-11	1.139311170199483E-11	0.0	1.139311170199483E-11	1.1441434121428991E-15	7.275217128197766E-16	1.5420060862561735E-14	1.0294244072065455E-9
3.81941316721256E-8	2.7580494307074954E-7	1.339411641787176E-10	1.4097078482973945E-8	2.8498187669111864E-13	3.060347309951414E-8	5.804876132608992E-10	1.5646124998996419E-13	4.290312024428469E-8	1.266630930151116E-8	2.433018033459369E-8	2.139240015807363E-10	2.1294527180497218E-11	7.235762062528862E-9	2.926899894895624E-11	8.788932936817827E-12	5.6376655527374346E-14	2.834911319728897E-11	2.4467495703018746E-11	6.078296610967593E-10	3.846634696469712E-9	9.828304254492978E-9	2.9418016629490803E-9	1.10562461670703E-9	1.87295606919418E-9	2.6205520913481544E-10	0.0	2.6205520913481544E-10	3.0762076951074688E-12	6.252300895141416E-15	6.846077050985079E-8	9.72298210438958E-9
8.075340951727882E-4	4.297142781945426E-5	7.588594168221073E-7	5.780947323533099E-5	5.671649960074691E-9	2.091787642924882E-5	6.612089384045697E-6	3.031728342887526E-10	0.002566832158180702	4.863181405256663E-4	9.330237178692509E-4	7.216071819156897E-6	1.3213797510181277E-8	1.2961574159038854E-5	1.88146742247172E-7	2.7602693355750867E-8	2.7561318896934277E-10	3.902103679368517E-8	5.426926724359234E-13	1.958926847554961E-6	4.731693258649723E-6	1.046295835760938E-5	7.056539286924343E-6	7.202943287054434E-6	9.655650386235502E-7	3.2935147984641054E-6	0.0	3.2935147984641054E-6	4.680525681250024E-10	1.6318492354883447E-10	1.5084551094821445E-9	1.8971865856106657E-5
