32
NULL,open@__open_nocancel,fstat@_fxstat,mmap@__mmap,read@__read,munmap@munmap,open@__open64,close@__close_nocancel,rt_sigprocmask@sigprocmask,exit_group@_Exit,rt_sigaction@__libc_sigaction,sched_yield@sched_yield,mremap@mremap,time@time,read@__read_nocancel,mprotect@__mprotect,madvise@madvise,lstat@__lxstat64,openat@__openat64_nocancel,write@__write_nocancel,syslog@__syslog,getpid@getpid,writev@__writev,close@close,stat@__xstat,socket@__socket,fcntl@fcntl,connect@__connect,getdents@__getdents64,lseek@llseek,getrlimit@__getrlimit,write@__libc_write
0.9127624881144398	0.003385688284479144	3.7007750354648194E-5	0.0026678927354761343	2.5393514048628814E-7	0.002096001906070816	2.513743871094862E-4	2.0273023128243365E-8	0.065664669816659	0.015667176221337353	0.02934285299514677	2.4592042324950137E-4	9.509781901346615E-7	6.428376132365764E-4	2.3567005287118047E-5	1.38010837312926E-6	2.078060547426386E-8	2.262329461067715E-6	2.3590104158449973E-11	9.909694160404842E-5	4.852052148553898E-4	5.829130234112302E-4	3.675903181526761E-4	3.442857812123391E-4	6.702657927964056E-5	1.2115159003291411E-4	0.0	1.2115159003291411E-4	1.6838124941228253E-8	6.2476398369813485E-9	6.53869996190545E-8	0.001378733715164383
6.930704244395556E-4	0.0015211528769698405	7.576948752372187E-5	9.424304844979595E-4	2.2932962904793082E-8	4.6375274845271463E-4	1.2359404152872704E-5	4.043476040345585E-6	0.0018062882251966379	4.875901531566185E-4	9.077366469281501E-4	7.884587515382577E-6	8.958625518415806E-8	7.646130238512784E-5	7.524662334149144E-4	2.6766314721074813E-7	7.519674473920131E-9	4.324919313907413E-7	1.8315920751179252E-10	6.414655806468208E-5	0.0029914237852463376	9.252133087809745E-5	6.106164582771091E-5	2.149592467791302E-5	1.369550817482705E-5	5.707220460392707E-6	0.0	5.707220460392707E-6	6.07701361306206E-10	2.120214492394921E-10	3.961320039845419E-8	1.6856206217103167E-4
2.1621545081073582E-5	1.0000281461359462E-5	3.2665429825671684E-7	1.8724220662365424E-5	3.2321574702528867E-10	8.691566784110175E-6	5.034249939139736E-7	1.1416098471168137E-10	3.7173307324409585E-5	1.482383206490626E-5	2.7519048315158E-5	2.5851136460909634E-7	2.341468365947269E-9	1.1139101312881772E-6	1.2739692154444531E-8	2.1123526719350097E-9	3.071064868858481E-11	7.053843922060458E-9	1.1390857444746718E-13	1.8944425959677907E-7	1.0673427578885966E-6	1.4566048234365832E-6	2.109156539574665E-6	1.3471155714545188E-6	2.0576016524318607E-7	2.459161306095885E-7	8.531725569264533E-8	2.459161306095885E-7	3.201467337475559E-8	1.008678469929914E-9	3.1654928864741096E-10	3.3461120930048948E-6
3.6416017731737013E-4	5.761396893458425E-4	3.0854295761702793E-6	0.00453028644468546	2.1308612363794028E-8	0.006166887567113027	3.4041925115740796E-5	1.284360790957793E-8	8.983220427126807E-4	2.586062599446791E-4	4.922846307944703E-4	4.29641854432355E-6	6.773809977371744E-8	3.529103400695054E-5	7.522889039626626E-7	0.001377622316209639	2.787767765142758E-9	4.592210656893802E-7	2.1754158178829223E-12	2.8005118682873086E-5	3.1286028554827565E-4	6.751202886067854E-5	2.701471623185563E-4	2.4437014786081142E-5	1.2482271127782975E-5	1.777116986749006E-5	0.0	1.777116986749006E-5	3.678068790298071E-10	1.2346816904174337E-10	5.985347314634195E-9	1.3630537363472963E-4
3.336007467795433E-8	1.3435209446733122E-7	1.5026744158149234E-10	1.3295199187519095E-8	5.257717935081955E-13	6.917735891305095E-7	7.401884369124933E-10	7.547727720669608E-13	9.628257546144653E-8	2.376504466184377E-8	4.3691515578622016E-8	3.7284267679123997E-10	4.347347120081817E-12	2.1668810380328304E-9	5.82800487441444E-11	4.52316861436554E-12	4.924692627141902E-13	3.852862436443879E-11	1.6657358042385034E-16	9.819095314352563E-10	1.2626781294705565E-8	6.660964471593284E-9	9.419704136324986E-9	1.0773719088988216E-9	9.624101858014155E-10	3.540328740003019E-10	0.0	3.540328740003019E-10	2.4326655421062376E-14	9.337576990107454E-15	4.518723571573405E-13	8.488651337251967E-9
8.563146543625906E-4	6.140901904702344E-4	6.311735635688318E-6	0.001679279063708502	3.9738283368019804E-8	0.0017337856009220617	1.557620849514779E-5	3.595959112462547E-8	0.002086302955897073	5.914752870922808E-4	0.0010988638432167202	9.667174225801482E-6	6.352767023675728E-7	1.4986133861252595E-4	4.156163965801878E-6	0.0025715258557201695	3.4018860890459298E-9	3.461885933960043E-7	7.037093015949962E-12	1.800875969183157E-5	1.76606169190897E-4	2.292361947996753E-4	6.597360339477375E-5	2.986344686704852E-5	9.256649477055705E-6	7.042763131938119E-6	0.0	7.042763131938119E-6	7.473462657317169E-10	2.6533538747109905E-10	1.9603208238746335E-8	4.0868699345853805E-4
1.6422626815623133E-4	8.310171404942772E-5	1.713079236041346E-5	3.4489074387944814E-5	3.609544574448975E-9	2.538251317471013E-4	7.775199854040177E-6	4.0350469271043434E-6	2.60810532037172E-4	1.1346490137642788E-4	1.8121640569708012E-4	1.86835179528689E-6	1.986757388407524E-7	2.56089179516357E-5	2.433475144831056E-7	2.690589472635574E-8	5.495021404412876E-10	4.5460398380353474E-8	1.050305406928356E-12	7.676568799147384E-6	8.329024577751773E-6	3.542163183735191E-5	7.291738815615936E-6	5.873416441106049E-5	3.7336594750294543E-6	8.146886461712994E-7	0.0	8.146886461712994E-7	8.713167418206032E-11	4.696358547563082E-11	2.9250375580520264E-9	7.032045304357735E-5
3.0658801537751585E-7	2.0584151901286227E-7	2.566234236210745E-6	5.860643509531811E-8	4.8126303361537596E-12	1.6992512361549835E-7	5.061125651936726E-9	3.3984296716578203E-12	5.241798520249434E-7	2.1045251272688687E-7	3.8337131794541184E-7	3.6401304987242245E-9	5.833837840278289E-11	2.071570886903745E-8	1.062420514712866E-9	3.164412252018812E-11	7.059234132887232E-13	1.0640867791253692E-10	1.1349367307853622E-13	2.9444452599383917E-9	2.0495669287441105E-8	2.9405259741846335E-8	1.6950712327596515E-8	9.144785358301128E-9	3.0848655260842577E-9	2.3343415224235802E-9	0.0	2.3343415224235802E-9	2.895846943866186E-13	1.0803122353418579E-13	3.175229324309726E-10	6.259360079128901E-8
0.04029189301600024	0.0017089626752929872	3.371488529340045E-5	0.0022143565166920843	2.8941314186068167E-7	8.880952897389041E-4	1.8267031336089895E-4	1.6635867056034325E-8	0.02425957367080313	0.027395177397587643	0.04946036860839861	3.5567254456014537E-4	5.942212604957149E-7	5.152401020494962E-4	8.820642176349281E-6	9.837601942299127E-7	1.3795952126966559E-8	1.7304228150502856E-6	2.5185498683604416E-11	1.0907330615603822E-4	1.9434364342687158E-4	4.892533559633855E-4	2.8327701158796677E-4	2.632020993564687E-4	4.6710641732461365E-5	8.462560501212786E-5	0.0	8.462560501212786E-5	1.1397090784843778E-8	4.926588560423582E-9	7.009413495530381E-8	8.718934316159204E-4
0.04071192585550467	9.319550631265318E-4	1.4042923699604706E-5	0.0014819480441521336	1.1257009067335982E-7	4.818697350486327E-4	5.9645322163614324E-5	1.3708221472528166E-8	0.010032662018895196	0.0024484343164980207	0.004529832155475023	3.842173731294061E-5	2.7762456005719483E-7	1.8614047482292073E-4	5.2940361486681115E-6	4.230101634478676E-7	9.421498064852122E-9	8.72948129327208E-7	1.0753425725445657E-11	8.831290703105735E-5	1.105254545459817E-4	2.3573184343440208E-4	1.3646534548977674E-4	1.0040627733314789E-4	2.4395022816581706E-5	2.292329634630783E-5	0.0	2.292329634630783E-5	2.6523081743203323E-9	9.70247100228145E-10	2.986992284565108E-8	4.4512214100446976E-4
0.0381275971641107	0.0012116953508552713	2.0268305680117056E-5	0.0016915342206317288	1.6624244793963927E-7	6.189245515854398E-4	1.196221259414807E-4	1.4046807362720736E-8	0.016200197441382583	0.02593145101684307	0.020915345572627475	4.4264369956311896E-4	3.767904902628229E-7	3.0104755186234774E-4	6.388476045248136E-6	6.504110383557466E-7	1.0876497667248625E-8	1.1419108409686488E-6	1.5226492286536475E-11	9.085146450464617E-5	1.406318617868901E-4	3.1496714498806385E-4	1.8386026086539617E-4	1.6277710241003422E-4	3.1392166976627377E-5	5.4107205481347705E-5	0.0	5.4107205481347705E-5	7.2491708871422086E-9	2.7189892626468307E-9	4.233414392400439E-8	5.747258880709822E-4
4.139441076780226E-4	1.1857996627298443E-5	2.000303799376468E-7	1.729638613117919E-5	1.652740214912068E-9	6.126153888393946E-6	1.0013729917690007E-6	1.4845315556142858E-10	1.466384174207394E-4	2.8155240913703015E-4	2.0904919790847324E-4	1.490764280607319E-4	3.7496650714621006E-9	2.864165906598317E-6	6.445487794541023E-8	6.0335629515181925E-9	1.0958354407503447E-10	1.1404623437570453E-8	1.5121462493601935E-13	9.612431180485646E-7	1.382087733406026E-6	3.1406798227570435E-6	1.8211895165994271E-6	1.5134934495469244E-6	3.140916288450386E-7	4.322728480800858E-7	0.0	4.322728480800858E-7	5.545766344167952E-11	2.207570839727539E-11	4.2040514684080937E-10	5.777702470132634E-6
1.8627985924271252E-7	3.0255674803224547E-7	8.11139415618191E-10	1.0492544110404274E-7	2.989975713650125E-12	5.0730705069978025E-8	4.747855170173827E-9	6.039520146198872E-13	4.91308824909828E-7	1.3418653740397545E-7	2.5209662238655E-7	2.186686497253457E-9	2.9717392128276664E-11	2.6932499970235636E-8	2.862973189894655E-10	5.542562640842938E-11	4.822483800029261E-13	2.739486928772134E-10	6.648384341637211E-16	5.88756527547512E-9	3.39833618316073E-8	4.728345235207373E-8	2.2127193252414652E-8	7.370685864683247E-9	6.930092312288757E-9	2.239778483746912E-9	0.0	2.239778483746912E-9	1.6275033364050815E-13	5.98340079278841E-14	1.7566853809450707E-12	8.490588224005685E-7
3.613846471803721E-4	7.404288420786528E-4	1.876255912457688E-6	6.056795831351306E-4	1.42504118426132E-8	7.80423366490464E-5	8.650978813631664E-6	8.418435425771864E-10	7.526318198132488E-4	2.505265448374933E-4	4.779608408275847E-4	4.294072154573839E-6	5.057875390543352E-8	3.462018118670793E-5	1.310425438466773E-5	6.892594591931062E-8	1.786216064177165E-9	3.549464559488988E-7	1.0166904672829173E-12	7.344544266287288E-6	4.056884184436634E-5	1.696159729005676E-4	3.396514003846753E-5	1.33935964680832E-5	9.117568914099071E-6	4.120064180713349E-6	0.0	4.120064180713349E-6	3.728926872164113E-10	1.2954218257371829E-10	2.7210449565440585E-9	6.751606768894934E-5
4.823324205980576E-5	1.8374884677629145E-5	1.2219604665541435E-7	4.1456157063522985E-5	9.91128411711806E-10	4.053576373491435E-6	5.610925918492945E-7	9.552924588299074E-11	1.9150585416763367E-4	3.734855489963786E-5	7.14183515431865E-5	5.552609276290691E-7	3.1326707581601834E-9	1.7449997747312629E-6	3.2125217984801426E-6	4.933223418726591E-9	7.479919246407253E-11	6.11906694433428E-9	1.479048249466386E-10	3.503898767319355E-4	7.142686875201314E-7	1.758029510109354E-6	7.49064224016986E-7	8.871504808535043E-7	1.8682668744185732E-7	2.624009612715332E-7	0.0	2.624009612715332E-7	5.581209076946179E-11	1.2779775239443354E-11	3.1985124368041094E-8	4.6774287927508944E-6
1.8863697954259927E-4	5.717508317918915E-5	1.9319077849683E-6	6.072974646585986E-4	2.2343777305615582E-8	0.002010597618604953	3.725966814758556E-6	2.1294661020830527E-10	3.4161555879260515E-4	1.2867348374453664E-4	2.570775772769739E-4	2.3075845522995083E-6	3.405479946915328E-8	1.8460280019463708E-5	3.506941052824868E-7	5.866624589670898E-8	2.9447309678890825E-10	8.389137944425296E-8	3.325341782872928E-13	1.154249422844738E-6	5.891571940700722E-6	2.6795779075475705E-5	5.744212633925079E-6	7.67214460154859E-6	2.1141595404785484E-6	1.6446188756544728E-6	0.0	1.6446188756544728E-6	2.576096390689081E-10	7.701834027040295E-11	9.20080079314237E-10	4.700875953683801E-5
1.1007788980608362E-8	7.284995952693611E-9	4.364351381735618E-11	2.185666525257366E-9	1.8665119200183397E-13	3.010794418892328E-9	1.436363193571623E-10	3.8242782341346907E-13	2.542194560273497E-8	7.648914659488784E-9	1.3015750255740995E-8	1.2117710714264764E-10	9.120782226836155E-13	5.131310177622274E-10	4.5176593121432166E-11	9.277352777551073E-13	2.2790850991085422E-14	5.330311324603734E-12	5.932717793769126E-17	1.3848832444895568E-10	7.475756456568456E-10	9.844528579712791E-10	6.206734386956306E-10	2.363516551964758E-10	1.31439689571223E-10	6.743622594019768E-11	0.0	6.743622594019768E-11	6.248596795473141E-15	2.9269366502156955E-15	1.6419889272458272E-13	2.6489908615668117E-9
2.728779167715892E-7	7.06129096463128E-7	3.847461441040508E-9	1.7615401670212637E-7	5.175844616875104E-12	8.185510410280991E-7	9.306644421463925E-9	1.1557946562574949E-11	6.883354832893555E-7	1.9272115310578655E-7	3.669801506413076E-7	3.1819495569189047E-9	4.5800133093483176E-10	1.0881219865980028E-7	1.5754102475234843E-7	1.1216545927697801E-10	2.234582126934784E-12	4.853887513930593E-6	1.8201019531578752E-6	6.981383550450689E-9	6.22847677291842E-8	1.3946743542553842E-7	4.7007561662187186E-8	3.619169215473505E-8	1.0605277793449307E-8	3.0880316244389054E-9	0.0	3.0880316244389054E-9	2.5213045283216995E-13	8.994592146903348E-14	5.437485572906742E-12	3.627180381229248E-7
2.4172424685638627E-8	7.036533293502384E-8	9.360899816231913E-7	1.6732691856440134E-8	4.246678098527593E-13	8.551515329339537E-8	8.804429977935076E-10	1.5268320177100177E-12	6.262170841681698E-8	1.7302903019036392E-8	3.3148856162197176E-8	2.85722255488079E-10	4.146783715212588E-11	9.819945559931059E-9	3.451850632562626E-10	1.0239992330741357E-11	2.30055248642673E-13	2.972457258899544E-11	6.936910380926529E-16	7.300960267742458E-10	6.882952910779559E-9	1.3061848297922964E-8	5.16203238858104E-9	3.296470692023198E-9	1.0415439591213962E-9	2.9883947589082245E-10	0.0	2.9883947589082245E-10	3.9191001580074595E-11	8.108944904625223E-15	1.930188776444064E-12	3.50133117784436E-8
6.231769442588684E-5	8.750183572704956E-4	1.8679016268052747E-7	1.812418597959025E-5	8.149328774848607E-10	1.1009949015590771E-5	1.2076225584685932E-6	2.1525508166220796E-10	2.3353371830976534E-4	4.766717017967852E-5	9.074164663081236E-5	7.185393692156192E-7	6.000805452804665E-9	3.1348479758745023E-6	7.197251542454164E-8	8.1287860396929E-9	1.4572241288296744E-10	5.725231930276129E-8	1.403385182934208E-13	3.516193658180129E-4	1.6583845227926055E-5	9.923471036444319E-6	2.6182821250478176E-5	1.6585476955508007E-6	1.4384493701286575E-6	5.815737801845354E-7	0.0	5.815737801845354E-7	4.809226089601745E-11	1.6976263688185335E-11	3.713201225507465E-10	8.723453113562903E-6
3.729957137814285E-4	1.6087094292172139E-4	1.9704219354544157E-6	1.3596775510431251E-4	1.1611001092520271E-8	6.299429052009579E-5	5.060658382522265E-6	5.962045685624986E-9	0.0010536954524289727	2.687314459636897E-4	5.012220705249913E-4	4.28697758011893E-6	2.6940916709706257E-8	6.339080927890867E-5	9.037612866102531E-7	1.9908067573268442E-7	3.9284625586676574E-9	1.0052714588656447E-7	1.1151359326988017E-12	7.782177630057314E-5	1.559722238237764E-5	3.147575555319595E-5	1.4173688237650155E-5	7.5742548197142895E-6	2.8036039795451486E-6	2.4080742206081857E-6	0.0	2.4080742206081857E-6	3.1036936136583585E-10	1.1245310936824959E-10	3.0935892656509392E-9	6.777827639475236E-5
2.0527775706934186E-4	2.352992202747704E-4	1.0915754521858464E-6	7.563363201365563E-5	3.518406193328103E-9	2.953626762381795E-4	7.174168435588738E-5	1.1012151170216713E-9	4.594174068684542E-4	1.438687342922237E-4	2.7481032614916096E-4	2.4381404015866867E-6	3.3141126439404336E-8	6.919755806394313E-4	3.992366173216402E-7	3.884687696352472E-8	6.933460962810286E-10	5.447550710196286E-7	7.248292193984422E-13	1.0094473404946942E-5	8.362159464003105E-5	3.774103547270502E-5	5.995352119989596E-4	3.4001218975086106E-5	1.6155610321965933E-5	3.855543470790372E-5	0.0	3.855543470790372E-5	2.0129152632103172E-10	7.207121002274052E-11	1.95239083182916E-9	4.411608468166453E-5
2.792022729331383E-4	3.465435453668956E-5	4.783475736254534E-7	2.8342250096038372E-5	3.756266441357719E-9	1.6165584733363104E-5	2.565949344590322E-4	4.83611331432273E-10	5.122346690666419E-4	1.9083708037246616E-4	3.787802557958992E-4	3.4048414041920027E-6	8.530235404336537E-9	8.268776125866452E-6	1.4711729622130112E-7	2.258439895927245E-8	3.5863015927013064E-10	2.8476180021137268E-8	3.5586518429416316E-13	3.5488498157735333E-4	3.7824952367988498E-6	7.443608339992272E-6	4.393053496223416E-6	9.825206754099285E-5	7.558582838350843E-7	1.3903761962141324E-4	0.0	1.3903761962141324E-4	3.2381760393145714E-10	1.1092997958149459E-10	9.885295935416806E-10	1.3682893223405465E-5
1.849704515361592E-4	3.219918477245524E-5	4.973006697799886E-7	2.067485185695648E-5	4.3070029228902905E-9	1.741654286192336E-5	2.2253335253619646E-4	9.502080409202716E-10	2.7413226318261227E-4	1.2786662591012868E-4	1.9343879401497897E-4	2.077046019841231E-6	8.545896961067462E-9	7.097253730354701E-6	1.6745310955263035E-7	2.112108880630887E-8	5.424279559774533E-10	2.829066546923182E-8	3.9249933345038223E-13	1.0183786904967508E-5	3.2772040278391768E-6	7.409001432758081E-6	4.195966386558486E-6	7.238784976695346E-5	7.230270505425296E-7	1.8810102224991557E-4	0.0	1.8810102224991557E-4	7.398775555238193E-11	4.901537958565605E-11	1.0917411531537908E-9	1.620419806891015E-5
1.4484013777421873E-5	8.82918710617192E-6	9.651172161664768E-8	1.1317577427070052E-5	3.0527830764771994E-10	1.5458246768489083E-6	2.532166749867881E-7	1.7033683837001872E-11	2.586667053653545E-5	9.928260222823274E-6	1.8958806683548743E-5	1.7452873048584678E-7	9.146616089844622E-10	5.411393791939342E-6	1.1257789186592692E-8	1.0014946916660199E-8	3.579610578660724E-11	5.429744758282392E-9	4.736591638182853E-13	1.4194941048254445E-7	8.985131881459157E-7	2.2691798530727117E-6	7.410279671457784E-7	3.2055058776137405E-7	1.7017605137433462E-7	1.2427821990331098E-7	0.0	1.2427821990331098E-7	1.5185280185389222E-11	5.45382800838596E-12	1.323461106310931E-9	1.190771708734356E-6
4.1809961388522745E-5	8.506807147617716E-6	1.1240795555694059E-7	5.04232188182944E-6	9.47626724782189E-10	3.988978189723633E-6	1.4133226090400972E-4	2.0709257117578958E-10	6.696916006745346E-5	2.9068016939386637E-5	4.4644517678832454E-5	4.7024963007870397E-7	1.992430917616555E-9	1.6582357584188101E-6	3.71269661653845E-8	4.811695878780524E-9	1.189453082603681E-10	7.558654610118195E-9	8.827320068206534E-14	2.224009997042739E-6	8.794989297673093E-7	1.8556144319108948E-6	1.0245217956720078E-6	5.305752860593457E-5	1.9381378305329748E-7	1.8351604419570815E-4	1.833631155332066E-4	9.183434987364946E-5	1.7566350937139916E-11	1.1101903181587935E-11	2.4504415642023614E-10	3.69303700143097E-6
1.2550532943137597E-5	2.5566668049389334E-6	3.387538353362869E-8	1.5157257990962664E-6	2.843987544687225E-10	1.2012867273279316E-6	4.23997452458213E-5	6.219270046245304E-11	2.010479585142113E-5	8.72557752094825E-6	1.3403534516264658E-5	1.4116659369029727E-7	6.010793216190989E-10	4.989439057169565E-7	1.11453790379819E-8	1.4459268355810866E-9	3.5701571347732414E-11	2.269922911403373E-9	2.6500154903398597E-14	6.672676722593843E-7	2.6431425480290125E-7	5.576278869330843E-7	3.077446146758161E-7	1.591752730876283E-5	5.828892524486677E-8	4.594594287662743E-8	8.491907909775655E-9	4.588679310390607E-5	8.820972690135419E-9	2.791032274942658E-10	7.356337968943618E-11	1.1101305141591608E-6
3.971930140690927E-5	8.081433846993002E-6	1.0678712247091933E-7	4.7901862609711885E-6	9.002417187880575E-10	3.789513832622519E-6	1.3426510053910973E-4	1.9673714063560472E-10	6.362044272102402E-5	2.761450352435823E-5	4.2412118905673264E-5	4.4673532749807637E-7	1.892801655898704E-9	1.5753175488564754E-6	3.527047408017547E-8	4.571092451191077E-9	1.1299758222279048E-10	7.180692608159727E-9	8.385919880342238E-14	2.112800884546358E-6	8.355205773538785E-7	1.762826524310352E-6	9.732917383515006E-7	4.858907195152648E-4	1.8412234334233243E-7	1.452816371491463E-7	0.0	1.452816371491463E-7	1.6687965363281476E-11	1.0546765029562175E-11	2.3279099964749027E-10	3.5083708497987662E-6
1.3149993573176677E-8	4.985626941371714E-9	1.2250265315288758E-9	2.4055163742638062E-9	2.6591145667852596E-13	4.5822139027562895E-9	1.5070546682450977E-10	5.926711280683755E-14	1.6222691850354034E-8	8.982328813072712E-9	1.3593292986722915E-8	1.4920935233786573E-10	9.631666755088354E-12	9.841324256796529E-10	2.1338832820773315E-11	1.2444150167443542E-12	1.605086065086765E-14	3.5228815705363288E-12	4.858416843572897E-15	1.0139567931134581E-10	5.215019179070857E-10	1.1977025940737554E-9	5.759971135074453E-10	4.013453601323446E-10	7.590593250056703E-10	6.149638351626752E-11	0.0	6.149638351626752E-11	6.39382999752425E-15	2.666162676234726E-9	1.359292316333694E-11	2.5084025471945646E-9
3.3648906150935685E-9	1.2373834528605583E-9	1.799753644730854E-11	7.769675126914775E-10	6.864813954053951E-14	2.1146511250621886E-9	4.4382411012853975E-11	7.832754155617694E-15	4.167582937998458E-9	2.29695686736022E-9	3.497486437350693E-9	3.8233443949478165E-11	1.8152103514029152E-12	4.745336276874447E-10	2.5014504037395626E-12	4.966254932245543E-13	3.912752871200706E-15	9.569345764772291E-13	7.225898930224897E-18	2.6848377947797272E-11	1.325233019671259E-10	5.468953075511469E-10	1.2525426313127645E-10	1.6646169274580194E-10	3.781216926562996E-11	1.5136407811034848E-11	0.0	1.5136407811034848E-11	1.5341581031805819E-15	9.54278899985723E-16	1.9916816941450596E-14	1.3246735074903436E-9
2.08412854796048E-8	3.177435258758013E-7	1.7142831620363166E-10	1.7247024919087492E-8	3.7198498029828356E-13	3.9704393970315554E-8	7.166230237461832E-10	2.0172089707815923E-13	4.896215166989825E-8	1.4720214433730866E-8	2.8153063185609186E-8	2.4751693533958167E-10	2.7787115630070336E-11	8.997714911183967E-9	3.697536906322461E-11	1.047204959587839E-11	8.326350241094823E-14	3.6787683969757544E-11	2.7792569820750687E-11	7.802800367865162E-10	4.926265245664218E-9	1.2853557331312513E-8	3.7477156535543085E-9	1.384394923419397E-9	2.464003040434231E-9	3.2193546876060645E-10	0.0	3.2193546876060645E-10	3.494596408241729E-12	7.231442118746559E-15	7.77644252017666E-8	1.2557572991679266E-8
8.240934246218073E-4	5.9097694578419025E-5	1.0140003223275543E-6	7.68666695695662E-5	7.622385361983885E-9	2.9289674396553305E-5	8.679343210562592E-6	4.122051914283879E-10	0.003345629680630668	6.409747224752898E-4	0.0012256744097839088	9.46560188140725E-6	1.812511512140497E-8	1.742262350555488E-5	2.7103502706333433E-7	3.674660960527152E-8	4.2320902604592204E-10	5.2857979193380017E-8	6.988555867814774E-13	2.621017481498355E-6	6.6045909489475385E-6	1.4296613966902268E-5	9.455564715369483E-6	9.537260074575168E-6	1.4129101292157923E-6	4.31554762674634E-6	0.0	4.31554762674634E-6	6.11986128942982E-10	2.1394719590259259E-10	1.9432748554699253E-9	2.6033827835763647E-5
