32
NULL,open@__open_nocancel,fstat@_fxstat,mmap@__mmap,read@__read,munmap@munmap,open@__open64,close@__close_nocancel,rt_sigprocmask@sigprocmask,exit_group@_Exit,rt_sigaction@__libc_sigaction,sched_yield@sched_yield,mremap@mremap,time@time,read@__read_nocancel,mprotect@__mprotect,madvise@madvise,lstat@__lxstat64,openat@__openat64_nocancel,write@__write_nocancel,syslog@__syslog,getpid@getpid,writev@__writev,close@close,stat@__xstat,socket@__socket,fcntl@fcntl,connect@__connect,getdents@__getdents64,lseek@llseek,getrlimit@__getrlimit,write@__libc_write
0.9163944940129534	0.0030334604101864286	3.50695446574966E-5	0.0022836960948214194	2.1233012718094798E-7	0.0018649693995866261	2.1198971590892255E-4	1.820787839929053E-8	0.05384031088570223	0.012887209245236632	0.024148294101537942	2.028650198305336E-4	8.543846122739956E-7	5.51155045460398E-4	1.9832108422674385E-5	1.1668243623195282E-6	1.826543869531218E-8	2.0596236650482397E-6	2.0512865646890858E-11	8.560834608382703E-5	4.2773936468447734E-4	5.266863725159965E-4	3.33826772155527E-4	2.96359435973102E-4	1.642836783892135E-4	1.0185038612939918E-4	0.0	1.0185038612939918E-4	1.393434852398691E-8	5.170576845252434E-9	5.681580108371728E-8	0.0011962376886571417
7.180125669969885E-4	0.0012205548721891655	6.075930771788656E-5	7.582656572907065E-4	1.818930212778723E-8	3.7029753698275173E-4	9.632145702834286E-6	3.2640425842023755E-6	0.0014279600312714677	3.860533067289642E-4	7.196556416905797E-4	6.259477201570263E-6	6.703747581003016E-8	6.000075284085516E-5	6.075348403947652E-4	2.1441641934740267E-7	5.995405858402288E-9	3.3907699853538857E-7	1.4779657308187398E-10	5.16243019163184E-5	0.00241460897069093	7.180170023310177E-5	4.768196264316652E-5	1.649545586954295E-5	3.545961565563523E-6	4.465608402141986E-6	0.0	4.465608402141986E-6	4.84808858572336E-10	1.6886110166715126E-10	3.1816310914373726E-8	1.315663650076472E-4
2.1328607659303385E-5	7.767584716722932E-6	2.5922539863010056E-7	1.498164643028475E-5	2.558590778120386E-10	6.817098399739272E-6	3.978897438896583E-7	9.012040819132994E-11	2.8921372261970862E-5	1.1718057432431258E-5	2.1768397925811363E-5	2.0522112149028945E-7	1.7756266860460692E-9	8.636526377531709E-7	9.792343774880291E-9	1.6520426059831204E-9	2.3670667479395094E-11	5.447271586660393E-9	9.05174023330559E-14	1.4705891004226145E-7	8.260347494819673E-7	1.113646776776418E-6	1.6594625922750553E-6	1.066721022788337E-6	3.1826392447750664E-8	1.9487877897650714E-7	6.887245740154675E-8	1.9487877897650714E-7	2.5843683202231735E-8	8.141809372705528E-10	2.5160477253602423E-10	2.5968720330542594E-6
4.0767808227479686E-4	4.48022113477736E-4	2.224185057965861E-6	0.0036501793471105486	1.6954813513413654E-8	0.004966747197317135	2.701482582247157E-5	1.0252179118833381E-8	6.94791613521591E-4	2.006253769134497E-4	3.8275561225748747E-4	3.3444678000924617E-6	4.8742173454966906E-8	2.6674193719857456E-5	5.888500505967581E-7	0.0011120846430573805	2.1868229875540062E-9	3.5626060123675926E-7	1.6763969447425748E-12	2.2288535639549314E-5	2.506034389231257E-4	5.1036598928328804E-5	2.1544162615337522E-4	1.870935896529451E-5	1.8493031727667875E-6	1.4145708278951513E-5	0.0	1.4145708278951513E-5	2.8890101290551777E-10	9.658192804846171E-11	4.613694706506611E-9	1.0473274275260087E-4
3.6504369274953984E-8	1.0727750771584707E-7	1.0099784307283874E-10	1.0207975178482079E-8	4.057619686258412E-13	5.576345716224691E-7	5.629536259303536E-10	6.005302046152232E-13	7.517296721077578E-8	1.8507665539204427E-8	3.404450110983764E-8	2.907274852676509E-10	3.0457560234509737E-12	1.6087541272013167E-9	4.587127021938822E-11	3.4488803494457566E-12	3.930167864663644E-13	3.004727708081846E-11	1.2829587783334953E-16	7.688833237916519E-10	1.0058616166994257E-8	5.11713276922835E-9	7.4345174865038205E-9	7.90481615662996E-10	1.2709313268339584E-10	2.711252401870539E-10	0.0	2.711252401870539E-10	1.8961142392238052E-14	7.280986655630087E-15	3.478784995098441E-13	6.442955648457473E-9
8.488204756781728E-4	4.8349058848702446E-4	4.862721881294172E-6	0.001350215915246879	3.1761974046063645E-8	0.0013920129520583499	1.2220016536977948E-5	2.894631144712517E-8	0.0016391010217950968	4.6656320329771864E-4	8.675426989306049E-4	7.648311508493912E-6	5.084202400328771E-7	1.194293358670672E-4	3.3355848483512633E-6	0.0020758651447569222	2.6652752085660866E-9	2.6908654593275877E-7	5.623128499598988E-12	1.4298389845498966E-5	1.4119107598417892E-4	1.8238573872708392E-4	5.157415540372411E-5	2.335536811902016E-5	1.8067532842813292E-6	5.532605326734651E-6	0.0	5.532605326734651E-6	5.939507843093607E-10	2.1063980007449074E-10	1.5667159788355562E-8	3.2572660999780344E-4
1.6138192639910399E-4	6.492888214116652E-5	1.3645084642656273E-5	2.690441739648926E-5	2.8682453518489216E-9	2.0392103703969212E-4	6.227360953405156E-6	3.2572828285835944E-6	2.0191458738224387E-4	8.961893392776921E-5	1.4259599553021992E-4	1.4800801565211008E-6	1.599279773972501E-7	2.0424556944924667E-5	1.9316665299285505E-7	2.1336603722513082E-8	4.3189561246343213E-10	3.4875409317597896E-8	8.326694884493904E-13	6.154477603908778E-6	6.476682563337556E-6	2.8150837546957593E-5	5.595630117947133E-6	4.7491468580957384E-5	1.8647381887964163E-6	6.290426146847215E-7	0.0	6.290426146847215E-7	6.835397820134385E-11	3.723427734163797E-11	2.319368940084454E-9	5.613720528347893E-5
3.033730858964417E-7	1.6172819731945287E-7	2.0722218536130035E-6	4.535012118901331E-8	3.8094336117972114E-12	1.341893235505613E-7	3.961564187458417E-9	2.7131481077737696E-12	4.0744239327410526E-7	1.6627819089165952E-7	3.029518190960852E-7	2.88785604914887E-9	4.535330376150646E-11	1.6187553019137375E-8	8.518996674004803E-10	2.47606834375177E-11	5.526228103405362E-13	8.22579585303901E-11	9.169805855482949E-14	2.290659232736933E-9	1.6030828651188734E-8	2.2801796640454475E-8	1.3078065779789712E-8	7.108377128714962E-9	4.739622614939698E-10	1.8314381788437529E-9	0.0	1.8314381788437529E-9	2.3073694579016604E-13	8.607448553956634E-14	2.5654631837810846E-10	4.8982056627534046E-8
0.037645756779570334	0.0012412664429922204	2.572694334267999E-5	0.001695678604181696	2.264486231733735E-7	6.312115258561163E-4	1.3983360818435166E-4	1.2562570574621118E-8	0.0176406251620613	0.02164068774834692	0.03905860399936106	2.8031121740911425E-4	4.375184827259951E-7	3.9397994273903194E-4	6.419785675612849E-6	7.50473904795815E-7	1.0305302019791278E-8	1.2983509178041134E-6	1.9539117075549416E-11	8.448935345021953E-5	1.3840711796095627E-4	3.699091600157824E-4	2.1249233373735684E-4	2.009652642455464E-4	1.3851606817839304E-5	6.472969876788295E-5	0.0	6.472969876788295E-5	8.750990033846578E-9	3.813399033637287E-9	5.439801962864298E-8	6.512883820828743E-4
0.0378960529645674	6.307946621731174E-4	1.0157073069012657E-5	0.0011065014496813945	8.282041937215685E-8	3.1381679726108806E-4	4.002059071387816E-5	1.032307542421194E-8	0.006042537676842216	0.0014868323664299482	0.002741742528829978	2.3383214740480033E-5	1.8806457045143602E-7	1.2849627270436107E-4	3.5471485036775397E-6	2.9650049769622227E-7	6.876447627848741E-9	6.199666981238695E-7	7.884414159660998E-12	6.792396871909743E-5	7.246109306646747E-5	1.6851955098672863E-4	9.622018900814664E-5	6.950253380965967E-5	8.268372753170343E-6	1.4621940200107169E-5	0.0	1.4621940200107169E-5	1.6222004816687537E-9	5.906412142872481E-10	2.1908820975245466E-8	3.108978908251396E-4
0.03553274409903806	8.576777994751791E-4	1.5130866462615636E-5	0.0012801525259271524	1.2690979016639589E-7	4.249728209507784E-4	8.920159103662371E-5	1.0591043864174478E-8	0.011194279668782963	0.02047152101342747	0.01603550259024941	3.504686121355241E-4	2.678309353475605E-7	2.2246347413819328E-4	4.4851919043630325E-6	4.834353897232703E-7	8.051616445165663E-9	8.367262977678298E-7	1.1541210669806782E-11	7.008171688412499E-5	9.715100945354429E-5	2.3246196665439484E-4	1.3444092834838346E-4	1.2057963314049072E-4	9.801054503613431E-6	4.019139144949137E-5	0.0	4.019139144949137E-5	5.398676066404647E-9	2.026800050308553E-9	3.2099814580588725E-8	4.1671657902372044E-4
3.8544836899984136E-4	8.278385727509994E-6	1.484388239073991E-7	1.3031623127142371E-5	1.253755626972318E-9	4.145089110266504E-6	7.264498819354786E-7	1.1182056821714071E-10	9.767079839832097E-5	2.2217460468398269E-4	1.5934201451327164E-4	1.2026584276439987E-4	2.639459133286415E-9	2.0881575312799685E-6	4.4670776573213696E-8	4.412788387156518E-9	8.066159610248825E-11	8.296160577142078E-9	1.1388206738880486E-13	7.405378763875588E-7	9.391425675041525E-7	2.302036726532124E-6	1.3205032703230513E-6	1.1033503597292589E-6	1.0042208431101958E-7	3.100263626737173E-7	0.0	3.100263626737173E-7	3.965507313966955E-11	1.593152823687873E-11	3.1673453236171063E-10	4.155181672605345E-6
2.1250440530330907E-7	2.349185899557951E-7	5.155346191763701E-10	8.09506648825363E-8	2.298228649221663E-12	3.524200455653543E-8	3.590071408273123E-9	4.2443203405242016E-13	3.8061690118685193E-7	1.0403762919617758E-7	1.9575748797991046E-7	1.6997941673583918E-9	2.0687738202475052E-11	2.0763379296065064E-8	2.237040939097299E-10	4.3319683251609534E-11	3.616557441743648E-13	2.1339902971495015E-10	4.923666836546286E-16	4.578983561546741E-9	2.6391021373720586E-8	3.630261020314491E-8	1.6503170698610574E-8	5.389737374223866E-9	8.92752570797537E-10	1.705346651943685E-9	0.0	1.705346651943685E-9	1.270870204406848E-13	4.665553007417621E-14	1.2968065374128625E-12	6.8250098084162E-7
3.899289761050499E-4	5.846289941393864E-4	1.3164481209267486E-6	4.835809628036315E-4	1.1154161760554568E-8	5.497111569683661E-5	6.645777256083797E-6	5.942586565904993E-10	5.805044927063222E-4	1.948708415436985E-4	3.7283169545261906E-4	3.3552664217440133E-6	3.6230935968712E-8	2.6342779411293128E-5	1.0578843375373127E-5	5.3528621265590566E-8	1.3371320298636625E-9	2.755869086542588E-7	7.586676883634374E-13	5.6859159861824435E-6	3.127895475884986E-5	1.3400128080825652E-4	2.5570096072190985E-5	1.002198759819629E-5	1.392084449873126E-6	3.1835042973374536E-6	0.0	3.1835042973374536E-6	2.941449314305614E-10	1.0187508344440096E-10	2.026641656761803E-9	5.026752759941292E-5
4.59286252202844E-5	1.4522178373443678E-5	9.430549893935E-8	3.330348467145056E-5	7.890856120876151E-10	3.079423201845098E-6	4.4248947631088157E-7	7.510212033065265E-11	1.5236942326009715E-4	2.96212372352951E-5	5.6715696849293196E-5	4.4097241570146397E-7	2.4244449476111784E-9	1.3665868285811235E-6	2.594735440740195E-6	3.915034164250508E-9	5.8200440241629757E-11	4.695437002067158E-9	1.1940489087267742E-10	2.8284605421033794E-4	5.388557924790554E-7	1.3560467379368964E-6	5.646545994752749E-7	6.960858322567639E-7	4.265630040851348E-8	2.0720052126717009E-7	0.0	2.0720052126717009E-7	4.464760938965104E-11	1.0158517099503674E-11	2.5844013654883673E-8	3.665838148989148E-6
1.8604785722718385E-4	4.360961331259528E-5	1.5177290990391006E-6	4.891492315873772E-4	1.7976858876615702E-8	0.0016215246072837403	2.9441349364787074E-6	1.553908338020879E-10	2.6672616730426187E-4	1.0179214230909408E-4	2.0390869084392285E-4	1.8343206338231834E-6	2.6632315664539008E-8	1.4604848529310188E-5	2.786180018648105E-7	4.693117469006032E-8	2.2208626044448717E-10	6.563607035247637E-8	2.5640770703700546E-13	8.836289476860036E-7	4.463333578056135E-6	2.1108550744484887E-5	4.29817626901021E-6	6.054610779167464E-6	6.063979192783432E-7	1.3005408229090355E-6	0.0	1.3005408229090355E-6	2.0655173900874253E-10	6.159331790246534E-11	7.09789542889762E-10	3.712096427505011E-5
1.0996785242048428E-8	5.694181140694517E-9	3.2067471779209494E-11	1.6835499785828896E-9	1.4705062839617203E-13	2.3149485195453784E-9	1.1046445084912385E-10	3.074648814560758E-13	1.9895901588533364E-8	6.023064049933648E-9	1.0228171538702658E-8	9.56175905344602E-11	6.706960691383778E-13	3.9265695855521224E-10	3.618478263530928E-11	7.16488135084335E-13	1.7520296877055398E-14	4.149701057387254E-12	4.70172754547189E-17	1.0818569609189392E-10	5.821989568804386E-10	7.566319352657889E-10	4.749002426284628E-10	1.791067519568857E-10	1.974620456871661E-11	5.2060951786304964E-11	0.0	5.2060951786304964E-11	4.895107283707389E-15	2.3092950366142752E-15	1.3015555411932454E-13	2.077679410428628E-9
3.147197741772225E-7	5.557707228220079E-7	2.881855934893345E-9	1.3635212178212817E-7	3.945294291259289E-12	6.512139646721316E-7	7.146588130374553E-9	9.231430709037572E-12	5.312850559853646E-7	1.4888454754766924E-7	2.842294060704869E-7	2.4658526767690653E-9	3.64036742747649E-10	8.613264355379192E-8	1.2739768866525993E-7	8.828620048081236E-11	1.7410758168874087E-12	3.918294290949888E-6	1.4692794934834567E-6	5.367578587772122E-9	4.8676410720619325E-8	1.0938864560192147E-7	3.592511595380213E-8	2.8427564953317005E-8	1.3825936728468966E-9	2.3358551923728546E-9	0.0	2.3358551923728546E-9	1.968190533747846E-13	7.00173765200742E-14	4.2018899338731215E-12	2.880718337897285E-7
2.8400236013283315E-8	5.541552331216895E-8	7.556375673524896E-7	1.2941459650170578E-8	3.2375352212726466E-13	6.810640305439511E-8	6.752252899993361E-10	1.2229025117760174E-12	4.828425375090666E-8	1.3346215186677985E-8	2.5639953531035502E-8	2.2107494762862817E-10	3.2927185656525723E-11	7.76676362871341E-9	2.7792501713792094E-10	8.04945779439899E-12	1.808644701504397E-13	2.281045369986387E-11	5.537636241295129E-16	5.633508727839647E-10	5.401262699541988E-9	1.0240534127828876E-8	3.971089551650713E-9	2.584208920598273E-9	1.331340033103432E-10	2.2602887030224303E-10	0.0	2.2602887030224303E-10	3.1636355830526154E-11	6.303478480855937E-15	1.5411646179263104E-12	2.7810265652800958E-8
6.613468973157479E-5	7.048913755364752E-4	1.2174225701912527E-7	1.3849942351591614E-5	6.314668296553846E-10	7.694005531643038E-6	9.233259960592786E-7	1.6071060915739548E-10	1.8427758960894662E-4	3.736737859314395E-5	7.125257482841341E-5	5.635009122018204E-7	4.158930600639185E-9	2.3249517148317264E-6	5.626118211996788E-8	6.261107074163793E-9	1.1191206725733555E-10	4.47172023836782E-8	1.0402178207252342E-13	2.8381093691730276E-4	1.3211440562209802E-5	7.639247143447101E-6	2.0929450211576416E-5	1.2208887292712919E-6	1.9119854354243265E-7	4.4761541320697363E-7	0.0	4.4761541320697363E-7	3.777417614678807E-11	1.3300081778872832E-11	2.743451547514756E-10	6.437289335766339E-6
3.6362419062215803E-4	1.256784583099184E-4	1.5169811117742648E-6	1.0786220097323264E-4	9.167234427985352E-9	4.824633518988933E-5	3.962399510746021E-6	4.7867336211176964E-9	8.315101950274291E-4	2.1219839056149645E-4	3.9624782135611747E-4	3.3933959704338206E-6	2.0267698961524296E-8	5.052582334916642E-5	7.161401811612878E-7	1.5988674915262903E-7	3.109985860652792E-9	7.769162329248004E-8	8.800666315003621E-13	6.274115175602656E-5	1.2119767686001657E-5	2.4397112483529527E-5	1.0901146419081298E-5	5.844720492870645E-6	7.086369763606792E-7	1.8912727714791771E-6	0.0	1.8912727714791771E-6	2.4657014633085547E-10	8.925736504722832E-11	2.442073875249326E-9	5.3211836839627544E-5
2.8063185625369955E-4	1.671768998801332E-4	5.586842692002023E-7	5.226172781356199E-5	2.622804136607801E-9	2.2480612913231828E-4	5.727805029740018E-5	7.397734422839994E-10	3.4173702674596606E-4	1.0790479758835777E-4	2.0684218873949275E-4	1.8378124837211065E-6	1.9057698079316738E-8	5.563866093084391E-4	3.06100144855225E-7	2.807464447090338E-8	5.086346635437304E-10	4.2037770309909453E-7	4.808945421520989E-13	7.73205303229219E-6	6.489028396952582E-5	2.6033952974487805E-5	4.8011894347075673E-4	2.609641769616509E-5	1.9766887046785756E-6	3.084818759575448E-5	0.0	3.084818759575448E-5	1.5354661779359587E-10	5.474968699226732E-11	1.2912612614592192E-9	2.8896135192205903E-5
2.652711607598999E-4	2.6660472246157295E-5	3.6865041785860907E-7	2.2206662491480996E-5	2.988775177242427E-9	1.221732921376235E-5	2.0708764421566972E-4	3.818866683908626E-10	4.0250010203072526E-4	1.517631698614765E-4	3.0181989236983617E-4	2.719482049344877E-6	6.443305662169334E-9	6.502646329699759E-6	1.1424356238128137E-7	1.795870793144046E-8	2.8045651951110373E-10	2.198215480307786E-8	2.811504205893033E-13	2.864531197505788E-4	2.889838967708298E-6	5.750666259406514E-6	3.381817418111757E-6	7.920784457008791E-5	1.8060039175682053E-7	1.1222258044147339E-4	0.0	1.1222258044147339E-4	2.602319819666866E-10	8.904650237630775E-11	7.811947027246995E-10	1.0570248603209967E-5
1.7638823056042124E-4	2.478401921058132E-5	3.842171814378015E-7	1.6091528309783876E-5	3.438660633419698E-9	1.3312724591021594E-5	1.7958700037437473E-4	7.593807492709139E-10	2.1250980813951074E-4	1.0130435274236534E-4	1.5250299490916671E-4	1.6499685427547306E-6	6.504784027190293E-9	5.5704926980169625E-6	1.312806551038844E-7	1.6786373185502077E-8	4.2783246976014957E-10	2.191427195131113E-8	3.115296165459742E-13	8.195957780813194E-6	2.4990215003990937E-6	5.7392075587149565E-6	3.2369440933782964E-6	5.834011681754184E-5	1.749318915908859E-7	1.5182445802559158E-4	0.0	1.5182445802559158E-4	5.772709574252532E-11	3.8923765906988266E-11	8.667425813271856E-10	1.2668910953972628E-5
1.4379691489466528E-5	6.8929315366486305E-6	7.420495027664755E-8	9.035607230051668E-6	2.391393522845475E-10	1.106567862266768E-6	1.981422543206234E-7	1.2265139369779994E-11	2.0096322191278294E-5	7.817450580074126E-6	1.4961157419227925E-5	1.3806691149369173E-7	6.581165018885789E-10	4.338578834923264E-6	8.589825223108991E-9	8.044056867603371E-9	2.690119600399319E-11	4.187499461524734E-9	3.816441155811747E-13	1.1007060817628507E-7	6.987170448343061E-7	1.7749795593481403E-6	5.667301930806895E-7	2.4442526996992543E-7	4.1100005409018237E-8	9.766664889934053E-8	0.0	9.766664889934053E-8	1.2104922712907632E-11	4.340004184169553E-12	1.0664227827518761E-9	8.84018535746717E-7
4.0032741263159136E-5	6.552847387163932E-6	8.62465597347824E-8	3.918721296360788E-6	7.559128824822395E-10	3.0260875626861248E-6	1.1407306767009948E-4	1.65143827722481E-10	5.203564886285665E-5	2.3016709989860325E-5	3.518981996145907E-5	3.733216371987483E-7	1.5048824475073002E-9	1.2986330711373518E-6	2.9064163530738997E-8	3.818521858401788E-9	9.36880003602701E-11	5.8588104154895175E-9	6.985075558999465E-14	1.7887661170842691E-6	6.722588045076119E-7	1.4352880180091041E-6	7.86964807430167E-7	4.2797731099883856E-5	4.286172249709567E-8	1.481385499351132E-4	1.4802009582997293E-4	7.412839178557083E-5	1.3718301209887387E-11	8.810621558351173E-12	1.9395451413031033E-10	2.8755299192111823E-6
1.2017714847566746E-5	1.9693851175339897E-6	2.5995771632755856E-8	1.1779786516397794E-6	2.2686008957908038E-10	9.11410340287142E-7	3.4221969312917885E-5	4.9594247837553596E-11	1.5621574919794723E-5	6.90907496905275E-6	1.0564962034880914E-5	1.1206887575212569E-7	4.541309550948627E-10	3.907572907018796E-7	8.724897714781626E-9	1.1474772674934793E-9	2.812011771702817E-11	1.7593515463453535E-9	2.096896937249329E-14	5.366782674593453E-7	2.0202966196433389E-7	4.313065036971003E-7	2.3637497352488912E-7	1.283952472724958E-5	1.2878792448951578E-8	3.558845623415113E-8	6.855102886581696E-9	3.7040667531005425E-5	7.120602085274385E-9	2.2526095804826498E-10	5.822423969106023E-11	8.643878528197771E-7
3.803094917023109E-5	6.225179641416513E-6	8.193389775182148E-8	3.7227700560028646E-6	7.181143110292284E-10	2.8747714658025054E-6	1.0836897253014973E-4	1.5688599680459282E-10	4.943366490779067E-5	2.1865785356444792E-5	3.343019268818919E-5	3.546541096229853E-7	1.4296324973626503E-9	1.2336963885272606E-6	2.761084280106561E-8	3.6275809779715912E-9	8.90032375285022E-11	5.565847206035643E-9	6.6357947308245E-14	1.6993208841001332E-6	6.386432609099755E-7	1.3635180588489716E-6	7.476135194788693E-7	3.922044969685884E-4	4.0718470387030376E-8	1.1253094116108781E-7	0.0	1.1253094116108781E-7	1.3032333024250553E-11	8.370056360645869E-12	1.8425603732050312E-10	2.7317422875469946E-6
1.6710094884510256E-8	2.9900965851446977E-9	9.863601316991562E-10	1.5352104875378407E-9	2.0529236520284845E-13	3.1097020190539945E-9	9.606006193440005E-11	4.135121813641027E-14	1.160502010085534E-8	6.848971695747803E-9	1.0225005897302947E-8	1.1413965632228146E-10	7.760427536893682E-12	6.987644747987682E-10	1.647986422848566E-11	8.571740387121206E-13	1.0764945920989128E-14	1.9738107866565723E-12	3.92154854820555E-15	6.302481853712463E-11	3.0355077698591526E-10	7.683666588985174E-10	3.226516181065443E-10	2.65041965634809E-10	9.9119696598628E-11	3.877626515638081E-11	0.0	3.877626515638081E-11	4.701205598530241E-15	2.152262863003895E-9	1.0972058122783692E-11	1.732470559462263E-9
3.34679326956696E-9	9.435433080034311E-10	1.3771648703615223E-11	6.036557207266304E-10	5.455921545648747E-14	1.670983666236874E-9	3.4250845279760536E-11	5.955957227306879E-15	3.17625993588437E-9	1.8110103381336622E-9	2.7416274407112297E-9	3.023959449419223E-11	1.4445658070275193E-12	3.766442303259589E-10	1.9398617402459322E-12	3.9143203514247214E-13	2.9466132160437862E-15	7.277511637293611E-13	5.583067596172436E-18	2.0628085105700306E-11	1.0062986226422363E-10	4.299655763653808E-10	9.363725252994082E-11	1.3139328455836657E-10	5.916557518715142E-12	1.1520132878820104E-11	0.0	1.1520132878820104E-11	1.192451449415959E-15	7.548647835663958E-16	1.5393991082671126E-14	1.0514423111358956E-9
3.3198330144618637E-8	2.532233022755303E-7	8.961158963911594E-11	1.2632187271859084E-8	2.6816052128847456E-13	3.010617972706259E-8	4.976836180375962E-10	1.4061410226032064E-13	3.563929390417881E-8	1.0751416149504776E-8	2.066597728976269E-8	1.8166168362132022E-10	2.1330138665426602E-11	6.946156841103421E-9	2.7307819600435787E-11	7.979365860821902E-12	5.932759158932962E-14	2.698155490102246E-11	2.2460474850905097E-11	5.709304181948142E-10	3.6086001997171115E-9	9.743124812442492E-9	2.559426509313078E-9	9.238965601209074E-10	2.9917516221989943E-10	2.260268212014353E-10	0.0	2.260268212014353E-10	2.8228709062680485E-12	5.35332866245955E-15	6.284506813013432E-8	9.15421053365324E-9
7.751599864911977E-4	4.458208646521605E-5	7.81821802055096E-7	6.019905739666873E-5	6.021447330821221E-9	2.167946819148128E-5	6.8796596258225655E-6	3.127898912241132E-10	0.0026649044833454505	5.09113840242765E-4	9.746840586531147E-4	7.528930419138304E-6	1.3627893818843982E-8	1.3614380535080633E-5	2.0538012717895873E-7	2.8850736046405405E-8	3.2270366714940584E-10	4.036836705250536E-8	5.478628366362409E-13	2.0418976412632838E-6	4.9260195444845804E-6	1.09561803840536E-5	7.2553623421494336E-6	7.472047193916695E-6	3.7094524688328615E-7	3.426700409761006E-6	0.0	3.426700409761006E-6	4.878856378760455E-10	1.7033307691358807E-10	1.5238693884703052E-9	1.9849070963632695E-5
