32
NULL,time@time,open@__open_nocancel,read@__read_nocancel,mmap@__mmap,munmap@munmap,mprotect@__mprotect,rt_sigprocmask@sigprocmask,exit_group@_Exit,rt_sigaction@__libc_sigaction,sched_yield@sched_yield,write@__write_nocancel,syslog@__syslog,getpid@getpid,writev@__writev,close@close,open@__open64,fstat@_fxstat,read@__read,close@__close_nocancel,mremap@mremap,stat@__xstat,socket@__socket,fcntl@fcntl,connect@__connect,madvise@madvise,lstat@__lxstat64,openat@__openat64_nocancel,getdents@__getdents64,lseek@llseek,getrlimit@__getrlimit,write@__libc_write
0.9415188962456729	0.0018660518392955303	0.012589630416003134	2.4714891616363546E-6	0.004624246992902314	0.004107019018894095	4.169633234029175E-6	0.006513769970716164	0.0017505564398742355	0.0033906354758742015	2.9585712757982374E-5	2.2389078448200464E-4	0.0013025005011389405	0.0016921120347252816	8.184534261793503E-4	4.966443931909962E-4	3.9116850717964307E-4	5.336514381616229E-5	9.503307437031229E-8	1.169125914632744E-8	1.0593802784292501E-5	2.5952256821527815E-4	1.8663003903742465E-4	0.0	1.8663003903742465E-4	3.159363492155016E-8	2.2145380722849984E-6	1.2743337761811794E-7	6.989928005877913E-8	2.330025401667964E-9	3.5543221684751215E-4	6.615420989154155E-4
0.0013487906987184877	9.69512251847473E-5	0.001859124880485123	5.916028177231988E-6	0.0012572353314040975	1.0019109257600103E-4	2.4797666733112414E-7	4.135614204602353E-4	1.4743268157241964E-4	2.8836892200498885E-4	2.649558200611847E-6	8.747344242982452E-6	2.9399600683401563E-5	2.0540625820386453E-4	4.052229915791153E-5	3.666131621456234E-5	3.4659529880677084E-5	3.937446333368728E-6	1.1310567257848364E-8	5.965682791012268E-10	1.881131778944501E-7	7.506416035517761E-6	1.7225629231403346E-5	0.0	1.7225629231403346E-5	1.5203621944123877E-9	5.924089069657397E-8	1.68608767747942E-10	5.431158780184511E-9	2.3102395152485042E-10	4.530448091234836E-7	3.0244653381542478E-5
0.004473484221075364	2.5155390685127345E-4	0.002226923679451792	0.0013430000740190038	0.0024950884292813847	3.11534162851456E-4	9.927072242244792E-7	0.001196770168096118	3.07452625655398E-4	5.648531316316102E-4	5.000856384389092E-6	1.1394120978497962E-4	0.0045318477191529805	1.3961588585379732E-4	9.694909704728859E-5	9.576348963971022E-5	5.664990024301303E-5	3.8705295124763105E-4	2.556900517379319E-8	7.67144393770616E-6	4.0476330040268855E-7	2.011242287401713E-5	2.5248724131959707E-5	0.0	2.5248724131959707E-5	1.282254490640395E-8	1.2497273164089588E-7	9.342385978553304E-8	1.945233884666613E-8	3.544169949490774E-10	1.9148478726348155E-6	1.9564725710598604E-4
1.4080229881558354E-4	1.3421257807799828E-5	5.007069656295633E-5	1.5795408833360094E-5	1.029172144540256E-4	1.3294088365315213E-5	3.540642348811151E-8	2.464169103218482E-4	4.1224479267348915E-5	7.875235988519943E-5	5.917782293916666E-7	5.135645691988393E-4	2.7026515466690122E-6	7.1136501987321975E-6	4.89286842807359E-6	6.999289981870383E-6	5.077446742661088E-6	7.237903734259708E-7	1.5014404940862905E-9	1.366778235369675E-10	1.5686948121702746E-8	1.0492796919098485E-6	2.3576927105808307E-6	0.0	2.3576927105808307E-6	2.4465910541684077E-10	5.476825346441201E-9	7.521955389717051E-8	1.01526808119591E-8	3.2161719187744905E-11	8.869061718673258E-7	1.044676145649617E-5
0.0013414319404497388	1.1769817711634107E-4	3.51060037308597E-4	2.011572874758453E-6	0.009802928947228232	0.009360753539447972	0.0029882577582628954	6.326399849746436E-4	1.8931922937501268E-4	3.666477983543424E-4	3.2766255266458268E-6	4.120324826165676E-5	4.152313514114796E-4	7.26731826709497E-5	4.477145098928063E-4	6.182676554860647E-5	8.593606303905966E-5	6.157512469692824E-6	1.726343126281842E-8	4.3817616273718714E-9	1.35784699533161E-7	1.0153296529983908E-5	4.4551275579612035E-5	0.0	4.4551275579612035E-5	3.135831718860893E-9	1.3956959674515112E-7	2.3287118298938134E-10	6.4155485963097994E-9	2.685690282760712E-10	6.396672372231663E-7	5.592621109019609E-5
0.00498215421570836	2.998481298255423E-4	4.866623829712809E-4	7.668689834124139E-7	0.0035852918328148405	0.0030827363810696723	0.005577917486354052	8.219912311215452E-4	2.73232262908509E-4	5.357303150363065E-4	4.856536880700825E-6	3.0208899538461984E-5	2.1961434717954312E-4	3.217505063321577E-4	9.83044622679039E-5	7.513980178195202E-5	6.636316667318724E-5	1.2820577516077906E-5	2.7175657408938426E-8	2.1295516763296996E-8	3.688602952613604E-7	1.1876895589509936E-5	3.251944568752728E-5	0.0	3.251944568752728E-5	3.8864507316310936E-9	9.432308550138742E-8	2.6231031040238825E-10	1.0124163751007735E-8	4.176677023409807E-10	7.198854169898174E-7	1.5772405651739293E-4
6.100128162075029E-4	9.29550636759751E-5	1.9115395229473987E-4	1.977402895085674E-7	0.0014241220933728911	0.00435851099852567	2.97498538163922E-7	3.7769714349898366E-4	1.4726690527406205E-4	2.9487011893342564E-4	2.71549709510487E-6	7.016924382619119E-6	1.86847494472894E-5	6.13131507327297E-5	3.133127003503311E-5	3.807098759751554E-5	3.692124905955425E-5	4.951445136985318E-6	1.7078029579216934E-8	4.763364073100289E-10	7.32838587796718E-8	6.5556635086320585E-6	1.834383628379221E-5	0.0	1.834383628379221E-5	1.3644792068851549E-9	4.987639082096731E-8	8.172187373491176E-11	6.186596926685353E-9	2.487063684348668E-10	2.228472774923731E-7	3.299155447865313E-5
0.004405147245868193	5.376602610462105E-4	9.17275137878531E-4	1.1177949876763637E-6	0.0012265274022720462	4.1524072660146773E-4	1.2593963490365117E-6	0.002544521408808216	0.0032563662237524364	0.005984434618866922	4.0774006549443204E-5	1.0795491434041651E-4	8.931892987578844E-5	3.228943760739959E-4	2.3126279718447035E-4	2.1078495502597656E-4	1.6468669303431002E-4	2.6880879960318692E-5	7.701400489037649E-8	7.004006678547785E-9	4.2365336494819265E-7	3.456052135458594E-5	7.490138702381205E-5	0.0	7.490138702381205E-5	1.0717721832714875E-8	2.394268996166736E-7	6.058786419302403E-10	2.3756047138194024E-8	1.1691772794734424E-9	1.6593344257304795E-6	1.6602130163062212E-4
0.0036820982925202944	2.7825882170402273E-4	5.818518120318608E-4	8.181324245814277E-7	8.312414931488489E-4	2.8121077463277714E-4	7.792115484274968E-7	0.0019691398078533215	4.2641620880718676E-4	7.719037062971784E-4	6.551321452942555E-6	1.1746083290647903E-4	5.5568668421589204E-5	2.2122325358930035E-4	1.5608507153887347E-4	1.153789054149621E-4	8.012976554470423E-5	1.7199799545149742E-5	4.538781075460207E-8	7.660085269426286E-9	2.9476832214865824E-7	2.1842141330175646E-5	3.09290852786155E-5	0.0	3.09290852786155E-5	9.75398577366251E-9	1.4755235863596888E-7	4.407890315054074E-10	9.502977628651331E-9	4.0523646356497063E-10	1.2071636250959086E-6	1.0628452210942087E-4
0.0037032308943104504	3.627228971831439E-4	6.859092160469909E-4	8.686891449059033E-7	9.389864644298613E-4	3.116457981331782E-4	9.542038624362844E-7	0.0021497520055384018	0.0034454405669930408	0.0025544314681905183	5.930469405589969E-5	1.0560000343432049E-4	6.61636513083375E-5	2.4317571044390316E-4	1.745044399418883E-4	1.4952813378180948E-4	1.1984868352281617E-4	1.958273236244971E-5	5.331699918670481E-8	6.880603898855951E-9	3.2431993482076625E-7	2.4974826900090852E-5	5.259020711591525E-5	0.0	5.259020711591525E-5	9.629023833218749E-9	1.705268752469606E-7	4.723164370247105E-10	1.6523151458524025E-8	7.353947438817233E-10	1.293313914142712E-6	1.2082562123723702E-4
3.920116766493142E-5	3.5647401512287396E-6	6.864546559406695E-6	9.101049267315482E-9	9.547990686101968E-6	3.2203551280515157E-6	9.324087845125549E-9	2.1679892079880774E-5	3.820062851337004E-5	2.684986740699179E-5	2.1116889801362453E-5	1.1558516905100745E-6	6.605692744433057E-7	2.5215260249626825E-6	1.791852297482367E-6	1.4493529554962588E-6	1.075258747225845E-6	2.0119488840178678E-7	5.473916980855434E-10	7.528540102542925E-11	3.3455536237000536E-9	2.56635517628091E-7	4.5139041958270033E-7	0.0	4.5139041958270033E-7	1.013990900152267E-10	1.7501600861519048E-9	4.9189888941642816E-12	1.4098541727642505E-10	6.415299250080392E-12	1.3471130530599871E-8	1.2427528731714507E-6
2.4902212505058014E-4	1.4002686696250988E-5	0.0012382770020780956	3.3252822088577064E-8	3.607772132131001E-5	1.4975720650131061E-5	3.797249321668892E-8	2.5470493605417213E-4	4.256591420462817E-5	8.116114618894843E-5	6.10049172958657E-7	5.142263683578043E-4	1.991690763788564E-5	8.91524207130012E-6	3.695217412576403E-5	5.146276944229742E-6	4.922090249639413E-6	5.493361245936334E-7	1.3939045854227337E-9	1.781926926328922E-10	3.2259171300737965E-8	1.1360003674635866E-6	2.4164325256921737E-6	0.0	2.4164325256921737E-6	3.042054035684478E-10	9.058574373591303E-9	2.8955702186170484E-11	7.623418533918137E-10	3.292256977360289E-11	7.771971618267466E-8	4.30648481274132E-6
0.0013800390364104883	1.4116595966505002E-4	2.2494244806049043E-4	2.2317179957169114E-7	2.6938350336847314E-4	7.998236485396504E-5	4.825579275983145E-7	9.271009227562268E-4	1.990003687962727E-4	3.725728427738699E-4	3.104431147614368E-6	1.1851459378513396E-4	2.1710205540342457E-5	5.823124475130638E-5	3.536657051074339E-5	3.216213724454643E-5	2.8858426701937754E-5	5.128605098035108E-6	1.2393757450310095E-8	4.068679937350131E-9	7.929564789544844E-8	5.663069923477959E-6	1.4127663867024584E-5	0.0	1.4127663867024584E-5	5.2750375060200224E-9	4.064207983375675E-8	9.952464102605212E-11	4.566587639668847E-9	2.0437859196877397E-10	2.7155833125681426E-7	3.6597891908290105E-5
7.069416261335909E-4	0.0010519937038312476	1.4975826813570737E-4	1.9760838048252043E-7	1.6154209278396113E-4	4.7823419365075213E-4	1.7118324474579559E-7	3.1628632480794474E-4	1.0055786809075234E-4	1.9454573223188278E-4	1.7607097324467538E-6	1.5575785866840694E-5	1.237040972179485E-4	3.276484085910342E-5	0.0010452908834433833	6.976256720134993E-5	1.3929555173504892E-4	2.6748268869536796E-6	5.993667387766015E-9	9.175383169083661E-10	8.06931800898419E-8	8.661047652168844E-6	7.453092362236916E-5	0.0	7.453092362236916E-5	1.3789767959809095E-9	2.1772256979525816E-7	8.846039860040622E-11	3.3535015417966444E-9	1.4670190127924312E-10	2.4046427389763545E-7	2.6715798361139758E-5
4.712021395604466E-4	7.775356202884004E-5	1.3490968421806006E-4	1.1930494544834468E-7	1.5648410217540017E-4	5.183989287995753E-5	2.1024219123589287E-7	4.078987773570986E-4	1.5213548456952512E-4	3.025014680716692E-4	2.776652724971352E-6	5.24148581123026E-4	1.322432610458353E-5	3.574354497876418E-5	2.765692048961418E-5	1.6883162306825892E-4	4.040475134193845E-4	3.150866615949596E-6	8.701944911174262E-9	6.59393932682937E-10	5.124578818034463E-8	4.01310899116153E-6	2.1829257634998784E-4	0.0	2.1829257634998784E-4	1.309147366849862E-9	2.8065890753158856E-8	6.710878756129064E-11	5.830045014838954E-9	2.4949531732898175E-10	1.834279206685738E-7	1.984501129641688E-5
4.254234698133466E-4	5.315410842937301E-5	9.169963304536957E-5	1.0901967666103069E-7	9.861105012142473E-5	4.981146159157181E-5	1.153297645712131E-7	2.280256242396215E-4	9.348052288781194E-5	1.4499688142567685E-4	1.5455727079414573E-6	1.835347336099233E-5	8.984544015637875E-6	2.9392378623157108E-5	2.0791427715135277E-5	1.1803197721222215E-4	3.329522446634673E-4	2.637493686028974E-6	7.960334472140551E-9	8.714495586705971E-10	3.965070192289422E-8	3.3529120271906267E-6	2.787524625731859E-4	0.0	2.787524625731859E-4	1.0925182573706778E-9	2.433570530682526E-8	5.342612237517949E-11	1.474382860760831E-9	1.009063464566581E-10	1.462186744922249E-7	1.773548150113037E-5
5.047470403201525E-4	7.575917575447435E-5	1.505725679601902E-4	2.177581602360421E-7	1.1580047140134326E-4	2.3024881107359355E-4	1.2163436841270002E-7	2.1246492780319215E-4	8.788859648219167E-5	1.4380948453091968E-4	1.4890383277868513E-6	1.429087844804375E-5	1.479598958886593E-5	6.634176740498244E-5	2.1862471655936277E-5	2.2054394607809859E-4	4.0396360996584124E-5	3.7753731136767675E-5	7.094201488636686E-9	7.66156552693676E-6	1.8107104601623892E-7	7.1458043253271146E-6	5.6921962482999295E-6	0.0	5.6921962482999295E-6	1.0854933282214267E-9	2.5295778174452364E-8	7.943669439924038E-11	1.807649430949166E-9	1.0584728795193874E-10	2.1742959313432893E-7	5.296562549137818E-5
1.0310143880396437E-4	9.245779721491502E-6	4.1449404437707265E-5	1.7979886080857914E-8	1.533744038108747E-4	3.201360597228814E-5	2.115664653888044E-8	3.8019811151904844E-5	1.418104950190957E-5	2.6904413855478803E-5	2.5297854072605767E-7	9.387321390366134E-7	4.296066129776055E-6	4.844416332523227E-6	1.800361638183068E-5	5.931028229076796E-6	4.820681704334515E-6	5.995090871612352E-7	8.824166318835032E-10	1.5281559973479803E-10	1.3789384065291154E-8	8.122882359765741E-7	2.3896009525465497E-6	3.330435008781288E-8	2.3896009525465497E-6	1.6667947958014917E-10	6.724047366886957E-9	2.017195657539933E-11	1.2964212460415734E-8	4.1211800219227544E-10	5.5311746873358365E-8	6.455369072023787E-6
3.90614297789776E-8	1.977780390641098E-9	4.314841315875457E-8	1.9784199883375162E-11	5.1566244364251775E-9	3.1216644773802415E-7	4.531158598006187E-12	1.643852949329889E-8	3.3816160236735486E-9	6.388779642310877E-9	5.2279414328739874E-11	3.390213551793984E-10	4.0146437087499575E-9	1.2917867272082417E-9	3.4636951393535586E-9	6.58263032191312E-10	5.706685907475537E-10	1.6152250015144958E-10	1.5916975545975027E-13	7.253792532075665E-13	5.5668556195320484E-12	1.6648027257592554E-10	2.789573338792472E-10	0.0	2.789573338792472E-10	1.9627562209489925E-13	1.8094306845513264E-12	5.171808330162786E-15	7.658530181602924E-14	3.397163411229442E-15	1.3918437552005044E-11	2.7628123773039547E-9
1.681999719009277E-6	1.4875391013981232E-7	5.922826779578654E-7	7.193935839613386E-9	2.9521530551983935E-7	4.947515326581866E-7	3.175742569677033E-10	6.059580651319487E-7	2.3761295014709154E-7	4.399303000142723E-7	4.223073540786429E-9	1.3705797207928057E-8	5.5854593447144E-8	8.856885346986298E-8	7.69188888611965E-8	6.390611881777678E-8	4.974108909070692E-8	3.74313022498301E-6	1.557914485652376E-11	4.6349862813727405E-12	1.8573106204526885E-10	3.0939448779513986E-8	2.4129294135410424E-8	0.0	2.4129294135410424E-8	3.166897065234593E-12	6.63032628070532E-11	2.1140540400172267E-12	7.736057124559029E-12	3.509568024410597E-13	5.899803076448845E-9	6.469075556718608E-8
7.3511786037093295E-6	1.762501680323107E-7	5.56943310219151E-7	3.061257469876701E-10	4.1771040778246547E-7	1.9127314658564948E-7	3.991308096640853E-10	9.323878345044593E-7	2.280617827602606E-7	4.3221946567282914E-7	3.721332953052373E-9	1.497109245403433E-8	6.519399395024067E-8	8.910070487172935E-8	5.2899904763723174E-8	4.6500211632274524E-8	3.9928589460900866E-8	4.988384078435944E-9	1.1632152826661067E-11	1.0289896007740395E-12	3.8232279708990973E-10	1.4265562295722065E-8	1.9389747054630554E-8	0.0	1.9389747054630554E-8	2.376770177922983E-12	9.597020008760332E-11	3.8336390595071044E-13	6.084853567349609E-12	2.710734059556285E-13	1.0335249503006327E-9	3.560439067693109E-7
3.2499850708253206E-5	9.44363098686866E-6	1.1153430447081592E-5	6.700313565332783E-9	1.824654754797049E-5	2.9402550955102974E-6	1.9327078824461147E-8	1.6214328706370866E-5	6.450623184378852E-6	1.2334787800844746E-5	1.1667085856404669E-7	3.341414504728907E-7	1.0928218371223195E-6	3.4778163671523077E-6	1.5791469735555305E-6	1.4726271360296848E-6	1.4285445886852303E-6	2.2402180818810461E-7	4.780566158112181E-10	2.1861653875291673E-11	4.0538331196795044E-9	2.6197120635529257E-7	7.115386070972929E-7	0.0	7.115386070972929E-7	6.847809927080973E-11	1.6400762326443342E-9	1.2251851011724029E-11	2.2743105194931582E-10	1.0133374344211855E-11	3.390400799862992E-8	9.96109523047381E-7
9.740308731317178E-5	1.1866002754196803E-5	2.0934676013111927E-5	2.38916108604375E-8	2.2216647883629286E-5	1.106415902171895E-5	2.589287588848597E-8	5.808650956763858E-5	2.151328072241366E-5	3.393788742150076E-5	3.522353419687474E-7	3.988662656656785E-6	2.055345764669186E-6	6.558093908731078E-6	4.6146257153879555E-6	7.966237392811677E-5	2.0810628809154078E-4	5.817115939029312E-7	1.74726176830411E-9	1.8882552988621027E-10	9.348401932614237E-9	7.507811256644075E-7	2.692379023928753E-4	2.681726193003026E-4	1.3515139302734444E-4	2.4097721160004974E-10	5.4609860020913125E-9	1.2238948581039919E-11	3.4289524608883437E-10	2.2746332645185247E-11	3.345786937558266E-8	3.912658637177398E-6
2.9225645169168123E-5	3.5608576317506633E-6	6.282245165895974E-6	7.170737873275932E-9	6.666877919123524E-6	3.320627039000784E-6	7.769985473364748E-9	1.7428711211282545E-5	6.455028891005923E-6	1.018343348950759E-5	1.0568967000435668E-7	1.196650703411734E-6	6.167848392742454E-7	1.9679616396704095E-6	1.3846418827425855E-6	2.3899025954812497E-5	6.243202953570411E-5	1.7459619393304175E-7	5.242406275379808E-10	5.677560685935889E-11	2.805805267273555E-9	2.2527580915678925E-7	3.19710166935151E-7	3.314891831020483E-9	6.736296484970071E-5	7.23044368922719E-11	1.6386141426286462E-9	3.672358071794171E-12	3.54419304837585E-9	1.1447476866944566E-10	1.0039190648181619E-8	1.1744355902834776E-6
9.253255574680798E-5	1.1272656664508129E-5	1.988786114136533E-5	2.2696937795374345E-8	2.1105729453825345E-5	1.0510908223853706E-5	2.459813182197264E-8	5.518195914492505E-5	2.0437533374512164E-5	3.2240861623430755E-5	3.34622210812732E-7	3.7892140774309392E-6	1.9525705169562773E-6	6.230163816587751E-6	4.383876559137014E-6	7.125872699195751E-4	1.9770016777987407E-4	5.526237614863415E-7	1.6598919134876596E-9	1.7938352215098118E-10	8.880945633601257E-9	7.132391619253987E-7	1.0120148125560811E-6	0.0	1.0120148125560811E-6	2.2892741781785984E-10	5.187915553912E-9	1.1626953755748623E-11	3.25749155897031E-10	2.1608927926059842E-11	3.178484633871416E-8	3.717010553256741E-6
6.248017506425617E-8	1.4677005028610093E-9	4.415853146664487E-9	6.822296500852179E-12	3.034861364766879E-9	2.2264868513462014E-9	2.8635466143311617E-12	7.68006773217566E-9	2.4324971416877327E-9	4.080751932270994E-9	3.9732391024273026E-11	1.7330893901934453E-10	4.707927751199189E-10	8.513700843391206E-10	7.233203936661551E-10	4.952726142723869E-10	3.348364031107796E-10	1.0092637310005392E-10	1.7096536115057514E-13	2.4071502620932186E-13	2.3884763489826412E-12	1.0583811140785918E-10	1.569650451538684E-10	0.0	1.569650451538684E-10	2.217443397314293E-14	8.639233532381217E-13	2.976476998961613E-15	4.6774466968136226E-14	2.661353784377902E-15	8.100305076340759E-12	9.489288104029691E-10
3.589421067281384E-7	5.8530785067488684E-8	1.6474145220805054E-7	2.0650892727958158E-7	7.045253923320539E-8	2.0289154165186826E-7	6.81973779086105E-11	1.0724073060498296E-7	2.9336978272591047E-8	5.656235401878214E-8	4.967053952442114E-10	2.409487954691718E-9	1.5806763320643595E-8	5.832332957142999E-8	1.4534134392314029E-8	2.976028416731141E-8	9.267680075644657E-9	3.0724994085632373E-9	1.7724571867380411E-12	2.3992117898474337E-11	1.260152093586384E-10	1.8601128998668372E-9	2.996854905581473E-9	0.0	2.996854905581473E-9	6.989862962967397E-13	1.8946734993494648E-6	7.104930419175741E-7	8.987749140207587E-13	3.912987075253139E-14	1.2445800809836652E-10	9.8602768358559E-8
7.361664622168752E-8	1.0423103356361615E-7	3.3665921067250263E-8	4.095170617762031E-10	3.275423037250888E-8	2.6547958449236477E-8	3.5324611066382666E-11	3.910483752378704E-8	1.3763702187888848E-8	2.7149520839062715E-8	2.4785200407686594E-10	7.629866118840377E-10	3.2781877444590053E-9	8.173328520692719E-9	3.980622930927036E-9	5.15580722199246E-9	3.4810132582271086E-9	3.65798252235218E-7	8.256117127300982E-13	3.379375246211102E-12	1.6276394606243256E-11	5.012548643296041E-10	1.6044694192969375E-9	0.0	1.6044694192969375E-9	1.884587062578139E-13	5.554848978614354E-12	1.8054860337697515E-14	2.149757196665246E-8	2.1766791047312073E-14	4.96280236032875E-11	1.0996266944231935E-8
6.736937658842279E-8	7.598953543046791E-9	1.517894683909362E-8	3.1528184295189165E-11	1.3986201012643333E-8	9.555207584229172E-9	1.265700716891435E-11	1.9453359812187938E-8	1.1804211931471968E-8	1.760476181710077E-8	2.0202014665919154E-10	6.62721575701856E-10	1.4811627674972129E-9	4.3928779599247736E-9	3.1123595641985635E-9	2.5640010939579E-9	1.3711843652650974E-9	8.214435170066271E-10	1.0850000482214813E-12	1.3035596491269476E-13	9.642899433165088E-12	6.667834952851287E-10	6.056759103035297E-10	0.0	6.056759103035297E-10	9.181370196435464E-14	3.567197913605006E-12	9.333068461451813E-14	2.033609997351387E-13	1.0407727608162918E-9	2.605863437472275E-10	2.6291799584886827E-9
2.3359770744444406E-9	4.205805184671835E-10	5.754499232818857E-10	5.760196132000453E-13	6.231044623829839E-10	5.99421395355068E-10	5.765590341381123E-13	7.580659511513274E-10	4.284118165996608E-10	6.61954098097853E-10	7.380115119142557E-12	2.4724252844571405E-11	5.977665635316547E-11	3.338316514328102E-10	1.077066088063498E-10	1.801511156495553E-10	6.72768308046937E-11	2.013645752489149E-11	3.7918460544368636E-14	2.1139206084643573E-15	5.861963666902013E-13	1.9347446530627492E-11	2.504634905763194E-11	0.0	2.504634905763194E-11	3.3468671399893117E-15	1.3463139765874412E-13	3.457387662550643E-16	7.978093087232971E-15	5.240918310590922E-16	9.408521818695652E-13	3.941471299822246E-10
1.2941990773360332E-4	2.2720816994073737E-6	1.5844172372977955E-4	4.382697134881834E-9	4.869384167239552E-6	7.0092781014843555E-6	4.818639842342893E-9	8.258214389121688E-6	2.7366640102791436E-6	5.2532834805521126E-6	4.810688697375881E-8	2.260485933165851E-7	1.256673443594289E-6	1.783203202928067E-6	1.793743431332147E-6	7.959889562616424E-7	7.068188009051975E-7	1.0213203657702522E-7	1.6224707027610295E-10	1.5872183204139638E-11	7.244940844740842E-9	8.777553606089941E-7	3.4561303076598123E-7	0.0	3.4561303076598123E-7	4.35984562757565E-11	1.7993447699269563E-9	4.965099387232322E-10	1.52489114583629E-10	4.01372101947979E-12	1.3885333040965895E-6	7.927043078251652E-7
2.803713957827992E-4	4.4981785274294655E-5	7.58057023935623E-5	8.642120604240798E-8	1.005028028707408E-4	2.903300091392822E-5	1.1204763344784873E-7	0.001116476483341593	1.792725892815618E-4	3.416591128818185E-4	2.521546083054945E-6	5.5197338220155786E-6	7.257887565054898E-6	2.1973172877769765E-5	1.8181708295635855E-5	1.892555483577281E-5	1.8984004100846585E-5	1.9609572462828676E-6	5.192997074127277E-9	3.671589611241322E-10	3.0370178633102214E-8	2.395007405633986E-6	9.393789206663164E-6	0.0	9.393789206663164E-6	7.213792754256604E-10	1.729703371678569E-8	4.458793176721137E-11	2.963110267509986E-9	1.2845828178879457E-10	1.2219778072720387E-7	1.1894584711273131E-5
