32
NULL,getrlimit@__getrlimit,open@__open_nocancel,read@__read_nocancel,stat@__xstat,open@__open64,close@__close_nocancel,munmap@munmap,rt_sigprocmask@sigprocmask,exit_group@_Exit,rt_sigaction@__libc_sigaction,sched_yield@sched_yield,time@time,mmap@__mmap,mprotect@__mprotect,write@__write_nocancel,syslog@__syslog,getpid@getpid,writev@__writev,close@close,fstat@_fxstat,read@__read,mremap@mremap,socket@__socket,fcntl@fcntl,connect@__connect,lstat@__lxstat64,openat@__openat64_nocancel,getdents@__getdents64,lseek@llseek,madvise@madvise,write@__libc_write
0.9477942872874999	0.013445455548209462	0.009475400143922593	1.176446010937166E-6	6.156556326657411E-4	2.3447856506402187E-4	1.473700668235116E-7	0.005766679013626894	0.0037173752132534355	9.775541804518798E-4	0.0019081846369996614	1.659063397507155E-5	9.928301301444418E-4	0.0024274645881111703	2.159523592967297E-6	1.043537479132971E-4	8.291872580025906E-4	7.055309315296491E-4	7.191809955892821E-4	3.0468187019040856E-4	3.435184240318521E-5	2.6266546580814946E-8	2.8454893885111713E-7	1.1304174372994998E-4	0.0	1.1304174372994998E-4	1.0045281142060816E-6	4.814947266102078E-6	2.325673397383885E-6	1.4266428087795019E-9	3.258251612441607E-8	4.245234747758737E-4
0.006136608459048995	0.0025328487107232696	0.009316519742502298	8.800253676122801E-8	1.1828172504684793E-5	2.6236787021402504E-5	1.126083449765528E-8	1.2813922641562604E-4	3.1024969940595195E-4	1.0574594581697225E-4	2.107877677379764E-4	1.912979234258829E-6	1.491778015330464E-4	3.118728248927651E-4	3.1550901621012545E-7	7.360527027930099E-6	3.4822405833905E-5	4.98771785940889E-5	3.2819290631044274E-5	3.121694441484159E-5	3.072672236350041E-6	3.09499629786121E-9	2.6274654541893366E-8	1.2871584478476984E-5	0.0	1.2871584478476984E-5	5.890562442076751E-8	9.05711938513336E-7	3.3728411048917444E-7	1.8373547214814704E-10	1.6717685668711862E-9	4.279208851388143E-5
0.006033326053653876	0.0010541763521775087	0.002714912423379399	0.006616269549619294	1.632340046953055E-5	6.774304606289307E-5	6.729353567092412E-6	2.548683880457084E-4	0.0014463402499995546	3.571339121441129E-4	6.669541845986165E-4	5.8305162323666635E-6	2.934196414291337E-4	0.002450988900241289	9.79179296802794E-7	1.228519473028238E-4	0.004340585893011502	2.653523839221313E-4	1.1532232352995556E-4	1.0801923652385939E-4	4.9458732320219886E-5	1.3909653647722998E-8	1.251063057678726E-7	3.137964640516823E-5	0.0	3.137964640516823E-5	3.5327795252240607E-7	5.949234879831783E-6	1.2743403368173375E-6	4.53565196281145E-10	1.4194497762253669E-8	2.3749116618564792E-4
0.0025571165749729567	0.0010377929917919006	3.21818590455823E-4	1.3703284602558843E-5	5.299721054872437E-6	1.6302446889918663E-5	9.24272574869002E-9	6.270903586710765E-5	3.768789648495552E-4	8.576857007607036E-5	1.6778756087494845E-4	1.4027985050334406E-6	8.577270455875036E-5	2.2523881999744278E-4	1.644331395996537E-7	4.8767690360250547E-4	2.119421322948643E-5	3.4740059305705206E-5	1.9349133224294007E-5	2.035031424542096E-5	2.0458916394155286E-6	2.058939560634271E-9	1.8219833166251974E-8	7.908900037277457E-6	0.0	7.908900037277457E-6	4.257287231389746E-8	4.8699727211586345E-6	7.466824882583861E-7	1.1317993782088405E-10	9.788752753971745E-10	3.0230365498003283E-5
1.1822881036407383E-4	4.114447073063287E-5	2.7443501702917944E-5	7.860068109984468E-9	3.5464129345670003E-7	2.0482260356259567E-6	9.456448058209865E-10	4.506939111465571E-6	2.481767117335715E-5	8.971193545693774E-6	1.7382215192577432E-5	1.6165353933689724E-7	1.2005752950475951E-5	2.463303522317072E-5	2.4712953807187848E-8	6.346116713202461E-7	2.4711485597874772E-6	5.687922935187147E-6	2.3646494033394073E-6	2.2444415285755232E-6	3.0237608784246345E-7	3.391597017162054E-10	1.4842214858748204E-9	1.0198124809475827E-6	0.0	1.0198124809475827E-6	5.223172526580861E-9	1.4747834122185183E-8	1.973474760191134E-8	1.5193883413246413E-11	1.130642167365884E-10	2.330543057617466E-6
3.5835672886843327E-4	3.0644784120610233E-6	1.7160139903194785E-4	2.06300871001512E-7	5.061432571994712E-6	3.309658936716106E-5	6.431627615045372E-6	2.6325758502103783E-4	2.1656187098753062E-4	8.617925973191222E-5	1.4140671582447983E-4	1.4612620577495625E-6	8.390206169047065E-5	1.1311525414776618E-4	1.0598565696474807E-7	1.4616046871189652E-5	1.908800764439624E-5	9.919972768837125E-5	2.1502436297866584E-5	1.9157597009739717E-4	3.468781058093632E-5	3.5079728379853645E-9	1.7052785751672391E-7	5.667270925714056E-6	0.0	5.667270925714056E-6	4.355516124393051E-8	1.3865130075407436E-9	1.001583386787725E-7	1.1225432835148674E-10	1.1346607747855376E-9	6.721436129859981E-5
4.961690603795893E-6	1.8479536518837038E-6	9.024370523095903E-7	7.548173787835346E-9	1.214992207152066E-8	6.295588253140332E-8	2.8821951328717267E-11	4.169251806955856E-7	7.070961533236664E-7	2.6465778839351103E-7	5.013749003571452E-7	4.744446948470207E-9	2.179413074663894E-7	4.535428539810355E-7	4.475057036643477E-10	1.7764575990440007E-8	7.382225110743313E-8	1.369257364085003E-7	7.403460617088454E-8	1.132897574736058E-7	3.6335092512421415E-6	8.49146794021765E-12	9.708231065433576E-11	2.8372401952028474E-8	0.0	2.8372401952028474E-8	1.3587809906025894E-10	6.614919955596006E-10	5.812677658614166E-10	4.3695090409145673E-13	3.549072850908026E-12	1.0003312294721966E-7
0.0062928900261626786	6.9202665479310895E-6	4.880800865269905E-4	6.462660222045051E-7	6.69655044052554E-6	6.11862355872501E-5	6.094125701902857E-7	0.002565434796074009	7.916868048063628E-4	2.530862966982415E-4	4.980956132432724E-4	4.496870377762585E-6	2.6538736733338497E-4	0.003071117472203438	0.004746801668849383	3.047930298070568E-5	2.157575474609277E-4	3.315690041191677E-4	8.382651674598706E-5	7.171972531383324E-5	1.1968509422909976E-5	1.2753769637839168E-8	2.7185199669355463E-7	3.0165474023392096E-5	0.0	3.0165474023392096E-5	1.4429033237546966E-7	3.3186847123658847E-9	5.293366967320447E-7	4.183437918978924E-10	3.744115960046749E-9	1.82212248918997E-4
0.00399242936345897	5.655925570857254E-5	0.0012469620523527026	8.889207943703625E-7	2.0976413982092303E-5	1.6395952865250115E-4	2.074552588409433E-7	3.119511509043264E-4	0.0025471424991246987	0.003078705998270567	0.0056709738447014305	3.8941227354048144E-5	4.864293812221428E-4	0.001217962329195482	1.10211226924317E-6	1.1288341228707104E-4	1.3346467471301308E-4	4.087277241868578E-4	2.2620661927268558E-4	2.149318434488663E-4	2.8024783200024516E-5	3.5885813649018334E-8	1.3117778860941168E-7	7.542261552815369E-5	0.0	7.542261552815369E-5	4.1351539940009E-7	2.2797369547984326E-8	1.3421135614040593E-6	1.259069863461512E-9	1.1468508153789812E-8	2.1610946736618606E-4
0.0035351485763471203	6.599168833781645E-5	8.379083105532234E-4	6.596209795297748E-7	1.3509541365333512E-5	7.891720326047311E-5	2.3202856501395717E-7	2.0174336161680803E-4	0.0019166950480676757	4.0962093531877574E-4	7.458126042113897E-4	6.324374447522049E-6	2.480434680579892E-4	8.549915073495104E-4	6.6680066539878E-7	1.1842365528058216E-4	8.979788576713298E-5	2.813310555888293E-4	1.5371960854081748E-4	1.1703266784910339E-4	1.7589968609523227E-5	1.884804063111079E-8	8.028940884945391E-8	3.094576545576981E-5	0.0	3.094576545576981E-5	2.747684588384513E-7	2.5509795757923353E-8	5.32992497153427E-7	4.2762259940919594E-10	1.0309752493721302E-8	1.421386413839787E-4
0.0034409228200229444	5.7812237621662345E-5	9.573338274695276E-4	6.972007670222314E-7	1.5223806272051646E-5	1.1897380799512483E-4	2.0652057817511364E-7	2.2832357115851326E-4	0.0021231174328660268	0.0032418306564264265	0.0024289547426330224	5.5982218149422795E-5	3.2594353320557413E-4	9.483190173020842E-4	8.283574980149934E-7	1.0804016090659609E-4	1.0234027146468325E-4	3.0983100088460516E-4	1.7059255950960394E-4	1.52129027875501E-4	2.0217859120234422E-5	2.352204011414745E-8	9.35645595109655E-8	5.28425291566895E-5	0.0	5.28425291566895E-5	3.0854937747975857E-7	2.2731368621495978E-8	9.307126122888179E-7	7.883814554871115E-10	1.024228423157738E-8	1.5970069136911504E-4
3.6824691458924133E-5	6.361418127802163E-7	9.643921666887957E-6	7.288166924133335E-9	1.570978226810837E-7	1.0615249211968437E-6	2.261512787229589E-9	2.34470653503905E-6	2.1260121162441513E-5	3.5868223010575856E-5	2.5390150262296027E-5	1.9797078362871903E-5	3.1906528619622127E-6	9.6699938811208E-6	8.033742448657902E-9	1.1744444134067541E-6	1.032714235233958E-6	3.1960940225632713E-6	1.7550109409550212E-6	1.469792525987164E-6	2.0681764116847005E-7	2.379293249443651E-10	9.535147596608854E-10	4.517328802107624E-7	0.0	4.517328802107624E-7	3.1637989706830526E-9	2.4865572502190253E-10	7.912050484984577E-9	6.828609843972976E-12	1.0734837576211855E-10	1.6417340328753754E-6
5.494655509020114E-4	9.166780732510554E-6	0.0020255375019119786	5.565580656722584E-6	4.21038056717189E-6	3.9666344959201824E-5	2.342143991829853E-8	7.891714907697507E-5	5.582800217719313E-4	1.705777126350204E-4	3.32530228576447E-4	2.990015724972241E-6	9.140111061430106E-5	0.001142956193188052	2.3635956643301896E-7	1.786304819051695E-5	7.478665108537882E-5	2.701204383047514E-4	5.665295033079099E-5	4.595866995685814E-5	4.897245166490037E-6	6.119196199480125E-9	3.587694669861154E-8	1.9608264897765635E-5	0.0	1.9608264897765635E-5	1.9751757514199436E-7	5.15740859382413E-9	3.304707450738465E-7	2.707373454452392E-10	1.929751959823852E-9	5.8204843494384976E-5
9.267437030700164E-4	4.166049282204276E-6	4.8594396103970796E-4	2.867294915716531E-7	7.726866958690434E-6	7.821734528323726E-5	5.373297791331175E-8	0.0083023742968049	6.541982884002566E-4	1.8414073305003824E-4	3.5655881102651665E-4	3.1615862719315323E-6	1.0018316040467201E-4	0.008367165530367891	0.002543005726037057	4.2122889056243475E-5	4.075773462247144E-4	1.0291404711671744E-4	3.936015952788212E-4	6.119775113135837E-5	6.279228658172702E-6	8.323286864188008E-9	3.9686601575833126E-8	4.0431793035775055E-5	0.0	4.0431793035775055E-5	1.591050392200004E-7	2.3851454571663772E-9	3.423909370149058E-7	2.7601708885549146E-10	3.371670496889653E-9	8.048665697623173E-5
4.969871330575917E-4	2.945373673162296E-6	2.148087849287563E-4	1.427418618103689E-7	3.935035140216468E-6	3.381561547511963E-5	1.22441275143927E-8	0.003701792875317904	3.580545904412722E-4	1.3451864436874695E-4	2.704962524379754E-4	2.483391299873187E-6	7.901063615472208E-5	0.001218156614880787	2.454511949029116E-7	7.699839826599763E-6	2.25996274777678E-5	7.002777953980647E-5	2.730879662551024E-5	3.5845013619447855E-5	4.903086576163664E-6	8.002360330826386E-9	2.497496826343165E-8	1.6903666512329565E-5	0.0	1.6903666512329565E-5	7.09312115627945E-8	1.4102407831364793E-9	3.2108708902773954E-7	2.467830621202271E-10	1.3730221533115849E-9	3.8672337864784515E-5
1.0424609968177502E-4	8.43840178086877E-7	0.001225048915674071	3.4752650300397774E-8	5.962543976789312E-7	5.779715901911718E-6	6.557717482419507E-9	1.106260257667551E-5	2.6801082780348825E-4	4.5086542100755265E-5	8.609903467292335E-5	6.529047902904455E-7	1.2987380615085696E-5	4.29677438981658E-5	3.595950048875906E-8	4.8597826856468663E-4	2.6009484668579804E-5	2.1408647171987525E-5	3.6303703295705244E-5	6.738226894868694E-6	7.055704022255964E-7	7.637370802391238E-10	5.238216799376069E-9	2.8207241243410542E-6	0.0	2.8207241243410542E-6	3.279231118127247E-8	6.269486307299033E-10	4.691942215207444E-8	3.898078730915897E-11	3.689885212265797E-10	9.025167956937655E-6
0.001459404818979651	3.874871583052141E-6	2.798519103417277E-4	1.845914412321906E-7	3.395773568980661E-6	2.9625719268157084E-5	1.2512948732242743E-7	5.220337809338344E-5	9.150548613943034E-4	1.95963656569927E-4	3.698102877972813E-4	3.086185678380927E-6	1.3243870247689658E-4	2.667336428022077E-4	4.3263299094219257E-7	1.1384651032245805E-4	2.970155715880012E-5	7.555156708987709E-5	3.423400621386349E-5	3.359227385726741E-5	5.219591403871671E-6	6.328807869773399E-9	2.2678826020477645E-8	1.4619345972959601E-5	0.0	1.4619345972959601E-5	7.483057471193578E-8	1.8930697733315547E-9	2.635855761723693E-7	2.2461523635667538E-10	5.638666227058379E-9	4.6249286472443536E-5
5.192785481485291E-4	2.1884513517039565E-6	2.86078986643674E-4	1.7792593021806044E-7	9.863836016250843E-6	1.231955817200981E-4	2.4717289581159468E-8	4.434678801385997E-4	3.376761430058614E-4	9.88355982423248E-5	1.9121637872389395E-4	1.710664220133867E-6	9.805655381298593E-4	1.5253274736787276E-4	1.376740005793528E-7	1.6791318906130293E-5	1.2568832468944034E-4	5.274715531957009E-5	9.14085236893553E-4	6.453520984459896E-5	2.7490734078071126E-6	2.8812467608407296E-9	2.0246106169035565E-8	6.585524490692558E-5	0.0	6.585524490692558E-5	1.6054897651553904E-7	1.413594305993427E-9	1.7926988782182935E-7	1.510642241977692E-10	1.5962858322058228E-9	3.4347627524222637E-5
3.9033101320569224E-4	3.204526875550381E-6	1.8040561776287814E-4	9.685177670727551E-8	2.364383232724724E-6	3.83247219492395E-4	1.819095450339557E-8	3.958313132445563E-5	4.2229005687910735E-4	1.533368854647524E-4	3.064355803556328E-4	2.807054810102113E-6	7.15901322486539E-5	1.549640811303456E-4	1.9026699798276345E-7	4.954145967795325E-4	1.9115622452014057E-5	4.8174829646407215E-5	2.680164124181824E-5	1.622501330201519E-4	3.3554291045784064E-6	4.358808160767068E-9	1.6166522394373953E-8	2.0706758886877296E-4	0.0	2.0706758886877296E-4	5.1484025679578905E-8	1.4807242316209473E-9	3.3345766657623093E-7	2.744245977761157E-10	1.4524299044264625E-9	2.6169635486604636E-5
3.974363527797805E-4	1.9940138551790673E-6	1.1506321766629083E-4	8.236963343411558E-8	2.0210986319360754E-6	3.1409632987113186E-4	2.1905505443100486E-8	3.683891130760623E-5	2.2793250741802023E-4	9.193244083214225E-5	1.4294883147915454E-4	1.5265859478688625E-6	4.805201599374858E-5	9.49736726415661E-5	1.002310703320629E-7	1.8264980767702644E-5	1.2370993770977505E-5	3.707561870993485E-5	2.0212681503700544E-5	1.1254696282790687E-4	2.702155148398815E-6	3.968476917719426E-9	1.3013415483002187E-8	2.628528781065095E-4	0.0	2.628528781065095E-4	3.95897500939232E-8	9.369660388590825E-10	8.350846947585079E-8	1.0843315030135269E-10	1.1509346586574972E-9	2.1907427114889452E-5
2.3582528756660708E-5	2.1037807489178361E-7	1.89520641058936E-5	8.705350447641188E-9	1.7163060104839278E-7	2.114244345646281E-6	9.444587113184387E-10	1.2668984758916706E-5	2.4979426368877713E-5	9.405003060035798E-6	1.779419758097848E-5	1.6865701256049514E-7	4.854811799897791E-6	1.5240112558843129E-5	1.1105927700112543E-8	5.933129374865364E-7	1.975258568457221E-6	3.8191472193266175E-6	2.881488229741213E-6	3.462503743477468E-6	3.657276999127282E-7	2.973732749090454E-10	1.9141954983949355E-9	1.040484408329038E-6	3.395597728990426E-8	1.040484408329038E-6	4.346427723561567E-9	1.0698288844687144E-10	3.040193372986827E-8	4.1385375727485634E-10	9.808576191867208E-11	3.2542564924049085E-6
5.640234844782162E-9	6.15792571902227E-11	2.1106730496917303E-8	1.4566075583626965E-11	3.985626027325551E-11	3.4613300465373425E-10	8.309773604519083E-13	1.5376213957203724E-7	1.0672680131557622E-8	2.08714325795623E-9	3.945708279671982E-9	3.1906514819436974E-11	8.667111193810973E-10	3.1014989880801208E-9	2.099894172453868E-12	2.5117471963980323E-10	2.0892215426856786E-9	1.4890319338944287E-9	1.4982921166795954E-9	4.435797036186925E-10	7.182782918049036E-11	4.775261250713657E-14	6.150227976736826E-13	1.6750941662446353E-10	0.0	1.6750941662446353E-10	2.6059020691264995E-12	4.514556585041558E-14	2.546123317857473E-12	2.1728227280298226E-15	8.167589881473661E-14	3.019020247716575E-9
6.867897885981147E-8	5.287455665935942E-10	1.0419799847909096E-7	3.157931932121355E-11	4.864173470542821E-10	4.354360672013865E-9	3.864236493235095E-12	9.792219788848629E-9	9.721070356437389E-8	2.2899199767574106E-8	4.358695324389385E-8	3.7274691259872197E-10	1.574962174035563E-8	4.62560511473244E-8	3.666519087411225E-11	2.7064987831124094E-9	1.2632872845538682E-8	1.897387400295945E-8	7.1822483559415E-9	5.558850740738153E-9	5.701868684088013E-10	5.919171579621747E-13	5.09279176934167E-12	2.106706560980469E-9	0.0	2.106706560980469E-9	2.973458731168653E-11	4.903477433923088E-13	3.432486606236975E-11	2.920915067789572E-14	2.60307964856757E-13	3.4708304447264506E-7
8.762245073783628E-5	4.549599850387578E-7	2.7769921299559592E-5	1.838390825627681E-8	4.5095311307878996E-7	1.961437140963087E-4	4.819094311082978E-9	8.205104594126786E-6	5.838444754707363E-5	2.125256050418724E-5	3.364160535293564E-5	3.4947688236588244E-7	1.0756841211188511E-5	2.166776269517131E-5	2.2637749504812135E-8	4.013317591640421E-6	2.99930121041972E-6	8.553568422561303E-6	4.578450401496193E-6	7.535535562659795E-5	6.006913831373643E-7	8.734788141813536E-10	2.9379878407239505E-9	2.536790764569874E-4	2.52595202078655E-4	1.2738128730320296E-4	9.386373978574924E-9	2.1954616668793812E-10	1.9551865076163477E-8	2.4569013108806505E-11	2.555551137022911E-10	4.943408827935224E-6
2.6289696972935768E-5	1.3651440494982115E-7	8.333535333321505E-6	5.5185538323305185E-9	1.3531297531244468E-7	5.884329356041888E-5	1.4458654319708775E-9	2.463288074640144E-6	1.7518594799223598E-5	6.376939548181246E-6	1.0094806845898364E-5	1.04864400989058E-7	3.228238122284887E-6	6.5023759799819534E-6	6.793458194825439E-9	1.2040680469977993E-6	9.000634820172852E-7	2.566981095046452E-6	1.3738122667243117E-6	2.260696848732066E-5	1.8029564308814155E-7	2.6207773424012385E-10	8.825496669744557E-10	3.2530331954956975E-7	3.3797504360792197E-9	6.34741978964419E-5	2.816464098306474E-9	6.58774595057974E-11	9.376670351158443E-9	1.1712817267894557E-10	7.668017058787456E-11	1.4838816814676175E-6
8.324098887648246E-5	4.3221022392041564E-7	2.6381317693494498E-5	1.746464165040995E-8	4.284037110753563E-7	1.863357688103618E-4	4.5781209332274335E-9	7.794817589542207E-6	5.546499907160138E-5	2.0189850176855514E-5	3.195939480566823E-5	3.320016848723502E-7	1.021895749396089E-5	2.0584290650389012E-5	2.1505774363201678E-8	3.8126361701873208E-6	2.849324534881565E-6	8.12585687710289E-6	4.349510151031434E-6	6.714993490185789E-4	5.706544877584063E-7	8.298014908605663E-10	2.7910770711111693E-9	1.0296764620317652E-6	0.0	1.0296764620317652E-6	8.917018930214336E-9	2.085680081446703E-10	1.8574196106302593E-8	2.3340467308034262E-11	2.4277636836097824E-10	4.696219242819851E-6
1.1442379356475248E-7	1.0803030542328977E-9	2.2120153146861755E-7	2.0865216540690745E-7	1.0015703786551806E-9	1.0494371090971632E-8	9.9115141723862E-12	2.80717325833901E-7	1.4217516590834548E-7	3.650993401250603E-8	7.040635509728944E-8	6.121662635100921E-10	8.21708457355363E-8	8.532332182072097E-8	7.147858668115713E-11	3.844860607983274E-9	2.3509236849115157E-8	1.0985010212268328E-7	1.6710398247844702E-8	3.331792753181501E-8	3.2071024363290394E-9	9.97510132855141E-13	1.3885531515113954E-10	3.715192402640495E-9	0.0	3.715192402640495E-9	1.931753795635696E-6	7.243951074616059E-7	6.090219383702925E-11	5.1139905350513255E-14	8.067141410755238E-13	1.3020174692655465E-7
1.7472074162640333E-6	5.6714832626671444E-8	1.2678641055493325E-6	8.831753064377012E-10	1.1632254672762398E-8	1.6939922452713651E-7	6.493406373754851E-11	2.2663626807905913E-7	1.8598943972752875E-6	6.974989580869572E-7	1.3919322331752186E-6	1.2825333190394161E-8	5.937024610396054E-6	1.6085218416405912E-6	1.7001836022358054E-9	4.054625112649461E-8	1.3116467884008928E-7	2.606887681287809E-7	1.474113419419727E-7	1.6531923094749697E-7	3.884743447554745E-7	2.06852311815641E-11	9.304869292467676E-11	8.568675547006451E-8	0.0	8.568675547006451E-8	2.804219882872435E-10	2.226708451202876E-11	1.292670331092162E-6	1.2604208035340238E-12	7.764852635409396E-12	1.3968517571279262E-7
3.0552199441223547E-6	4.5364874199794126E-7	9.748752216069156E-7	5.814204617681536E-10	1.6942325912019884E-8	7.087982033563565E-8	6.237443281817351E-11	3.8059808137966725E-7	1.0752112354464574E-6	6.367637935823175E-7	9.460449810303577E-7	1.091611538266071E-8	3.776250495731013E-7	7.427357755871119E-7	6.159334555335286E-10	4.0995918666825965E-8	9.873322572783761E-8	2.756525779286935E-7	1.5823123872880724E-7	1.3619864225709378E-7	2.047688719580121E-8	2.989798978874092E-11	1.0207758740810913E-10	3.1885273203079373E-8	0.0	3.1885273203079373E-8	2.936202435639603E-10	1.637825923960963E-10	5.969320702343243E-10	1.0619303150826045E-9	5.162879882657642E-12	1.5451275342184282E-7
1.5419442113856306E-9	1.123727315443372E-11	8.224578071861742E-10	6.104395747633584E-13	1.2123989368488886E-11	7.375102578907886E-11	5.397090739154957E-14	8.8774546537296E-10	9.072614076626361E-10	4.743274305544428E-10	7.399689161469967E-10	8.17593431820382E-12	5.133132844375627E-10	6.836666357760046E-10	5.754971095386756E-13	3.316906328621082E-11	9.453396703301802E-11	5.562403994029767E-10	1.2277757764708466E-10	1.9965460485413755E-10	2.2855752786154925E-11	2.1015854324448806E-14	5.826963156043373E-13	2.8853585747900043E-11	0.0	2.8853585747900043E-11	2.5441825043964654E-13	5.7078453417011745E-15	5.095472911857657E-13	6.295986017162044E-16	4.046060981633664E-15	5.179543642147745E-10
7.524430097242645E-8	7.637443908537488E-11	7.80680365131644E-9	6.398769908255022E-12	6.288996954998482E-11	4.0359217625669675E-10	7.513316727930665E-12	1.1741516869772027E-9	9.581323000209613E-9	2.851181948977298E-9	4.817452876238835E-9	4.637614633661138E-11	1.4439525846702316E-9	3.6438438383640674E-9	2.8512644958111972E-12	2.7432175527433533E-10	9.283845631482472E-10	1.7319923151435452E-9	8.529478072424949E-10	6.274835939920009E-10	1.0940118581725946E-10	9.886783546250731E-14	5.573207542943308E-13	1.8964359919214014E-10	0.0	1.8964359919214014E-10	2.4821377380497848E-12	4.8954658140197676E-14	3.0814884978230197E-12	3.328496526556933E-15	2.4536785114245386E-14	1.3643944331582907E-9
2.826240139187227E-4	7.634539762821975E-6	1.1834394135566993E-4	8.132412876179235E-8	1.666523332673473E-6	2.2266457936288387E-5	1.238655607847977E-8	2.590785323795585E-5	0.00124439013762612	2.010995358855303E-4	3.8507746104970156E-4	2.86428158405473E-6	4.7787142798139695E-5	1.147916540275064E-4	1.1719334674887183E-7	7.134363759034592E-6	1.2372604981737474E-5	3.345614920975297E-5	2.018501888280951E-5	2.259993705592131E-5	2.3886160394242616E-6	2.925029454924703E-9	1.1166093123898535E-8	1.108820850076811E-5	0.0	1.108820850076811E-5	3.498324261295895E-8	2.9525080154447284E-9	1.965119172886112E-7	1.6333173760096174E-10	9.246442005806782E-10	1.8032852930866373E-5
