32
NULL,open@__open_nocancel,fstat@_fxstat,mmap@__mmap,read@__read,munmap@munmap,open@__open64,close@__close_nocancel,rt_sigprocmask@sigprocmask,exit_group@_Exit,rt_sigaction@__libc_sigaction,sched_yield@sched_yield,mremap@mremap,time@time,read@__read_nocancel,mprotect@__mprotect,madvise@madvise,lstat@__lxstat64,openat@__openat64_nocancel,write@__write_nocancel,syslog@__syslog,getpid@getpid,writev@__writev,close@close,stat@__xstat,socket@__socket,fcntl@fcntl,connect@__connect,getdents@__getdents64,lseek@llseek,getrlimit@__getrlimit,write@__libc_write
0.849103082612735	0.0055630598946547405	6.045404938293757E-5	0.004220210427445082	3.9486674190676536E-7	0.0034045593101716407	3.9412408442841005E-4	3.290950603259709E-8	0.10128846770279062	0.024113743871877962	0.04523571696920435	3.8038517120027933E-4	1.5455964418465209E-6	0.0010163472129769923	1.2707790398924266E-4	2.166746744649714E-6	3.2995571148959074E-8	3.710279245673617E-6	3.7471181029200514E-11	1.5755266416946653E-4	7.839175151033569E-4	9.490359452884619E-4	6.027014660828064E-4	5.474730118484179E-4	2.0665402813543953E-4	1.8964105200245E-4	0.0	1.8964105200245E-4	2.6121150900345817E-8	9.69269123775504E-9	1.0381152635177692E-7	0.0021923204692932173
0.0014282601899977363	0.0020322032053796068	1.0309680836595446E-4	0.0012786139862130444	3.079181095802718E-8	6.215110317292602E-4	1.6311975298015065E-5	5.511700603817517E-6	0.0023945580672123227	6.457554942147926E-4	0.0012049221819113623	1.0499843373671109E-5	1.1444695885942849E-7	1.010262116514778E-4	9.7678632090525E-4	3.615515181832962E-7	1.015966560207943E-8	5.742662529074248E-7	2.495714598409953E-10	8.71853460075803E-5	0.004076941843646359	1.2207071183611883E-4	8.077176402795408E-5	2.8112578155961807E-5	9.122370883425849E-6	7.552004164587242E-6	0.0	7.552004164587242E-6	8.145039916734843E-10	2.8355440553048297E-10	5.37275065731321E-8	2.2329995531720457E-4
3.718405330745055E-5	1.3198636463484231E-5	4.4041356887410823E-7	2.5335479299139376E-5	4.336380409405003E-10	1.1612473724563644E-5	6.750271564473128E-7	1.5290036216745804E-10	4.892395489637749E-5	1.9728456752362503E-5	3.6681571844675375E-5	3.463337581784444E-7	3.0625823100211156E-9	1.4742362805211812E-6	1.5135302672242464E-9	2.8052215719119905E-9	4.0734297199573734E-11	9.269923805530108E-9	1.5338866135400732E-13	2.4981945026126097E-7	1.405673239759224E-6	1.9055570518313308E-6	2.826056118125698E-6	1.8177568279759365E-6	1.0524999787582436E-7	3.303450990626914E-7	1.162985958476601E-7	3.303450990626914E-7	4.363984052605007E-8	1.3748285056272427E-9	4.2635084868389867E-10	4.431115681418823E-6
7.154033901270611E-4	7.628240456751613E-4	3.92126026547058E-6	0.006166325135237604	2.8792120020089315E-8	0.00839216831464604	4.593319476846777E-5	1.7357613904428596E-8	0.0011802717460882158	3.3970414214019715E-4	6.484511044392731E-4	5.676418246114784E-6	8.495334754218968E-8	4.587343006962308E-5	6.429097401633846E-8	0.0018778762618345834	3.748584582224919E-9	6.079992813110769E-7	2.860475322946921E-12	3.777333527282789E-5	4.240511315745408E-4	8.77175514685574E-5	3.660929678845179E-4	3.214711592301846E-5	6.312658922723001E-6	2.403511768794943E-5	0.0	2.403511768794943E-5	4.899140823338311E-10	1.6391920903046032E-10	7.871903551537261E-9	1.7908277956239964E-4
6.440863371433933E-8	1.8158152097056029E-7	1.8176567409126432E-10	1.7428589595311406E-8	6.96208318634721E-13	9.419659825778912E-7	9.65340697536773E-10	1.0174030689058077E-12	1.2747974367924906E-7	3.129410166709931E-8	5.761096645859548E-8	4.928996661582108E-10	5.340399700382647E-12	2.7767346048791985E-9	4.222956394305606E-12	5.8966191968770995E-12	6.674707751134035E-13	5.114055183259033E-11	2.1882369215615594E-16	1.3080121290675252E-9	1.7039269864404747E-8	8.749673389069644E-9	1.2647935655397921E-8	1.3722377522131233E-9	4.6562174260908506E-10	4.641198732664037E-10	0.0	4.641198732664037E-10	3.216453542506755E-14	1.2352982330355453E-14	5.934048497168774E-13	1.1044050665187713E-8
0.001494741437697143	8.17696642570468E-4	8.41736980347387E-6	0.0022815368666014354	5.38353657749607E-8	0.002353453633931361	2.0744412128265064E-5	4.890755257057821E-8	0.0027711014095178842	7.858821224909186E-4	0.0014624377005619544	1.2914493124010008E-5	8.606223229013315E-7	2.0232348654469374E-4	2.5971945020278616E-7	0.0035053234953582443	4.578949390204244E-9	4.581926193054707E-7	9.508310761001624E-12	2.4217386330212272E-5	2.3886194720937985E-4	3.0923784981355933E-4	8.781018899890855E-5	3.99104898893942E-5	5.258539501920556E-6	9.382827685922088E-6	0.0	9.382827685922088E-6	1.002966356747375E-9	3.557636165508832E-10	2.6491025704294773E-8	5.517416605733341E-4
2.8219555867321094E-4	1.1094106204167692E-4	2.3466762353647643E-5	4.594041724834728E-5	4.875861633259506E-9	3.464734563778567E-4	1.0570667742176086E-5	5.500285268638263E-6	3.426403994116373E-4	1.511660639354595E-4	2.4080092473085826E-4	2.503131690961692E-6	2.7156250664100173E-7	3.476122509635186E-5	2.0192022389458682E-8	3.625547900182827E-8	7.424549596700586E-10	5.993754192721369E-8	1.421672360066501E-12	1.0415084510980826E-5	1.1102241308973002E-5	4.799615676151948E-5	9.625399224265029E-6	8.080843218028147E-5	3.895798910637658E-6	1.0739104909836491E-6	0.0	1.0739104909836491E-6	1.1587144938114439E-10	6.302040544547926E-11	3.959853327309582E-9	9.545975475929334E-5
5.328602250702192E-7	2.7337628067628565E-7	3.5104957868537735E-6	7.701688352023725E-8	6.450848261918008E-12	2.2786752431602736E-7	6.720635333019623E-9	4.591320647123024E-12	6.886209517864123E-7	2.797551001325265E-7	5.101645017952845E-7	4.870684404569547E-9	7.748104655590388E-11	2.7529561719799058E-8	1.372266459264328E-10	4.1980698265586694E-11	9.431214718380605E-13	1.3968045567338785E-10	1.5465830155983208E-13	3.884807982631153E-9	2.718321431549591E-8	3.88315372533227E-8	2.2312112040035136E-8	1.214610559088021E-8	1.5781709033133055E-9	3.103621465362195E-9	0.0	3.103621465362195E-9	3.892643390445211E-13	1.452228204343154E-13	4.3269171463298164E-10	8.330056141932499E-8
0.06548458297047548	0.0021130865663013037	4.369758506546563E-5	0.0028686965991434957	3.8262711840002243E-7	0.0010815471273231214	2.3634989933877628E-4	2.1301896420584672E-8	0.029902277093555724	0.03641940866695304	0.06579786599204844	4.7287705816617E-4	7.480004166474686E-7	6.6772542487644E-4	1.8089695540181166E-6	1.2692224253170417E-6	1.7678188572862297E-8	2.2085406716578934E-6	3.2999201125438114E-11	1.4271038140185494E-4	2.3646570479671895E-4	6.294195437332388E-4	3.618423419357559E-4	3.4129830624833466E-4	3.145940058744257E-5	1.0937436723142227E-4	0.0	1.0937436723142227E-4	1.4762750756642815E-8	6.434413833439189E-9	9.186607416077943E-8	0.0011071722761736688
0.06621873706893613	0.0010836449670479688	1.7096613322031068E-5	0.0018824822468193434	1.4099130238563208E-7	5.425551677001392E-4	6.866367738123692E-5	1.7547804593949822E-8	0.010447403460743337	0.0025582184544234586	0.004723361282230843	4.032839780627216E-5	3.246904710952408E-7	2.203334401093616E-4	1.5061728442708223E-6	5.065946103121896E-7	1.1790997144213529E-8	1.0629845014543487E-6	1.3408713689572591E-11	1.1519418123485557E-4	1.250702227225758E-4	2.889059667976503E-4	1.6526357683407128E-4	1.193829662838159E-4	1.721439602749859E-5	2.5193598760587025E-5	0.0	2.5193598760587025E-5	2.7972443322154207E-9	1.0189872119306058E-9	3.7256388843744604E-8	5.328106517864075E-4
0.061915063027958454	0.0014635683752357287	2.5591083954439635E-5	0.0021694119887244066	2.1487568974731362E-7	7.299402518673265E-4	1.5111804702274168E-4	1.7965291301167666E-8	0.01905978865879142	0.03451389752365617	0.027020356120610833	5.918778360123843E-4	4.5936702047279003E-7	3.7813925050373906E-4	1.527482017150177E-6	8.194908803930913E-7	1.379456281241095E-8	1.4267857857127745E-6	1.9527750641390063E-11	1.185197449413757E-4	1.6643695849248016E-4	3.964720060306726E-4	2.295296027682654E-4	2.0527094307256862E-4	2.1438480642899915E-5	6.808016987091609E-5	0.0	6.808016987091609E-5	9.129561808980198E-9	3.4284560284080436E-9	5.430902664323449E-8	7.10263017420364E-4
6.717277684535101E-4	1.4141719271092924E-5	2.506637291552601E-7	2.209140996839859E-5	2.123430894049014E-9	7.126760607062445E-6	1.2327945553948E-6	1.896601894705341E-10	1.6674251226409236E-4	3.746329970695323E-4	2.685521984714859E-4	2.03083522303927E-4	4.529601542959458E-9	3.552622224497053E-6	1.6208682607521124E-8	7.488110574527327E-9	1.3812630985861456E-10	1.4153697122398933E-8	1.9275446144536546E-13	1.2524789162390855E-6	1.6111397843646422E-6	3.927514144886398E-6	2.2557880707261412E-6	1.8805923721328407E-6	2.1655993406454793E-7	5.262524672682414E-7	0.0	5.262524672682414E-7	6.718644695814691E-11	2.6993687626713638E-11	5.360584699679159E-10	7.085414555297554E-6
3.761077814778454E-7	3.999211468932092E-7	9.391847909524512E-10	1.3806429469935846E-7	3.9422111018874136E-12	6.190706789753283E-8	6.166145901697197E-9	7.407313637556388E-13	6.464250756076125E-7	1.7610160776218367E-7	3.3158637532928025E-7	2.8842778867765803E-9	3.630902048519309E-11	3.546288293739408E-8	2.1662556647166703E-11	7.365912913238456E-11	6.312863137920583E-13	3.6321642503009615E-10	8.475339881802338E-16	7.801926620611517E-9	4.495860156809692E-8	6.204513705502935E-8	2.8539499383594797E-8	9.365221057043292E-9	3.318269704564229E-9	2.9240370205721213E-9	0.0	2.9240370205721213E-9	2.1560399973501955E-13	7.918383941766359E-14	2.2339443404403465E-12	1.1536135205707748E-6
7.433872729122312E-4	9.809115738769198E-4	2.3323019522090964E-6	8.179151751639496E-4	1.909462754103395E-8	9.402932281973522E-5	1.133624778922343E-5	1.0294896676000886E-9	9.795861156917834E-4	3.2843079754915524E-4	6.286028071452055E-4	5.669992832509845E-6	6.295561015526667E-8	4.499533664559099E-5	6.595245859729339E-7	9.085348924536412E-8	2.3504221663699487E-9	4.6897805544882745E-7	1.3013889676044655E-12	9.675751028813919E-6	5.3122443539188624E-5	2.2760039567756342E-4	4.386145756720553E-5	1.7274259047740186E-5	4.570505783907356E-6	5.420502172757766E-6	0.0	5.420502172757766E-6	4.970662695968051E-10	1.722273830828046E-10	3.4779595903065398E-9	8.658621382098011E-5
9.020577773232228E-5	2.2594124173897494E-5	1.5982533563431175E-7	5.602923695797145E-5	1.3178474608218263E-9	4.820901557167912E-6	7.412431635101347E-7	1.2596297211023521E-10	2.5601767008705256E-4	4.949158133999076E-5	9.489985729237423E-5	7.382393569037683E-7	4.047116332145286E-9	2.2372332495340684E-6	1.5130873370163444E-6	6.533767210790642E-9	9.389682820459366E-11	7.78606504203388E-9	2.016083247341474E-10	4.776119867045188E-4	8.675591100233445E-7	2.255130289923193E-6	9.195565426185398E-7	1.167895063104071E-6	1.1021695155618086E-7	3.468973979274448E-7	0.0	3.468973979274448E-7	7.499128160607339E-11	1.7001387816958342E-11	4.358518767235395E-8	6.147907195607041E-6
3.2440847043711E-4	7.434015531760891E-5	2.6022609689029595E-6	8.263076009875807E-4	3.039495257419487E-8	0.002738820512243156	4.990236592946778E-6	2.683264942153037E-10	4.510524470637532E-4	1.7142452328322485E-4	3.4366138943781017E-4	3.0960954446697734E-6	4.5428472991984014E-8	2.4804385038936378E-5	4.097853388432812E-8	7.937344747822417E-8	3.9076587587394627E-10	1.1162083300598015E-7	4.370749263264325E-13	1.5062192148024569E-6	7.637374260101991E-6	3.5903475677066656E-5	7.396646407324673E-6	1.0331089624226575E-5	1.448642914130758E-6	2.2021560816687224E-6	0.0	2.2021560816687224E-6	3.485843521424837E-10	1.0396495369952868E-10	1.2097853606825696E-9	6.303421633260284E-5
1.9386031605716128E-8	9.643176385158093E-9	5.63195565007807E-11	2.865728699630128E-9	2.4999712049062156E-13	3.948673665517586E-9	1.8825996014999135E-10	5.196081967788209E-13	3.365408060007721E-8	1.0145192720248693E-8	1.7243474730301603E-8	1.6147460963197245E-10	1.1587230215390794E-12	6.706161890192795E-10	2.662297469225628E-12	1.21830723755464E-12	3.0268668807285156E-14	7.059890125169928E-12	7.961977595622148E-17	1.8381807984741172E-10	9.89816232327384E-10	1.292829739855642E-9	8.134710642762171E-10	3.0760629209345263E-10	6.686545802160942E-11	8.862352477122557E-11	0.0	8.862352477122557E-11	8.273871422827856E-15	3.902028213417103E-15	2.203970581725229E-13	3.5304724137679093E-9
1.314864937469379E-6	8.004510830393545E-7	4.8849356040434165E-9	2.22023795794889E-7	5.555576057511038E-12	1.0729598725856905E-6	1.1739004016404986E-8	1.5531869299935147E-11	8.042889128861501E-7	2.2703407809912886E-7	4.3704676710374934E-7	3.793879427267494E-9	6.123161787194104E-10	1.4042739356525874E-7	7.67621022560466E-9	1.4408909364716192E-10	2.5450634582803332E-12	6.61645365708683E-6	2.4810373906105794E-6	8.80653302329239E-9	7.912385408608773E-8	1.821858932759982E-7	5.82256805686847E-8	4.753457738740609E-8	4.9747423690516525E-9	3.776188038039864E-9	0.0	3.776188038039864E-9	3.105506813272251E-13	1.0943951001025313E-13	6.959524179278852E-12	4.840816057817455E-7
5.147202254156448E-8	9.384900676795054E-8	1.2759910371208785E-6	2.205839731070698E-8	5.569506528138274E-13	1.1547378379895209E-7	1.1560087119862903E-9	2.068928592365283E-12	8.194292267248373E-8	2.2591666117494254E-8	4.342651713623993E-8	3.7516949185622996E-10	5.592754580870379E-11	1.3190278008441931E-8	1.7846419201925576E-11	1.3670094489168055E-11	3.0883160358006387E-13	3.896260265621203E-11	9.366923510279161E-16	9.614551703379873E-10	9.178312762840163E-9	1.7438200013159905E-8	6.7962390540758334E-9	4.425384040872353E-9	4.992201567849147E-10	3.8777242970723133E-10	0.0	3.8777242970723133E-10	5.342155005714998E-11	1.0699967348168292E-14	2.6067571445812736E-12	4.716968677104681E-8
1.1608262473169498E-4	0.0011893599327736989	2.1885928273501057E-7	2.353643537545493E-5	1.075040035092585E-9	1.3410676553645303E-5	1.5737982384246337E-6	2.752102781204683E-10	3.11526254979809E-4	6.297243810756849E-5	1.2017681560119984E-4	9.520463329196031E-7	7.264921252527535E-9	3.988543212273438E-6	5.925573254133663E-9	1.0630533163854184E-8	1.9226089562069748E-10	7.561182301425023E-8	1.7812594008241533E-13	4.792481631790883E-4	2.224101965447089E-5	1.297078122013628E-5	3.524315868043726E-5	2.105902036728616E-6	6.931125136532149E-7	7.617996953895281E-7	0.0	7.617996953895281E-7	6.382141878203046E-11	2.2481583696110244E-11	4.701727926737302E-10	1.1044541014969147E-5
6.337789291920875E-4	2.1341321158634892E-4	2.627803345679521E-6	1.8278407782079084E-4	1.5689412448618382E-8	8.266070175542936E-5	6.730500397903774E-6	8.092303085006967E-9	0.00140653385233882	3.578886110014031E-4	6.686611207084009E-4	5.737483019401801E-6	3.502745787136746E-8	8.57598040173484E-5	6.376690652190369E-8	2.703056683594421E-7	5.330290194171279E-9	1.3281544936035154E-7	1.4933415659976002E-12	1.0597135005546696E-4	2.064149883170235E-5	4.188383951748894E-5	1.8666581769857793E-5	1.0029543756581062E-5	1.7576640386174454E-6	3.208055403676275E-6	0.0	3.208055403676275E-6	4.168102148313284E-10	1.5094143841808938E-10	4.143606015250651E-9	9.064919184440324E-5
4.931915824211465E-4	2.9141824539970923E-4	1.095041572028446E-6	9.175015631868527E-5	4.53319135590523E-9	3.8624860257682666E-4	9.729728816747381E-5	1.3098253059735768E-9	5.86286142991404E-4	1.843380045614822E-4	3.534930432823358E-4	3.146172483273606E-6	3.532257876130725E-8	9.404282643073209E-4	2.7626839525738138E-8	4.8742422781310334E-8	8.890809889122632E-10	7.195690972933601E-7	8.538896710244057E-13	1.3258101812249277E-5	1.109305790427656E-4	4.5815118873204365E-5	8.151304781672417E-4	4.4772073682491096E-5	7.630366963989479E-6	5.237656742538319E-5	0.0	5.237656742538319E-5	2.6248414604410404E-10	9.367533193829358E-11	2.294713180069252E-9	5.1503680078350193E-5
4.6120315567896514E-4	4.525290987049587E-5	6.318370444313751E-7	3.757086871427574E-5	5.057449333024589E-9	2.087593806467615E-5	3.4968429795609E-4	6.466399051584555E-10	6.795951735969911E-4	2.551538906663333E-4	5.079452535793653E-4	4.582997923657934E-6	1.1035451133569212E-8	1.1024461172160996E-5	1.828551881442222E-8	3.0338698829333626E-8	4.808618406532209E-10	3.738921278621689E-8	4.751380171011603E-13	4.83709288774549E-4	4.916459196561595E-6	9.803082546333109E-6	5.763128709565603E-6	1.3377298041504385E-4	4.6270440401743995E-7	1.8949776160739678E-4	0.0	1.8949776160739678E-4	4.386365926872328E-10	1.5010647393121146E-10	1.3201222566897234E-9	1.7972043966169298E-5
3.0689614054945806E-4	4.210560140278554E-5	6.608111162138212E-7	2.7281094722151813E-5	5.825608564603335E-9	2.273707210632426E-5	3.032566358898714E-4	1.284286191888156E-9	3.5935885691297244E-4	1.7040801354260238E-4	2.5669022085226574E-4	2.7828219515497332E-6	1.11464081686432E-8	9.466481944410177E-6	1.6978532277340116E-8	2.8391716236696888E-8	7.321477918783618E-10	3.730499179236272E-8	5.267353237258782E-13	1.3843549111937663E-5	4.259335672787538E-6	9.799492546470224E-6	5.520398544579793E-6	9.854295163407492E-5	4.467188926769815E-7	2.5637458543203685E-4	0.0	2.5637458543203685E-4	9.744162061268173E-11	6.568016227374038E-11	1.4654111894044415E-9	2.1530268988298658E-5
2.5062300277318355E-5	1.1735799427074194E-5	1.2817790787147115E-7	1.5295449447079392E-5	4.1056969575569576E-10	1.933475944142678E-6	3.3698694271837656E-7	2.1277943428131468E-11	3.40729907030779E-5	1.3201711703652627E-5	2.5273357038277053E-5	2.3366166699124719E-7	1.1503218731931799E-9	7.343945369879331E-6	1.1720422497809958E-9	1.3599446672564707E-8	4.78270482778114E-11	7.160964573029877E-9	6.441503798665392E-13	1.8767450106555517E-7	1.1908886397388114E-6	3.0323876770449872E-6	9.731480738178157E-7	4.2048604170146214E-7	1.0556456717065178E-7	1.6588222266435056E-7	0.0	1.6588222266435056E-7	2.0462688328792267E-11	7.341912398576961E-12	1.7999128130109672E-9	1.5295173377533734E-6
6.967893378812326E-5	1.1137220910338945E-5	1.4858824923404202E-7	6.647791567878713E-6	1.2807890661375695E-9	5.178115738811243E-6	1.9262487605155133E-4	2.7941440463493857E-10	8.799535243783914E-5	3.872195378313958E-5	5.924107730342317E-5	6.297070018852814E-7	2.5833870768561648E-9	2.2078488033819153E-6	3.7793329960948155E-9	6.460383771277034E-9	1.6038567455981562E-10	9.97250290676389E-9	1.1818040557703388E-13	3.021566340263889E-6	1.14575339251124E-6	2.450722027545938E-6	1.3441540355535993E-6	7.22736152506366E-5	1.1478868853345815E-7	2.5014873672178693E-4	2.4994794656296563E-4	1.2517457729733014E-4	2.3159237804014337E-11	1.4868672416111283E-11	3.2813182253935863E-10	4.891134292835011E-6
2.0917378536740053E-5	3.3471945923247746E-6	4.478174420382322E-8	1.998353048715207E-6	3.8438412780620097E-10	1.5595375405483165E-6	5.778754724916924E-5	8.39110347838235E-11	2.641703727423582E-5	1.1623436472958818E-5	1.7785850936614093E-5	1.8903443989980315E-7	7.79496946538712E-10	6.643349140244076E-7	1.1344591909686078E-9	1.941367885842453E-9	4.8139551367445086E-11	2.99469718608569E-9	3.5477640653806454E-14	9.065529329932189E-7	3.443283622793727E-7	7.364502047634633E-7	4.037395151883733E-7	2.1682437565031954E-5	3.450730372659283E-8	6.032587941702594E-8	1.1575582898872842E-8	6.254740559164569E-5	1.2023905345868618E-8	3.8037479768283294E-10	9.850437536558062E-11	1.4702828136496103E-6
6.619471726185992E-5	1.0580316735105105E-5	1.4115826135328552E-7	6.31537624541715E-6	1.2167446528797066E-9	4.919189899232081E-6	1.8299288629480457E-4	2.6544260235011345E-10	8.359524404739555E-5	3.678570614033456E-5	5.627879402277094E-5	5.982192132037847E-7	2.454207718654625E-9	2.0974478131540043E-6	3.590351710541759E-9	6.137339564396192E-9	1.5236576972636298E-10	9.473839142165956E-9	1.1227092763576564E-13	2.8704763220101506E-6	1.0884612858703893E-6	2.3281764355651867E-6	1.2769411284393745E-6	6.622844920106532E-4	1.0904880957904538E-7	1.907498733059348E-7	0.0	1.907498733059348E-7	2.2001186227941513E-11	1.4125181215265136E-11	3.117239606974857E-10	4.64655863691167E-6
2.8604829740693697E-8	5.351930663972662E-9	1.6524106289479193E-9	2.717263392665721E-9	3.4914020358988084E-13	5.41890208237836E-9	1.7022319376907043E-10	7.154261039712947E-14	1.9850287179334343E-8	1.1590668058990244E-8	1.7337910019773713E-8	1.9367758530137337E-10	1.2690469247679149E-11	1.2052766029281678E-9	1.5940256647905495E-12	1.486122194675965E-12	1.8978004835988404E-14	3.6226842447674345E-12	6.6154240239903596E-15	1.1237973700203207E-10	5.491101680514148E-10	1.360364966803709E-9	5.937062235192405E-10	4.682759565197519E-10	3.604750162094889E-10	6.88415430278399E-11	0.0	6.88415430278399E-11	8.018414151494529E-15	3.6343287336172754E-9	1.850911778207464E-11	3.0053103673045733E-9
5.832754725792542E-9	1.6122694613971702E-9	2.3745128968208093E-11	1.0267151382232349E-9	9.247131204515803E-14	2.841608494236791E-9	5.837352062919181E-11	1.0199242999846386E-14	5.385430209518118E-9	3.0500690453857224E-9	4.621635345380924E-9	5.106350883995585E-11	2.4522791096733684E-12	6.390838043755235E-10	2.7507034124332897E-13	6.638803278369345E-13	5.138033220764008E-15	1.2452524218450224E-12	9.504993565506491E-18	3.516706177509219E-11	1.7223036293404071E-10	7.316661047018516E-10	1.613180610737393E-10	2.2435896853394306E-10	1.940798334666294E-11	1.9651537382599212E-11	0.0	1.9651537382599212E-11	2.0172805142164945E-15	1.2754936048815934E-15	2.6205313412411837E-14	1.7833196105150828E-9
5.8070056247890526E-8	4.284303149916755E-7	1.73357473063849E-10	2.172150042838253E-8	4.664790183581936E-13	5.132018511721077E-8	8.682620375804193E-10	2.447724648873101E-13	6.102307778204001E-8	1.8362535564500146E-8	3.5294933094580805E-8	3.109527392122022E-10	3.624394413973561E-11	1.1806293802707674E-8	2.6015754213913047E-12	1.3608695408965685E-11	1.0446513683445459E-13	4.6265103227108844E-11	3.7880337333173445E-11	9.804408747714465E-10	6.1932759620200434E-9	1.659516409371931E-8	4.493693204385902E-9	1.6353158588740422E-9	1.1550135719395641E-9	3.9317352759088073E-10	0.0	3.9317352759088073E-10	4.761192827326257E-12	9.157939662609594E-15	1.0599029586586867E-7	1.5746384026852524E-8
0.001347106269211972	7.568428563894966E-5	1.3324094543255246E-6	1.0174205641121987E-4	1.01734152624569E-8	3.704246323618814E-5	1.1610229707496253E-5	5.308014175155049E-10	0.004500619010006502	8.562796287273363E-4	0.0016409718862809817	1.2691579047217311E-5	2.3285499115543625E-8	2.3051042862485157E-5	4.29329852124109E-8	4.872548230392583E-8	5.542966779130592E-10	6.86112906871571E-8	9.25163868648379E-13	3.44849173329975E-6	8.385790494804899E-6	1.8644161689203733E-5	1.2339269902018512E-5	1.2668659189358876E-5	9.005877780614258E-7	5.781250105585642E-6	0.0	5.781250105585642E-6	8.222780685900905E-10	2.871190042342236E-10	2.5731700607796913E-9	3.372121680686502E-5
