32
NULL,open@__open_nocancel,fstat@_fxstat,mmap@__mmap,read@__read,munmap@munmap,open@__open64,close@__close_nocancel,rt_sigprocmask@sigprocmask,exit_group@_Exit,rt_sigaction@__libc_sigaction,sched_yield@sched_yield,mremap@mremap,time@time,read@__read_nocancel,mprotect@__mprotect,madvise@madvise,lstat@__lxstat64,openat@__openat64_nocancel,write@__write_nocancel,syslog@__syslog,getpid@getpid,writev@__writev,close@close,stat@__xstat,socket@__socket,fcntl@fcntl,connect@__connect,getdents@__getdents64,lseek@llseek,getrlimit@__getrlimit,write@__libc_write
0.9073555997936981	0.007490084599477372	5.519650697447187E-5	0.004103662425076576	3.5705201876835004E-7	0.0031276526614161977	3.559827261508169E-4	3.328128878087296E-8	0.085888731949465	0.02028016967409978	0.03806468296858571	3.205623055610486E-4	1.5049288897445873E-6	9.638236614747796E-4	3.230713343655753E-5	2.0122052752517134E-6	3.7944052141231404E-8	5.882689643626523E-6	1.2622650017040699E-8	1.844111460244274E-4	9.643385030986044E-4	0.001283605983675789	6.918497934969063E-4	4.992764869860496E-4	1.6889538097938082E-4	1.708224904009366E-4	0.0	1.708224904009366E-4	4.046047072534884E-8	8.157285028895544E-9	3.503245748805049E-5	0.002152983443212037
0.0018566175958791755	0.0012003882443060586	7.619285464444655E-5	8.827154340177951E-4	1.8036530727964146E-8	4.154384603829597E-4	8.373149752160285E-6	4.1432202425133315E-6	0.001604667553730651	4.2191094915874797E-4	7.914524363368254E-4	6.863400988640137E-6	5.6207514187720646E-8	6.0358829566551995E-5	7.951348825107983E-4	2.452042645428379E-7	5.925218739705825E-9	1.012384471506414E-7	2.7388212150997988E-8	5.8900108682546356E-5	0.0030229809953150034	3.1634281341005074E-5	3.691894884020129E-5	1.4355227963873185E-5	5.2265505728358825E-6	3.879578756732033E-6	0.0	3.879578756732033E-6	4.359384354020147E-9	1.8508873958720293E-10	4.936700165359873E-6	1.2525905438415805E-4
4.0306171980963294E-5	4.984738344921576E-6	3.2025676437749495E-7	1.787278604035652E-5	2.882417413349051E-10	8.14410235676899E-6	4.497194257346152E-7	1.0772007142853073E-10	3.362480157877756E-5	1.3806545233592219E-5	2.5689041640869874E-5	2.439988169274293E-7	1.9068239434685156E-9	9.284260196138935E-7	9.930084655070602E-9	1.7411059778833783E-9	2.0833851322681623E-11	2.1801824453237157E-9	1.1456936958838425E-12	9.239403629109795E-8	5.13624805941462E-7	6.256906788902163E-7	1.7863304667502636E-6	1.26339516368355E-6	7.420998987303822E-8	2.212475012605499E-7	8.695656847617943E-8	2.212475012605499E-7	3.264348504995249E-8	1.0275507520769792E-9	3.1604425448154965E-9	2.775575688576605E-6
0.0011137751401232466	3.4128702202986867E-4	2.5385038931694773E-6	0.004591375278742163	1.9590418651828953E-8	0.006280376826274668	3.222444006934807E-5	1.2812304157497487E-8	7.759171562958664E-4	2.2212722545066863E-4	4.2627737929174853E-4	3.731791654814732E-6	4.641554089802796E-8	2.596786445270304E-5	6.218428226488112E-7	0.0014131884049070347	2.1908372316433495E-9	2.3191530910244004E-7	4.558300015200624E-11	2.3958791266661365E-5	2.932385885240811E-4	2.7556233488018228E-5	2.6101866771805263E-4	2.0139978555517248E-5	5.9171978299232595E-6	1.700069203935107E-5	0.0	1.700069203935107E-5	6.304457378517245E-10	1.0862945407247884E-10	1.2556208474520787E-7	1.0906395070854478E-4
1.3021194749404985E-7	1.0289123670492639E-7	8.005360274173781E-11	6.033664366470541E-9	3.416249369278503E-13	7.00023574785201E-7	3.741807733944374E-10	7.142575629708439E-13	8.074264078075438E-8	1.9309408644066048E-8	3.544489070917423E-8	3.02674841798007E-10	1.515852566626112E-12	9.870497380124596E-10	4.416808328596211E-11	2.1158269402305468E-12	4.4480663903072123E-13	6.294749258574899E-12	2.866476603332931E-15	3.4695224008783017E-10	9.121107751954277E-9	1.2197487858025657E-9	7.247136343611463E-9	4.6419343684594636E-10	1.4016443799296837E-10	1.840116612281345E-10	0.0	1.840116612281345E-10	3.411361424377681E-14	7.441683508890993E-15	7.746080022907885E-12	4.7403504284700626E-9
0.001673086152526792	4.1240217958781475E-4	5.785136690256267E-6	0.0016709091985664135	3.714043154449958E-8	0.0017407495321784914	1.317469498795935E-5	3.8891494425012836E-8	0.0019440157769923248	5.441169259344521E-4	0.0010157868776127382	8.964135294557314E-6	6.252782250410166E-7	1.4201730031560827E-4	4.047711947263648E-6	0.002637931708078932	2.432750850185249E-9	1.4777972915668814E-7	5.718939759526892E-11	1.4321868368896692E-5	1.5718106256031186E-4	1.9642689394679143E-4	5.2009888885578156E-5	2.551480327606066E-5	3.8587570076305786E-6	5.941118006980333E-6	0.0	5.941118006980333E-6	1.3246327874111518E-9	2.4729993256323865E-10	1.5822662894249322E-7	3.874005702622835E-4
2.943015604068612E-4	5.093644958860776E-5	1.736411990202849E-5	2.7098610281832275E-5	3.211533557930691E-9	2.525553458615315E-4	7.489921985522712E-6	4.134524949723426E-6	2.3489016176319463E-4	1.0567302234851294E-4	1.6703519930050698E-4	1.7560156892274866E-6	1.9835839249604375E-7	2.445702463792572E-5	2.1754596636557277E-7	2.4582132281263637E-8	4.2314593948420914E-10	1.4094859189035894E-8	1.0070046721402681E-11	7.205564582013699E-6	4.782622868439478E-6	3.0302944110181176E-5	5.003058694453513E-6	5.873455258493054E-5	2.9212252813936524E-6	6.298912888835117E-7	0.0	6.298912888835117E-7	1.45965334968557E-10	4.4040874764449294E-11	2.788753895659181E-8	6.696825393077769E-5
6.258570611954901E-7	1.2601387917355402E-7	2.619970621351458E-6	4.099124845449698E-8	4.268667133132412E-12	1.625298601390914E-7	4.160994802625917E-9	3.3257415281921477E-12	4.731178215907284E-7	1.9607934797025388E-7	3.5746001018319937E-7	3.4362045624527376E-9	5.2112734167099443E-11	1.8177460233949212E-8	1.0506289992952465E-9	2.6312763683650022E-11	5.488439913622943E-13	2.602320880456505E-11	3.135754327457573E-12	1.3539471139711163E-9	1.1536379966476226E-8	1.595909392659322E-8	1.13307652981565E-8	7.696588831656754E-9	1.0948097754597757E-9	1.9118869165942973E-9	0.0	1.9118869165942973E-9	8.529104243370107E-13	1.0302872485173179E-13	8.773190404435557E-9	5.368269132167882E-8
0.05194248765699152	8.739258238184883E-4	3.0188193290271802E-5	0.0019421987697549462	2.694397396919125E-7	6.869765377893847E-4	1.6326388820048592E-4	1.5561337903151326E-8	0.020739839684124718	0.02657576418976555	0.048063011139059704	3.4445035084024666E-4	4.833121331721763E-7	4.558063092441769E-4	7.173061473024641E-6	8.704045067442548E-7	9.956081270132721E-9	9.746331751198938E-7	1.0481979504864158E-9	9.217434509103873E-5	9.762344824655685E-5	3.4539903212446284E-4	2.1885199265625705E-4	2.329916868326944E-4	2.643653291442685E-5	7.542566578096381E-5	0.0	7.542566578096381E-5	1.8874859470284938E-8	4.580804690953045E-9	2.9177444971406583E-6	7.21301603852001E-4
0.05214786385230999	4.8789520897178006E-4	1.1727912736767738E-5	0.0013108337239752038	9.897995089702428E-8	3.448164874980906E-4	4.482339105532783E-5	1.3422809377565438E-8	0.006778431781775301	0.0016423064136184137	0.0030295926747847413	2.5907427647035064E-5	2.0792233457967938E-7	1.455964471944787E-4	4.037230069893979E-6	3.409685746836248E-7	7.710117251333463E-9	4.926785397179731E-7	9.686875556716432E-10	7.970212244052863E-5	5.6270968132356246E-5	1.6177927460898363E-4	1.0005496009422494E-4	7.903120962449754E-5	1.476573692306501E-5	1.5723368849317997E-5	0.0	1.5723368849317997E-5	3.5382642321627656E-9	6.515038072541864E-10	2.6978718505608038E-6	3.4863847420566813E-4
0.048854380687298964	6.318055022091266E-4	1.7535590608369344E-5	0.0014851940653259471	1.5028779226431154E-7	4.6229685504544065E-4	1.0369232440695561E-4	1.341825262818044E-8	0.013002456387638573	0.025345500282178923	0.019419783951533823	4.359647993701201E-4	2.9339612380423797E-7	2.542680725665533E-4	5.027342027276967E-6	5.592089030675897E-7	8.345292634677134E-9	6.280147085166462E-7	9.427262337831408E-10	7.913919548508145E-5	7.19802493823386E-5	2.15886031432128E-4	1.3768772437623234E-4	1.3872239518325575E-4	1.7966613312199242E-5	4.648333103390587E-5	0.0	4.648333103390587E-5	1.1559472162736448E-8	2.4032014816110526E-9	2.6249400268261453E-6	4.6029547894521096E-4
5.291312880033831E-4	6.1340376345895984E-6	1.7211233246134095E-7	1.5187342785198972E-5	1.4892313569623987E-9	4.517703520691341E-6	8.32218565421309E-7	1.4261331249884632E-10	1.1211517264490816E-4	2.7548365068084425E-4	1.9303296326816187E-4	1.516059016573309E-4	2.904067937708332E-9	2.3840730987717993E-6	5.025354263866143E-8	5.080447210612476E-9	8.535872216313725E-11	6.378898495233786E-9	1.0078913577765704E-11	8.453127564278927E-7	6.988066461264993E-7	2.1687054167614384E-6	1.3606037171954827E-6	1.263585814106193E-6	1.8345417595006585E-7	3.50942987408016E-7	0.0	3.50942987408016E-7	8.523077977994854E-11	1.864780277629575E-11	2.8065934926612275E-8	4.61348663182897E-6
8.704967966865634E-7	5.8670103730925666E-8	3.1500292653807974E-10	5.255838328806777E-8	1.8739714942321447E-12	1.9581912051915465E-8	2.098818941324358E-9	2.0404952514197588E-13	3.8078141167466686E-7	1.0361517897463955E-7	1.951003811001284E-7	1.7032469595516664E-9	9.453856984865941E-12	1.8953653905526572E-8	1.9237134701453606E-10	3.85947779866066E-11	1.5866126674034428E-13	3.917626828166735E-11	1.7871082978827776E-14	1.238267920555271E-9	7.1634603404467345E-9	8.029365395768466E-9	4.9643962191537885E-9	2.9783594417786352E-9	9.487494052042656E-10	1.0064180744359542E-9	0.0	1.0064180744359542E-9	2.2513716408740245E-13	4.6800104596670124E-14	4.801967419749411E-11	8.374278352465622E-7
0.0013057553372309272	4.512837654994322E-4	1.0342844895691394E-6	5.511710554232314E-4	1.0032678761862546E-8	3.298556710340189E-5	5.252706602994064E-6	3.2550725960036464E-10	5.875391824719886E-4	1.989346544925724E-4	3.864721199509926E-4	3.479460085328046E-6	2.125676487147422E-8	1.9930483588418513E-5	1.3164057450606165E-5	4.5740919481693254E-8	3.23664892904406E-10	6.73580727363772E-8	3.8029423586151756E-11	1.7064826450400553E-6	7.997013681311353E-6	1.1903410864028427E-4	1.2610705738964269E-5	7.229178555773886E-6	1.7177532063688938E-6	2.5683180480085066E-6	0.0	2.5683180480085066E-6	5.783280207856064E-10	1.0819339966655384E-10	1.040243471490351E-7	2.8640788380527657E-5
8.110876946803989E-5	1.6264817372154764E-5	1.1511546646948122E-7	4.209094039682737E-5	9.378968097393729E-10	3.7245971834009176E-6	5.329936496838033E-7	9.86786348565629E-11	1.9152182571231108E-4	3.662622754686651E-5	7.038257620455443E-5	5.471932548555878E-7	2.9113361802949953E-9	1.8276898880592955E-6	3.30473222109289E-6	5.114921887422924E-9	5.446623062688583E-11	3.1747174639963526E-9	2.2402141890274505E-8	3.5862870317805034E-4	3.954506504741632E-7	1.207720027252953E-6	5.626256063456474E-7	8.34025383429777E-7	1.7894133062908967E-7	2.495224035557293E-7	0.0	2.495224035557293E-7	2.866599316353888E-9	1.2579332290075769E-11	4.770024677984933E-6	4.374134208685679E-6
3.092672303411912E-4	3.246784785025086E-5	1.8708786108628058E-6	6.163076990213849E-4	2.2168854700223014E-8	0.0020574402049039976	3.4345633750154295E-6	1.7081291985973437E-10	3.1720270684290717E-4	1.2091873125634932E-4	2.439862293754304E-4	2.1996137886500534E-6	3.1583357807163024E-8	1.7181657920198692E-5	3.2289528874002523E-7	5.76212856222781E-8	1.1839715816121218E-10	6.079774812545471E-8	1.0921407436900423E-11	6.81835902145248E-7	3.1921827639565365E-6	2.250508023091152E-5	3.951316299373565E-6	7.110225856076241E-6	1.4032171996198765E-6	1.5117301170504916E-6	0.0	1.5117301170504916E-6	5.054892045441504E-10	7.458927807930194E-11	3.0329206997541927E-8	4.3932277255783204E-5
2.5341014686100002E-8	3.0636464753385985E-9	3.417853801104393E-11	1.2437473007386356E-9	1.5370162702678394E-13	2.4565668763869116E-9	9.526307721216281E-11	4.145365364535193E-13	2.3030921818138206E-8	6.9230302947046345E-9	1.1689864562116527E-8	1.102283061578383E-10	5.371784539035649E-13	3.4838523964822823E-10	4.3694086442812374E-11	6.103365343724403E-13	1.2651355310206335E-14	1.2458964542370412E-12	6.474743900744871E-16	5.780981671559643E-11	2.8267996907980993E-10	2.79528079486336E-10	3.2337271257856735E-10	1.5451683481212884E-10	2.6544807386733777E-11	4.500825545303343E-11	0.0	4.500825545303343E-11	9.85907777692212E-15	2.6347552805010776E-15	1.775538192398313E-12	2.174056167588171E-9
1.0167585841902536E-6	4.662672604760061E-7	3.2694620101122183E-9	1.2275085533745431E-7	2.8845957778372748E-12	7.985564429170297E-7	6.571750906676916E-9	1.1349079544298595E-11	5.622347846738687E-7	1.550498411738846E-7	2.986713882138411E-7	2.58775552915849E-9	4.435189902689138E-10	1.0054433926496895E-7	1.6112542850914055E-7	9.490889443475774E-11	1.517522190635007E-12	4.946907431323454E-6	1.855074002935473E-6	2.289207724559514E-9	3.5724611837271146E-8	9.980822067204206E-8	2.997411195802858E-8	3.159296346917289E-8	4.002454116232794E-9	1.8075238530572283E-9	0.0	1.8075238530572283E-9	3.711582440884917E-13	7.412669365951864E-14	9.921007611757824E-11	3.3870440050425063E-7
1.115747443935171E-7	4.75970597960462E-8	9.540262948550558E-7	1.588656447462713E-8	3.453955602290711E-13	8.40327531449688E-8	7.209739190340921E-10	1.5167081691684791E-12	6.323778875636093E-8	1.8733482555505473E-8	3.661703264570684E-8	3.201538897026911E-10	4.016303917595587E-11	3.480800806922251E-8	3.4307898080445416E-10	1.2842614142745865E-11	1.8548382474130085E-13	5.561809758835941E-12	7.263238769882361E-14	2.716235383990833E-10	4.331213184060634E-9	9.194689393625226E-9	3.6082969573650668E-9	2.954418082091781E-9	3.829676201916337E-10	2.2838506521507457E-10	0.0	2.2838506521507457E-10	5.9402337869400116E-9	9.617629606235094E-15	2.030116109201735E-10	3.289439029613664E-8
2.126307829115749E-4	8.469326335353805E-4	8.528872792024208E-8	7.3206238831072125E-6	5.900066346782491E-10	4.646704556011568E-6	6.656029279176642E-7	1.4330720544214854E-10	2.1262051635906643E-4	4.1319961248022784E-5	7.902877747233056E-5	6.193191099696461E-7	1.8369687438987341E-9	1.4534196332193132E-6	5.338627457543698E-8	4.6208221801347464E-9	8.242924839012634E-11	9.125233149987506E-9	4.368865460629635E-12	3.589699124677273E-4	1.1540411760610666E-5	1.8823648911410145E-6	2.36803631939401E-5	7.562290613110679E-7	2.1181408505761728E-7	3.2944524234416243E-7	0.0	3.2944524234416243E-7	7.195382385414265E-11	1.4259267316346732E-11	1.1800239215970955E-8	3.1356911369007657E-6
6.930397047256256E-4	9.401380529445117E-5	1.6740920381139409E-6	1.2102717828688128E-4	9.207653077467407E-9	4.9385864022230115E-5	4.165755090776272E-6	6.4335415088009645E-9	9.9729618633807E-4	2.460741911640694E-4	4.631107435100031E-4	3.94369290133173E-6	1.794917618461935E-8	5.865870177119534E-5	7.806995328077732E-7	1.96514158682388E-7	3.130202646246322E-9	3.5690481250523945E-8	1.8360048058785148E-11	7.835560923963112E-5	8.463187138618273E-6	1.7241642445861825E-5	9.232669607966305E-6	5.7170086251580164E-6	1.0884829724149207E-6	2.012261500051699E-6	0.0	2.012261500051699E-6	5.222009933511051E-10	1.0356277394486765E-10	5.081278768175648E-8	5.6697592616512553E-5
7.365027820177378E-4	5.694777667811225E-5	6.860769329323523E-7	3.6395743286608545E-5	2.6068636464629072E-9	2.7908731028501233E-4	7.194001222436329E-5	8.456419303170153E-10	3.738756195403024E-4	1.1996555544692197E-4	2.3074595582400195E-4	2.0665866323291456E-6	1.7376968483547734E-8	7.016940975131371E-4	3.270903322705698E-7	2.623154565726534E-8	4.303126911078193E-10	3.823393855528319E-7	5.306169240825599E-11	6.870686447501769E-6	6.586753863643524E-5	8.711099885751087E-6	6.056971896882573E-4	3.144844150246852E-5	1.0358701109364719E-5	3.88231010407337E-5	0.0	3.88231010407337E-5	3.1340295910616453E-10	6.225614126658177E-11	1.4700833298592552E-7	2.3558888284653922E-5
3.922779208277681E-4	1.7795320858359093E-5	4.225142123378105E-7	2.4079052268173735E-5	3.448059049194696E-9	1.3118153836237948E-5	2.6233993478346266E-4	4.866595498508297E-10	4.8685782215812255E-4	1.8292698436912707E-4	3.654655534498207E-4	3.3033572670785463E-6	6.644770345877765E-9	7.328547592463439E-6	1.25727212984482E-7	2.12064146541164E-8	2.7032984503397005E-10	1.2480637608842848E-8	9.394732094999114E-12	3.629388909396881E-4	1.9119859827866135E-6	4.433262684709441E-6	3.168206512903758E-6	1.0001718777152592E-4	3.2989858979854235E-7	1.4218559618313652E-4	0.0	1.4218559618313652E-4	5.568978546349035E-10	1.0879871393587397E-10	2.6096811833427866E-8	1.1210813518979484E-5
2.753422260899322E-4	1.67216230139923E-5	4.4431441678264554E-7	1.684687497121534E-5	3.988216500647494E-9	1.4686895396486268E-5	2.2753537335449184E-4	1.0007739497707304E-9	2.544796938351804E-4	1.2177566072150555E-4	1.823540581576928E-4	1.9945780075066408E-6	6.7754688029675866E-9	6.154943733311514E-6	1.4717395843514163E-7	1.996628179698758E-8	4.3791914637809597E-10	1.3535775230469511E-8	6.613970789882554E-12	1.0108473571340455E-5	1.5791845330886028E-6	4.5256638286779256E-6	3.083697281807393E-6	7.36128979695181E-5	3.2588097780362944E-7	1.9244059984856865E-4	0.0	1.9244059984856865E-4	1.2904012531493112E-10	4.688717939616413E-11	1.834865366250346E-8	1.3963044108568745E-5
3.15003578337083E-5	4.42902769206645E-6	8.380842294168069E-8	1.0504485309499222E-5	2.2751678100709773E-10	8.314861545204607E-7	2.0113618006595808E-7	9.377867640865581E-12	2.276699998178143E-5	8.946232235072272E-6	1.7250498531915764E-5	1.5982118159574178E-7	4.5074829181567856E-10	5.283027891859527E-6	6.484349281381985E-9	9.861806659997473E-9	9.206713040377481E-12	1.116891843792073E-9	6.803405534439478E-11	5.7565977622690775E-8	4.172653892733237E-7	1.4782543464898956E-6	4.2522085894560845E-7	2.2313153620516475E-7	6.145866773149301E-8	1.0066342024768327E-7	0.0	1.0066342024768327E-7	3.329386474762361E-11	5.086814893672315E-12	1.903237891347001E-7	5.750782978744254E-7
6.513968576780736E-5	3.879908076589912E-6	9.836277166336041E-8	3.9387244498887935E-6	8.730898661086791E-10	3.2341013882063652E-6	1.4459909381883337E-4	2.1574408974843022E-10	6.218940113913855E-5	2.758162734458428E-5	4.193873607283073E-5	4.4977491452677743E-7	1.5031181013808561E-9	1.4127356664500458E-6	3.2245347728880305E-8	4.471735015922164E-9	9.483148886534457E-11	3.13733099417189E-9	1.5468239905453054E-12	2.182835219054239E-6	3.713281612450393E-7	1.027216052845166E-6	6.938431392334078E-7	5.4167761078922607E-5	7.649647507924062E-8	1.8783157568319695E-4	1.8770713961443596E-4	9.397786608541154E-5	3.029941975027845E-11	1.056943775792443E-11	4.283346407768455E-9	3.064709045934856E-6
1.955640531300293E-5	1.166782280406939E-6	2.9659398210158875E-8	1.1842515925331755E-6	2.620139165621949E-10	9.746114760113882E-7	4.337977137945017E-5	6.478604407312913E-11	1.866947911350702E-5	8.279233632407752E-6	1.2591047728246946E-5	1.3501789094104812E-7	4.5416787673717306E-10	4.252294453135678E-7	9.679388084958852E-9	1.3438235559798372E-9	2.8460036427042834E-11	9.417424878144668E-10	4.646818107892074E-13	6.54879910998022E-7	1.1166321491493793E-7	3.087969815738533E-7	2.0841022338103442E-7	1.625055769327979E-5	2.3036176896512928E-8	3.738812187126516E-8	8.655074119003473E-9	4.6964242920763996E-5	8.994185854406015E-9	2.8424205799261207E-10	1.2867637083396992E-9	9.214197638513031E-7
6.18824492211356E-5	3.6858976475276153E-6	9.344425216303813E-8	3.741772974390769E-6	8.294319916977564E-10	3.072383794497712E-6	1.373685791571385E-4	2.0495604977596386E-10	5.907969024909707E-5	2.620243916545032E-5	3.984163685831235E-5	4.272844270136059E-7	1.4279563753750906E-9	1.3420934122035268E-6	3.0632955469927264E-8	4.248130947999378E-9	9.008954718007858E-11	2.9804522949155163E-9	1.4694768008270092E-12	2.0736850049096765E-6	3.5276031518684554E-7	9.758512722322885E-7	6.591482953125388E-7	4.972624665683928E-4	7.267135508698534E-8	1.1821378343517331E-7	0.0	1.1821378343517331E-7	2.8784331426006425E-11	1.0040924939093818E-11	4.069162499802265E-9	2.911461725324231E-6
3.947050622094739E-8	3.724441985143697E-9	1.2620558363009963E-9	2.683392243217039E-9	4.1016552581953485E-13	5.282318932401985E-9	1.6861097544271136E-10	6.016799472198877E-14	2.234434063534603E-8	1.3738402885394869E-8	2.016663384247831E-8	2.300263207576735E-10	9.943830962435285E-12	1.2246293286152331E-9	2.337890545325202E-11	1.5525744025934683E-12	1.585273274263061E-14	1.6482097398009151E-12	7.252017500990014E-13	8.204761770760951E-11	3.423717000234719E-10	9.790391692976076E-10	5.523205976409491E-10	4.6073699573590367E-10	6.531626435760639E-10	6.835055788738338E-11	0.0	6.835055788738338E-11	1.0561131149272459E-13	2.7173930100612377E-9	2.0291066778025855E-9	2.6049166506700675E-9
6.063969875530684E-9	5.299057901197583E-10	1.633331493237117E-11	6.20029758286668E-10	6.246811694208225E-14	2.0477968877754685E-9	3.5931789398881E-11	6.756185301044253E-15	3.606552854571965E-9	2.1358226936797965E-9	3.2016642298656823E-9	3.5922204204333143E-11	1.7805364217545964E-12	4.5310039744035984E-10	2.0372030789817894E-12	4.463017080199059E-13	2.0134668587341403E-15	2.7482291156877406E-13	1.8315411226075493E-16	1.3250988206717771E-11	5.451312739528564E-11	4.368130036804289E-10	7.495160017122516E-11	1.5282018561197869E-10	1.8158974013157704E-11	1.1134212981679937E-11	0.0	1.1134212981679937E-11	2.5511850116376643E-15	8.945681817476156E-16	5.061729822554033E-13	1.2575270111247427E-9
2.8615181913935423E-5	4.214556779108075E-5	8.968714301886982E-9	1.1738564165222172E-6	2.531929119566992E-11	6.369725485707595E-7	3.739694885971922E-8	4.046694391605847E-12	4.519753767599012E-6	1.3682144843901695E-6	2.644237714088678E-6	2.3351775396549073E-8	2.946763390823709E-10	5.387687388764862E-7	1.6218346347203282E-9	1.0172919343436189E-9	2.911318133308058E-12	2.688626616602659E-10	4.159305471779321E-9	1.066024830899685E-8	8.897879185955011E-8	1.0139342698361638E-7	1.2421122413744853E-7	6.062828836121304E-8	1.9634097775339263E-7	1.746481818719902E-8	0.0	1.746481818719902E-8	5.233820140355527E-10	6.95152064258755E-13	1.1637850916437569E-5	2.8889901189145507E-7
0.0010888220673562691	3.1275018802595936E-5	9.125778960300772E-7	6.920841458000744E-5	7.057667591454897E-9	2.3567031376362232E-5	8.218689674917224E-6	3.721317196056649E-10	0.0033171493972017673	6.217761419377735E-4	0.0011936100074187122	9.212691632174444E-6	1.4797539080671383E-8	1.5747913739093483E-5	2.2846774329265176E-7	3.3769665611796777E-8	2.9228212296500273E-10	2.6965737904695705E-8	3.115801199101786E-11	2.0660807429020704E-6	3.4553198182980814E-6	9.438190467933616E-6	7.399590074066114E-6	8.725766983950445E-6	7.15397609902113E-7	4.103510258144131E-6	0.0	4.103510258144131E-6	1.0419243421444183E-9	2.0700467323147314E-10	8.67899841748991E-8	2.1572810238939336E-5
