32
NULL,open@__open_nocancel,fstat@_fxstat,mmap@__mmap,read@__read,munmap@munmap,open@__open64,close@__close_nocancel,rt_sigprocmask@sigprocmask,exit_group@_Exit,rt_sigaction@__libc_sigaction,sched_yield@sched_yield,mremap@mremap,time@time,read@__read_nocancel,mprotect@__mprotect,madvise@madvise,lstat@__lxstat64,openat@__openat64_nocancel,write@__write_nocancel,syslog@__syslog,getpid@getpid,writev@__writev,close@close,stat@__xstat,socket@__socket,fcntl@fcntl,connect@__connect,getdents@__getdents64,lseek@llseek,getrlimit@__getrlimit,write@__libc_write
0.960799412438597	0.0013646701209262587	1.4022416825778096E-5	0.0010031410717307964	9.430021012339952E-8	7.952518614054108E-4	9.307614200196147E-5	7.678113328026435E-9	0.023801076611871596	0.0057001145136400585	0.01067687977875288	8.969148088428959E-5	3.6718473165609784E-7	2.420883354455065E-4	8.76854348891482E-6	5.147936917006837E-7	8.185415332702662E-9	9.426061987818257E-7	8.823571463487859E-12	3.8409262240685125E-5	1.9123316901318053E-4	2.3759740505423414E-4	1.4354146976417324E-4	1.2922977105807196E-4	2.8296861575497048E-5	4.477727638220327E-5	0.0	4.477727638220327E-5	6.154803582666417E-9	2.2849199651266787E-9	2.4418933111049984E-8	5.244041690914501E-4
3.859521700226695E-4	5.430404216332412E-4	2.7394116093255247E-5	3.399272104382361E-4	8.109578012303159E-9	1.6794493654521373E-4	4.365937408622417E-6	1.4632468062515743E-6	6.463847494130527E-4	1.7430036077878937E-4	3.25088943065959E-4	2.824118128063766E-6	3.090679693182846E-8	2.6991837961979817E-5	2.7232348496785465E-4	9.614293475871503E-8	2.6678049417854664E-9	1.475122131935063E-7	6.626574800032658E-11	2.3065086192445573E-5	0.0010820070439562528	3.1516631142754346E-5	2.1540607353353083E-5	7.554851006396438E-6	4.694800431574218E-6	2.0197170207041163E-6	0.0	2.0197170207041163E-6	2.1872667590680469E-10	7.615284503025201E-11	1.429435736809861E-8	5.924894220011962E-5
1.2624378397404083E-5	3.125565029463366E-6	1.1638262797620377E-7	6.644170919025294E-6	1.1307370210643538E-10	3.027149219144581E-6	1.7521527546692793E-7	4.0146538276421546E-11	1.2857843588553347E-5	5.192428830551853E-6	9.659003252988609E-6	9.092237292587254E-8	7.556327706284589E-10	3.7233691427261357E-7	4.2775805355956925E-9	7.083326900016646E-10	1.0539161134197513E-11	2.1014528425194745E-9	4.024544114694339E-14	5.916775583267482E-8	3.3227300086298483E-7	4.3180529565728595E-7	7.263583242859581E-7	4.733115073193373E-7	6.2098925509434E-8	8.596055157757695E-8	3.087454969565836E-8	8.596055157757695E-8	1.1585297382580218E-8	3.6495574803560423E-10	1.1199389183613278E-10	1.1084511631269061E-6
2.3714911415750024E-4	1.9312766846485782E-4	1.060934696723765E-6	0.0016354035703216201	7.57525184131005E-9	0.0022288510918338834	1.2099076576049344E-5	4.614122303069412E-9	3.1014355011895725E-4	8.888246903920273E-5	1.6997372936356555E-4	1.4805470237674596E-6	2.1792285572674812E-8	1.1826763655068868E-5	2.626269408156506E-7	4.985313277233793E-4	9.837482835593253E-10	1.51844014468111E-7	7.57130273169156E-13	9.839970233707874E-6	1.1153880761160323E-4	2.145567647066782E-5	9.656694411677857E-5	8.401034908935133E-6	4.1115936364469504E-6	6.33414308555326E-6	0.0	6.33414308555326E-6	1.2866849636379413E-10	4.2791470811526824E-11	2.087152264894748E-9	4.62620090258617E-5
1.955745168725079E-8	4.7683015833525365E-8	5.200767705373065E-11	4.581788949664011E-9	1.8959342225597262E-13	2.5017727968795196E-7	2.558196800141918E-10	2.7123713242752793E-13	3.40648829155414E-8	8.388444033901628E-9	1.54325816073166E-8	1.3174032761596448E-10	1.4472070505677567E-12	7.450163356741457E-10	2.10082264504066E-11	1.5506107129123665E-12	1.7899582173716902E-13	1.3017884885205142E-11	5.861755395130372E-17	3.3648019335393617E-10	4.466038091822669E-9	2.2438401223611628E-9	3.3450009022593808E-9	3.684695277113147E-10	3.2224140617330816E-10	1.2265914893641702E-10	0.0	1.2265914893641702E-10	8.609765121093379E-15	3.3005702228853115E-15	1.5923161283651985E-13	2.9224533610847746E-9
4.506634757307889E-4	2.1535609833178807E-4	2.261617103068107E-6	6.058824410791025E-4	1.4233929138608603E-8	6.260200499450697E-4	5.542144659738315E-6	1.2998105402326597E-8	7.429419918872414E-4	2.1099931724665103E-4	3.9244191510893285E-4	3.4563771960004285E-6	2.288192529068759E-7	5.371670244188307E-5	1.4965959578359762E-6	9.305812347011022E-4	1.1871406730305511E-9	1.1867697541799984E-7	2.532547536931317E-12	6.383512192712425E-6	6.317668019707527E-5	8.154345278046562E-5	2.3369360540825503E-5	1.0655889742955809E-5	3.158094033381316E-6	2.5060052608845534E-6	0.0	2.5060052608845534E-6	2.6827356722197246E-10	9.513071291571761E-11	7.057154860729388E-9	1.465148309037685E-4
8.677778256632275E-5	2.8800493375713587E-5	6.2177672730205035E-6	1.215430609698171E-5	1.2875233449335613E-9	9.20050690700228E-5	2.806141297302452E-6	1.460198214290223E-6	9.198483664619536E-5	4.0494477937313595E-5	6.454966067390349E-5	6.682722139848795E-7	7.201901277156466E-8	9.207553819215209E-6	8.733294944479921E-8	9.60060337268407E-9	1.9363176533175155E-10	1.5191423218330077E-8	3.779778248494696E-13	2.752544701203809E-6	2.877145345738815E-6	1.2594008225841022E-5	2.544402105940002E-6	2.1401209591166953E-5	1.3136999397094832E-6	2.8600959903047596E-7	0.0	2.8600959903047596E-7	3.1019245828563404E-11	1.6814937230362348E-11	1.0530889741054232E-9	2.5274998879270187E-5
1.760795116855083E-7	6.824267095442499E-8	9.308833383209297E-7	1.955308593835881E-8	1.6954211053411316E-12	6.004641322167058E-8	1.7442580081596401E-9	1.2152711602805793E-12	1.820736491993292E-7	7.400458659991025E-8	1.3496928656017232E-7	1.284705350891057E-9	1.999257070716335E-11	7.1194051479371365E-9	3.809645035065054E-10	1.0754789947798993E-11	2.488603111293497E-13	3.274901584575515E-11	4.10608164094838E-14	9.459157163727218E-10	6.7333398513125485E-9	9.443344886282556E-9	5.672818355194374E-9	3.1334261894666883E-9	9.5805267582166E-10	8.064936494654946E-10	0.0	8.064936494654946E-10	1.0291952780360214E-13	3.830497450834509E-14	1.1487864260568678E-10	2.139020560388039E-8
0.020033053792290777	5.677746772938672E-4	1.1883272960282405E-5	7.754965796196997E-4	1.0268109474405334E-7	3.005927240233624E-4	6.410688425104505E-5	5.813561102136389E-9	0.008246044092938323	0.009783911070504157	0.01766295189741858	1.2690512002891676E-4	2.0399879712197127E-7	1.8028133723156496E-4	2.995585809335568E-6	3.4364265198772936E-7	4.700117244857634E-9	5.858628368517713E-7	8.91180896871816E-12	3.825660158367235E-5	6.396805578373556E-5	1.6776790558871156E-4	9.803662795902337E-5	9.244293558262599E-5	1.5728155643409933E-5	2.968104035700404E-5	0.0	2.968104035700404E-5	4.0082080025804275E-9	1.7406994717854846E-9	2.4813140578480003E-8	3.0023203319229987E-4
0.020163563145643527	2.9785889872889504E-4	4.73874941338052E-6	5.108849845567217E-4	3.842829995913581E-8	1.5455334381306313E-4	1.9317386443558592E-5	4.766290708129863E-9	0.0030513185377297647	7.480381390462824E-4	0.0013819411182530849	1.1759652898149563E-5	9.053701093207852E-8	6.115291882589186E-5	1.7129139676137208E-6	1.4018079980340018E-7	3.189825605308452E-9	2.864512513371558E-7	3.6703454224301E-12	3.0909812918372874E-5	3.477118725081378E-5	7.816354313288488E-5	4.5465814566921455E-5	3.319853597938813E-5	7.978636366385689E-6	7.209313347297E-6	0.0	7.209313347297E-6	8.150492053732151E-10	2.9723891598771804E-10	1.0199750677451953E-8	1.4705570123249971E-4
0.018910239673386044	3.968681564503052E-4	7.018491467731993E-6	5.879828061147391E-4	5.8061318790608795E-8	2.0492825302932373E-4	4.1294026577772326E-5	4.894462241467588E-9	0.005338384054815083	0.009254987847737482	0.007333397720152307	1.5830085756738575E-4	1.2650269501128008E-7	1.0308963391395867E-4	2.123748208911842E-6	2.2349728822914938E-7	3.697759194094165E-9	3.809857839082018E-7	5.307893028484411E-12	3.181512373160421E-5	4.552349974526661E-5	1.0634510494871419E-4	6.261121629763684E-5	5.6085076411099286E-5	1.0426566497149324E-5	1.8633324578440296E-5	0.0	1.8633324578440296E-5	2.501487141511705E-9	9.385659319956717E-10	1.4764302842830523E-8	1.942058420617586E-4
2.051307616768692E-4	3.853678839345515E-6	6.89221876580175E-8	5.99551374585103E-6	5.749783516224297E-10	2.010760621525982E-6	3.3987384289343315E-7	5.167405364236543E-11	4.726964409534146E-5	1.0044775052156376E-4	7.301257382641874E-5	5.39264925686241E-5	1.2516052643764333E-9	9.727098600254087E-7	2.1263898906118496E-8	2.052347993181719E-9	3.717475831490397E-11	3.7920929964465884E-9	5.2492771072407496E-14	3.364726566835492E-7	4.4323971907390895E-7	1.0566915749694746E-6	6.170859892251186E-7	5.1640044528326E-7	1.039705189902817E-7	1.457019469271466E-7	0.0	1.457019469271466E-7	1.8668036736658932E-11	7.470284839853269E-12	1.4600650944766114E-10	1.942907108631224E-6
1.1117600239509272E-7	1.0297089957479588E-7	2.8015618508269005E-10	3.648234854130224E-8	1.099570478253226E-12	1.7385657975387153E-8	1.641976907885037E-9	2.063499819513428E-13	1.7343245088435037E-7	4.742554477328812E-8	8.918401762488876E-8	7.744297184873846E-10	9.994080271847279E-12	9.531852545778901E-9	1.0423095891261605E-10	1.9522374224191037E-11	1.8671550020020362E-13	9.292931708036868E-11	2.3007555637849804E-16	2.00381143932515E-9	1.1582304547800189E-8	1.6044731330320406E-8	7.53521508254446E-9	2.5384833085876765E-9	2.3327032836096546E-9	7.756531647183316E-10	0.0	7.756531647183316E-10	5.789224588426634E-14	2.1241806419202515E-14	6.087138218676938E-13	3.0634235068728235E-7
2.1007172282443883E-4	2.5903123634922123E-4	6.44481864907306E-7	2.1696420634304304E-4	4.964068845084706E-9	2.6394717669825404E-5	3.0178130637610004E-6	2.859609913657479E-10	2.644210660921717E-4	8.820931697855934E-5	1.6884287187607486E-4	1.51688040317445E-6	1.697116734638242E-8	1.1893037282070298E-5	4.7406132431278425E-6	2.404266468205816E-8	5.838507064325312E-10	1.2000565697368173E-7	3.505974583191794E-13	2.4900242221537596E-6	1.37208570395333E-5	5.956772951839109E-5	1.1617774376051063E-5	4.622657080321654E-6	3.0611812210725187E-6	1.4413133909084432E-6	0.0	1.4413133909084432E-6	1.3284904105230014E-10	4.5998824724617496E-11	9.393101968389208E-10	2.2800697070021973E-5
2.4444804031802477E-5	6.499491240440853E-6	4.3550288106292956E-8	1.4945812137249378E-5	3.5382747058460143E-10	1.4247075852814385E-6	2.0047900995361027E-7	3.4158451039741737E-11	6.870990510634771E-5	1.3372808424040738E-5	2.5601259648001627E-5	1.990743483559017E-7	1.1059372229055633E-9	6.17073863905378E-7	1.1617614140896712E-6	1.7633929149346224E-9	2.5780760979204405E-11	2.0815117711465145E-9	5.3523565800103394E-11	1.2679588749392998E-4	2.4188975616668006E-7	6.052641706575626E-7	2.594429440257861E-7	3.1676250746969494E-7	6.370452661089557E-8	9.38153074047962E-8	0.0	9.38153074047962E-8	2.0109515126466626E-11	4.588278717708491E-12	1.1574436837079473E-8	1.6558367098862819E-6
9.828700935654809E-5	1.9577355696696576E-5	6.959581170558929E-7	2.1945974206289356E-4	8.054932908275562E-9	7.273365405420236E-4	1.3352862427613192E-6	7.443118957983181E-11	1.2134685125565092E-4	4.6026382590952594E-5	9.216531119475152E-5	8.282014445566621E-7	1.2140962808906107E-8	6.58592391740216E-6	1.2512885571362786E-7	2.1099682738966222E-8	9.682218404877144E-11	2.932443525048524E-8	1.1797918569585232E-13	3.9663579482823096E-7	2.0116637756528004E-6	9.461194291971746E-6	1.9946043732013364E-6	2.757345157179558E-6	7.340103359687842E-7	5.893826734280186E-7	0.0	5.893826734280186E-7	9.301413157976333E-11	2.7759324650092705E-11	3.2673087607973895E-10	1.6766395170791914E-5
5.837618090438253E-9	2.5138890926682813E-9	1.5471035249663215E-11	7.604655866751879E-10	6.680495701296184E-14	1.0674009899351957E-9	5.032108181128814E-11	1.3814082883250247E-13	9.02908915437065E-9	2.7270416170191673E-9	4.6356532781524854E-9	4.3275726548845484E-11	3.137503961160899E-13	1.7970734301444859E-10	1.6284807695125916E-11	3.2385678949647584E-13	8.105339005362725E-15	1.8134352085016121E-12	2.1251270016278073E-17	4.7730618660972E-11	2.5709998105722506E-10	3.3464787774368196E-10	2.156748073945144E-10	8.27476912420071E-11	4.4289058735680254E-11	2.3647351406527382E-11	0.0	2.3647351406527382E-11	2.224336169167904E-15	1.0457691141778718E-15	5.885431231237828E-14	9.3856802160886E-10
1.6529419628302118E-7	2.4706757691097446E-7	1.3705844880682332E-9	6.164406579875013E-8	1.7918492775224853E-12	2.946424998931168E-7	3.262693694019211E-9	4.1650231845490245E-12	2.418368642327749E-7	6.756173688075533E-8	1.2903502332726451E-7	1.118055056545263E-9	1.6450083109384563E-10	3.88896579748226E-8	5.710300059413543E-8	3.974727957757118E-11	7.891117144516636E-13	1.7565132740652263E-6	6.586572405121828E-7	2.3612633128679103E-9	2.1618512570183504E-8	4.883368021131274E-8	1.6393136152336464E-8	1.2964836585983095E-8	3.6002076139012545E-9	1.0684042291869776E-9	0.0	1.0684042291869776E-9	8.929810229092332E-14	3.172869469706794E-14	1.926620295579367E-12	1.297474634358405E-7
1.4804425111261953E-8	2.4628333707377587E-8	3.3874978771971194E-7	5.852143141056525E-9	1.502474577191065E-13	3.080070813349213E-8	3.0847632253412255E-10	5.508404455820788E-13	2.1996469121636E-8	6.06853972534525E-9	1.1658368785528076E-8	1.0044487202964752E-10	1.4891087923835795E-11	3.5130793554253447E-9	1.2492556251475226E-10	3.6265707720250603E-12	8.297492863305862E-14	9.949965109134227E-12	2.495537449883588E-16	2.4784679047539357E-10	2.3998313455803616E-9	4.573492740499883E-9	1.8083190953517786E-9	1.1804343621493074E-9	3.5356153188837575E-10	1.0338636275494642E-10	0.0	1.0338636275494642E-10	1.4182241355479557E-11	2.8618478449716185E-15	6.946679568634179E-13	1.253068544711797E-8
3.485602987853607E-5	3.153080001741295E-4	6.462695683316332E-8	6.23524879074814E-6	2.977000737281606E-10	3.7679259761264143E-6	4.202721653626556E-7	7.52377582093687E-11	8.330961542406423E-5	1.6941338011550762E-5	3.2286996237313146E-5	2.5555874645022787E-7	2.005883820000431E-9	1.0866677378773606E-6	2.6052215116176385E-8	2.8239028912653266E-9	5.5240970398897115E-11	1.9410782491006283E-8	4.848966930974018E-14	1.2721686995077853E-4	5.85236753522048E-6	3.3649708089516406E-6	9.381496701109314E-6	5.716209491159629E-7	4.836604740634589E-7	2.0281010787859553E-7	0.0	2.0281010787859553E-7	1.714778560022308E-11	6.0383673813122794E-12	1.28459753987193E-10	2.957399091115146E-6
1.9646628266907972E-4	5.5622849729670806E-5	6.962119356628656E-7	4.8439361946627524E-5	4.046697774527195E-9	2.2008355025021734E-5	1.7910568321055945E-6	2.150991909530374E-9	3.7582599309930764E-4	9.56713288090185E-5	1.787631139693844E-4	1.5289102102528631E-6	9.2086671884412E-9	2.25911322388761E-5	3.185918200797673E-7	7.167998211582116E-8	1.3684109042314295E-9	3.396460998993315E-8	3.9694075186248853E-13	2.8115029359837967E-5	5.3766118944999464E-6	1.0714446175290886E-5	4.926300266692221E-6	2.6509740073646358E-6	9.458649277626874E-7	8.54422953400678E-7	0.0	8.54422953400678E-7	1.1110683475896922E-10	4.020118722689068E-11	1.1018109790403154E-9	2.3847703809185306E-5
1.282277118422196E-4	7.755631204429854E-5	3.720187073119418E-7	2.5506909193396324E-5	1.2510078954060024E-9	1.0536987634592047E-4	2.584491612861793E-5	3.8234588764488814E-10	1.5972518269224753E-4	5.015046825295985E-5	9.6088002115769E-5	8.527155744828554E-7	1.0829845080237792E-8	2.5004340662813517E-4	1.4310647373384722E-7	1.331336447044886E-8	2.53061756869994E-10	1.899245736053469E-7	2.4836781590132985E-13	3.505623205679765E-6	2.9421318030372892E-5	1.2289922113979605E-5	2.1624451958437483E-4	1.2106238444195867E-5	5.617990261457393E-6	1.3899028181740016E-5	0.0	1.3899028181740016E-5	7.110574641932502E-11	2.5342422926592344E-11	6.702892555577872E-10	1.4635675764428E-5
1.412493883840245E-4	1.1884250112604015E-5	1.7053466166373716E-7	1.005573454407592E-5	1.3438753924587808E-9	5.666207466288815E-6	9.28466934927219E-5	1.732391586195664E-10	1.826954515015159E-4	6.85539741130892E-5	1.3626936872688673E-4	1.2268050697961366E-6	2.9688547586844195E-9	2.93886334032679E-6	5.1847306326365956E-8	8.09379392758479E-9	1.2513962095616403E-10	9.71860890640458E-9	1.2739486185547222E-13	1.2841259735534155E-4	1.294110540781621E-6	2.5640222397871005E-6	1.5404007090538421E-6	3.553320939105532E-5	2.565654279705804E-7	5.031216384810573E-5	0.0	5.031216384810573E-5	1.1716441627609275E-10	4.010408796212564E-11	3.5406423272113174E-10	4.7985402892584075E-6
9.399978632807963E-5	1.1041093497741806E-5	1.7736370703509238E-7	7.290280174493192E-6	1.5400366560910726E-9	6.129213241540961E-6	8.051604000985478E-5	3.4222531905896677E-10	9.684205063419079E-5	4.5769102863413E-5	6.904601823060962E-5	7.449530582640595E-7	2.9844802249454806E-9	2.5108721798049256E-6	5.9100406539128904E-8	7.555951847468326E-9	1.8991628557241604E-10	9.696810224092641E-9	1.4073721783676643E-13	3.673501733661128E-6	1.1177958906701937E-6	2.5541144988004636E-6	1.4723434216268011E-6	2.617336930666636E-5	2.459762461782855E-7	6.806429926835672E-5	0.0	6.806429926835672E-5	2.6262044880671855E-11	1.7582528285097228E-11	3.916320601509004E-10	5.723612561745087E-6
7.713483513294382E-6	3.048957360426727E-6	3.43342309601849E-8	4.056977897155798E-6	1.0643811702982019E-10	5.256208974009321E-7	8.972094081943049E-8	5.836519647142764E-12	9.146897285053025E-6	3.535065710156646E-6	6.76539941291893E-6	6.235055642580393E-8	3.071121855020728E-10	1.9462546554636466E-6	3.83994744378433E-9	3.608099737956014E-9	1.1652131580731399E-11	1.8273234131648103E-9	1.711124114344108E-13	4.860644597657203E-8	3.094582569661379E-7	7.88975291835074E-7	2.5715569103482406E-7	1.1200032662032413E-7	5.7682461168826006E-8	4.4147591062156685E-8	0.0	4.4147591062156685E-8	5.457814271152617E-12	1.956931207666278E-12	4.781570797552459E-10	4.0141483432872084E-7
2.13213574844874E-5	2.9110294361836086E-6	4.004047117794957E-8	1.7748419497477621E-6	3.3898186329871844E-10	1.4003142052978982E-6	5.114060822516294E-5	7.451520263549001E-11	2.3690418332213127E-5	1.04014154453361E-5	1.5933833046356148E-5	1.6860004438383757E-7	6.934640628017173E-10	5.864541914993502E-7	1.3108554883536033E-8	1.7192783556347727E-9	4.173686250614432E-11	2.585119587999138E-9	3.1602540304698606E-14	8.015321916430766E-7	2.996152181044424E-7	6.383450506675778E-7	3.582088016483263E-7	1.919262594644941E-5	6.580977363746851E-8	6.640926025714133E-5	6.635531788874397E-5	3.3231551896175246E-5	6.239540835053282E-12	3.981119552865108E-12	8.777468207578825E-11	1.3009999170049214E-6
6.400457709921523E-6	8.749027865420931E-7	1.2067268089647908E-8	5.335278816656821E-7	1.0173347012931746E-10	4.2173887898979254E-7	1.534220570622077E-5	2.2377877972290833E-11	7.1120951015854005E-6	3.1222674374948355E-6	4.783785149659665E-6	5.061279961434972E-8	2.0923911397999483E-10	1.7646400307045477E-7	3.9351308178659635E-9	5.166499631014186E-10	1.2527248028871202E-11	7.763030326392289E-10	9.487189404170501E-15	2.404815328612116E-7	9.004402777477163E-8	1.9182915581553642E-7	1.0759719899164802E-7	5.7578833081113446E-6	1.9793096749551133E-8	1.6206637957650498E-8	3.0730457823894118E-9	1.6605060818440752E-5	3.1920922936410943E-9	1.009907467516701E-10	2.6350135297965212E-11	3.910872930054138E-7
2.0255207041719254E-5	2.7654666911962736E-6	3.8038292559347306E-8	1.6860929790528261E-6	3.220314574012871E-10	1.3302930722120207E-6	4.858337976809314E-5	7.078915393804735E-11	2.2505805672694245E-5	9.881304392813817E-6	1.5137079689083934E-5	1.601693892484252E-7	6.587881741704353E-10	5.571292108368773E-7	1.2453076375504802E-8	1.633307779819639E-9	3.964985775173073E-11	2.455853597531174E-9	3.0022290906274236E-14	7.614524780678541E-7	2.846332969169885E-7	6.064253260954792E-7	3.4029697437566454E-7	1.7582639262311907E-4	6.251903010234857E-8	5.124504108176326E-8	0.0	5.124504108176326E-8	5.927539630214336E-12	3.782048158040077E-12	8.338560805800958E-11	1.2359448829356665E-6
7.4495543542559716E-9	1.5749497313419087E-9	4.4275322681135606E-10	8.083781312549197E-10	9.434899314921777E-14	1.6035904309063574E-9	5.107467470259471E-11	2.0903541480059787E-14	5.5492394633435565E-9	3.1622820803181454E-9	4.759048049783964E-9	5.2651176529038554E-11	3.4512522564708784E-12	3.417618686810983E-10	7.56646324814201E-12	4.2369083725114396E-13	5.487444631586273E-15	1.0654862616844314E-12	1.7578131693646371E-15	3.23163101805567E-11	1.6358902271950232E-10	3.89218773020388E-10	1.9121281270322416E-10	1.3873909232641384E-10	2.679403739164951E-10	2.0712178940146965E-11	0.0	2.0712178940146965E-11	2.2236252178219025E-15	9.64829077607478E-10	4.9181051321466046E-12	8.60576646641875E-10
1.7679500144872717E-9	4.193423603448542E-10	6.449629953355778E-12	2.736776570974245E-10	2.4623702573031215E-14	7.594896557880832E-10	1.5652947237442228E-11	2.771494574926905E-15	1.4563713666348544E-9	8.193880853785588E-10	1.243481853595256E-9	1.3670199299554747E-11	6.526797754352902E-13	1.700848358795724E-10	8.857001048828437E-13	1.766100003008423E-13	1.364762839580573E-15	3.1995399411562463E-13	2.5631415065568127E-18	9.165870787906792E-12	4.4828120154573725E-11	1.9264565991378527E-10	4.3229999931516705E-11	5.983613975919403E-11	1.2909039581254049E-11	5.2823975709513035E-12	0.0	5.2823975709513035E-12	5.43304969981944E-16	3.4135195398622007E-16	7.072664482898684E-15	4.741178468425373E-10
1.4765801182684981E-8	1.1369701198109514E-7	5.829955455297354E-11	5.926884747944307E-9	1.3140433163513048E-13	1.4128655675647915E-8	2.4289517846511746E-10	7.030128518346715E-14	1.6767615175144035E-8	5.034789720296651E-9	9.672958913330236E-9	8.493921543935544E-11	9.868185080206975E-12	3.196522447636512E-9	1.307784741810811E-11	3.666328466267731E-12	3.057994204465057E-14	1.2105297105836806E-11	1.005818445651594E-11	2.576360376193086E-10	1.6420162065386482E-9	4.422541349625223E-9	1.261068777703444E-9	4.701164130017512E-10	8.542268218066743E-10	1.091468956426242E-10	0.0	1.091468956426242E-10	1.2644198294330866E-12	2.497636992779485E-15	2.814309546873653E-8	4.325737793072827E-9
4.1251944159854373E-4	2.0070248281868432E-5	3.6070669484850824E-7	2.7294991192576092E-5	2.7201810046221375E-9	1.0153579663476145E-5	3.1127990574924653E-6	1.4477994107846204E-10	0.0012014157938872486	2.298605435711424E-4	4.3995409195160957E-4	3.399356974208453E-6	6.300140378349002E-9	6.178379227239982E-6	9.432719979187526E-8	1.3073198842093212E-8	1.4563595118014305E-10	1.80117733697333E-8	2.490691256270808E-13	9.200468060564556E-7	2.232572981461649E-6	4.925842898672469E-6	3.3155050983920042E-6	3.4029750525000785E-6	4.787909194701645E-7	1.5492637401868537E-6	0.0	1.5492637401868537E-6	2.203298469883415E-10	7.695301266891307E-11	6.929029299559507E-10	9.072424113774315E-6
