32
NULL,open@__open_nocancel,fstat@_fxstat,mmap@__mmap,read@__read,munmap@munmap,open@__open64,close@__close_nocancel,rt_sigprocmask@sigprocmask,exit_group@_Exit,rt_sigaction@__libc_sigaction,sched_yield@sched_yield,mremap@mremap,time@time,read@__read_nocancel,mprotect@__mprotect,madvise@madvise,lstat@__lxstat64,openat@__openat64_nocancel,write@__write_nocancel,syslog@__syslog,getpid@getpid,writev@__writev,close@close,stat@__xstat,socket@__socket,fcntl@fcntl,connect@__connect,getdents@__getdents64,lseek@llseek,getrlimit@__getrlimit,write@__libc_write
0.7357649726259663	0.0035444407848607288	3.883008650354962E-5	0.0028027507048042025	2.671813903896346E-7	0.0021951436142757935	2.643298791731907E-4	2.1248519012744454E-8	0.06965050257709765	0.016509353854270905	0.030937851516982893	2.5927291796062863E-4	1.0024502366837648E-6	6.77480277123498E-4	2.4596869361178064E-5	1.4531649544161048E-6	2.1779598781305783E-8	2.3732032019353273E-6	2.4809604616147E-11	1.0400698184185254E-4	5.074627737659566E-4	6.121626623000146E-4	3.8541068543064793E-4	3.612493758967746E-4	7.02938827500143E-5	1.2739191602216185E-4	0.0	1.2739191602216185E-4	1.7708518429678908E-8	6.572285766816757E-9	6.876967997693326E-8	0.0014563638991368412
5.88237870953552E-4	0.001366724977354002	6.861319404775921E-5	8.483906776311603E-4	2.0523362958268835E-8	4.1266264418521185E-4	1.0947458298845011E-5	3.6656197692779646E-6	0.0016018622406407301	4.3000313389886735E-4	8.008532117823742E-4	6.959380758859636E-6	8.003707200258272E-8	6.86249037059547E-5	6.820499003901919E-4	2.407366873208377E-7	6.749754002708732E-9	3.862960483274097E-7	1.6601747233027156E-10	5.792283824241206E-5	0.0027098540585400325	8.269219489300886E-5	5.4369353793861084E-5	1.903909315386742E-5	1.2245549182998459E-5	5.0524969381944915E-6	0.0	5.0524969381944915E-6	5.363696237038419E-10	1.8687931494815225E-10	3.583357111942994E-8	1.5119970665891124E-4
1.8494806484504863E-5	9.000737569584428E-6	2.951850578802332E-7	1.6930548796491028E-5	2.8819017994092683E-10	7.844448578519788E-6	4.514251758137988E-7	1.0315753084553254E-10	3.299925407980723E-5	1.3167549013715577E-5	2.4454985889513684E-5	2.301255858842932E-7	2.103971106263642E-9	9.98538372842801E-7	1.122419140208839E-8	1.891497344386586E-9	2.7511247776295792E-11	6.347928566254157E-9	1.0275544118342657E-13	1.6986851320692375E-7	9.59519084536951E-7	1.308566705488248E-6	1.9054022618467668E-6	1.2111291843071106E-6	1.8481401682703067E-7	2.2059573618143712E-7	7.73458684655144E-8	2.2059573618143712E-7	2.902313672926257E-8	9.143125317487836E-10	2.8555884048275036E-10	3.0129652337156545E-6
3.116677231318761E-4	5.204637596900915E-4	2.7752016952100913E-6	0.004106135406614495	1.9239485128448493E-8	0.005590643928226216	3.080333994074542E-5	1.1637803529283836E-8	8.025472246228435E-4	2.299890309596057E-4	4.3812995580498864E-4	3.8259937859724625E-6	6.099492306380221E-8	3.1788743096034326E-5	6.744031368227124E-7	0.001248907474632764	2.5205905692040758E-9	4.153082858737075E-7	1.964301838326093E-12	2.5349903051901572E-5	2.8343120902449314E-4	6.093284538795866E-5	2.4497734948278473E-4	2.1973400736390697E-5	1.1262429394358406E-5	1.6086593287329517E-5	0.0	1.6086593287329517E-5	3.279000214013196E-10	1.0992435538316373E-10	5.404506828931742E-9	1.2317215618157508E-4
2.8560032747531887E-8	1.214638426312957E-7	1.3445622290839212E-10	1.1948593222288467E-8	4.692146313314505E-13	6.270452166518815E-7	6.628085681242913E-10	6.833450759696306E-13	8.619582546693225E-8	2.1141392483580122E-8	3.888188180120021E-8	3.318602736580497E-10	3.901132187964908E-12	1.943843580993494E-9	5.1869855814818946E-11	4.0559588895853205E-12	4.456362515598063E-13	3.4750819724205186E-11	1.5016374879815527E-16	8.846213411950305E-10	1.1408343467175988E-8	6.00257520638802E-9	8.500907483468335E-9	9.60514651819607E-10	8.656846667004738E-10	3.171423112537461E-10	0.0	3.171423112537461E-10	2.158577205947087E-14	8.291526357109035E-15	4.073461387730451E-13	7.650426589388511E-9
7.334369510504103E-4	5.533123443565373E-4	5.675659617294707E-6	0.0015204335658502589	3.584543948614737E-8	0.0015699129390054896	1.3928733279608274E-5	3.2583404925183E-8	0.001864854484952187	5.261363780617735E-4	9.779353692445706E-4	8.608904649846261E-6	5.750630052126837E-7	1.3541237323137385E-4	3.7496396930453166E-6	0.0023312613510122157	3.0680487899478373E-9	3.1171175187605307E-7	6.362244361630444E-12	1.62438187946289E-5	1.5965369279553125E-4	2.072882178104233E-4	5.943860100639195E-5	2.667143565939549E-5	8.31615008593852E-6	6.296045182589421E-6	0.0	6.296045182589421E-6	6.654553530234362E-10	2.360945711916331E-10	1.7723714889684023E-8	3.69641638094263E-4
1.4041862183246747E-4	7.442847994514057E-5	1.5462528748815753E-5	3.078515332209886E-5	3.2295043008376997E-9	2.2858104944341987E-4	6.980025173304767E-6	3.658036665067789E-6	2.3123990290563828E-4	1.0075804557974134E-4	1.606572717792875E-4	1.6617482379219497E-6	1.7901422386060803E-7	2.3036230224695093E-5	2.1601796769154066E-7	2.4158437718150943E-8	4.941868184800443E-10	4.068479403214811E-8	9.468208867189429E-13	6.939992451610974E-6	7.437085062251056E-6	3.1879307778310776E-5	6.5224553863920276E-6	5.268703119518706E-5	3.368464720660391E-6	7.22152915398646E-7	0.0	7.22152915398646E-7	7.688511513178455E-11	4.170978003117717E-11	2.6369301862622174E-9	6.329401021901256E-5
2.6228055968847643E-7	1.85557440305825E-7	2.3211691736321947E-6	5.248393189656484E-8	4.293755563959788E-12	1.5355265376951753E-7	4.5176900960321535E-9	3.075935809718935E-12	4.65369686654914E-7	1.8696260241316014E-7	3.4064832353422106E-7	3.2405774987790413E-9	5.26426007857527E-11	1.8623799795107674E-8	9.569671701938893E-10	2.8354236709596575E-11	6.350681206902766E-13	9.574613400482188E-11	1.0289317548219718E-13	2.6412184406465663E-9	1.844894099334163E-8	2.6488175303471273E-8	1.5244831820431855E-8	8.158312822888104E-9	2.7705344223164144E-9	2.0830520218679803E-9	0.0	2.0830520218679803E-9	2.579657791807803E-13	9.622949016415413E-14	2.8786597389219497E-10	5.645672703228442E-8
0.034748287563535235	0.0014967522262345735	2.981711801515574E-5	0.0019637649472958496	2.575139399625424E-7	7.741167488818892E-4	1.61160064567114E-4	1.47532593620266E-8	0.02119042870150904	0.02453015442262344	0.04430807259240898	3.1816475376787723E-4	5.234933395764831E-7	4.5623927801750945E-4	7.660461719256764E-6	8.693108868167047E-7	1.2180041295901408E-8	1.5299175162548267E-6	2.2391763324609256E-11	9.711536904961851E-5	1.691049003521695E-4	4.3325240223344264E-4	2.5049301730345307E-4	2.3197812528775912E-4	4.117009088576217E-5	7.45866897555314E-5	0.0	7.45866897555314E-5	1.0035778583384291E-8	4.35313959579852E-9	6.232240427930547E-8	7.701754859695893E-4
0.03533237092539705	8.094454442235822E-4	1.2323590372671797E-5	0.0013170016125967712	9.95348341325731E-8	4.1513676105364917E-4	5.1562296325903646E-5	1.2220658636902356E-8	0.008515644533096741	0.002067625134051814	0.003824431079229125	3.246352524146744E-5	2.42133795385609E-7	1.624740556624523E-4	4.553411810994964E-6	3.70018635579492E-7	8.330232483006356E-9	7.67822035715668E-7	9.514003356609854E-12	7.905224697250682E-5	9.51368296547139E-5	2.0769154366915448E-4	1.1992118036232691E-4	8.731724452569809E-5	2.1387421744658318E-5	1.9577049130423074E-5	0.0	1.9577049130423074E-5	2.2376507978176414E-9	8.177262883694054E-10	2.6428973144274675E-8	3.9048486721376176E-4
0.03297772511358062	0.0010569766260150957	1.7847069086775557E-5	0.0015003284385308115	1.473440640779674E-7	5.363634032067192E-4	1.0509982075417188E-4	1.2480748124941607E-8	0.014030730521815225	0.023287306874983163	0.018567382251900723	3.9814888821382874E-4	3.301419176215857E-7	2.649702626068472E-4	5.517386402197394E-6	5.725825831098635E-7	9.604380779011692E-9	1.0061355928296352E-6	1.3492983350635477E-11	8.104809594269934E-5	1.2175482143256036E-4	2.7797380847128963E-4	1.6196510860427794E-4	1.4276429658049582E-4	2.7572658471672017E-5	4.7439697814936576E-5	0.0	4.7439697814936576E-5	6.346984310094277E-9	2.3820062485281605E-9	3.751681998933219E-8	5.055262322722213E-4
3.582504118712583E-4	1.032612109740952E-5	1.7601947761048888E-7	1.534340593779835E-5	1.4644483724945104E-9	5.299027383149257E-6	8.750836234533532E-7	1.3198238641719952E-10	1.261973021378331E-4	2.5299705569529617E-4	1.8554595659524945E-4	1.3511648335277394E-4	3.2820590574078088E-9	2.5164140368582056E-6	5.5596068208781524E-8	5.2990617380853614E-9	9.674161251041537E-11	1.0043524919203831E-8	1.3395963086519676E-13	8.580542445293542E-7	1.19394425737117E-6	2.770548476686904E-6	1.6032433610130123E-6	1.324098401053496E-6	2.757146883110444E-7	3.7618744812968857E-7	0.0	3.7618744812968857E-7	4.809708838621963E-11	1.920108489351482E-11	3.724573764361943E-10	5.078582583018562E-6
1.592717401725885E-7	2.729737380801339E-7	7.246639136014348E-10	9.451572079976312E-8	2.66684503624944E-12	4.540731967553316E-8	4.254172120617783E-9	5.422114805078618E-13	4.3890858322516984E-7	1.1925345394992097E-7	2.241734005540571E-7	1.945387359743159E-9	2.6695736813390506E-11	2.42953635160838E-8	2.5361319169210197E-10	4.998513800004564E-11	4.323334930628579E-13	2.473924386082945E-10	5.977582292966472E-16	5.306864327805246E-9	3.0636562471136485E-8	4.2665697471785856E-8	1.9947569221114056E-8	6.5785598410772904E-9	6.241571357400307E-9	2.007418871231025E-9	0.0	2.007418871231025E-9	1.446341541592569E-13	5.318030591992644E-14	1.578997394266315E-12	7.694683468970474E-7
3.09094867951875E-4	6.693954135882429E-4	1.6815754706023845E-6	5.481941360947223E-4	1.283582831002306E-8	6.997039550615201E-5	7.750639400719154E-6	7.559915092565835E-10	6.701115812274908E-4	2.225570843378665E-4	4.249131275065448E-4	3.821651909205749E-6	4.545315452119654E-8	3.116740447565696E-5	1.1846261928222164E-5	6.203949763810882E-8	1.6113610347701257E-9	3.2050416454505105E-7	9.132316858312749E-13	6.615161267707539E-6	3.656992054577967E-5	1.5349252176105038E-4	3.063488892101485E-5	1.1963030330738882E-5	8.211376170985428E-6	3.6921193358139793E-6	0.0	3.6921193358139793E-6	3.3228086441812175E-10	1.1535522413904096E-10	2.443533710180708E-9	6.0789605045105594E-5
4.139826768867263E-5	1.6563135872220454E-5	1.0925439506595749E-7	3.752426404278155E-5	8.905876820577547E-10	3.6164795339022288E-6	4.996680003109061E-7	8.602854870491786E-11	1.7228843845611805E-4	3.3353023418441425E-5	6.38249159705146E-5	4.958061585104163E-7	2.8110062690792594E-9	1.5630823524362155E-6	2.9123733660412878E-6	4.431995876414364E-9	6.722145831554119E-11	5.476214369278699E-9	1.340860421102872E-10	3.176490433300856E-4	6.346135631995155E-7	1.5749425664029632E-6	6.674915792809919E-7	7.897175828091891E-7	1.6706802740336526E-7	2.3356267427186996E-7	0.0	2.3356267427186996E-7	4.99886548701441E-11	1.1367331661442265E-11	2.8997553053954893E-8	4.208017796597028E-6
1.612385630317142E-4	5.1265928948586536E-5	1.73926735187971E-6	5.501567049320663E-4	2.0214475275128845E-8	0.001822369339130113	3.327526776234034E-6	1.898927251206425E-10	3.031535183305118E-4	1.1420091340442272E-4	2.284756879559167E-4	2.05310104522827E-6	3.0667704073013246E-8	1.6628799541170922E-5	3.1450322523317993E-7	5.296513008672907E-8	2.6379995326151023E-10	7.566029087315552E-8	2.9743637099596557E-13	1.0301947499793679E-6	5.268727373767952E-6	2.4180585841368458E-5	5.142694333700736E-6	6.852668026464454E-6	1.9021327611675375E-6	1.4675333618427407E-6	0.0	1.4675333618427407E-6	2.3023439145498508E-10	6.865490363799203E-11	8.229535542412189E-10	4.2426304561785415E-5
9.436647623051498E-9	6.565540051107554E-9	3.9113285823626945E-11	1.958576968098518E-9	1.6688501199374985E-13	2.71062113415303E-9	1.2815167947120153E-10	3.4651299547346147E-13	2.2736461388536495E-8	6.81067413308277E-9	1.1584328836599009E-8	1.0799691355808471E-10	8.181034270080251E-13	4.598513332848568E-10	4.0773202936082435E-11	8.302500719879583E-13	2.0487333648352147E-14	4.80421700508963E-12	5.356366944844164E-17	1.2451670721017408E-10	6.726651871546832E-10	8.859195308272868E-10	5.585668332519157E-10	2.1044329853957889E-10	1.1812704465208326E-10	6.016954709119334E-11	0.0	6.016954709119334E-11	5.536921953035424E-15	2.602713956789344E-15	1.482491824996853E-13	2.3912190674783347E-9
2.331895652928709E-7	6.37726180969904E-7	3.4549310253345847E-9	1.5877867621521142E-7	4.624764819870616E-12	7.410932929233817E-7	8.34694383277217E-9	1.0469694631372599E-11	6.141565781484725E-7	1.7111895312001602E-7	3.2609682843798E-7	2.828782852077373E-9	4.1476771625972903E-10	9.84841006851123E-8	1.4255013642399503E-7	1.012850778990695E-10	2.017397552811921E-12	4.4003763193315156E-6	1.6500456457397428E-6	6.2852199287651565E-9	5.61830975691677E-8	1.261975419527866E-7	4.238553360355818E-8	3.2437138692050196E-8	9.555254618451647E-9	2.7645950964920737E-9	0.0	2.7645950964920737E-9	2.2411858764054538E-13	7.99267135291009E-14	4.908214840169453E-12	3.2842492161882616E-7
2.065305608650563E-8	6.356479704765444E-8	8.486259052121262E-7	1.508366093029854E-8	3.7908666742778314E-13	7.74359939104199E-8	7.899382217312722E-10	1.3833893617391603E-12	5.588837371228112E-8	1.53649181956534E-8	2.9460523841835882E-8	2.540277952777876E-10	3.7552719808425037E-11	8.888251887886449E-9	3.1154280841584655E-10	9.246689346969484E-12	2.0784183467213442E-13	2.681676598398264E-11	6.282170583107069E-16	6.576548514945226E-10	6.21192761019273E-9	1.1818429757410313E-8	4.656343302128176E-9	2.9544625468465734E-9	9.384499397057987E-10	2.6772414821420806E-10	0.0	2.6772414821420806E-10	3.552889390061525E-11	7.206157122524293E-15	1.7480424986395237E-12	3.170454828680258E-8
5.3433844450638194E-5	7.931127242492562E-4	1.6686925373268387E-7	1.629751137202773E-5	7.271404101010214E-10	9.858119275483788E-6	1.0819484419570448E-6	1.9402298369224033E-10	2.0987351537545966E-4	4.2521364518071226E-5	8.10032749583513E-5	6.40965352248821E-7	5.388052789263649E-9	2.8128168765919085E-6	6.392554221123738E-8	7.3058602239076616E-9	1.3101426275837267E-10	5.175606773212069E-8	1.2605021162088727E-13	3.187609433556992E-4	1.5010308944074267E-5	8.961265134655908E-6	2.3729175237718914E-5	1.4798940156056347E-6	1.2967852420209455E-6	5.211970073058218E-7	0.0	5.211970073058218E-7	4.276570748638762E-11	1.5089989520060594E-11	3.33381390508507E-10	7.85152975378356E-6
3.196811826643748E-4	1.4478549220143212E-4	1.7707310093878835E-6	1.225692244698849E-4	1.0451912700876084E-8	5.6562372989416315E-5	4.5116127361510765E-6	5.399660727300431E-9	9.442434392608894E-4	2.3938507378283992E-4	4.467257840274474E-4	3.821740832397472E-6	2.4153999925149775E-8	5.729375972718082E-5	8.138031508793309E-7	1.8011767294270834E-7	3.555645843931797E-9	9.040285180773404E-8	1.0040622249340908E-12	7.052145800454022E-5	1.4005283702727964E-5	2.8347291628622033E-5	1.2727431636295979E-5	6.7405199061623585E-6	2.516575210851685E-6	2.1466718282628458E-6	0.0	2.1466718282628458E-6	2.76321647008737E-10	1.0008924256686234E-10	2.785495311021205E-9	6.113148820608661E-5
1.7557678104611994E-4	2.1221787892439906E-4	9.783429153548506E-7	6.795782496357221E-5	3.1432222051531405E-9	2.6741168207891375E-4	6.506727719793415E-5	9.932703303595624E-10	4.095296100359067E-4	1.2783717798056624E-4	2.443838248771904E-4	2.1700713695019437E-6	2.980846678101228E-8	6.272037061668431E-4	3.5481428642075046E-7	3.496039489853829E-8	6.235486227482347E-10	4.935776708221346E-7	6.521927301451412E-13	9.131611431209024E-6	7.572139859260441E-5	3.405614437878946E-5	5.441132603534956E-4	3.074718819650577E-5	1.4603089573380177E-5	3.4972358833024624E-5	0.0	3.4972358833024624E-5	1.792521825361142E-10	6.416617515010433E-11	1.7564466593621928E-9	3.975264345351757E-5
2.3874744460411037E-4	3.076060833981964E-5	4.2427634667138173E-7	2.5157446048162385E-5	3.345438516571843E-9	1.4293725378870179E-5	2.3255575049068412E-4	4.3460073263761477E-10	4.54944699811112E-4	1.6945056911361601E-4	3.3675661476203263E-4	3.0304356383932733E-6	7.555034884660609E-9	7.358687468228708E-6	1.2956730716856923E-7	2.0170807686506996E-8	3.210475819076803E-10	2.5331081368090078E-8	3.1709620036001724E-13	3.217060790614909E-4	3.3441030337212466E-6	6.620110982596658E-6	3.902861459311493E-6	8.898859756840414E-5	6.704507678943777E-7	1.2601361216951589E-4	0.0	1.2601361216951589E-4	2.888012542189011E-10	9.887904006144291E-11	8.808520342915736E-10	1.2172702784027374E-5
1.5854128891447858E-4	2.880405897594542E-5	4.44059429655013E-7	1.8430395637612432E-5	3.862272482696933E-9	1.556839030244159E-5	2.0171448925287964E-4	8.591308097384751E-10	2.4367072853162706E-4	1.138261162867378E-4	1.718772915549959E-4	1.8518632446849397E-6	7.624223522929381E-9	6.348312505956157E-6	1.495789360488195E-7	1.8990446424353663E-8	4.895225857488543E-10	2.5334464074588387E-8	3.521327190203853E-13	9.219261892846296E-6	2.9216749072064952E-6	6.632262319513447E-6	3.7531233412534475E-6	6.557399049685834E-5	6.455662403873718E-7	1.7051271407084412E-4	0.0	1.7051271407084412E-4	6.524517431275702E-11	4.362657704369843E-11	9.794786559520687E-10	1.4538303273963719E-5
1.2393680813573394E-5	7.958510005084433E-6	8.681598962599912E-8	1.0230561807612054E-5	2.7366205680128687E-10	1.3788604306963158E-6	2.26157007895285E-7	1.521832979799206E-11	2.2976673054577686E-5	8.821917472064525E-6	1.6857298688171718E-5	1.554222549925369E-7	8.182307823901331E-10	4.898417627761753E-6	9.97221812743602E-9	9.063447198419094E-9	3.221227226161056E-11	4.891102710921615E-9	4.29152882248601E-13	1.2742743015332362E-7	8.087952392895361E-7	2.051210169558066E-6	6.666418416040531E-7	2.853653793748367E-7	1.5310364353091302E-7	1.1102329196042826E-7	0.0	1.1102329196042826E-7	1.353589806793115E-11	4.861574485206723E-12	1.1991132112069893E-9	1.0664578480920365E-6
3.583796788087828E-5	7.62163067840714E-6	1.0037477604796793E-7	4.499998576583063E-6	8.496473374197728E-10	3.565582729197082E-6	1.2812218856034962E-4	1.872219095331432E-10	5.961104287383588E-5	2.5880233425527682E-5	3.968319582550422E-5	4.1929459622271174E-7	1.7781895298837855E-9	1.4839401609474348E-6	3.3149502604408104E-8	4.3263706861980225E-9	1.0732572379340031E-10	6.77960705408562E-9	7.919550747772787E-14	2.0132820825938348E-6	7.85810412020129E-7	1.6628476540388378E-6	9.171983520364462E-7	4.809100800775998E-5	1.733406093399049E-7	1.6636659263221984E-4	1.6623107834774027E-4	8.325092966158406E-5	1.5504336156183368E-11	9.88106853602404E-12	2.1984513453087469E-10	3.3135493106622066E-6
1.0757839433373204E-5	2.2906539616808126E-6	3.025071957960707E-8	1.3527287255880932E-6	2.549929025955572E-10	1.073825316092867E-6	3.8436715285266567E-5	5.622530090144353E-11	1.7895787334469706E-5	7.76866138548314E-6	1.1914005035043735E-5	1.2586997011894976E-7	5.364867842721398E-10	4.465136348651461E-7	9.951318202617206E-9	1.300094413500465E-9	3.221388134893068E-11	2.035972676373773E-9	2.3774980462822663E-14	6.040425308354585E-7	2.3616076888067315E-7	4.997054232915792E-7	2.755081768659189E-7	1.442754196941718E-5	5.2132562011995674E-8	4.071440650673889E-8	7.698489442474988E-9	4.1598545891824634E-5	7.996682590051608E-9	2.529708581621468E-10	6.59985287108209E-11	9.960693432954565E-7
3.404593070163637E-5	7.240519629154717E-6	9.535564853677856E-8	4.2749812211744965E-6	8.071616802262325E-10	3.3872897847527293E-6	1.2171558296962111E-4	1.7786008902570685E-10	5.6630259881943824E-5	2.4586121531121126E-5	3.7698882358099614E-5	3.9832824266204494E-7	1.6892731672182956E-9	1.4097374062313425E-6	3.14918991002716E-8	4.110035397695631E-9	1.0195902197687691E-10	6.440600446848427E-9	7.523542541334445E-14	1.9126101818794333E-6	7.465168483098153E-7	1.5796988318355916E-6	8.7133488251574E-7	4.404840611239294E-4	1.646729075984985E-7	1.2873804546654903E-7	0.0	1.2873804546654903E-7	1.4729059306678476E-11	9.386976844049504E-12	2.0885202643768466E-10	3.1478590131627682E-6
1.1261395014171152E-8	4.479666211412741E-9	1.1096885781746157E-9	2.15418415991393E-9	2.378974098654972E-13	4.131441377346971E-9	1.3417715800804536E-10	5.350182986993213E-14	1.4340638933972397E-8	7.987277563107983E-9	1.2061677468024773E-8	1.3293111577677192E-10	8.71411190543666E-12	8.852422082013799E-10	1.9127623817128947E-11	1.1152607309715356E-12	1.4363545575333784E-14	3.1631768108134793E-12	4.404628057188172E-15	9.076890185105022E-11	4.677628216850863E-10	1.0781909292761191E-9	5.172384742604166E-10	3.5792414947480046E-10	6.850444810989458E-10	5.4662068239418904E-11	0.0	5.4662068239418904E-11	5.655680819682858E-15	2.417056910163653E-9	1.2323317368210785E-11	2.260481431878215E-9
2.8813909078757355E-9	1.1117745202839749E-9	1.6113802387226636E-11	6.975654627063569E-10	6.142007759956368E-14	1.911469025536741E-9	3.9580782723401486E-11	7.04664735906982E-15	3.683727106926602E-9	2.0423181324713193E-9	3.1033338733287546E-9	3.40598357596904E-11	1.6426390385484456E-12	4.2857897353926073E-10	2.2106833978742044E-12	4.4697023963931484E-13	3.4965330473534007E-15	8.600686687093769E-13	6.474832771371161E-18	2.4046388981748515E-11	1.1883889989801123E-10	4.940999290034752E-10	1.1239563365418133E-10	1.4887799456487065E-10	3.3994830191290506E-11	1.3445908234254815E-11	0.0	1.3445908234254815E-11	1.3542320810218028E-15	8.492757992788399E-16	1.7845549098674298E-14	1.1976700456524945E-9
1.781898609483557E-8	2.879332489423678E-7	1.5388997670145848E-10	1.5574776326514836E-8	3.324002098679306E-13	3.599607602276285E-8	6.439420984968441E-10	1.8243877126100063E-13	4.3661538619333136E-8	1.3076770223503485E-8	2.5030008101641216E-8	2.2021879690636754E-10	2.5212763184763383E-11	8.153760126089006E-9	3.287292328983287E-11	9.468047653760639E-12	7.497709145834713E-14	3.326622873203187E-11	2.5198425442616797E-11	7.043614444631277E-10	4.449501104306393E-9	1.1648614191670869E-8	3.3860895047545925E-9	1.239983090231101E-9	2.225995770871191E-9	2.893161216097463E-10	0.0	2.893161216097463E-10	3.1680747557078045E-12	6.4343634552501045E-15	7.050593320388039E-8	1.1371225801994434E-8
7.074718036220605E-4	5.208929485057569E-5	8.980531221670808E-7	6.84443469572992E-5	6.774320980736542E-9	2.5710474642562422E-5	7.720747162811536E-6	3.6468770741307984E-10	0.003010750855263656	5.725554719284194E-4	0.001095640854909605	8.453818510195884E-6	1.601706263937067E-8	1.5483105929533663E-5	2.3673770590967024E-7	3.263143258522467E-8	3.743000814752979E-10	4.6823886737865865E-8	6.210394988678798E-13	2.326597203356412E-6	5.7915124838682825E-6	1.2670934116709833E-5	8.392280523109076E-6	8.446865083571536E-6	1.2478046599958037E-6	3.840083942812566E-6	0.0	3.840083942812566E-6	5.445571164339506E-10	1.902866263335222E-10	1.7269647476356542E-9	2.3056508477862315E-5
