32
NULL,open@__open_nocancel,fstat@_fxstat,mmap@__mmap,read@__read,munmap@munmap,open@__open64,close@__close_nocancel,rt_sigprocmask@sigprocmask,exit_group@_Exit,rt_sigaction@__libc_sigaction,sched_yield@sched_yield,mremap@mremap,time@time,read@__read_nocancel,mprotect@__mprotect,madvise@madvise,lstat@__lxstat64,openat@__openat64_nocancel,write@__write_nocancel,syslog@__syslog,getpid@getpid,writev@__writev,close@close,stat@__xstat,socket@__socket,fcntl@fcntl,connect@__connect,getdents@__getdents64,lseek@llseek,getrlimit@__getrlimit,write@__libc_write
1.016078057236731	0.0028398498878259154	3.054017500408209E-5	0.002198619948035971	2.078605355746241E-7	0.0017359075590860362	2.0641565997338453E-4	1.6847333744704358E-8	0.053356496407858445	0.01274234532547689	0.023890660133821854	2.007219424983491E-4	7.81743311213415E-7	5.272144062357658E-4	1.9547136726419236E-5	1.1330420021950182E-6	1.7152566144068527E-8	1.9031007227145489E-6	1.0576561998350195E-9	8.214292588943554E-5	4.06105178238107E-4	4.8582594428255997E-4	3.057277228819546E-4	2.839740380172488E-4	5.6680094323652126E-5	9.948124975715196E-5	0.0	9.948124975715196E-5	1.4803892528457156E-8	5.116472957126347E-9	2.952297448398058E-6	0.0011298267531791712
6.010594801852654E-4	0.0010014664547889102	4.978508065499876E-5	6.206939164317702E-4	1.5038194637881614E-8	3.0899032147186934E-4	8.052842788129365E-6	2.6561618268107976E-6	0.0011582728206463052	3.143657642700378E-4	5.858067842028693E-4	5.106096996338297E-6	5.855608591030058E-8	5.0083274808134495E-5	4.956627018260257E-4	1.7590869501354868E-7	4.975127303275648E-9	2.8148107066017183E-7	1.5885930877964143E-9	4.2135616419084114E-5	0.001965672108150257	6.036854017257178E-5	4.024649760130824E-5	1.4115463135337221E-5	8.924945665545823E-6	3.7160304414462816E-6	0.0	3.7160304414462816E-6	6.065935433193634E-10	1.379574152135802E-10	2.834589442382922E-7	1.1026524438483235E-4
1.8321339037213373E-5	6.4430919294779096E-6	2.1412473796457928E-7	1.2236660197034271E-5	2.0864898509102947E-10	5.6703945673879515E-6	3.2668249773114843E-7	7.458762257109529E-11	2.3181330747220533E-5	9.461945802502843E-6	1.7578567433085785E-5	1.6605071668284393E-7	1.519704398552854E-9	7.201930482560601E-7	7.97357476446099E-9	1.3621958057152996E-9	1.9783373482525536E-11	4.522462613738942E-9	1.1251852391356341E-13	1.2142740785621146E-7	6.850324178106139E-7	9.362064359240796E-7	1.3740581382129708E-6	8.826432558356914E-7	1.321358602314988E-7	1.5957840946505365E-7	5.601835851799606E-8	1.5957840946505365E-7	2.1021132554215102E-8	6.622086065798082E-10	2.962445831297419E-10	2.1665584641688457E-6
3.147275459683001E-4	3.7422819161104875E-4	2.0212682678423618E-6	0.0029747058795398643	1.3920724832960771E-8	0.0040489066305824375	2.224011043890661E-5	8.430217970650672E-9	5.687088367691645E-4	1.6496501447221712E-4	3.145412778670408E-4	2.7545946701855754E-6	4.40432993128921E-8	2.2917081799650177E-5	4.885983902190933E-7	9.050236364934332E-4	1.8227267844049284E-9	2.9725263626266595E-7	2.5159663337020985E-12	1.8298356157636444E-5	2.0497858837722856E-4	4.362882927240988E-5	1.768782987770175E-4	1.597596789255169E-5	8.08430176982403E-6	1.1612508588673083E-5	0.0	1.1612508588673083E-5	2.5616171857966764E-10	7.96276864443462E-11	6.166636022708971E-9	8.873472348569549E-5
2.928109372009538E-8	8.779149596835999E-8	9.755328071459194E-11	8.579983548559583E-9	3.3852080616713484E-13	4.541052039427502E-7	4.760202444614501E-10	4.948667326828118E-13	6.124604048571624E-8	1.5142659067129484E-8	2.7849411111347003E-8	2.383714336766181E-10	2.8007111416525807E-12	1.3946018764924283E-9	3.796838672754225E-11	2.9095792549988045E-12	3.226085207875497E-13	2.4789171294040954E-11	2.1965390380320876E-16	6.340516270877834E-10	8.241132661617058E-9	4.287353554809231E-9	6.162665013267135E-9	6.970721948415655E-10	6.185843144780647E-10	2.276152718586918E-10	0.0	2.276152718586918E-10	1.6659663444429538E-14	5.984859221348131E-15	4.9213769563711E-13	5.490509633005887E-9
7.257979052712175E-4	3.990280492979558E-4	4.1413811466566046E-6	0.001101059825178063	2.594109017183184E-8	0.0011377804191716797	1.007333595537578E-5	2.3740032042877724E-8	0.0013205644562133529	3.771224540854111E-4	7.011862606279771E-4	6.192621644799765E-6	4.165267880555769E-7	9.798402789403901E-5	2.718100222882051E-6	0.0016893540347203873	2.221100928758378E-9	2.232211915446807E-7	6.430961841366736E-12	1.1717067299418869E-5	1.1547660765522168E-4	1.4980861279198333E-4	4.2990467199432184E-5	1.9532555671348495E-5	5.96707652709633E-6	4.54715377338783E-6	0.0	4.54715377338783E-6	5.179268826667129E-10	1.7081821559531495E-10	1.724945873269688E-8	2.671767711575167E-4
1.389850257180923E-4	5.412576924431056E-5	1.1315670760743316E-5	2.2372630588407265E-5	2.348498368551311E-9	1.675760877300477E-4	5.10915440261618E-6	2.6505576658413084E-6	1.6195280225263822E-4	7.248122705583445E-5	1.1520329646637317E-4	1.1991515994514465E-6	1.312240869229304E-7	1.6824933258253226E-5	1.5881901832840992E-7	1.7542562709416705E-8	3.594123162468078E-10	2.9290965984843262E-8	1.0257993737721071E-12	5.026263459729867E-6	5.40977575960865E-6	2.3260545598228588E-5	4.7480118559545354E-6	3.904928717278826E-5	2.4355093347535967E-6	5.203573055475863E-7	0.0	5.203573055475863E-7	5.936067815584817E-11	3.020530836920747E-11	2.751844855645274E-9	4.623418535601938E-5
2.6139211265130886E-7	1.3339192966775804E-7	1.691907169614565E-6	3.768832603180685E-8	3.1110338030137785E-12	1.1101815413482395E-7	3.268715799246024E-9	2.226077811046619E-12	3.2690890340308794E-7	1.3438086048957494E-7	2.448209811418496E-7	2.338516448268246E-9	3.799287971796234E-11	1.3447495055159593E-8	6.942298671143212E-10	2.0450546932528193E-11	4.583733349403135E-13	6.816136408412238E-11	2.332185267656452E-13	1.8888628193281488E-9	1.3228978915458822E-8	1.8979074574718146E-8	1.0991664393256872E-8	5.967707173568622E-9	1.987752766319053E-9	1.5058032112914899E-9	0.0	1.5058032112914899E-9	2.1853186948100173E-13	6.982878950136783E-14	6.522459996173727E-10	4.064071489047394E-8
0.033486166045926954	9.82399567323141E-4	2.0843166785843722E-5	0.0013481751291351464	1.8065958126300581E-7	5.015631307630969E-4	1.104827927188767E-4	1.016996915422176E-8	0.013302795028110829	0.017335266330749537	0.03127984627769897	2.2407714164354654E-4	3.5345468422406597E-7	3.1398774730783654E-4	4.87619643693658E-6	5.928715913112098E-7	8.242823843509561E-9	1.040658213415601E-6	6.312791997132911E-11	6.755511440743781E-5	1.0774325233983978E-4	2.978691490403485E-4	1.7148003341531276E-4	1.6049498454772873E-4	2.788403915776888E-5	5.101325691255608E-5	0.0	5.101325691255608E-5	7.321427191532428E-9	3.004992192287354E-9	1.7369652714128721E-7	5.177355453107946E-4
0.03382121312891907	4.687547315323714E-4	7.721549783287206E-6	8.615239553201451E-4	6.336688946815902E-8	2.2980510064192166E-4	2.8721579884866628E-5	8.209627696495433E-9	0.0038357049294604536	9.519212926485229E-4	0.0017478395305031763	1.4987068680646403E-5	1.428164353637929E-7	9.548100542099228E-5	2.505276962120959E-6	2.202968373152254E-7	5.324803368204694E-9	4.759981863517766E-7	5.106244689303196E-11	5.382138968955416E-5	5.217579406605024E-5	1.3015995486588056E-4	7.417887217686432E-5	5.186384819535982E-5	1.3172995612533472E-5	1.0015181676902309E-5	0.0	1.0015181676902309E-5	1.1303491196928851E-9	3.780548740484747E-10	1.4131272562401367E-7	2.344824996719444E-4
0.03165988602555437	6.623330275904031E-4	1.1970490046191213E-5	0.001007687037995535	9.963544611428666E-8	3.269320621898629E-4	6.917096401362826E-5	8.49018441179671E-9	0.008102300309585092	0.01639964074565189	0.012580561911421099	2.8127116330764555E-4	2.1124146745818247E-7	1.734215875504171E-4	3.3042893752721017E-6	3.748246572954565E-7	6.3488883628137195E-9	6.587142415424466E-7	5.2640808522361565E-11	5.5745157926955566E-5	7.338405476895395E-5	1.8404527919956153E-4	1.0653788091523049E-4	9.432647788169172E-5	1.7950801606573504E-5	3.1017562704826194E-5	0.0	3.1017562704826194E-5	4.4175913601097426E-9	1.5543432239051088E-9	1.4525746716943006E-7	3.240501721880542E-4
3.435171470036359E-4	6.328854629738726E-6	1.1652218501329639E-7	1.022457377005292E-5	9.800272182427596E-10	3.1507110002824896E-6	5.532121743114753E-7	8.941451436850704E-11	6.850670807498924E-5	1.7796549682191716E-4	1.245534329151542E-4	9.776897877529661E-5	2.0652562743224365E-9	1.6132260883019173E-6	3.255027805375904E-8	3.384655160524925E-9	6.322998622607191E-11	6.494560418155803E-9	5.555429033995922E-13	5.882924653899733E-7	7.002757652908392E-7	1.8126681467299326E-6	1.039986788551384E-6	8.544532024774548E-7	1.771873428885828E-7	2.3359499930634788E-7	0.0	2.3359499930634788E-7	3.1562447651432995E-11	1.1924950352460803E-11	1.5344122483737406E-9	3.209633519269637E-6
1.6603120775823038E-7	1.947911820786215E-7	5.25105235041378E-10	6.786499213793224E-8	1.924851465894523E-12	3.2812907068932737E-8	3.0546790001847112E-9	3.9099224796666497E-13	3.1166054658344164E-7	8.557783403973173E-8	1.6095787227816233E-7	1.4008060448079155E-9	1.9148453622972572E-11	1.750005072102752E-8	1.8654203417751948E-10	3.599801271026499E-11	3.119829836747036E-13	1.7602437615288138E-10	1.139272255427096E-15	3.7866896963391374E-9	2.1886923438413313E-8	3.040388138383031E-8	1.423484622443495E-8	4.776908228644962E-9	4.450181085879579E-9	1.440198319251897E-9	0.0	1.440198319251897E-9	1.1200618761093842E-13	3.8511454429631043E-14	2.295920885825688E-12	5.569196237747968E-7
3.146590866187008E-4	4.81430320349232E-4	1.2226976442387696E-6	3.9629529235167993E-4	9.287835187292402E-9	5.035602404182994E-5	5.5872833879547E-6	5.432447464565878E-10	4.7333554761576097E-4	1.59757281611124E-4	3.053319905490538E-4	2.7545102990883534E-6	3.2701525093788254E-8	2.246216314177786E-5	8.625485462521006E-6	4.465792696389758E-8	1.165178390308968E-9	2.282245800779665E-7	2.1598892208786097E-12	4.716183611639047E-6	2.605199918667505E-5	1.1055351239618962E-4	2.190777006281978E-5	8.707827744163866E-6	5.860542736119957E-6	2.6601048300481937E-6	0.0	2.6601048300481937E-6	2.5874558196789237E-10	8.366352765545992E-11	4.979153427734122E-9	4.3501317377304676E-5
4.085543875073271E-5	1.1951105649430474E-5	7.947335937969952E-8	2.712607054465806E-5	6.417160840591904E-10	2.592891884752335E-6	3.607196283496799E-7	6.234821926876089E-11	1.2300895362681773E-4	2.3874710038790624E-5	4.5734736848417215E-5	3.5569502010284433E-7	2.0264388381940576E-9	1.13557637704936E-6	2.1081835906432165E-6	3.2082509518500385E-9	4.839266678869026E-11	3.910983592085352E-9	1.298521929094946E-9	2.3014263830229206E-4	4.489196549347528E-7	1.130976677108167E-6	4.792573420270621E-7	5.749007963920727E-7	1.2435333160020414E-7	1.685620498628583E-7	0.0	1.685620498628583E-7	1.8793235119986538E-10	8.196047458031876E-12	2.72789583070013E-7	3.017070859676266E-6
1.5926970830494716E-4	3.682114065111863E-5	1.2707454885708987E-6	3.9854531329276807E-4	1.4639911523796574E-8	0.001320621815411254	2.422916528569116E-6	1.3728793491804034E-10	2.1407413578117168E-4	8.225229034147285E-5	1.6485421109509911E-4	1.4854379979002701E-6	2.2275468798146837E-8	1.2046299043814477E-5	2.275208513482684E-7	3.8357422331932194E-8	1.90604837444119E-10	5.446804806775629E-8	5.660998460005197E-13	7.388392096063773E-7	3.7713928639514116E-6	1.7488549356887908E-5	3.708997105670733E-6	5.0405444953445455E-6	1.3722117764304781E-6	1.067783551926801E-6	0.0	1.067783551926801E-6	1.8180989150422414E-10	4.9986491556543696E-11	1.4955740846438062E-9	3.064986324000373E-5
9.382054373039603E-9	4.697601755642947E-9	2.8403873964376527E-11	1.400666942512168E-9	1.2054806036405282E-13	1.9550071563913923E-9	9.169780616192627E-11	2.52615964098708E-13	1.6027780521766144E-8	4.8697420578141E-9	8.264091879817733E-9	7.742686876870079E-11	5.869649385329426E-13	3.3005019155688185E-10	2.946951727146889E-11	5.938235115281193E-13	1.474828843654645E-14	3.421119111325749E-12	6.337049685683664E-17	8.897168321883194E-11	4.80614438493504E-10	6.321504425498296E-10	4.006944411694316E-10	1.5241880691898616E-10	8.419065779889906E-11	4.3008718653166516E-11	0.0	4.3008718653166516E-11	4.239715534205102E-15	1.8719500372042876E-15	1.6185114210904306E-13	1.7206396985100278E-9
2.388480892958219E-7	4.6036511720601515E-7	2.5366414531176355E-9	1.1458426074201745E-7	3.349709805408207E-12	5.370229392934576E-7	6.054176758339055E-9	7.583705340480256E-12	4.366345542607295E-7	1.23042825611257E-7	2.3467323143254946E-7	2.041430396807305E-9	3.0037556453485633E-10	7.122465171285002E-8	1.0371326235642533E-7	7.320969541380321E-11	1.4630182319149205E-12	3.1870045972166242E-6	1.195058643196756E-6	4.5043114286015714E-9	4.051220061267535E-8	9.090070570325227E-8	3.063368435312597E-8	2.3926070637014342E-8	6.861743439454089E-9	1.9930401815954233E-9	0.0	1.9930401815954233E-9	1.7389063684301316E-13	5.802560433599168E-14	5.300906463352079E-12	2.3754036325340006E-7
2.1882781540729417E-8	4.601534294747773E-8	6.14627996797577E-7	1.1143744624287505E-8	2.809503848785991E-13	5.6135987539281565E-8	5.797752034219581E-10	1.002329814151338E-12	4.048921376864845E-8	1.1335218565057814E-8	2.1775665295505395E-8	1.885016770253366E-10	2.7209778553897654E-11	7.822797958839423E-9	2.2737576838895812E-10	6.9212919882839445E-12	1.5147083791857148E-13	1.9200932829297523E-11	4.1825959842597926E-15	4.737695944454598E-10	4.49623696880416E-9	8.526365050533405E-9	3.380649976822636E-9	2.1864215402817594E-9	6.756174816791865E-10	1.965071501820666E-10	0.0	1.965071501820666E-10	3.4471300603731725E-10	5.402923645980857E-15	1.1609837745409512E-11	2.2952276081882395E-8
5.408839966528351E-5	5.736727519956145E-4	1.2017624750010347E-7	1.1609532635841794E-5	5.213860748659515E-10	7.0641550957373315E-6	7.741879380787055E-7	1.3996732446643222E-10	1.4956552902795832E-4	3.0393934037169564E-5	5.795302253977191E-5	4.591706671802011E-7	3.836826119343181E-9	2.0040915377873206E-6	4.6317567837003583E-8	5.22130476348236E-9	9.414671864598151E-11	3.667867387276632E-8	2.660511257556561E-13	2.3093404141388057E-4	1.0774497399479249E-5	6.3589877623072145E-6	1.7102485178312938E-5	1.067251946130375E-6	9.206386814674587E-7	3.7285776112081077E-7	0.0	3.7285776112081077E-7	3.2895486344078277E-11	1.086080090011676E-11	5.610810877959283E-10	5.570506527106751E-6
3.144868152571124E-4	1.0389459700397106E-4	1.2886574463584648E-6	8.835015622965545E-5	7.556293371610223E-9	4.071197283173547E-5	3.2535177936936212E-6	3.934874962160908E-9	6.700908491037264E-4	1.714221393147457E-4	3.2001776457813054E-4	2.745442512882826E-6	1.737881017736273E-8	4.143802537409959E-5	5.866695202450565E-7	1.3033341840381625E-7	2.5738679655697523E-9	6.451051837073054E-8	1.37961586261578E-12	5.107021134888453E-5	1.0014609641278123E-5	2.038106297627683E-5	9.159776711378945E-6	4.899999647539505E-6	1.7998690471626904E-6	1.547681871345924E-6	0.0	1.547681871345924E-6	2.137334690776697E-10	7.2299665343489E-11	3.6330211769177015E-9	4.3993772651564966E-5
1.793172665295642E-4	1.5148113359756757E-4	7.105245948919769E-7	4.8794001936184076E-5	2.2704711351025027E-9	1.9336257183658103E-4	4.6985794413174225E-5	7.200225267120697E-10	2.897510276128436E-4	9.174363563373246E-5	1.7554524377291303E-4	1.5634381705768279E-6	2.1441515694907708E-8	4.54336904896875E-4	2.615054845500658E-7	2.514604221461725E-8	4.513477808932813E-10	3.542119998702707E-7	1.088866516952333E-12	6.55861866499951E-6	5.452465946136109E-5	2.4260212299208708E-5	3.9288848986904543E-4	2.2249269880389043E-5	1.0517406211058137E-5	2.525477397907443E-5	0.0	2.525477397907443E-5	1.3872378910231497E-10	4.6507891293638804E-11	2.3958479017411084E-9	2.845830943557666E-5
2.347386015391008E-4	2.18367966291958E-5	3.083178152493681E-7	1.8023774000678444E-5	2.4210291418395254E-9	1.0145183574349952E-5	1.684925622584758E-4	3.1462641777654157E-10	3.2099151585201146E-4	1.2192979102835429E-4	2.4273522929882775E-4	2.1904745159725916E-6	5.388502967790088E-9	5.3043831807408675E-6	9.140823929315943E-8	1.4567741863903812E-8	2.3112694493434176E-10	1.8023149272484825E-8	6.400730409679809E-13	2.330743849048484E-4	2.354778798835506E-6	4.740944262065139E-6	2.7994812962550297E-6	6.44655721656274E-5	4.769280689221235E-7	9.130605629519569E-5	0.0	9.130605629519569E-5	2.2361341467702085E-10	7.193434753728931E-11	1.7305375925365683E-9	8.65487019533282E-6
1.5517114806653487E-4	2.042689853632491E-5	3.231658610234283E-7	1.3134270183512165E-5	2.7991152512773764E-9	1.1102055764349298E-5	1.4612191247681923E-4	6.24080851141467E-10	1.6872590240365226E-4	8.144509067593312E-5	1.222540356140843E-4	1.3285762322028011E-6	5.468670156673923E-9	4.57069281746772E-6	1.0623067317753648E-7	1.3656638075516215E-8	3.528652096006752E-10	1.805225655006666E-8	5.130121132826169E-13	6.670066204627622E-6	2.0531655088813817E-6	4.7562306933012716E-6	2.692049705640191E-6	4.749508753162047E-5	4.599624619665987E-7	1.2353144067246984E-4	0.0	1.2353144067246984E-4	4.95954821378954E-11	3.133671755951379E-11	1.3806890942439531E-9	1.041138893219566E-5
1.2321393850872334E-5	5.70169127546666E-6	6.317859912869554E-8	7.391791390668326E-6	1.9784238147971658E-10	9.870691055635095E-7	1.6356485572122558E-7	1.0914204813838134E-11	1.6161542288211362E-5	6.332717326978815E-6	1.2116806779767981E-5	1.1205789352694733E-7	5.861278673240463E-10	3.5462681364812408E-6	7.139442923684502E-9	6.560588640225842E-9	2.3249014812599186E-11	3.4759121697448377E-9	3.891260954983334E-12	9.090524443908836E-8	5.779516970525148E-7	1.4712590698643542E-6	4.787816664037984E-7	2.0727893623140238E-7	1.095332920990469E-7	8.0319519219932E-8	0.0	8.0319519219932E-8	1.0917513777957994E-11	3.5277615995853495E-12	1.0872000203406343E-8	7.590683313791069E-7
3.51160652552562E-5	5.406987224356848E-6	7.300503517174213E-8	3.2073669787191507E-6	6.15505398322576E-10	2.541947191591096E-6	9.281804003663504E-5	1.3594594510640403E-10	4.142362478020827E-5	1.8514925178678527E-5	2.8235612139362565E-5	3.0075978915329616E-7	1.2745667699172856E-9	1.06792332469459E-6	2.3535199699348054E-8	3.110240490021137E-9	7.733510113680983E-11	4.827404636922761E-9	1.178575503809088E-13	1.4560365718131958E-6	5.533574250976067E-7	1.190984705330249E-6	6.571429437855268E-7	3.4831770607949E-5	1.2347301665378165E-7	1.2053462271480932E-4	1.2043855200386642E-4	6.0315257019039374E-5	1.1797172867557116E-11	7.097671596939412E-12	3.132485404779494E-10	2.3711234825177776E-6
1.0541219391685564E-5	1.6250929917191521E-6	2.2001936524481627E-8	9.641801721741812E-7	1.8472307409568847E-10	7.655877133969739E-7	2.78454548156847E-5	4.082629815496996E-11	1.2435893831126056E-5	5.557781341535718E-6	8.477202992909706E-6	9.028690593128188E-8	3.8456414370101063E-10	3.213403161037013E-7	7.065233457407624E-9	9.346516490291828E-10	2.3212215997512755E-11	1.4497118743414515E-9	3.538322433375283E-14	4.368524415062316E-7	1.6630724781144844E-7	3.579078489213873E-7	1.9739453517967703E-7	1.0449707367561833E-5	3.713601740595443E-8	2.8864849593905594E-8	5.575692020677905E-9	3.0138547697478867E-5	5.7918315649697795E-9	1.8319852665989963E-10	9.404053874385896E-11	7.127836845664628E-7
3.336012600291703E-5	5.136616924178547E-6	6.935450069572269E-8	3.0469862090158476E-6	5.84727744815981E-10	2.414839988131849E-6	8.817677859003499E-5	1.2914812139029326E-10	3.935228312512782E-5	1.7589107219318805E-5	2.6823722187884897E-5	2.857206349809628E-7	1.2108334955667405E-9	1.0145230228473028E-6	2.2358348572568143E-8	2.9547164208822924E-9	7.346804659403428E-11	4.586015710592872E-9	1.1196421644972753E-13	1.3832291046125404E-6	5.256874109249123E-7	1.1314308578868224E-6	6.242832517612906E-7	3.1913086822395653E-4	1.1729888766264573E-7	9.126680335484551E-8	0.0	9.126680335484551E-8	1.1207268538749294E-11	6.74276053083092E-12	2.9758490037576435E-10	2.2525581260397243E-6
1.1866147724828082E-8	3.309156827799733E-9	8.056664110891661E-10	1.6011187860477212E-9	1.8191420961634906E-13	3.0500707112137995E-9	9.938990594842704E-11	3.90320085206581E-14	1.0324829209260476E-8	6.023387095835115E-9	9.027165914418304E-9	1.0051740790492821E-10	6.3432051343382984E-12	6.594139735460453E-10	1.3999258241532617E-11	8.314031997046739E-13	1.0720684818026599E-14	2.3195552276147364E-12	4.13339845750519E-14	6.717927850705491E-11	3.4293828830215977E-10	7.921361718047273E-10	3.8433516538216267E-10	2.6926464486787725E-10	5.011248255856717E-10	4.0380369011506244E-11	0.0	4.0380369011506244E-11	9.237947868592687E-15	1.7505727377495396E-9	1.1564435282611538E-10	1.6561607837519917E-9
2.84245503885288E-9	7.944136468853242E-10	1.1817042392392042E-11	5.014152521135452E-10	4.455155740009171E-14	1.3826932120137672E-9	2.8462968546345452E-11	5.088226813567372E-15	2.533827006262455E-9	1.4632371673026085E-9	2.21160137801781E-9	2.4476288772549943E-11	1.1890840994932565E-12	3.0974445494793534E-10	1.5874545803950772E-12	3.2194853743718327E-13	2.509613133574867E-15	6.12818077416457E-13	1.0245923470809176E-17	1.7192085328249833E-11	8.47383611230415E-11	3.5604296910132616E-10	8.073662373731141E-11	1.094658158323103E-10	2.4398384072945383E-11	9.578337820762829E-12	0.0	9.578337820762829E-12	1.0339597040705751E-15	6.116533172874969E-16	2.6088856803474604E-14	8.651103401484227E-10
1.2237779708889106E-6	2.501438849422845E-6	7.339032103011255E-10	8.184286964132766E-8	2.122010938326587E-12	6.181836706515969E-8	2.9643802815966406E-9	4.1167132352839117E-13	3.155155960963723E-7	9.498042266436096E-8	1.8202297221145838E-7	1.6031438217340667E-9	3.4554312484481986E-11	3.566036235454505E-8	1.4622160550079993E-10	6.366177141014178E-11	3.5277449633467626E-13	6.856230083633451E-11	2.378140159652461E-10	1.6966868441430495E-9	1.1440958636231953E-8	1.8582739311232034E-8	1.1627740591251392E-8	5.0436429044901835E-9	1.4674532478005663E-8	1.3728150140094027E-9	0.0	1.3728150140094027E-9	2.986894521135893E-11	4.699988760581138E-14	6.654103897721354E-7	2.7507109651966022E-8
6.881162744584257E-4	3.607343048923003E-5	6.436565363452038E-7	4.851721136613513E-5	4.838302404790573E-9	1.769719649620196E-5	5.5456822726422926E-6	2.5672760058784424E-10	0.0021470409111632306	4.089470633534293E-4	7.833832641079588E-4	6.049425339173694E-6	1.1210478281986401E-8	1.1002442168553376E-5	1.6078445254233277E-7	2.319369899639404E-8	2.629805479623705E-10	3.279222328362082E-8	1.9033235008682585E-12	1.6436791054927095E-6	3.949192922688663E-6	8.937638377893442E-6	5.936160266319861E-6	6.056454223436157E-6	8.720797753460031E-7	2.760961771122718E-6	0.0	2.760961771122718E-6	4.1691338955322415E-10	1.3675259940368518E-10	5.226356875444409E-9	1.6045753802563205E-5
