32
NULL,open@__open_nocancel,fstat@_fxstat,mmap@__mmap,read@__read,munmap@munmap,open@__open64,close@__close_nocancel,rt_sigprocmask@sigprocmask,exit_group@_Exit,rt_sigaction@__libc_sigaction,sched_yield@sched_yield,mremap@mremap,time@time,read@__read_nocancel,mprotect@__mprotect,madvise@madvise,lstat@__lxstat64,openat@__openat64_nocancel,write@__write_nocancel,syslog@__syslog,getpid@getpid,writev@__writev,close@close,stat@__xstat,socket@__socket,fcntl@fcntl,connect@__connect,getdents@__getdents64,lseek@llseek,getrlimit@__getrlimit,write@__libc_write
0.8265171930852587	0.006929388978227224	5.8706077951117176E-5	0.0042698431960891264	3.762645631499614E-7	0.003323522284167237	3.8124621420990146E-4	3.299042677651479E-8	0.09419105284749862	0.022407875431640377	0.04203220111000378	3.534651628755541E-4	1.5638907106025584E-6	0.0010004179349161458	3.48289585938505E-5	2.122598905537798E-6	3.4603670081016614E-8	5.222168402896162E-6	3.705849732218174E-11	1.7982124101366688E-4	9.229610488756235E-4	0.0011803527965390092	6.77429075248968E-4	5.328394774811025E-4	2.0010013331322663E-4	1.8317429488229434E-4	0.0	1.8317429488229434E-4	2.4268400006667408E-8	9.002624632942025E-9	1.0204709670279939E-7	0.002223665307099042
0.0018300438976337318	0.0016074329833638751	9.463825622003818E-5	0.0011188592944619902	2.6429553567521004E-8	5.416181743602889E-4	1.20061446609311E-5	5.091430225898846E-6	0.0021127999590313667	5.664163095891102E-4	0.0010569868576921868	9.198825345592677E-6	8.328211607673838E-8	8.360501023610958E-5	9.474495898512535E-4	3.137638182209682E-7	8.713085357879623E-9	2.464787037190807E-7	2.3014199164183804E-10	7.491079632275283E-5	0.0037337967848062744	6.44951952260186E-5	5.4505082844730093E-5	2.0879566198854333E-5	5.604669250626144E-6	5.550132369536598E-6	0.0	5.550132369536598E-6	7.125012129886366E-10	2.4777348379766137E-10	4.85667209791091E-8	1.741049048127648E-4
4.245588944367595E-5	7.953784266334328E-6	3.9944311394853544E-7	2.2516569471937707E-5	3.8186552881769357E-10	1.0248379827628895E-5	5.790817248625851E-7	1.348039693509432E-10	4.381037340858135E-5	1.780306192416127E-5	3.308991026235645E-5	3.1290625958430895E-7	2.5081272599094803E-9	1.2274007967439006E-6	1.3925939913706921E-8	2.3027637614326543E-9	3.198270485958037E-11	4.460478238865026E-9	1.3528379556748625E-13	1.4969454682778673E-7	8.327246946496316E-7	1.0806983999458494E-6	2.3178274757460796E-6	1.6017144354302131E-6	5.460060922034975E-8	2.8435345401381173E-7	1.0744065033515256E-7	2.8435345401381173E-7	4.031541639871408E-8	1.2699108190125378E-9	3.7748798881040953E-10	3.6477078322790146E-6
0.0011365520518008903	5.004584690612377E-4	3.250983465618776E-6	0.00565357964650228	2.556468445290585E-8	0.0077306029385041265	4.030942241889071E-5	1.5722261362464067E-8	0.0010163263160417318	2.9301053748599464E-4	5.599018300983077E-4	4.901705881923614E-6	6.271802347566728E-8	3.5646687138230935E-5	8.467511992682808E-7	0.0017348327457840395	3.1363046668729334E-9	3.6422813734610337E-7	2.350573396841359E-12	3.099696459341277E-5	3.69307171029777E-4	4.8041157555071064E-5	3.241498118692496E-4	2.6151840218435152E-5	3.4249326699443145E-6	2.1213179082834606E-5	0.0	2.1213179082834606E-5	4.2573633124827527E-10	1.4190035046819338E-10	6.531089100228638E-9	1.4354562701709932E-4
1.2868875019352968E-7	1.3837379663507165E-7	1.200702023463298E-10	9.958382944984059E-9	5.264754741004048E-13	8.669593273934396E-7	5.895379769922968E-10	8.955004173258084E-13	1.070353017848583E-7	2.6021527774827175E-8	4.7750284176488525E-8	4.0811952368601247E-10	2.765190433424777E-12	1.658377441847303E-9	6.191561111441075E-11	3.462748153089423E-12	5.812380629325142E-13	1.8900409736040186E-11	1.6101670584064055E-16	6.476832064866156E-10	1.251047581448326E-8	3.4096911733917173E-9	9.65985748129676E-9	7.806851015766785E-10	1.5942498321937144E-10	2.869695842895722E-10	0.0	2.869695842895722E-10	2.6025467223333476E-14	1.0107069213962361E-14	4.4401780852956286E-13	7.140827959634271E-9
0.0017076233838033154	5.856284730671214E-4	7.419410338899961E-6	0.0020712743184385547	4.8455236436284644E-8	0.002153802189398991	1.733944674745301E-5	4.4915468895970057E-8	0.0025018510972703123	7.074301303417505E-4	0.0013167309477915394	1.1621084041178687E-5	7.811992742119831E-7	1.8067185266181263E-4	5.122491124363482E-6	0.00323832654634337	3.809129574452683E-9	2.568223047517505E-7	8.533622358337393E-12	1.9095275385360955E-5	2.0180810847037913E-4	2.5719490986773083E-4	6.918748551837849E-5	3.366100683994332E-5	3.085551008535318E-6	7.822525265962284E-6	0.0	7.822525265962284E-6	9.020842715682966E-10	3.198637021317259E-10	2.383600587213467E-8	4.906047359229342E-4
3.089580555140108E-4	7.529347585261424E-5	2.1534068681036685E-5	3.660999778995694E-5	4.3172207059678955E-9	3.1559358923214466E-4	9.441424285257635E-6	5.081307470015761E-6	3.074395763424989E-4	1.366244163780109E-4	2.169654745949029E-4	2.2621655175476727E-6	2.477126079409712E-7	3.106347817190893E-5	2.90567342936871E-7	3.1546324055957836E-8	6.263096434278988E-10	2.917997896788348E-8	1.2716708702538013E-12	9.103986955013435E-6	7.263043561553171E-6	3.977934619547353E-5	6.998254503808796E-6	7.35000584652399E-5	3.3019597757351227E-6	8.589582537511915E-7	0.0	8.589582537511915E-7	1.032682598423083E-10	5.6808812312609346E-11	3.551528130138603E-9	8.492187831082795E-5
6.302388146088435E-7	1.827297921046286E-7	3.23536732205765E-6	5.6437775852650784E-8	5.654096683627387E-12	2.0283425655538535E-7	5.476039222962539E-9	4.135370223554227E-12	6.132346878861294E-7	2.5160660794445364E-7	4.583977235691957E-7	4.386056688956598E-9	6.638233169837982E-11	2.3245884031477033E-8	1.304536921893873E-9	3.4027688329440454E-11	7.787227294807149E-13	6.089680529092163E-11	1.427858277103795E-13	2.2424429597824138E-9	1.7380215015718592E-8	2.462136490461829E-8	1.57655474096749E-8	1.0001386404939384E-8	7.749732698881694E-10	2.5243766521740516E-9	0.0	2.5243766521740516E-9	3.504552303736467E-13	1.3091124032370196E-13	3.995019752339528E-10	6.961429322359074E-8
0.056718680704390304	0.0016156168934562617	3.982928152992709E-5	0.002594601700138971	3.5177438242676494E-7	9.758543613195243E-4	2.1631273660324167E-4	1.931213911271975E-8	0.028160421660813808	0.03372470561310392	0.06094671044009529	4.380682543112488E-4	6.698460798154598E-7	6.077584689779353E-4	1.0086564913041087E-5	1.1578051387325378E-6	1.5375902217933223E-8	1.6990386369475494E-6	3.011538057322839E-11	1.2553337433826714E-4	1.8249762732092874E-4	5.237547845665062E-4	3.115762482560907E-4	3.104805239088345E-4	2.9101933007944532E-5	1.0013686645296487E-4	0.0	1.0013686645296487E-4	1.3710886483237335E-8	5.969263972069156E-9	8.396387811277663E-8	9.941668958827346E-4
0.05658680702460371	0.001001627374224683	1.6153612882376996E-5	0.0017628874565039602	1.3248190942924723E-7	5.234925542351559E-4	6.600200812034573E-5	1.6422712814755667E-8	0.010452989499426153	0.002547057538727716	0.00470930764390526	4.0136387885167294E-5	3.0899865739094263E-7	2.0944119047545734E-4	5.856414998498585E-6	4.818484364837602E-7	1.0856531866732045E-8	9.67364800294999E-7	1.2619047444197593E-11	1.0674707147365645E-4	1.1677694717129475E-4	2.662848144809232E-4	1.5424372994603936E-4	1.1341983361120153E-4	1.9996979347573533E-5	2.4521951522312644E-5	0.0	2.4521951522312644E-5	2.7787748924208127E-9	1.0135744207331334E-9	3.507486764389961E-8	5.048194909170231E-4
0.053216557931702164	0.0012134431281944481	2.3612763282554078E-5	0.0019935297441908283	1.989738224304004E-7	6.763434134417696E-4	1.400383160456716E-4	1.6555455583639252E-8	0.018243598956391282	0.0320115498454305	0.02520361648524317	5.487753340170307E-4	4.2044359718448165E-7	3.486350125651735E-4	7.187709503007243E-6	7.580430306423798E-7	1.2319167180464942E-8	1.1698002185107024E-6	1.8010084217411517E-11	1.0705837687409471E-4	1.3956006236119474E-4	3.4214184730392723E-4	2.0350805232317612E-4	1.8928437242459262E-4	2.202800281511698E-5	6.313296793509348E-5	0.0	6.313296793509348E-5	8.559436789803716E-9	3.2140328859592436E-9	5.014602176996679E-8	6.509588921917439E-4
5.762258238203654E-4	1.2062187554275642E-5	2.3253062211889668E-7	2.041152200353287E-5	1.9724536702692586E-9	6.673580826561968E-6	1.1509900153256481E-6	1.7562020333858974E-10	1.6137219734060974E-4	3.4761978628385445E-4	2.510057291507342E-4	1.876396132813731E-4	4.186065117553077E-9	3.2967991751881794E-6	7.211210494228981E-8	6.972096901237608E-9	1.2445687672746767E-10	1.1950581504943233E-8	1.786185199914476E-13	1.1404908047936248E-6	1.3897637883100513E-6	3.451293616640129E-6	2.027273974420636E-6	1.745270567926329E-6	2.296933232726028E-7	4.922816053824821E-7	0.0	4.922816053824821E-7	6.366242590590291E-11	2.5525278785008918E-11	4.972051054665756E-10	6.550076244213711E-6
8.579763913771776E-7	1.5557832099275918E-7	5.248315327287912E-10	8.27822951376342E-8	2.860643255533584E-12	3.352959713515535E-8	3.4932135695890167E-9	3.6086071805531273E-13	5.1848140878542E-7	1.4176176510962194E-7	2.665539999978972E-7	2.322652203024368E-9	1.781672480280065E-11	2.6254096266884258E-8	2.812093897994472E-10	5.3617519062971884E-11	3.5065873022875826E-13	1.2879063662432758E-10	4.843580289453476E-16	3.116872485700595E-9	1.799786083701259E-8	2.3343467464380995E-8	1.1697549145548497E-8	5.114323668191944E-9	1.0897159162758847E-9	1.6670484776249548E-9	0.0	1.6670484776249548E-9	1.7240523988929118E-13	6.370639517000406E-14	1.3079739565624131E-12	1.0435272136618016E-6
0.0012506815612582107	6.599770979730814E-4	1.6681528142259027E-6	7.019402003629342E-4	1.5806469212562508E-8	5.863424899039646E-5	7.804122186417846E-6	5.623846802562238E-10	8.120047419675719E-4	2.761391347338594E-4	5.301450699219521E-4	4.788188539484815E-6	3.818459201666335E-8	3.258666098577529E-5	1.6363106124070197E-5	6.623081367093776E-8	1.5686789970563627E-9	1.862400715386079E-7	8.345181790445104E-13	4.0809939952581205E-6	2.1247618512683112E-5	1.6814086938553744E-4	2.3034013354539117E-5	1.150444382731288E-5	1.8075467723895287E-6	3.7651303741981553E-6	0.0	3.7651303741981553E-6	4.2425778741896505E-10	1.4662057453419349E-10	2.2784467936705462E-9	5.182447075984621E-5
7.417236754899358E-5	2.039215561994845E-5	1.4401898798077203E-7	5.147699978842526E-5	1.2107074221002775E-9	4.57935757319508E-6	6.661454028306346E-7	1.1404948516153928E-10	2.3740616355756765E-4	4.5821289926681005E-5	8.783897120085557E-5	6.831415720177151E-7	3.6241291084771133E-9	2.0496815178323634E-6	4.040986068586684E-6	5.949887281780468E-9	8.429555322636686E-11	5.128778660715908E-9	1.8625220723970008E-10	4.411950093402949E-4	5.96137028100503E-7	1.7400585246922114E-6	7.307929966391324E-7	1.0473409996124492E-6	7.97835135777352E-8	3.118961004541355E-7	0.0	3.118961004541355E-7	6.922687266065925E-11	1.5702340604700407E-11	4.026486807192849E-8	5.483334083140253E-6
3.272558383408914E-4	4.950100285457739E-5	2.3523310924545666E-6	7.592053399154246E-4	2.7876678302416274E-8	0.002527679372626167	4.3922699521197735E-6	2.1681604533225182E-10	4.102877356680173E-4	1.5593419238092173E-4	3.129986711984195E-4	2.8186505394420983E-6	4.0242147791047307E-8	2.2101741870253343E-5	4.240822249025072E-7	7.189970110273859E-8	2.930700001539535E-10	8.441952609288488E-8	3.7406745151463266E-13	1.024646607759439E-6	4.947255737550234E-6	2.985676631053708E-5	5.47503472103029E-6	9.12184292719193E-6	1.0834199989786792E-6	1.9346737628777512E-6	0.0	1.9346737628777512E-6	3.1853023062474773E-10	9.480112457241047E-11	1.0415673599437682E-9	5.5953900707862845E-5
2.5603592099971313E-8	5.2947000194379585E-9	4.578206757036999E-11	1.884883679621855E-9	2.1365222739583105E-13	3.244041443309497E-9	1.363540284338078E-10	4.745213964140507E-13	2.9848548301051503E-8	9.013785654488238E-9	1.5259743971557008E-8	1.4327625999173932E-10	7.975665833790245E-13	5.03355990582082E-10	5.5159829192235054E-11	8.782708126546537E-13	2.260133498036014E-14	2.9993695063662325E-12	6.842225930486288E-17	1.0026198805518463E-10	5.146982198276675E-10	6.088628336306564E-10	5.014103744789902E-10	2.2262611718437412E-10	2.828564149180252E-11	6.429376009886122E-11	0.0	6.429376009886122E-11	7.186509464309961E-15	3.4405311886687583E-15	1.9060200944192147E-13	2.877078563186076E-9
1.017980785551685E-6	6.593825166910945E-7	4.2368860923063305E-9	1.6998104063189617E-7	5.168472111158352E-12	9.964669766959898E-7	9.072703385730781E-9	1.4111976484903819E-11	7.551298619892101E-7	2.1109286472993128E-7	4.038879345756758E-7	3.50893886896786E-9	5.549181400429756E-10	1.2821553968690225E-7	1.9842466615027935E-7	1.239196109603425E-10	2.4060705741827972E-12	6.112316553712279E-6	2.2920678343785475E-6	4.420938100531189E-9	5.3183631234187404E-8	1.3790571064481638E-7	4.224081845172825E-8	4.102319548875867E-8	2.387843412799603E-9	2.668604811036269E-9	0.0	2.668604811036269E-9	2.806033675895801E-13	9.990118094472033E-14	5.849179600063518E-12	4.286998734354166E-7
9.87527327230013E-8	6.488754160959234E-8	1.1787651924228327E-6	1.575861581059491E-8	4.1923731820937886E-13	1.0423614105386799E-7	8.384913980781457E-10	1.877707343814533E-12	6.772713730821494E-8	1.869605215465559E-8	3.600322517127563E-8	3.109321534928961E-10	5.0020159723802E-11	1.1499777002390691E-8	4.2558767210059527E-10	1.1134660531393472E-11	2.559335497913677E-13	1.4724439007203126E-11	8.34326727582971E-16	4.677183957163668E-10	6.059096889574779E-9	1.2594380465589286E-8	4.761031779887718E-9	3.6907547382441085E-9	2.2604131927330254E-10	2.514886647545112E-10	0.0	2.514886647545112E-10	4.9349867301737946E-11	8.895341556395334E-15	2.3295986718736157E-12	4.125565750656292E-8
2.0965952827763158E-4	0.0010563613451172417	1.3293144568362509E-7	1.2679446881134912E-5	8.380608838149536E-10	7.618792494430919E-6	1.007824274548141E-6	1.8895963526891214E-10	2.7241140625129597E-4	5.4044569355556136E-5	1.0316067454568685E-4	8.11908164363699E-7	3.5263812694189677E-9	2.3706276798080376E-6	7.414212706914308E-8	6.904122504100972E-9	1.31287160460523E-10	2.7817260501680377E-8	1.0405986602852291E-13	4.4191621539199443E-4	1.5855871425173388E-5	5.080072661455347E-6	2.977806958780292E-5	1.2294688460048094E-6	2.408080575200385E-7	4.943464074762139E-7	0.0	4.943464074762139E-7	5.3616639791389835E-11	1.888962683519535E-11	2.812989005129678E-10	5.702859510533068E-6
6.883856040650495E-4	1.4415782130976438E-4	2.277805286058912E-6	1.572030939223356E-4	1.3589018518032267E-8	6.897303942551352E-5	5.625556214770177E-6	7.389955563540897E-9	0.0012788319261070131	3.2287980846908566E-4	6.041115466844339E-4	5.170653984143472E-6	2.734860661994286E-8	7.646889741147963E-5	1.0754540078256429E-6	2.455597619483772E-7	4.60978873339221E-9	7.104535998886837E-8	1.2947668132035675E-12	9.689676491796728E-5	1.3294215133627528E-5	2.9015226189514885E-5	1.3482742539480956E-5	8.165230717843707E-6	1.1046391406899186E-6	2.6932173469637117E-6	0.0	2.6932173469637117E-6	3.7526607080502267E-10	1.3580729724980845E-10	3.609848329037151E-9	7.691147663481995E-5
8.053242356372767E-4	1.221898626594905E-4	7.456042807576872E-7	5.361425656063822E-5	3.624022086858484E-9	3.3952537073232806E-4	8.837382988039496E-5	9.760986055433105E-10	4.898499697620097E-4	1.5611818501106814E-4	2.9965731802505464E-4	2.673558556342614E-6	2.1203673936532004E-8	8.64163677932663E-4	4.334327839858744E-7	3.4971419818042636E-8	6.501064335870616E-10	5.229752200040275E-7	5.763121599335142E-13	9.441617793090985E-6	8.630970296567944E-5	1.8838548034694308E-5	7.43039758706496E-4	3.8830984574342505E-5	4.56472047772297E-6	4.768311033121036E-5	0.0	4.768311033121036E-5	2.2407281081317212E-10	8.00367587486847E-11	1.5799125581417479E-9	3.1886887982130324E-5
4.2318032786242113E-4	2.9697806358735914E-5	5.57513943922276E-7	3.212473686878473E-5	4.562054455488937E-9	1.7864579903340107E-5	3.229064721546967E-4	5.788570510358905E-10	6.252295195089346E-4	2.3422255328712943E-4	4.6642543764587296E-4	4.2070091016105485E-6	9.218640712272326E-9	9.714013845263949E-6	1.7281703240808797E-7	2.7144837582612773E-8	4.091303980238287E-10	2.2724592094921443E-8	4.2064748183757853E-13	4.466347901990333E-4	3.216676508606297E-6	7.01099077188365E-6	4.476806382784501E-6	1.2333839969146186E-4	3.27149905172317E-7	1.7499925126221002E-4	0.0	1.7499925126221002E-4	4.0263881973783843E-10	1.3777574657856644E-10	1.1728580872826337E-9	1.525556120024537E-5
2.919398446740938E-4	2.729977980783362E-5	5.830015835673304E-7	2.2723828348817835E-5	5.251583704693789E-9	1.9578678211986627E-5	2.800333058294275E-4	1.1684510076286645E-9	3.295064943995392E-4	1.5609472433339086E-4	2.349291338652462E-4	2.548380611143351E-6	9.310531596743383E-9	8.257537679262236E-6	1.98808120228525E-7	2.539175950584071E-8	6.341363106652525E-10	2.3116725999396773E-8	4.687728793429799E-13	1.256722481102588E-5	2.6663949917114663E-6	7.047578358765619E-6	4.284164067154158E-6	9.080341357162663E-5	3.050034852904778E-7	2.367915586016543E-4	0.0	2.367915586016543E-4	8.852165994115256E-11	6.00468420423737E-11	1.3081594000787887E-9	1.853796625884171E-5
3.119616379880765E-5	7.0870784710674296E-6	1.1054179261754563E-7	1.3330629455932963E-5	3.462561879919067E-10	1.3292831376350562E-6	2.711934584010421E-7	1.3834964357809303E-11	3.006060335698733E-5	1.1748819069746242E-5	2.2526731141720247E-5	2.0842964043338423E-7	7.574063716040723E-10	6.639137672703555E-6	1.1583744078363057E-8	1.229421847499547E-8	3.320726439939185E-11	2.9863160371355796E-9	5.896224245024489E-13	1.0202842574202668E-7	6.898252147412258E-7	2.1726913234595644E-6	6.384115824423777E-7	3.2031005640248674E-7	6.200090661384245E-8	1.3459399310630287E-7	0.0	1.3459399310630287E-7	1.8324967764904936E-11	6.573679362634556E-12	1.6489079678150067E-9	9.883869853010802E-7
6.875298879580029E-5	6.666709401840953E-6	1.2956222386019205E-7	5.3727897023749185E-6	1.1512090843606404E-9	4.3530346771922926E-6	1.7791305762674875E-4	2.525523413873773E-10	8.035934873635824E-5	3.537736745777889E-5	5.404739432346165E-5	5.751324967487232E-7	2.091751719863865E-9	1.9006557312475635E-6	4.371107839930103E-8	5.712257051845357E-9	1.3789924774145954E-10	5.682123701370246E-9	1.0376922123431368E-13	2.7221213912111928E-6	6.616649870272163E-7	1.6537501141902189E-6	9.890224706916822E-7	6.669630856842607E-5	7.248958806096108E-8	2.3107850127897597E-4	2.3091052590039764E-4	1.1562306636348329E-4	2.0932425166728825E-11	1.3551001259537125E-11	2.893453176632652E-10	4.110948499323018E-6
2.0641471310233948E-5	2.0040977142792494E-6	3.905486664771841E-8	1.6152298107855533E-6	3.4548880756983516E-10	1.3113664234868611E-6	5.33739792344254E-5	7.584343500349769E-11	2.4124319865959435E-5	1.0619375538938894E-5	1.622641067740838E-5	1.7265003403533376E-7	6.315362741272486E-10	5.719727440461548E-7	1.3121508567109402E-8	1.7165768765633698E-9	4.138853106714699E-11	1.7059254582792633E-9	3.115029032178847E-14	8.166848510036437E-7	1.9889311525300898E-7	4.970208350920185E-7	2.9705842345963506E-7	2.0009190119803602E-5	2.178967082961197E-8	5.04672447563526E-8	1.0693922360786537E-8	5.777818470250279E-5	1.1107959000315316E-8	3.513477090605601E-10	8.685786806716418E-11	1.2358375891249083E-6
6.531507310494401E-5	6.333348114420558E-6	1.2308361092782738E-7	5.1041294107281634E-6	1.0936441719997463E-9	4.135366085881902E-6	1.6901671576385394E-4	2.399237462902697E-10	7.634107010198138E-5	3.3608362083401376E-5	5.134481530473141E-5	5.463736446678876E-7	1.987156033406452E-9	1.8056155842544037E-6	4.1525355204931555E-8	5.4266220781124965E-9	1.3100375132928604E-10	5.3979955118547886E-9	9.858035831856547E-14	2.5860047800329427E-6	6.285791753289463E-7	1.5710562042103052E-6	9.39567517093969E-7	6.117723151533526E-4	6.886482793658799E-8	1.595759591524756E-7	0.0	1.595759591524756E-7	1.9885722846017962E-11	1.2873398719299308E-11	2.748769312688239E-10	3.9053851544028345E-6
2.9087498280838E-8	3.39696982145782E-9	1.5189996166958632E-9	2.16457255854759E-9	3.1474338059496233E-13	4.760876380896041E-9	1.3989667802828015E-10	6.293835492217704E-14	1.8021678085534404E-8	1.0574474978822175E-8	1.578129569850146E-8	1.766632606229677E-10	1.1487939091500995E-11	1.0545884330599533E-9	2.511361193906657E-11	1.2594193724762913E-12	1.511721409547783E-14	1.8586543504381796E-12	6.1097518919773114E-15	7.441064051996235E-11	3.365098907960429E-10	1.0006071415173247E-9	4.313477747808347E-10	3.987431390289848E-10	2.479384677890947E-10	5.573642116498811E-11	0.0	5.573642116498811E-11	7.240598580129345E-15	3.3575180526175456E-9	1.7094880427906595E-11	2.5847740513811857E-9
6.4600169276749834E-9	9.069214520092641E-10	2.0787662904469352E-11	8.25670663850576E-10	8.234847497392437E-14	2.5584496188072055E-9	4.78157534859369E-11	8.523655563169319E-15	4.7941637620310226E-9	2.7591225745724054E-9	4.162962434904246E-9	4.62044305668932E-11	2.220773861730277E-12	5.713434744576032E-10	2.824281333299957E-12	5.733786794013858E-13	3.8081912180527164E-15	5.861995936505009E-13	7.937191694142628E-18	2.134653299427744E-11	9.508840428770747E-11	5.819704283802191E-10	1.086360878637251E-10	1.9589241578024286E-10	1.1208534983813027E-11	1.5336127267031705E-11	0.0	1.5336127267031705E-11	1.7917418827039105E-15	1.1513179712442533E-15	2.206484525159232E-14	1.5851784193204586E-9
1.210913162557033E-7	3.6872214719289237E-7	1.1270306582819936E-10	1.4370736234654666E-8	3.2687684967435016E-13	4.464030122438316E-8	5.208693812163365E-10	1.844972180831753E-13	4.677527584979738E-8	1.4381523405865388E-8	2.7707922909750573E-8	2.4498362136639733E-10	3.168485009573327E-11	1.0109468434477464E-8	3.433291736061044E-11	1.074159292137676E-11	6.478111280626254E-14	1.656312829931035E-11	3.4999920432604437E-11	3.882120004558867E-10	2.7429867237485064E-9	1.1081459335464769E-8	2.273016532964256E-9	1.0510904826329457E-9	6.582414775079291E-10	2.315846932642082E-10	0.0	2.315846932642082E-10	4.3958379036713115E-12	7.289620422967338E-15	9.79308149088456E-8	1.1754065518169652E-8
0.0011886890233036018	5.3527254339696843E-5	1.197591947233954E-6	9.066830176694918E-5	9.272170947344844E-9	3.251148161064936E-5	1.0550859816969094E-5	4.670765304535618E-10	0.0041614942056497906	7.902826006314205E-4	0.0015145302614701529	1.1707954589640032E-5	2.026958946600856E-8	2.0713834718715873E-5	3.1587634744455267E-7	4.3919629542963316E-8	4.681272058741397E-10	4.722003760515071E-8	8.313528712601091E-13	2.8716896792240477E-6	5.961275396380911E-6	1.4455532473416326E-5	1.0260069243236858E-5	1.139535360262079E-5	7.311646920086819E-7	5.258985261704074E-6	0.0	5.258985261704074E-6	7.572299462642571E-10	2.6444921382137627E-10	2.318031626027892E-9	2.9449410877136187E-5
