32
NULL,open@__open_nocancel,fstat@_fxstat,mmap@__mmap,read@__read,munmap@munmap,open@__open64,close@__close_nocancel,rt_sigprocmask@sigprocmask,exit_group@_Exit,rt_sigaction@__libc_sigaction,sched_yield@sched_yield,mremap@mremap,time@time,read@__read_nocancel,mprotect@__mprotect,madvise@madvise,lstat@__lxstat64,openat@__openat64_nocancel,write@__write_nocancel,syslog@__syslog,getpid@getpid,writev@__writev,close@close,stat@__xstat,socket@__socket,fcntl@fcntl,connect@__connect,getdents@__getdents64,lseek@llseek,getrlimit@__getrlimit,write@__libc_write
0.9753558533806205	0.0027170697052630254	3.182267518455951E-5	0.0020257062522358953	2.0432580896526685E-7	0.001676345942629422	1.8740598737615637E-4	1.6048037383192856E-8	0.047378644701203336	0.011348099734633788	0.021265983859036657	1.7930609268895057E-4	7.741871600656361E-7	5.123471147460463E-4	1.8442558547342164E-5	1.0409361584705308E-6	2.252020186524746E-8	1.8525532358910777E-6	2.0296459838999505E-10	7.566332691565976E-5	3.796296718284376E-4	4.977020305262391E-4	2.965485350279121E-4	2.659715277216084E-4	1.2363230214031774E-4	8.987951653658961E-5	0.0	8.987951653658961E-5	1.248978984003183E-8	4.5776130426564316E-9	5.66295582718658E-7	0.0010820801768353114
6.991999991873701E-4	9.497351961546556E-4	4.7627590665421023E-5	5.919065142159387E-4	1.2404900233840181E-8	2.8672905740782404E-4	7.367304128647871E-6	2.5586600541019073E-6	0.0011039941362808719	2.9376376462084076E-4	5.509264504373716E-4	4.7757264099688814E-6	4.8806484800928013E-8	4.3728019099283236E-5	4.76336083738174E-4	1.6615371602822078E-7	4.039468163323569E-9	2.574693388251E-7	3.617781183811282E-10	4.038944610217743E-5	0.0018925535077009108	5.1780495357523076E-5	3.6627004105921346E-5	1.2346258719938871E-5	1.8730808471196711E-6	3.4347393038700086E-6	0.0	3.4347393038700086E-6	4.0757624813077907E-10	1.29204002921778E-10	6.836567634785885E-8	9.857963247836603E-5
1.8684648145497464E-5	6.02234435313263E-6	2.0245841117449147E-7	1.171863691612339E-5	1.9201497337084804E-10	5.323328202780159E-6	3.1064264741180217E-7	7.033863235091867E-11	2.2479891620644913E-5	9.09826656980851E-6	1.693336767189688E-5	1.5995362788911918E-7	1.3843355746588885E-9	6.629553621076584E-7	7.245797086326285E-9	1.283756691906846E-9	1.549738829799832E-11	4.206709129727073E-9	7.661091325377763E-14	1.1429030005958403E-7	6.410777956683802E-7	8.51009850142452E-7	1.2931250668901076E-6	8.384000786631585E-7	6.644690091661847E-9	1.5219927181875378E-7	5.3984705657459E-8	1.5219927181875378E-7	2.0257311229665655E-8	6.381677323596878E-10	2.1028939550868542E-10	2.0170994989945478E-6
3.9661885966199654E-4	3.4643355934212177E-4	1.6836570403978466E-6	0.0028597224898348904	1.2696209446143101E-8	0.0038902268313837367	2.1047734005808818E-5	8.014975406508687E-9	5.392460744294467E-4	1.5404436949193847E-4	2.9522296787718865E-4	2.5762355025789473E-6	3.6648102346901455E-8	1.9740058656193113E-5	4.328616968847545E-7	8.717734940414926E-4	1.4990031047047951E-9	2.7466203490742075E-7	1.5293592345656655E-12	1.7403563397267054E-5	1.9597529398280195E-4	3.8242417784757064E-5	1.6805016437852524E-4	1.4427560002330018E-5	3.652830771016758E-7	1.1032276655013682E-5	0.0	1.1032276655013682E-5	2.2685201177872383E-10	7.462023164491817E-11	4.09243931574246E-9	8.02377624468936E-5
3.472265066184009E-8	8.378445757471571E-8	7.45604265783743E-11	7.884055839917618E-9	2.7726850053750426E-13	4.369127008297014E-7	4.350571426511494E-10	4.692137310415161E-13	5.853560723711108E-8	1.4266567866737143E-8	2.6326875340627528E-8	2.246501580705765E-10	2.2720576453578335E-12	1.1789772665399918E-9	3.4102145588438446E-11	2.6408792698468655E-12	2.9332101156986194E-13	2.3240031262082814E-11	1.2121641787067362E-16	5.988502650468899E-10	7.857294174228353E-9	3.886859541735606E-9	5.800711272220745E-9	6.02799974821448E-10	1.3669416779027607E-11	2.1016394070680402E-10	0.0	2.1016394070680402E-10	1.4852397971740732E-14	5.630627349409843E-15	3.1197789700056217E-13	4.917036844827469E-9
7.708552642851611E-4	3.725817334630874E-4	3.722791699738287E-6	0.001056003545312223	2.3778826938459594E-8	0.0010877094672986968	9.441959838509685E-6	2.2687775478368235E-8	0.0012692618494879425	3.583419331881576E-4	6.68622029703929E-4	5.8934134702711794E-6	3.9626620805222376E-7	9.157830025356954E-5	2.563994615142843E-6	0.0016272901911695628	1.690322841742153E-9	2.0489531185611907E-7	4.717256730413926E-12	1.1117536153540924E-5	1.1013609789495778E-4	1.4011828691007366E-4	3.980205886194824E-5	1.800911046171258E-5	6.061293171701693E-7	4.282125614348273E-6	0.0	4.282125614348273E-6	4.6563353979163685E-10	1.6271539183452126E-10	1.303836828775699E-8	2.52379441754911E-4
1.4391716793043445E-4	5.0457974209719685E-5	1.088435493880338E-5	2.0904507476105272E-5	2.1096279914372514E-9	1.6056667035593554E-4	4.892626617213425E-6	2.5533749338936655E-6	1.5637083688046618E-4	6.930811526765792E-5	1.1034422674706147E-4	1.1487081151679304E-6	1.2595645536081478E-7	1.5854704876010537E-5	1.4607093049766084E-7	1.6605583118542452E-8	2.886890763978342E-10	2.6747998145820314E-8	7.137770450561857E-13	4.817790574618321E-6	5.052467752829278E-6	2.1862405217455804E-5	4.33136852734473E-6	3.766109774073879E-5	1.4942361063223652E-6	4.875249161920205E-7	0.0	4.875249161920205E-7	5.3581814723904455E-11	2.893424683864752E-11	1.9715737396095697E-9	4.390037884340397E-5
2.673736382729802E-7	1.2574192699380032E-7	1.6316387994128087E-6	3.516344912316204E-8	2.842368521482529E-12	1.0481556760587825E-7	3.086541108721537E-9	2.1219295808733368E-12	3.165332039921587E-7	1.2900640161007353E-7	2.3547208071531358E-7	2.2491139708123906E-9	3.5383646399400375E-11	1.2448213797395281E-8	6.609760158856637E-10	1.922698010536005E-11	3.816689772192401E-13	6.347834666353453E-11	9.739671344159806E-14	1.7808391188776423E-9	1.2470482227426895E-8	1.750017914306485E-8	1.01484214737811E-8	5.557122454145189E-9	9.699697346927898E-11	1.427425263683706E-9	0.0	1.427425263683706E-9	1.8528138563610062E-13	6.718754826245363E-14	2.724514613673084E-10	3.806934044800344E-8
0.03153598455915325	9.22803142666021E-4	1.9428002854882456E-5	0.0013004340276223884	1.7170477008364472E-7	4.6640273592464505E-4	1.0740043605552254E-4	9.587085976923874E-9	0.013339360267783302	0.01677298134044244	0.03030346305003436	2.175736224871182E-4	3.2760699532667267E-7	2.968939110191038E-4	4.6759917585111214E-6	5.732967145853568E-7	6.455227277779807E-9	9.773265712909265E-7	2.2199277380469123E-11	6.502846946881243E-5	1.0285838331953342E-4	2.74899243736004E-4	1.613654864911461E-4	1.5426074766149172E-4	5.835556661056971E-6	4.972896315301279E-5	0.0	4.972896315301279E-5	6.807600897672052E-9	2.941247483325441E-9	6.146996059283797E-8	4.896408550498253E-4
0.031721451688483525	4.571974850688256E-4	7.332496421001009E-6	8.448060654362532E-4	6.13111035906301E-8	2.2414129407286696E-4	2.935934403013475E-5	7.898862074912488E-9	0.004258447384287073	0.001043426126405758	0.0019254460250156332	1.645469871760482E-5	1.3632577417396175E-7	9.268261286990303E-5	2.5286341664598896E-6	2.2014032262932162E-7	4.58513584313229E-9	4.57779349484296E-7	1.2593060364293352E-11	5.2353306512426705E-5	5.220574945062184E-5	1.2280514116047827E-4	7.149751940271045E-5	5.148218569169761E-5	3.1185163142117574E-6	1.051403503088253E-5	0.0	1.051403503088253E-5	1.1609967957113246E-9	4.15734921359021E-10	3.488276469147254E-8	2.2859293704224917E-4
0.029725838903978518	6.314494982014362E-4	1.1207663304630793E-5	9.788956171069942E-4	9.506971291708833E-8	3.096004039709143E-4	6.791177015450646E-5	8.085869925129403E-9	0.008315510328236216	0.015888890422448607	0.01230288658323894	2.7275386892041856E-4	1.9753148846553025E-7	1.6503873502729923E-4	3.2323216803910216E-6	3.6602099841461586E-7	5.201306294242444E-9	6.237740230284999E-7	1.530596411768096E-11	5.392300408854595E-5	7.135918742377391E-5	1.7090312815326556E-4	1.0108692855205109E-4	9.149553572688183E-5	3.870947339097349E-6	3.057386442344224E-5	0.0	3.057386442344224E-5	4.157429575129781E-9	1.5431739709868652E-9	4.237481304855298E-8	3.0974538490304596E-4
3.222152368567363E-4	6.060646464130721E-6	1.0943885895708727E-7	9.950914171917207E-6	9.380254878963E-10	3.00204536641864E-6	5.472112492420527E-7	8.535088288819592E-11	7.152250287116443E-5	1.7243196541509679E-4	1.2197736967739296E-4	9.424558129886073E-5	1.9401387382638708E-9	1.5407244797221573E-6	3.2084029550514344E-8	3.3199812349099434E-9	5.246936639225616E-11	6.169605362459555E-9	1.5588079897402285E-13	5.696014953429548E-7	6.851013230430936E-7	1.6898495097849973E-6	9.897380851822298E-7	8.320511821193777E-7	3.949993167324663E-8	2.3266032949205406E-7	0.0	2.3266032949205406E-7	3.007519777606759E-11	1.1980672539975157E-11	4.316979750116458E-10	3.0810405435576713E-6
2.048132672501763E-7	1.8205705524942615E-7	3.788369556098079E-10	6.276115139870232E-8	1.606156977502341E-12	2.66000753832265E-8	2.7804536689925145E-9	3.230639018791238E-13	2.9698149768763774E-7	8.04668474623774E-8	1.518951542488899E-7	1.3185420320457014E-9	1.554100556896759E-11	1.5849177452538544E-8	1.66676501180572E-10	3.3611874084954994E-11	2.1230453259626245E-13	1.653402502004225E-10	5.183467706238217E-16	3.56558733797685E-9	2.049619634979088E-8	2.776923275904648E-8	1.2737181911061473E-8	4.136595116770086E-9	8.606925993353169E-11	1.324124541961195E-9	0.0	1.324124541961195E-9	1.0005419751573205E-13	3.6254744482081496E-14	1.2521602068262847E-12	5.342169354145338E-7
4.070421544029606E-4	4.4982539654899215E-4	8.842189193189701E-7	3.758318580393714E-4	7.1341894413420846E-9	3.796250715730792E-5	5.027563727310873E-6	4.3259462936911917E-10	4.3959333301952196E-4	1.4482653408116203E-4	2.800336904281437E-4	2.506166963870298E-6	2.5065680405415745E-8	1.7755583714051743E-5	8.238548614749895E-6	3.99972586668666E-8	4.674885550134135E-10	2.077983236202262E-7	9.722298323555918E-13	4.341908897959993E-6	2.3761074709063675E-5	1.0100581144149776E-4	1.91894857115647E-5	7.2990141739622095E-6	2.2557109942802104E-7	2.427309655305492E-6	0.0	2.427309655305492E-6	2.257387852153521E-10	7.674597908623804E-11	2.4876028737485854E-9	3.530403484892701E-5
3.967097673990251E-5	1.1211740552439438E-5	7.15014981986509E-8	2.6010985866157702E-5	5.911025827818516E-10	2.321204480293865E-6	3.4284392226962187E-7	5.822783312301007E-11	1.1878428729080895E-4	2.2928804200623962E-5	4.400634880609571E-5	3.4218699527790836E-7	1.8424130366740635E-9	1.0226388843073383E-6	2.0271406797030055E-6	3.0310031719342806E-9	3.6236991840960095E-11	3.5297022377772834E-9	2.947036739136194E-10	2.2171632440107293E-4	4.069879521990328E-7	9.938271747387586E-7	4.2613497641337327E-7	5.375588251058554E-7	1.6203759269282895E-8	1.6077915941078457E-7	0.0	1.6077915941078457E-7	6.021785016847821E-11	7.88756134451329E-12	6.23541783614976E-8	2.796107548147228E-6
1.6711524838358658E-4	3.294583835838946E-5	1.1768286039058145E-6	3.829814341470567E-4	1.3885248704983912E-8	0.0012704814133534983	2.2845147296246964E-6	1.1697854844580866E-10	2.061497455634628E-4	7.842478606140796E-5	1.5777096500517234E-4	1.4197339218883682E-6	2.0478862148491883E-8	1.1070819053500406E-5	2.081877766370176E-7	3.6522362030509787E-8	1.005124940859594E-10	5.032010191964403E-8	2.7025794402950326E-13	6.745516447512825E-7	3.3905822203255945E-6	1.60150169528321E-5	3.2454461457651785E-6	4.706589570368398E-6	3.1852410428810876E-7	1.010018552446429E-6	0.0	1.010018552446429E-6	1.6331001190274084E-10	4.788012421287483E-11	7.380072986606133E-10	2.855557188766996E-5
9.867072641020265E-9	4.396109059201637E-9	2.4203468172608634E-11	1.2943196742727536E-9	1.0572903364709183E-13	1.7780127500236776E-9	8.513067449981015E-11	2.4100572122759784E-13	1.5437128241188257E-8	4.646494586940049E-9	7.900288269335929E-9	7.397858816186318E-11	5.022940903703348E-13	2.894385897204602E-10	2.7932863588900812E-11	5.474644355552733E-13	1.0333847976716117E-14	3.190818812503743E-12	4.098693906901652E-17	8.388112076927086E-11	4.5032751950821093E-10	5.665737515988354E-10	3.6579589404758624E-10	1.3682678129008718E-10	3.600535481937218E-12	4.023049519847335E-11	0.0	4.023049519847335E-11	3.8236583581277954E-15	1.7873264344161976E-15	1.112658068803145E-13	1.6001536483484254E-9
3.1939556411045904E-7	4.311372273058981E-7	2.2015433405176387E-9	1.0520728357600885E-7	2.375914086472976E-12	5.085555472429526E-7	5.5215852844698055E-9	7.2173938220263535E-12	4.1083765409169884E-7	1.132690304079632E-7	2.176731410227446E-7	1.8815759726544967E-9	2.8419619705639134E-10	6.623489690272864E-8	9.991753676782869E-8	6.826598013785825E-11	1.105126546295428E-12	3.071295306716811E-6	1.1516740361915419E-6	4.146603758865362E-9	3.775651453336277E-8	8.388051059296232E-8	2.7697202235413668E-8	2.22266822562568E-8	1.2424279718932803E-10	1.7964988705673763E-9	0.0	1.7964988705673763E-9	1.5301945844358613E-13	5.362322287156936E-14	3.723866672832607E-12	2.239012081351247E-7
2.8456778584987443E-8	4.313131963380861E-8	5.922925970465366E-7	1.0069455844567926E-8	2.1144641053402362E-13	5.32707416518981E-8	5.252601186615756E-10	9.571727390311925E-13	3.7692136212501496E-8	1.0302693187042804E-8	1.989517467622436E-8	1.7123740342261105E-10	2.574312829700422E-11	6.241719331540296E-9	2.1613667509090742E-10	6.287377587466847E-12	1.2610585505454083E-13	1.7564499319141113E-11	1.0591132477801164E-15	4.377064132228879E-10	4.207142274294207E-9	7.908641449362865E-9	3.0817539842790892E-9	2.0285338238136164E-9	1.164061329467238E-11	1.7542710792700885E-10	0.0	1.7542710792700885E-10	7.819861186868462E-11	4.899973941074918E-15	2.9431988893806848E-12	2.167634536837412E-8
6.0486206829753767E-5	5.510719214591968E-4	8.960880577897382E-8	1.061862167044155E-5	4.5393772637496545E-10	5.7662427223576805E-6	7.118860129941612E-7	1.2326306742504132E-10	1.4364682311243597E-4	2.8900032598746115E-5	5.524546003058598E-5	4.3683493623182793E-7	3.0939233174076825E-9	1.7235482743220244E-6	4.2058444029389775E-8	4.804210322687248E-9	7.324697652038915E-11	3.4322352490002446E-8	1.1225564223527776E-13	2.2246244447332372E-4	1.021621238343071E-5	5.794560130686097E-6	1.6207415930787224E-5	9.317418004554168E-7	2.178936458821594E-8	3.459111544876435E-7	0.0	3.459111544876435E-7	2.9673318744278344E-11	1.0314129848072563E-11	2.7353231029356473E-10	4.850441542002307E-6
3.4569687292825246E-4	9.313904382253421E-5	1.0990105044853664E-6	8.252221800514999E-5	6.129499049512783E-9	3.4687174488804456E-5	2.9874028158600067E-6	3.7375834654405716E-9	6.390991502597824E-4	1.6034177905656575E-4	3.0124199343056627E-4	2.56974064497693E-6	1.3853024044734231E-8	3.7737936118361215E-5	5.08830084143707E-7	1.2406580076076265E-7	2.0594746967920227E-9	5.6003706296145656E-8	8.670741664796422E-13	4.910790057425463E-5	9.057011863844696E-6	1.6580621127030686E-5	8.037077138822293E-6	4.228042792435979E-6	2.820552409484647E-7	1.4372768737461594E-6	0.0	1.4372768737461594E-6	1.9002910482535747E-10	6.77362029115073E-11	2.3783763982772085E-9	3.9145081086952215E-5
2.8826827718409805E-4	1.274736575895682E-4	4.008919658404655E-7	3.9814002969601604E-5	1.8936378744270346E-9	1.7407887541670105E-4	4.473817616296779E-5	5.605822365693647E-10	2.6876441504545336E-4	8.399220363783578E-5	1.6148208500480003E-4	1.4342895072731708E-6	1.38152002595628E-8	4.356496141438617E-4	2.3350298328600876E-7	2.1522504419976466E-8	3.3725551526015643E-10	3.25765866883416E-7	5.011101695976212E-13	6.00063745951712E-6	5.042406226031212E-5	1.948623343089402E-5	3.750526063995741E-4	2.0264820314205484E-5	1.3793195459695903E-7	2.4103040074288827E-5	0.0	2.4103040074288827E-5	1.2147159575398045E-10	4.277245247161238E-11	1.2711821076889846E-9	2.1556699186603893E-5
2.2671860459851738E-4	2.0208239300831633E-5	2.7892298959608467E-7	1.712144574574968E-5	2.2346678448391158E-9	9.187809990812172E-6	1.6232040859914403E-4	2.966873195403306E-10	3.1246176201479663E-4	1.1772077840216836E-4	2.3470937831242755E-4	2.1181240330003603E-6	4.81219868846691E-9	4.896302264653563E-6	8.38406713313948E-8	1.3921423434787344E-8	1.8215652663119494E-10	1.6622464561691493E-8	2.872643492155822E-13	2.2453524261355969E-4	2.200939607004604E-6	4.230170619719847E-6	2.5844077029139794E-6	6.205864054693912E-5	6.92142933577006E-8	8.796429320264783E-5	0.0	8.796429320264783E-5	2.056369895742644E-10	6.955168256728245E-11	7.906433634275925E-10	7.976991942888158E-6
1.5317353064671138E-4	1.8630140756932795E-5	2.894738563635984E-7	1.2290877813385482E-5	2.5612777498023226E-9	9.985390224233272E-6	1.4075641717146365E-4	5.926616509999078E-10	1.6362948679669618E-4	7.817385858769779E-5	1.1754296461944757E-4	1.2775738384113182E-6	4.820928107373783E-9	4.120403113428211E-6	9.593588086171856E-8	1.2968784297707716E-8	2.877277966023112E-10	1.6473810543293624E-8	2.897586226107042E-13	6.412346692669106E-6	1.8873529018162813E-6	4.1615243888586016E-6	2.461292704103627E-6	4.568958002684808E-5	7.014181450620014E-8	1.1900464506808174E-4	0.0	1.1900464506808174E-4	4.4811882632734354E-11	3.0136890571554216E-11	7.990081877123384E-10	9.573087204738678E-6
1.3465578880789533E-5	5.23869021557777E-6	5.561410718110262E-8	7.02166017917886E-6	1.5721009552397358E-10	7.714224882072069E-7	1.5191047717303237E-7	9.001232906469642E-12	1.5398182781573294E-5	5.958684613460985E-6	1.1466642926125961E-5	1.057605708894502E-7	4.5375966308430285E-10	3.346482691070163E-6	5.210013563512667E-9	6.268451341586573E-9	1.0185502763481166E-11	3.1327088780303858E-9	8.998227932412298E-13	8.410650286598824E-8	5.339071937319475E-7	1.3175129067104236E-6	4.2876129677804627E-7	1.8125515654756043E-7	1.7772744614991263E-8	7.528263011045281E-8	0.0	7.528263011045281E-8	9.521090988929135E-12	3.342713272929746E-12	2.514285661418173E-9	6.161697746999551E-7
3.483394905561419E-5	4.953049419675019E-6	6.495746225123186E-8	2.9981809535741268E-6	5.627407754704175E-10	2.2694450582814843E-6	8.941652146285445E-5	1.2883802591681135E-10	4.013720181464793E-5	1.776688634307861E-5	2.714001627204233E-5	2.8913600768385314E-7	1.116225674236705E-9	9.628648768203637E-7	2.123613934906863E-8	2.9505195203522406E-9	6.286095513214269E-11	4.430249747715184E-9	6.542683542924194E-14	1.399349865649748E-6	5.103893041229175E-7	1.0489784580388073E-6	5.993840333801533E-7	3.354011762746002E-5	1.5808207803389182E-8	1.1612185523348155E-4	1.1603089619741082E-4	5.810632072343955E-5	1.0665272298252592E-11	6.823734977214535E-12	1.794860948336369E-10	2.173073677936405E-6
1.0457417021303582E-5	1.4886164542828804E-6	1.9580168444516688E-8	9.012821168808147E-7	1.688819239071304E-10	6.836063203132408E-7	2.6824993660200426E-5	3.869112089880925E-11	1.204958808532724E-5	5.333198406625938E-6	8.14821092372449E-6	8.679686109773429E-8	3.3689039549645965E-10	2.8975830779994037E-7	6.374859660812083E-9	8.866485701072217E-10	1.886619491297158E-11	1.3303567527420245E-9	1.9641603655563324E-14	4.1984199362070544E-7	1.5338666343130342E-7	3.152344612452149E-7	1.8003227638530002E-7	1.0062193733313864E-5	4.744924876275853E-9	2.732817723073216E-8	5.373275842708631E-9	2.903509543225176E-5	5.581357384669029E-9	1.7654290990134393E-10	5.388239257198283E-11	6.532501498592807E-7
3.309211670577312E-5	4.7053777676387385E-6	6.170933758606305E-8	2.8482602952165295E-6	5.346015574413601E-10	2.155964016772513E-6	8.494534911757732E-5	1.223956256861263E-10	3.813018628961415E-5	1.687847322233497E-5	2.5782910356707242E-5	2.746780875989508E-7	1.060410067857868E-9	9.147179042134459E-7	2.017425014308502E-8	2.802982118228182E-9	5.971766394180816E-11	4.208720103857542E-9	6.215524028749008E-14	1.3293769532807549E-6	4.84867862396204E-7	9.96525472889714E-7	5.694125105518655E-7	3.0743564743480824E-4	1.501773619475843E-8	8.641073202164409E-8	0.0	8.641073202164409E-8	1.0131967381279187E-11	6.482521802932232E-12	1.7051109501869395E-10	2.064411578650029E-6
1.5997195615521882E-8	2.150644535408214E-9	7.549181607535695E-10	1.143148034342671E-9	1.5835173482485816E-13	2.30530981764241E-9	7.222610907214547E-11	3.082976867269754E-14	9.13723286006149E-9	5.375365901199475E-9	8.020037416872112E-9	8.984222626468609E-11	5.5682659493647654E-12	5.23813026934313E-10	1.2530006406538165E-11	6.4553353908239E-13	6.870824625277572E-15	1.4035009906749957E-12	9.451032325421912E-15	4.671748568408586E-11	2.1766919738842474E-10	5.594484308817087E-10	2.3110911346476566E-10	1.9949347616344514E-10	7.790943083429748E-12	2.9227126648673266E-11	0.0	2.9227126648673266E-11	4.515634307410083E-15	1.6870209381102576E-9	2.6443067703975596E-11	1.2884144192535834E-9
2.959248815804269E-9	7.251893706822836E-10	1.066568338236577E-11	4.676455819107311E-10	4.095845927758336E-14	1.304887445806733E-9	2.6559262238961203E-11	4.607766977324683E-15	2.451430899066302E-9	1.4022162382664831E-9	2.1214748031501346E-9	2.3498100809665695E-11	1.1297455550006654E-12	2.919052101113212E-10	1.4322074254383526E-12	3.0391614922324396E-13	1.6617135588239917E-15	5.571973776038647E-13	5.336977763751207E-18	1.5953443193784676E-11	7.754260943547606E-11	3.321344835362441E-10	7.190694242446666E-11	1.0315225929396865E-10	1.2881916284968795E-12	8.89258671087799E-12	0.0	8.89258671087799E-12	9.333943875188153E-16	5.870180265265471E-16	1.438058672294689E-14	8.188863062985592E-10
2.651288844790652E-7	5.754445458385892E-7	1.0253506103498258E-10	1.9438880702646183E-8	4.1937586336348423E-13	2.4707969568290487E-8	6.801114923646774E-10	1.1809965303905341E-13	7.257392907136387E-8	2.1465252389354257E-8	4.14227813441273E-8	3.630639153656975E-10	1.6320875306512047E-11	9.585153795038704E-9	3.4784746137427943E-11	1.4889898044230894E-11	5.98024300328317E-14	2.2781165949333425E-11	5.4312649334718585E-11	5.295571590671628E-10	3.455914101166101E-9	7.64090101539285E-9	2.7459721277014E-9	1.0931964405191143E-9	5.2742678166852816E-11	3.192087244335791E-10	0.0	3.192087244335791E-10	6.820037456724962E-12	1.068569851024265E-14	1.5196838589369048E-7	8.365036337315328E-9
6.532601024074556E-4	3.3662821040908286E-5	5.947816906831165E-7	4.6550649622972894E-5	4.5505874311774205E-9	1.627394001868818E-5	5.353868280251577E-6	2.3904026354258125E-10	0.002079691429531308	3.9526435448999074E-4	7.580442021548223E-4	5.861727964890201E-6	1.0271927068484519E-8	1.0341438623741384E-5	1.513030977169916E-7	2.228590685848598E-8	1.9921563791324665E-10	3.0561892205458255E-8	6.568905358629884E-13	1.5740408763275675E-6	3.7286597118753887E-6	8.147013886258796E-6	5.558604789468874E-6	5.7898236255318135E-6	1.491940453745066E-7	2.6694335572233083E-6	0.0	2.6694335572233083E-6	3.846325027493587E-10	1.3273486671811315E-10	1.816359961010562E-9	1.5008983249811692E-5
