32
NULL,open@__open_nocancel,fstat@_fxstat,mmap@__mmap,read@__read,munmap@munmap,open@__open64,close@__close_nocancel,rt_sigprocmask@sigprocmask,exit_group@_Exit,rt_sigaction@__libc_sigaction,sched_yield@sched_yield,mremap@mremap,time@time,read@__read_nocancel,mprotect@__mprotect,madvise@madvise,lstat@__lxstat64,openat@__openat64_nocancel,write@__write_nocancel,syslog@__syslog,getpid@getpid,writev@__writev,close@close,stat@__xstat,socket@__socket,fcntl@fcntl,connect@__connect,getdents@__getdents64,lseek@llseek,getrlimit@__getrlimit,write@__libc_write
0.7828566987937658	0.0061066030047366325	6.939762837029122E-5	0.00478945752450042	4.574744716635348E-7	0.0037727264178915062	4.5170398484337945E-4	3.61429014970191E-8	0.11852520901965373	0.0268511543099151	0.050794998987902705	4.309570837750676E-4	1.740163460428777E-6	0.0011711763410536186	1.1918867888079523E-4	2.5009806899444197E-6	3.724297109161113E-8	4.060352921149531E-6	4.2552706971074945E-11	1.7623426957157068E-4	8.677883325782095E-4	0.0010490202237516501	6.589264516495792E-4	6.190439343945613E-4	1.240128890786626E-4	2.1769988599839495E-4	0.0	2.1769988599839495E-4	3.025848857919099E-8	1.1253444698747109E-8	1.1795467374096992E-7	0.0025361508653918147
0.001314494065706592	0.0018007604981773394	9.370303701759607E-5	0.0011376150485463458	2.6727014691376035E-8	5.32756331438577E-4	1.3844781310682135E-5	5.024004958181226E-6	0.0019550155670964692	5.033562483868848E-4	9.465795075565761E-4	8.340058910764741E-6	1.0367408875244727E-7	8.991419052293885E-5	8.888519397074495E-4	3.212447753189437E-7	8.920082140897764E-9	5.060485932549748E-7	2.274112897590575E-10	7.847817417812417E-5	0.003706672335764429	1.0814937301598263E-4	7.039758191513862E-5	2.419659546749836E-5	1.5965164203581596E-5	6.3785922552488665E-6	0.0	6.3785922552488665E-6	6.687345827881488E-10	2.3163305350601565E-10	4.873330878790001E-8	1.99574030633259E-4
3.63325893581605E-5	1.2041450863466611E-5	3.9950361632811757E-7	2.298872266509494E-5	3.734855455031616E-10	1.0588851840163234E-5	5.977163995008351E-7	1.3967584076240664E-10	4.027355297850326E-5	1.592081080675329E-5	2.9845703509793867E-5	2.8651995004823813E-7	2.802096483132013E-9	1.3178222750898602E-6	8.467426869485378E-10	2.485402031193563E-9	3.606062553187347E-11	8.492613912920126E-9	1.3857328483777326E-13	2.2346685741062295E-7	1.2776001118005534E-6	1.7404875873606106E-6	2.5798459447863478E-6	1.6241244410353404E-6	2.44379574976762E-7	2.9250830482104053E-7	1.0601344897490828E-7	2.9250830482104053E-7	3.977895444703979E-8	1.2526915317812163E-9	3.8511325695340744E-10	4.028590182675166E-6
6.180556574298095E-4	7.054906022380792E-4	3.6292212029349295E-6	0.00562382272710122	2.5994301985957714E-8	0.007659512867589433	4.188748665255843E-5	1.591636545390994E-8	0.0010142041423217437	2.7941039457257043E-4	5.383150077675962E-4	4.763737963532362E-6	8.187271852863794E-8	4.262031966223825E-5	2.7591582501773294E-8	0.0017118022989477814	3.4201387417948664E-9	5.645875581259699E-7	2.6499754207075015E-12	3.4556197300172035E-5	3.875954695652216E-4	8.235084146353857E-5	3.3544312649245577E-4	2.9445619286466536E-5	1.5112803787879426E-5	2.1901711607437895E-5	0.0	2.1901711607437895E-5	4.2594118635135854E-10	1.4201481825196794E-10	7.290599060094485E-9	1.668597369794943E-4
5.803056871518602E-8	1.6535706792621075E-7	1.7045073437811407E-10	1.5915933682224258E-8	6.066895741395461E-13	8.590653606040316E-7	8.703745190323841E-10	9.326903336919494E-13	1.0956479560282435E-7	2.5600608544014613E-8	4.7480047454135885E-8	4.103150243549208E-10	5.183173884209369E-12	2.5693051316799237E-9	1.6868005976989566E-12	5.353814431306692E-12	6.070624091999521E-13	4.6998747293208017E-11	2.0163264263542575E-16	1.1898634882923167E-9	1.5505200220450972E-8	8.090903296841677E-9	1.1526051249979396E-8	1.25473334312994E-9	1.1552172587080298E-9	4.168532403887008E-10	0.0	4.168532403887008E-10	2.7311451591034646E-14	1.0530328724173886E-14	5.468154286649387E-13	1.0283036957953507E-8
0.0015086488391496417	7.406688827980519E-4	7.494004883123937E-6	0.002073957897667817	4.819982845411508E-8	0.0021428572076773373	1.8168208538585685E-5	4.457671623946988E-8	0.002332419525561924	6.341317546762741E-4	0.001189558199942553	1.0633728683061276E-5	7.843489467614706E-7	1.8329825658937147E-4	6.75359844708883E-8	0.003195318519144393	4.1154748147978285E-9	4.174393041517414E-7	8.625988684260832E-12	2.184038680665734E-5	2.1682004749344E-4	2.8165364851643867E-4	7.980374219730331E-5	3.501399801913421E-5	1.0922379037026929E-5	8.199231690978908E-6	0.0	8.199231690978908E-6	8.536716272146028E-10	3.021490857110741E-10	2.403166668006462E-8	5.021583610337216E-4
2.769236076314313E-4	9.842118105658308E-5	2.1043452195314344E-5	4.0079577891188773E-5	4.249346919511465E-9	3.0841269997793346E-4	9.30689216780801E-6	5.013831593592832E-6	2.800816451978381E-4	1.2143910226851393E-4	1.927280883860154E-4	2.057461172138487E-6	2.420221758033035E-7	3.0907499006499425E-5	8.153789197401358E-9	3.209533215692154E-8	6.596214359860047E-10	5.367982394159003E-8	1.2754287939083646E-12	9.425229448353037E-6	9.749213109010003E-6	4.287690828033441E-5	8.597712193273537E-6	7.087162429822952E-5	4.504341370649404E-6	9.110384031357377E-7	0.0	9.110384031357377E-7	9.494710424948909E-11	5.326000773257494E-11	3.5524502413730866E-9	8.512777355224552E-5
5.192660430566074E-7	2.490794799556808E-7	3.1794415245250065E-6	6.87236694144705E-8	5.571394834011718E-12	2.0795643611948247E-7	5.887979128276549E-9	4.190367511022121E-12	5.671982765851257E-7	2.2586937023049973E-7	4.14744258268186E-7	4.030326294567687E-9	7.10039622101328E-11	2.4780562554383615E-8	8.195680947957415E-11	3.7296977646693425E-11	8.439280818418044E-13	1.280589806675449E-10	1.4101106491425175E-13	3.480992864928378E-9	2.4688255856978045E-8	3.552621281135992E-8	2.036786278569119E-8	1.0690902806717315E-8	3.65421387703137E-9	2.7126928456885714E-9	0.0	2.7126928456885714E-9	3.342102778227636E-13	1.2470956598681486E-13	3.945099416656282E-10	7.592072384196732E-8
0.06683064729723771	0.0016532247776987437	3.532331194457265E-5	0.00233042754182725	3.1424132939332863E-7	8.295574548309731E-4	1.864753900099674E-4	1.749097210534859E-8	0.021555523160646548	0.02966087225069051	0.05402720852466083	3.881922290228759E-4	6.00693478562015E-7	5.395989769916632E-4	1.0649212425813887E-6	1.0116215426173098E-6	1.4059187290170373E-8	1.7977233499824668E-6	2.7155993273322308E-11	1.1796440829735708E-4	1.7900777065229812E-4	5.142337424259417E-4	2.946247708694265E-4	2.7083915483527886E-4	4.73470350470216E-5	8.579733128855816E-5	0.0	8.579733128855816E-5	1.147767364381766E-8	5.102116512243012E-9	7.560696050179841E-8	8.893705693368125E-4
0.07101871780670034	8.204750958517123E-4	1.359637673181316E-5	0.0015796731968370189	1.1492183586432912E-7	3.9180602292280094E-4	4.936714821490577E-5	1.5029043746178728E-8	0.006094152098889698	0.001437290045168841	0.002653881408819028	2.3044333074412857E-5	2.509818391764734E-7	1.6845337599788175E-4	8.805609771944152E-7	3.9087217467060425E-7	9.65505709440756E-9	8.593255482793102E-7	1.1034242688282382E-11	9.987535313418047E-5	8.949143195160208E-5	2.3498815484145267E-4	1.3312399457585412E-4	9.014690148902174E-5	2.3366641139607662E-5	1.6596350507337996E-5	0.0	1.6596350507337996E-5	1.6458433542260567E-9	5.939065780409003E-10	3.066465231768713E-8	4.193966697990417E-4
0.06450729454109978	0.0011218513118981463	2.034264604317782E-5	0.0017743135206806679	1.7393221252905755E-7	5.417859241401671E-4	1.1703120358209926E-4	1.4952650608187824E-8	0.013017947489785433	0.02880884663614506	0.021042272242760018	5.027780657768755E-4	3.5965988061904955E-7	2.9737886397410704E-4	8.850259957285192E-7	6.430281634986163E-7	1.1045103357727804E-8	1.1462225558593131E-6	1.589615310961587E-11	9.96010132271007E-5	1.2235843675952642E-4	3.1999838318509855E-4	1.8419110056996826E-4	1.5938577883857448E-4	3.071276615551292E-5	5.206477633006334E-5	0.0	5.206477633006334E-5	6.896380827148029E-9	2.6010985722637742E-9	4.421481332069147E-8	5.598152525441767E-4
7.017791463508024E-4	1.0725061861506228E-5	1.9853714657357334E-7	1.808118890014702E-5	1.7167874540351943E-9	5.2220356106456055E-6	9.245010995989634E-7	1.5823960424985406E-10	1.0842810433974633E-4	3.1382549334397797E-4	2.0873437944888027E-4	1.7926657075714356E-4	3.5225468612965734E-9	2.7656579186230847E-6	9.376837267880102E-9	5.796560818584937E-9	1.1043294196164748E-10	1.1334088437558893E-8	1.5668634140146112E-13	1.055872676826824E-6	1.1668450280615434E-6	3.1614011887552463E-6	1.8032614807713086E-6	1.4400371670852168E-6	3.0396842672511367E-7	3.842199179582655E-7	0.0	3.842199179582655E-7	4.770246849797847E-11	1.9566856124526847E-11	4.3581700858846583E-10	5.559328762510522E-6
3.136261597122739E-7	3.692323728413533E-7	9.112334223392562E-10	1.2697313340757226E-7	3.456601938577991E-12	5.992922706358328E-8	5.623095119544032E-9	7.208389458984353E-13	5.576059301094212E-7	1.4497998689201876E-7	2.7535052487736624E-7	2.420261967958528E-9	3.5631661416546856E-11	3.2777278010795E-8	7.57770874310851E-12	6.738631888781908E-11	5.715180565276838E-13	3.3563167272343783E-10	7.96042527698966E-16	7.149643916244398E-9	4.1360856507288564E-8	5.7726438933131376E-8	2.689572444349004E-8	8.655653321485125E-9	8.36835356505539E-9	2.655326249115488E-9	0.0	2.655326249115488E-9	1.8603483730238237E-13	6.839539967563365E-14	2.1002670694490193E-12	1.0535299995727773E-6
6.643717805577628E-4	8.985891260524456E-4	2.1630498239499664E-6	7.462054075592007E-4	1.7089165363587087E-8	8.991718613683771E-5	1.01857538832443E-5	9.930235807648527E-10	8.205398202494912E-4	2.66422317142944E-4	5.148830409366318E-4	4.706729246720321E-6	6.011458941890878E-8	4.1246618931381195E-5	3.280052349598071E-8	8.248779770922365E-8	2.1338974954085395E-9	4.328311755341953E-7	1.203203464849799E-12	8.836366203903007E-6	4.8942237966216414E-5	2.0878235785089236E-4	4.101178193489948E-5	1.5641989024382477E-5	1.0952847504532412E-5	4.856780662273007E-6	0.0	4.856780662273007E-6	4.2905808770837897E-10	1.4831069384719255E-10	3.2154702851800216E-9	8.089348948768178E-5
9.034536504072538E-5	2.0258609979630555E-5	1.3947315930682304E-7	5.078650531628087E-5	1.1585257468398311E-9	4.200113001558025E-6	6.336224428594348E-7	1.1308038353318845E-10	2.242727241303988E-4	4.0867303416502095E-5	7.913779012578606E-5	6.170273511916232E-7	3.6039774224973975E-9	1.9563877301592043E-6	1.2892133871440213E-6	5.766664368584815E-9	8.269321269199136E-11	6.905474019324035E-9	1.837799674491531E-10	4.353594103417295E-4	7.464255452422298E-7	1.9981772986374395E-6	8.062676061681515E-7	1.000615818430126E-6	2.0934025704892793E-7	2.959235858466301E-7	0.0	2.959235858466301E-7	6.527948393975099E-11	1.4383844464984484E-11	3.9734469351035875E-8	5.485080233884145E-6
3.175306413652473E-4	6.754365213842948E-5	2.3299585107214796E-6	7.521431169449998E-4	2.751467445837069E-8	0.00249618873104754	4.367250849296165E-6	2.446818633685083E-10	3.702874892393265E-4	1.3792054167739747E-4	2.8014674967760493E-4	2.556248087600809E-6	4.120376517630435E-8	2.23302848451914E-5	2.277635138174086E-8	7.163409926464788E-8	3.458500982375839E-10	1.0193939558565978E-7	3.88595732608935E-13	1.3313332819128751E-6	6.889870550687924E-6	3.2679122941666325E-5	6.760712706391204E-6	9.049392261164124E-6	2.5243802930273794E-6	1.9222104864443706E-6	0.0	1.9222104864443706E-6	3.032619656669841E-10	8.957592367795168E-11	1.0750676055553547E-9	5.7233201426763655E-5
1.936566796458586E-8	8.79024083538081E-9	5.032677466252659E-11	2.5618666009573178E-9	2.1710487912573069E-13	3.616932699478557E-9	1.6444304042983706E-10	4.739532970883049E-13	2.8440389792157557E-8	8.222911767143556E-9	1.4008341227160325E-8	1.3345318628322877E-10	1.0786312937973787E-12	6.020640535383928E-10	6.004866018555906E-13	1.0790822902305698E-12	2.7036052569221577E-14	6.4579919024440735E-12	7.224245836610146E-17	1.6528921351194457E-10	8.983117181800415E-10	1.1834453532912597E-9	7.46009939872554E-10	2.7159362335159505E-10	1.5585377961897713E-10	7.716306434119363E-11	0.0	7.716306434119363E-11	6.872773972106342E-15	3.3022711834349174E-15	1.9994855895582968E-13	3.2226222240443666E-9
1.1222242777228148E-6	7.284027419372638E-7	4.404591941942452E-9	2.0202231796868794E-7	4.6686233918344E-12	9.798025926537923E-7	1.0458962393174935E-8	1.4206288550192683E-11	6.41364427377624E-7	1.753851366881538E-7	3.415104982427592E-7	3.0013265955140256E-9	5.602367202017379E-10	1.2814667105418198E-7	1.4881914675744122E-10	1.3062670750717303E-10	2.284759780704287E-12	6.031317055538231E-6	2.261620863941092E-6	8.023280313857477E-9	7.214251168287936E-8	1.6752487423968664E-7	5.379240704958266E-8	4.213426702306693E-8	1.236005511749701E-8	3.3489512207857465E-9	0.0	3.3489512207857465E-9	2.5636335016804357E-13	9.003023333754305E-14	6.384720584175223E-12	4.429087405272413E-7
4.199203433837478E-8	8.607104905749605E-8	1.16314416313158E-6	2.0295045058216778E-8	4.901343323146458E-13	1.0570757228271451E-7	1.04980800019294E-9	1.892641898315134E-12	7.046824109346025E-8	1.857160810891829E-8	3.603880490823827E-8	3.1451223495599126E-10	5.129071690367524E-11	1.2103115127380642E-8	1.3142715207607053E-12	1.2506817194927123E-11	2.8097059386700203E-13	3.625818165851059E-11	8.575550919473931E-16	8.837589635471501E-10	8.40956783434463E-9	1.6094430538914293E-8	6.2952096262302174E-9	3.954108353436988E-9	1.2557410636880565E-9	3.534484682448214E-10	0.0	3.534484682448214E-10	4.8695673267319015E-11	9.250438738067182E-15	2.386294620081229E-12	4.3281209120492435E-8
1.0515611936010728E-4	0.001085527137885446	2.0892564674652676E-7	2.1612198119775714E-5	9.364230289596407E-10	1.2915077615135692E-5	1.420661830557947E-6	2.5985675481912547E-10	2.739583621556009E-4	5.239657365158605E-5	1.0092508417335805E-4	8.032688836866122E-7	7.125853092302587E-9	3.7015665480468088E-6	2.273629227761006E-9	9.681473904559838E-9	1.7380257987267033E-10	7.003981314537115E-8	1.6614539922527636E-13	4.368726313994478E-4	2.0388485610939923E-5	1.2081516107815351E-5	3.235166223240998E-5	1.929503324792595E-6	1.733398763782356E-6	6.85138861026895E-7	0.0	6.85138861026895E-7	5.4800253600605365E-11	1.9284486826416406E-11	4.386987781604345E-10	1.043648997875625E-5
6.406066481450425E-4	1.928598017937427E-4	2.3378409759010025E-6	1.642786652629641E-4	1.3952451716174522E-8	7.4687449960461E-5	5.8247488378826426E-6	7.3716219535236E-9	0.0012073275114542479	2.9193057059928113E-4	5.501069007471055E-4	4.763094517229764E-6	3.178583225246435E-8	7.764701059731339E-5	2.0869699596944022E-8	2.450306475122181E-7	4.840738436769439E-9	1.2040569834506837E-7	1.3402337493167894E-12	9.650192863867989E-5	1.8538082253171923E-5	3.7959482742898844E-5	1.6868132609078986E-5	8.706304390240238E-6	3.2981365444082087E-6	2.77200470326292E-6	0.0	2.77200470326292E-6	3.5533547370027725E-10	1.285784916664876E-10	3.718232724644688E-9	8.208113188947395E-5
3.4802099300370535E-4	2.8599442137745715E-4	1.1971359498264172E-6	9.034840269022829E-5	4.086601521868111E-9	3.643653950862099E-4	8.909078205909991E-5	1.336979388832777E-9	5.115414202741765E-4	1.5466055642348266E-4	2.991230875544223E-4	2.6955789212782975E-6	3.984879132693217E-8	8.591071386237891E-4	8.978208223398726E-9	4.670928459709346E-8	8.311308563722755E-10	6.741426238228224E-7	8.663412961665096E-13	1.2403744282639419E-5	1.0326150973929702E-4	4.5958796910888586E-5	7.465600637272305E-4	4.177929596088574E-5	1.9734682384965202E-5	4.7906971536697756E-5	0.0	4.7906971536697756E-5	2.3204225898220957E-10	8.291703116167552E-11	2.3312629883459096E-9	5.329882561707897E-5
4.688272018370526E-4	3.897523750376759E-5	5.368889747886385E-7	3.1821409596187465E-5	4.31005393504685E-9	1.7786616013773525E-5	3.184484216273695E-4	5.753146003859569E-10	5.576481029558213E-4	2.049374155296125E-4	4.132587525639408E-4	3.7768019233697823E-6	9.48405826209743E-9	9.457526495311059E-6	1.0388929631661653E-8	2.6296948358319078E-8	4.1973227564319994E-10	3.244548095308003E-8	4.089342245995309E-13	4.4083189132688885E-4	4.16725936697201E-6	8.478294551582963E-6	4.979145420977091E-6	1.2153876753457645E-4	8.439217324285383E-7	1.7259118610711883E-4	0.0	1.7259118610711883E-4	3.7796536255268247E-10	1.2894995696529998E-10	1.1360493905519609E-9	1.5479193182164363E-5
3.135335986022986E-4	3.735002727869805E-5	5.758045387519605E-7	2.3543540792490082E-5	5.113520693697586E-9	2.0150143090685285E-5	2.762893600144723E-4	1.1642080081858234E-9	2.95604055658591E-4	1.3782884023196682E-4	2.0626522660904679E-4	2.3029404318074056E-6	9.858689188367942E-9	8.29348226099062E-6	8.721012889654591E-9	2.5178026853018562E-8	6.576884017230586E-10	3.322114048376385E-8	4.658060511316735E-13	1.2562485757745056E-5	3.7356544059605965E-6	8.69650118508006E-6	4.900547399138242E-6	8.958772008616316E-5	8.304731526618131E-7	2.3363450827152654E-4	0.0	2.3363450827152654E-4	7.877890934076041E-11	5.577523604445985E-11	1.2957897187094195E-9	1.9131692842404685E-5
2.4337408656403995E-5	1.0686288682537502E-5	1.1527844617933794E-7	1.387081866567934E-5	3.60104077284367E-10	1.7796453716423007E-6	2.9552857548688917E-7	1.9664411517175398E-11	2.809216686590283E-5	1.0655609002286189E-5	2.0601944985996367E-5	1.9335999887796722E-7	1.068721968211189E-9	6.678906466323678E-6	5.942708887542176E-10	1.2348466805198988E-8	4.292305997587473E-11	6.547878734833733E-9	5.867857498421056E-13	1.6798160712986453E-7	1.0806771963942923E-6	2.770344873319217E-6	8.893323504236768E-7	3.6980753355464236E-7	2.0299486154627383E-7	1.4531612975356534E-7	0.0	1.4531612975356534E-7	1.7621952115360995E-11	6.31828667169241E-12	1.6396012008075187E-9	1.3922579173435014E-6
7.083089195006845E-5	9.954947632422732E-6	1.299329869716491E-7	5.776878782902807E-6	1.123689383505933E-9	4.614971747238759E-6	1.755530794434533E-4	2.5352155619978905E-10	7.300407330596669E-5	3.136717353397654E-5	4.775308863411906E-5	5.21601140523935E-7	2.3021258300621953E-9	1.9412548402982797E-6	1.941350894448514E-9	5.735800634927172E-9	1.4406379444338432E-10	8.943971636322316E-9	1.0470792243248495E-13	2.7420762394333385E-6	1.0150144886413196E-6	2.1885434992945814E-6	1.2013005861727279E-6	6.58221390899191E-5	2.246905731236743E-7	2.280113842538071E-4	2.278431969552381E-4	1.1408961609521677E-4	1.8836287337341378E-11	1.263178640099253E-11	2.906758269217144E-10	4.3602462020559235E-6
2.1261944031992984E-5	2.9920748409060147E-6	3.9167067672223685E-8	1.736724418399519E-6	3.372344137983872E-10	1.390117889531917E-6	5.266599654415797E-5	7.613631476075567E-11	2.1916524722066397E-5	9.415700811617634E-6	1.43370129082505E-5	1.565819192561556E-7	6.947613408915434E-10	5.841835836262257E-7	5.82698905995776E-10	1.7236936389290316E-9	4.324065390506207E-11	2.6859787545605845E-9	3.1433970951916274E-14	8.226988064824581E-7	3.0506186157010826E-7	6.577106790802008E-7	3.608551718006055E-7	1.9746956469535437E-5	6.758165448462619E-8	5.053499985190874E-8	1.0551868301247137E-8	5.701141907914716E-5	1.0959859303219109E-8	3.464586646906875E-10	8.726223441592955E-11	1.31078490542088E-6
6.728907305466415E-5	9.457161699525949E-6	1.2343583444790396E-7	5.488012472364617E-6	1.0675005627598642E-9	4.384205288055245E-6	1.667747456289146E-4	2.408444966087041E-10	6.935358692696093E-5	2.9798693385563605E-5	4.5365249275023214E-5	4.955190635584993E-7	2.1870106234054663E-9	1.8441845806295132E-6	1.8442758317002588E-9	5.448988390865953E-9	1.3686004682344873E-10	8.496738418310357E-9	9.947212082163788E-14	2.6049618085673477E-6	9.642598334901002E-7	2.0791078490322628E-6	1.141230904738161E-6	6.036569701349654E-4	2.1345517433652296E-7	1.5977728232296803E-7	0.0	1.5977728232296803E-7	1.7894400025549637E-11	1.2000148163409907E-11	2.761409099118543E-10	4.142217006575185E-6
2.2285635019735187E-8	5.9449832310286665E-9	1.5139262120934513E-9	2.8180695996012653E-9	3.127935784818083E-13	5.556068281803117E-9	1.713728653275309E-10	7.220506867796736E-14	1.688330812193551E-8	9.63628362676236E-9	1.440836729281466E-8	1.6501888337701305E-10	1.1894516157090069E-11	1.1820598478710852E-9	5.979676797832486E-13	1.463652438884675E-12	1.8641805384868114E-14	4.203821092601079E-12	6.036258489428655E-15	1.1857987073873896E-10	6.174048105315637E-10	1.4448990120409831E-9	6.877042316484544E-10	4.686762604212591E-10	9.251331646906651E-10	6.91273277629574E-11	0.0	6.91273277629574E-11	6.973102303509905E-15	3.3129179584661828E-9	1.6888348367067797E-11	3.035062406255583E-9
5.674517905631916E-9	1.4770756634948752E-9	2.118207670477367E-11	9.218208139687248E-10	8.081989181555736E-14	2.592746681353401E-9	5.0994453601550365E-11	9.3791410104802E-15	4.3398529675654315E-9	2.4649362947231825E-9	3.7112332717416694E-9	4.2303154451360585E-11	2.237952189894245E-12	5.797942014188416E-10	1.4893582646270761E-13	5.962381632479736E-13	4.526024982169114E-15	1.146474353774048E-12	8.54044851615238E-18	3.1483209362802194E-11	1.5682133977556243E-10	6.693804102654401E-10	1.4895856388372577E-10	1.9742625858670808E-10	4.516659963535749E-11	1.6971739278697314E-11	0.0	1.6971739278697314E-11	1.658080084231979E-15	1.089290167679638E-15	2.353379127349629E-14	1.6256446584757006E-9
3.529706580771608E-8	3.941040726991782E-7	1.9015274725830452E-10	2.1059485949972702E-8	4.326188801514587E-13	4.919338129231674E-8	8.579956664094565E-10	2.4766242269014046E-13	5.4779419342827667E-8	1.582526126725932E-8	3.064909647018153E-8	2.733948395015404E-10	3.4543132283336834E-11	1.1135219551243537E-8	9.350384582649121E-13	1.2853151850782354E-11	1.0035299157407837E-13	4.52214169941578E-11	3.454139526042907E-11	9.51509243158589E-10	6.028410436228303E-9	1.5912178027169383E-8	4.5877589758411715E-9	1.6489254567863248E-9	3.0077010257195237E-9	3.854694851403683E-10	0.0	3.854694851403683E-10	4.341311292730319E-12	8.300177257327355E-15	9.664783681228965E-8	1.548393512523528E-8
0.0013905200601698634	6.30969148420019E-5	1.1199568915103218E-6	8.673364812562078E-5	8.567637054755273E-9	3.0434898075218593E-5	9.876940865870035E-6	4.459761431051295E-10	0.003956186074205874	7.09782728106259E-4	0.0013735307301324404	1.0646797517715055E-5	1.963429800087985E-8	1.956075623033671E-5	2.615503373109282E-8	4.113868318631993E-8	4.596028826868457E-10	5.824972098391036E-8	7.843658230232954E-13	2.8975941000606046E-6	6.833237015433787E-6	1.581126204429499E-5	1.0537595439059223E-5	1.0628625185933495E-5	1.5230390985754346E-6	4.9246766554435845E-6	0.0	4.9246766554435845E-6	6.991301444060443E-10	2.435226509625901E-10	2.181549585039899E-9	2.835550139425691E-5
