32
NULL,open@__open_nocancel,fstat@_fxstat,mmap@__mmap,read@__read,munmap@munmap,open@__open64,close@__close_nocancel,rt_sigprocmask@sigprocmask,exit_group@_Exit,rt_sigaction@__libc_sigaction,sched_yield@sched_yield,mremap@mremap,time@time,read@__read_nocancel,mprotect@__mprotect,madvise@madvise,lstat@__lxstat64,openat@__openat64_nocancel,write@__write_nocancel,syslog@__syslog,getpid@getpid,writev@__writev,close@close,stat@__xstat,socket@__socket,fcntl@fcntl,connect@__connect,getdents@__getdents64,lseek@llseek,getrlimit@__getrlimit,write@__libc_write
0.8085868438756636	0.005699865080341624	6.497514733712886E-5	0.0043167652350491635	4.6818349611125765E-7	0.0035161531878825036	4.014720336233539E-4	3.34283517218673E-8	0.10348443849570864	0.024702800848004348	0.04623923878953395	3.895487684248248E-4	1.638020350807086E-6	0.00113473231208506	4.052426928775015E-5	2.2477050135188504E-6	5.834896516660441E-8	3.895141201645883E-6	3.3501186766831943E-9	1.601782657057362E-4	7.935142773405437E-4	0.0010898702230594656	6.147230905759254E-4	5.650387179219317E-4	1.4397320638350608E-4	1.92630527118673E-4	0.0	1.92630527118673E-4	2.9460246228146716E-8	9.906135136909574E-9	9.35493874733233E-6	0.0023391831616534206
0.001664465168307253	0.002859160215936356	1.4363388451067507E-4	0.0017835157621908103	3.558805183297007E-8	8.592275703907961E-4	2.2766090461723028E-5	7.714009626346037E-6	0.0034201425489607416	8.981488710484337E-4	0.0016861876700048168	1.4555886717885196E-5	1.5415222358068193E-7	1.314197842759137E-4	0.0014404815085544132	5.016561513583946E-7	1.1362235437548863E-8	7.855510612618653E-7	6.253078177410413E-9	1.2180241115373498E-4	0.005702905059872592	1.562455786166647E-4	1.1212197862899633E-4	3.8085089110980394E-5	2.244825626488295E-5	1.0599747552833683E-5	0.0	1.0599747552833683E-5	1.972445059133497E-9	3.9200554536792795E-10	1.1220046154418208E-6	3.016530186830867E-4
4.461755205619089E-5	1.884771702951951E-5	6.183366892278076E-7	3.563740384700825E-5	5.822426851014689E-10	1.644188724717091E-5	9.575385932982889E-7	2.1700052519577678E-10	7.181541982101747E-5	2.8205588633263065E-5	5.249936003118824E-5	4.934349842066565E-7	4.366328214145659E-9	2.059174837550882E-6	2.287072090566475E-8	3.995408795819395E-9	4.536712728027126E-11	1.3231348267279289E-8	4.83567654769181E-13	3.5835569170545126E-7	2.018773112210307E-6	2.676666508694504E-6	3.9940133821204556E-6	2.5534010556446968E-6	3.3831148554935127E-7	4.684122108837914E-7	1.6266435547006932E-7	4.684122108837914E-7	6.10422144331662E-8	1.923146961496506E-9	1.278770519710111E-9	6.283379789870345E-6
8.298159445383486E-4	0.0010800474635635317	5.551896827496754E-6	0.00863744034065347	3.7973768653528746E-8	0.011752321244546785	6.458810401090309E-5	2.4446612580269604E-8	0.0017103987540491054	4.8257914857184175E-4	9.242567841074064E-4	8.042398008288518E-6	1.220939706694436E-7	6.21975374264817E-5	1.306842052001226E-6	0.0026285265052315584	4.342333249876746E-9	8.588683376736543E-7	1.0647275954655183E-11	5.3154674191755984E-5	5.951558934363064E-4	1.2125243650517961E-4	5.132570815594557E-4	4.5396643910263004E-5	2.0322661846130384E-5	3.3774055901015E-5	0.0	3.3774055901015E-5	7.658773624891431E-10	2.3156286738710696E-10	2.6343524655760356E-8	2.5216383944748507E-4
7.377742235972677E-8	2.547010793008036E-7	2.6293521603226656E-10	2.4890733053480868E-8	8.207506254141042E-13	1.3180318245782725E-6	1.3862685512252306E-9	1.4346675955797934E-12	1.8377973142082728E-7	4.459279190505095E-8	8.236265661776079E-8	7.013807285758613E-10	7.783047422149098E-12	3.777689557519304E-9	1.0244989662960208E-10	8.38187383660974E-12	8.71889718947116E-13	7.219984940004939E-11	9.516172256057667E-16	1.851889660687635E-9	2.3946791474837736E-8	1.2170119301932382E-8	1.7789105929009258E-8	1.9682726542451656E-9	1.5610236023675183E-9	6.6593582767206E-10	0.0	6.6593582767206E-10	5.018789342366297E-14	1.7561383510386228E-14	2.176185268533146E-12	1.5637446322715966E-8
0.00188008368449874	0.0011458394841544234	1.1548766881888694E-5	0.003195768276748278	7.102897429540531E-8	0.0032926085555533987	2.928613300656879E-5	6.904905373706084E-8	0.00399015730198863	0.0011115348880088125	0.0020751715167497	1.8222353351969574E-5	1.2011398362397486E-6	2.77375719099267E-4	7.71720201779817E-6	0.0049065159503443164	4.734583447140718E-9	6.367484111534812E-7	2.5367244133218615E-11	3.4027534011289586E-5	3.34902712542799E-4	4.2520849823920873E-4	1.2321018777416604E-4	5.5225831072718795E-5	1.503636832861279E-5	1.3294638962119423E-5	0.0	1.3294638962119423E-5	1.55927501820302E-9	5.006582928650093E-10	6.80505366873786E-8	7.676348167926226E-4
3.493657967681735E-4	1.55026095112071E-4	3.255476074574672E-5	6.469273112358352E-5	6.284405594304871E-9	4.812328576496691E-4	1.476198784796458E-5	7.69791652173887E-6	5.017732725250173E-4	2.1437554160141491E-4	3.4346757483519775E-4	3.5421456751607204E-6	3.76824635505356E-7	4.770514623839796E-5	4.362917190271794E-7	5.066945750658751E-8	8.249181189183086E-10	8.354719168887407E-8	4.220393890214931E-12	1.4599092256186142E-5	1.5616377218141327E-5	6.591439219404003E-5	1.3548455839214877E-5	1.1155568467678333E-4	6.674789421804179E-6	1.5384523334642462E-6	0.0	1.5384523334642462E-6	1.8166534085377155E-10	8.906994415630405E-11	1.1343763359806994E-8	1.324049834736789E-4
6.399752130356967E-7	3.890764842526622E-7	4.892244900436626E-6	1.1088011011878594E-7	8.599535972194201E-12	3.2185906719100985E-7	9.61785041408011E-9	6.4687411678021175E-12	1.0133623631691434E-6	4.0041083646860376E-7	7.315101862560124E-7	6.9481143420929016E-9	1.0958777950379125E-10	3.846967814156004E-8	2.004333937872286E-9	5.992309175588552E-11	1.1229003151083709E-12	1.9927445564982884E-10	8.587064886115581E-13	5.567078023654951E-9	3.8810994501046326E-8	5.4368422720457727E-8	3.1904320275790965E-8	1.7221421111979047E-8	5.091499314214351E-9	4.44513676314982E-9	0.0	4.44513676314982E-9	6.806273477714376E-13	2.062564938812585E-13	2.4014630644823016E-9	1.177478443877874E-7
0.08105256140291227	0.0032970824358913237	6.388117801658608E-5	0.004278003213813396	5.436323136151729E-7	0.001720012228408608	3.5499396970616336E-4	3.2316213963775873E-8	0.04866919051992399	0.05242757752845156	0.09486147588514349	6.845523847623084E-4	1.1322839705117811E-6	9.75741368347808E-4	1.693963004744054E-5	1.9051728900762814E-6	2.1185065787451335E-8	3.297870849718372E-6	4.429734500972595E-10	2.0967821591527975E-4	3.8198660168315253E-4	9.119543057239657E-4	5.439900180610924E-4	5.073429933128635E-4	8.416072756341474E-5	1.6483254007837691E-4	0.0	1.6483254007837691E-4	2.4323917816475774E-8	9.575609025517169E-9	1.2263075164206122E-6	0.0016713377236887682
0.0821297368705476	0.0018941819214901398	2.778212855987592E-5	0.002929554282332548	2.1927394023297734E-7	9.914454644084727E-4	1.2395047553691592E-4	2.714730873168647E-8	0.021963098148196827	0.00529487590913721	0.009835445351228362	8.338445931328633E-5	5.578486454144682E-7	3.7174212426846134E-4	1.0827780344616581E-5	8.597849758817326E-7	1.6607508918987957E-8	1.7339053999954736E-6	4.1005006241095795E-10	1.7227977493298883E-4	2.2956677109093262E-4	4.594137503464186E-4	2.7307567358449575E-4	2.040095224938126E-4	4.8097744464880764E-5	4.871587777777655E-5	0.0	4.871587777777655E-5	6.370805891612252E-9	2.1083777976261784E-9	1.1393651009529045E-6	8.936499511537814E-4
0.07672530653867064	0.002384709956052889	3.8962610324336335E-5	0.0032988964297617214	3.155936183730338E-7	0.0012277851617573683	2.3589148618626834E-4	2.752687348159652E-8	0.033333921813976895	0.04978376089477435	0.04064720819842891	8.514447486567716E-4	7.322386584399177E-7	5.792823413693794E-4	1.2596071346888903E-5	1.2786106253813203E-6	1.783646346795215E-8	2.2103870874634116E-6	3.9804410246329787E-10	1.7576195495302356E-4	2.824141509677595E-4	5.962405499291802E-4	3.585108238233423E-4	3.1885534662138025E-4	5.871506064579372E-5	1.0707998765759606E-4	0.0	1.0707998765759606E-4	1.5729833056228263E-8	5.388241754299708E-9	1.1041318873784055E-6	0.0011217160762846856
8.326037869819183E-4	2.351530223385959E-5	3.866383158503619E-7	3.3820745384102604E-5	3.153733508326906E-9	1.2256628372832042E-5	1.9973153702081283E-6	2.9148926087280625E-10	3.0646145862106306E-4	5.407018788811949E-4	4.0722473136223355E-4	2.842725073716706E-4	7.3371540386061984E-9	5.5500188618297915E-6	1.2825245507790169E-7	1.1946672260278341E-8	1.8333453892396938E-10	2.219323298027869E-8	4.269733818741657E-12	1.8619843507973832E-6	2.7986550847685538E-6	5.984379031318074E-6	3.569122768072717E-6	2.985762972990834E-6	5.945733119618403E-7	8.68067697702705E-7	0.0	8.68067697702705E-7	1.2290257551101373E-10	4.437662004634569E-11	1.1850329299970979E-8	1.134253790401946E-5
4.1023795787177785E-7	5.69183577870643E-7	1.4137258404369686E-9	1.9741207200090618E-7	4.806276568452749E-12	9.226108245004668E-8	8.905253658490878E-9	1.1231418782717831E-12	9.38406916566714E-7	2.5218579158070743E-7	4.7587499745980395E-7	4.121868530964352E-9	5.3770288720187453E-11	4.951569376509586E-8	5.030228684070199E-10	1.0435609737713929E-10	5.897949223352278E-13	5.151726581693805E-10	5.183099618811137E-15	1.1106892624968867E-8	6.409652183284176E-8	8.73419975686529E-8	4.1265847892455315E-8	1.3562989196063367E-8	1.1271589211538296E-8	4.2161155105967725E-9	0.0	4.2161155105967725E-9	3.366026922360481E-13	1.1286068933800276E-13	1.0949723579932146E-11	1.6158084355436715E-6
9.60921613508853E-4	0.001375384757863918	2.8879489459708606E-6	0.0011424169902203797	2.0084343875724047E-8	1.2678181009002115E-4	1.5752563384659177E-5	1.4809740709984534E-9	0.0013986653259154443	4.487733434487548E-4	8.686886150634389E-4	7.72829157436353E-6	8.187865147789876E-8	5.338775448730994E-5	2.4650781503792194E-5	1.2333249012948467E-7	8.256150113688521E-10	6.426560474669908E-7	1.0010802008928829E-11	1.3509424961987989E-5	7.43642632814597E-5	3.0594444316520597E-4	6.100399069183424E-5	2.2969646763952114E-5	1.4322917749034088E-5	7.586551242785059E-6	0.0	7.586551242785059E-6	7.489922317921665E-10	2.3512723385248023E-10	2.3838399527582643E-8	1.1132068957380558E-4
1.0176731870755442E-4	3.486029187535732E-5	2.2434099587628324E-7	7.911766415851164E-5	1.7905192550664814E-9	7.527376664885178E-6	1.0718066452682195E-6	1.8281331486176193E-10	3.679714473137073E-4	7.118564783215527E-5	1.3650161441262597E-4	1.062256207244212E-6	5.809759971568805E-9	3.21562048054645E-6	6.130082824949076E-6	9.433683219601582E-9	1.0345806320122433E-10	1.1317075452711824E-8	5.1099340109207226E-9	6.683855074895085E-4	1.3519191918827574E-6	3.1182131242781858E-6	1.3997969492678763E-6	1.670358499636589E-6	3.2843975575664924E-7	5.026543305809143E-7	0.0	5.026543305809143E-7	7.16896768975825E-10	2.4479208762346588E-11	1.074950828590366E-6	8.739755825219339E-6
4.0766273146475177E-4	1.0454364940582141E-4	3.594089567023473E-6	0.0011572715752896539	4.1733728541501606E-8	0.0038334542112887105	7.0336061740348466E-6	3.9171483275044367E-10	6.554116750666337E-4	2.426105921439122E-4	4.870083409321086E-4	4.366682249924385E-6	6.304957988693621E-8	3.3644900495261784E-5	6.28088079875765E-7	1.1103345127847149E-7	2.400073860808074E-10	1.557380499445759E-7	3.0234380057515043E-12	2.144829040796864E-6	1.0895262943815323E-5	4.8870445827069135E-5	1.0492485101896382E-5	1.43120518956422E-5	3.536641024906299E-6	3.114082779392533E-6	0.0	3.114082779392533E-6	5.460655908243598E-10	1.460207337199468E-10	8.114763619935613E-9	8.75215191144594E-5
2.351610583506438E-8	1.3660472296874006E-8	7.87504071403162E-11	4.094844699377275E-9	3.159859743880023E-13	5.605014997843157E-9	2.704083636276621E-10	7.353750791253758E-13	4.87899389317599E-8	1.445852814669652E-8	2.4689759280568034E-8	2.297875833733136E-10	1.6468041592658276E-12	9.059556936689994E-10	8.450446038198465E-11	1.7269233500883882E-12	2.854551074799163E-14	9.944562214629457E-12	2.710752027329512E-16	2.61032512372722E-10	1.4074775435641639E-9	1.7712295232772406E-9	1.1581954218508874E-9	4.355990785939349E-10	2.137288566968274E-10	1.2750755052781863E-10	0.0	1.2750755052781863E-10	1.3000213331840368E-14	5.551289057095226E-15	6.969336658822216E-13	4.94789612034347E-9
6.623219190417519E-7	1.3254698302526779E-6	6.95754829821682E-9	3.2866660133290576E-7	6.6501354888153105E-12	1.548140207240442E-6	1.73295668223822E-8	2.196060748299053E-11	1.299853422367036E-6	3.5405429100563804E-7	6.802848973548239E-7	5.861965428896831E-9	8.649577775709065E-10	2.0144082908496476E-7	3.003658312793799E-7	2.0975733257665983E-10	3.0859060312540075E-12	9.254316491627646E-6	3.470173872204215E-6	1.3020338299174499E-8	1.1697159721253645E-7	2.572731611564483E-7	8.735895365487876E-8	6.752044492130816E-8	1.706521137425501E-8	5.738342352245714E-9	0.0	5.738342352245714E-9	5.110242659061603E-13	1.661788417257682E-13	2.187681111740578E-11	6.825626370157354E-7
5.810882694035797E-8	1.3326062475220237E-7	1.7847084414799927E-6	3.243886713903762E-8	6.325729280940227E-13	1.6225401109517072E-7	1.6774769627901027E-9	2.9066171576061902E-12	1.2203361924554992E-7	3.331717808073832E-8	6.433960238987091E-8	5.534192115630187E-10	7.852717277988981E-11	2.3937745407878916E-8	6.495680556583905E-10	2.020882579257269E-11	3.6738232838906416E-13	5.560249624274102E-11	1.6474253819072494E-14	1.3796750959593086E-9	1.3049763837729548E-8	2.439172937661746E-8	9.721365730226143E-9	6.208338463899896E-9	1.693951832252571E-9	5.734103852566495E-10	0.0	5.734103852566495E-10	1.3563458643267365E-9	1.5828302799260187E-14	4.572637446125764E-11	6.622450226392087E-8
1.3204864248560368E-4	0.0016677955924945052	3.3064325615240273E-7	3.410971543342319E-5	1.3849193772445387E-9	2.016509344677769E-5	2.2796508868793412E-6	4.0704891890082116E-10	4.474072956505743E-4	9.033980100420902E-5	1.7251967217076248E-4	1.3659412107491328E-6	1.0894968528958171E-8	5.634149788411897E-6	1.2957064300788727E-7	1.5278352562854935E-8	2.1411681559305938E-10	1.0788834749441241E-7	1.315725195312725E-12	6.707121554530835E-4	3.151682494750553E-5	1.839523289997445E-5	4.977985481714737E-5	3.0739675591005694E-6	2.3490186449773004E-6	1.1011508957152967E-6	0.0	1.1011508957152967E-6	1.0002324756851084E-10	3.227133290016314E-11	2.947757997858738E-9	1.6077932632825696E-5
8.953557135322283E-4	2.850999854169637E-4	3.3427072159504538E-6	2.5190316555658227E-4	1.760034266207241E-8	1.0728612725527758E-4	9.246983777910657E-6	1.1406082806788532E-8	0.001995953769338524	4.949959177030944E-4	9.311481728676574E-4	7.910820848640838E-6	4.275002981407393E-8	1.1300049748971832E-4	1.5051483351395441E-6	3.7496340909750296E-7	5.8308525359465905E-9	1.7161564170736864E-7	6.724039362924953E-12	1.481745334229841E-4	2.8086260396666057E-5	4.913357101558564E-5	2.4931992338892725E-5	1.2941048493940678E-5	4.308693344185112E-6	4.45203383315675E-6	0.0	4.45203383315675E-6	6.304914913119345E-10	2.0768031690859145E-10	1.795217029989064E-8	1.187208412647367E-4
4.598206754539906E-4	4.364302448258301E-4	1.8792141477268137E-6	1.3986530504948486E-4	5.848920044872575E-9	5.562823087998588E-4	1.3660733835232572E-4	2.0465559210253653E-9	8.766609223608992E-4	2.7012574096424967E-4	5.182060158713759E-4	4.592841815740178E-6	5.8716145590212344E-8	0.0013177875623224665	7.193528562720984E-7	7.217864231248791E-8	1.0072068594917843E-9	1.0277786551335596E-6	5.193841004425473E-12	1.905521560071242E-5	1.5829168206253156E-4	6.83436204714357E-5	0.0011421503742466814	6.410132438610563E-5	2.6380097847467848E-5	7.345417028568339E-5	0.0	7.345417028568339E-5	4.153308812650984E-10	1.3592084666725573E-10	1.1969796919254145E-8	7.982068041896869E-5
5.72454758703341E-4	6.455127009398259E-5	8.761794864245837E-7	5.376479239178741E-5	6.771173356023878E-9	2.9940112115762717E-5	4.894636354612963E-4	9.251717760958315E-10	9.898455359906408E-4	3.63639562571267E-4	7.234334075483328E-4	6.506938439460483E-6	1.5561320647131245E-8	1.5121645524927365E-5	2.6494095017397426E-7	4.286387907329992E-8	5.293031418124809E-10	5.265905616477437E-8	3.739931738800395E-12	6.769483465721825E-4	7.142399340164196E-6	1.322493786217157E-5	8.220945330306406E-6	1.873147219087734E-4	1.2674205568511302E-6	2.6522754747086534E-4	0.0	2.6522754747086534E-4	6.727678217541143E-10	2.1194493143499643E-10	1.0219803816210955E-8	2.531481983664964E-5
3.8823152005235557E-4	5.899434968883203E-5	8.980893547468482E-7	3.873351382930268E-5	7.67333115945591E-9	3.1792024237668896E-5	4.244642405421788E-4	1.8186866895027668E-9	5.295164598517756E-4	2.4234947985070208E-4	3.6779494520170804E-4	3.95074973964004E-6	1.5276146512197297E-8	1.2614140685873714E-5	2.954119708318402E-7	3.983470112460766E-8	8.316019921995021E-10	5.158093565406216E-8	2.7338587845678143E-12	1.9397898946117734E-5	6.090577727011087E-6	1.2811796828655833E-5	7.761298524683157E-6	1.3791386685809372E-4	1.185962498062431E-6	3.5880756197787477E-4	0.0	3.5880756197787477E-4	1.5585369804021097E-10	9.328719026267608E-11	7.431731694236458E-9	2.9711536101697337E-5
3.3408762299744605E-5	1.6181361509661717E-5	1.7149762128300564E-7	2.136533798327381E-5	4.5123440934298673E-10	2.559995617570765E-6	4.7084152873675983E-7	3.041036811712362E-11	4.912148868198855E-5	1.8437789205558703E-5	3.547317582424023E-5	3.2551898173431894E-7	1.4834252660692695E-9	1.0092174623693438E-5	1.5133730479326202E-8	1.896427440863966E-8	2.027129215147168E-11	9.739008718564805E-9	1.5388516946343503E-11	2.6214675581620257E-7	1.6622236115738095E-6	4.002095319853041E-6	1.3470191429395492E-6	5.662403353454499E-7	2.7523366281483135E-7	2.328304430349966E-7	0.0	2.328304430349966E-7	3.2833446859993055E-11	1.0213509127511537E-11	4.299535936977812E-8	1.9589318779058136E-6
8.772989414375983E-5	1.5670295488901557E-5	2.029252903098419E-7	9.455735581006318E-6	1.6870185637540891E-9	7.281207571613448E-6	2.695898271848659E-4	3.962130815855422E-10	1.2924005974382534E-4	5.5099777898690676E-5	8.48947814662076E-5	8.945432109603445E-7	3.5666104468435082E-9	2.9562211043447374E-6	6.548270776056391E-8	9.075384735733505E-9	1.8170567265241919E-10	1.3872133693534855E-8	6.265394010092055E-13	4.235746121715361E-6	1.64007083803895E-6	3.2424923971311615E-6	1.8977658903931239E-6	1.0116720612252907E-4	3.177773897921775E-7	3.500655204272076E-4	3.497751352872101E-4	1.751776922966292E-4	3.695942254919097E-11	2.1130987752034595E-11	1.6872770101377346E-9	6.7733559672111E-6
2.6335344948891104E-5	4.709689095403522E-6	6.116585006343553E-8	2.8424247373728605E-6	5.062826692802102E-10	2.192992484416687E-6	8.087707198958692E-5	1.189869370750709E-10	3.87989348424231E-5	1.653967547694627E-5	2.5487695277722655E-5	2.6853630476303177E-7	1.0763007884011173E-9	8.896117735823064E-7	1.9657109748599732E-8	2.7271857162938073E-9	5.45333617404354E-11	4.165875353325236E-9	1.8809401683940384E-13	1.270844186301124E-6	4.928891128970867E-7	9.74453773094977E-7	5.700456664348253E-7	3.0350659534086015E-5	9.556959111159565E-8	8.724265412403075E-8	1.619051990878694E-8	8.753115671941323E-5	1.6818950591996803E-8	5.321224777727423E-10	5.065268816340004E-10	2.0361451688558377E-6
8.334305969602717E-5	1.4886720030070883E-5	1.9277823995105974E-7	8.982912183916192E-6	1.6026611024614348E-9	6.917118996014528E-6	2.561092918189519E-4	3.764008931416174E-10	1.2277755626488368E-4	5.2344575625765267E-5	8.064971363153739E-5	8.498125862271637E-7	3.3882661125369184E-9	2.808398600941247E-6	6.220831878587619E-8	8.621580353843977E-9	1.7261968535105668E-10	1.317847328798791E-8	5.952100046382825E-13	4.023942412387474E-6	1.558060944840615E-6	3.0803552204814624E-6	1.8028702466338104E-6	9.2682225132846E-4	3.018872896859754E-7	2.7586475845967037E-7	0.0	2.7586475845967037E-7	3.511130829361678E-11	2.0074356533110033E-11	1.602906625525045E-9	6.434661938525434E-6
3.065473619687231E-8	9.494094581709663E-9	2.3385590459751087E-9	4.669770764758973E-9	5.22272827740577E-13	8.748941416147903E-9	2.9311358158507995E-10	1.120947170300461E-13	3.355390253276413E-8	1.8300706090739935E-8	2.770050503064884E-8	3.049447502142755E-10	1.844601742133489E-11	1.893160824865986E-9	4.0629057949768965E-11	2.441448908151475E-12	2.3677135122289295E-14	6.587992735534299E-12	1.6285474894521852E-13	1.9565070347727578E-10	9.894643047860262E-10	2.232773359562693E-9	1.0875433580088253E-9	7.691036722534433E-10	1.2680964732676362E-9	1.2034928265458583E-10	0.0	1.2034928265458583E-10	3.3306271865685413E-14	5.0832586176526965E-9	4.556364196462887E-10	4.753753116015896E-9
7.0151292842218E-9	2.311631532354556E-9	3.3361043956206535E-11	1.4671381552187962E-9	1.2338547066774005E-13	4.002315198239504E-9	8.400215110758886E-11	1.477605909154399E-14	8.075234474644279E-9	4.358313879790886E-9	6.65658394875881E-9	7.280545094580036E-11	3.4400334504474932E-12	8.908515669922628E-10	4.439941737361081E-12	9.391655798810286E-13	4.6319769072518056E-15	1.7789696859315838E-12	5.370958009512137E-17	5.055695767186752E-11	2.489822158633612E-10	1.0216896617295395E-9	2.3339368213989253E-10	3.1390589226437327E-10	6.198824432746027E-11	2.870591330529264E-11	0.0	2.870591330529264E-11	3.226039194140125E-15	1.8183148202053567E-15	1.4002231171128424E-13	2.5048912908582964E-9
4.2585021932028176E-6	9.827942030190224E-6	2.6997179574274227E-9	3.283101614892193E-7	8.263902585731532E-12	2.2559187354424108E-7	1.2677877320183432E-8	1.5454134285818596E-12	1.6763694602921793E-6	4.685322860182692E-7	8.9674664924703E-7	7.788572809855798E-9	1.2091057822066871E-10	1.378999961241365E-7	6.317672674952993E-10	2.547653203443521E-10	8.832096366709428E-13	2.531343313268018E-10	9.365982856015559E-10	6.7283271448131995E-9	4.439164621303005E-8	6.483812940074725E-8	4.4284517351122054E-8	2.020099530055864E-8	4.981543989597231E-8	5.945676366187738E-9	0.0	5.945676366187738E-9	1.1775497392111928E-10	2.2170834491707384E-13	2.620628348102066E-6	1.0470725604210957E-7
0.0016643171658008182	1.1190295916741204E-4	1.896696860228545E-6	1.4704877251604153E-4	1.4093466435982758E-8	5.546228262024375E-5	1.6636493236714307E-5	7.924188598782109E-10	0.006423456089074067	0.0012235449212946216	0.002344081221580646	1.8141833389820673E-5	3.394285119646842E-8	3.258649446131397E-5	5.058880476651003E-7	7.028179846040852E-8	6.085683757570486E-10	9.934192737048128E-8	1.1357388471937662E-11	5.006598131153783E-6	1.2690952951030116E-5	2.6152889783383732E-5	1.7942518178510465E-5	1.8174581839427535E-5	2.4522586592672277E-6	8.27891108663927E-6	0.0	8.27891108663927E-6	1.2776994365152604E-9	4.106137262276217E-10	3.13599163265377E-8	4.910622065620203E-5
