32
NULL,open@__open_nocancel,fstat@_fxstat,mmap@__mmap,read@__read,munmap@munmap,open@__open64,close@__close_nocancel,rt_sigprocmask@sigprocmask,exit_group@_Exit,rt_sigaction@__libc_sigaction,sched_yield@sched_yield,mremap@mremap,time@time,read@__read_nocancel,mprotect@__mprotect,madvise@madvise,lstat@__lxstat64,openat@__openat64_nocancel,write@__write_nocancel,syslog@__syslog,getpid@getpid,writev@__writev,close@close,stat@__xstat,socket@__socket,fcntl@fcntl,connect@__connect,getdents@__getdents64,lseek@llseek,getrlimit@__getrlimit,write@__libc_write
0.9942305894763809	0.002560746357731635	2.822764043193465E-5	0.0019458008115324568	1.8826391260546351E-7	0.0015813379426022449	1.8125993106798247E-4	1.5162764820169263E-8	0.04615179579567924	0.010996130771815313	0.020655834625482847	1.7445491783804295E-4	7.141369143236664E-7	4.7566910893670657E-4	1.7647861404946033E-5	9.991636706102652E-7	1.7811483724895443E-8	1.7185459385521803E-6	1.725092158680317E-11	7.242898700211523E-5	3.637098024398914E-4	4.4876387556171707E-4	2.775932574873795E-4	2.538127228179284E-4	8.546215151772929E-5	8.717601258028547E-5	0.0	8.717601258028547E-5	1.2030538928195286E-8	4.4642735160666035E-9	4.779458850272639E-8	0.0010129565164537957
7.645520270681617E-4	0.0010697893738897371	5.286353013411158E-5	6.624456358851113E-4	1.4656478655806725E-8	3.2883349950420536E-4	8.548472209401965E-6	2.827510118101866E-6	0.001257519563679761	3.354605004278965E-4	6.290524757717989E-4	5.479304529814534E-6	5.841182814118508E-8	5.0700342749420485E-5	5.262545469648129E-4	1.8675921173496695E-7	4.786728372051371E-9	2.9828538267200056E-7	1.280416809618132E-10	4.496989418485632E-5	0.002094074354139503	6.11928926866173E-5	4.250921915950594E-5	1.4597377484800897E-5	5.6830635766850005E-6	3.971867331224331E-6	0.0	3.971867331224331E-6	4.267456634048419E-10	1.4851672360090623E-10	2.760010600318566E-8	1.1379187140945562E-4
2.1131084162406216E-5	6.846555022461284E-6	2.2661550153230945E-7	1.3029662570250626E-5	2.1910050734381957E-10	5.982733548749517E-6	3.4948609026513496E-7	7.880242806467436E-11	2.5450901291175802E-5	1.0200951447793756E-5	1.901126561222228E-5	1.7987012227217265E-7	1.5829056941711092E-9	7.554023179791001E-7	8.486229231403857E-9	1.452803015441862E-9	1.8747499096466036E-11	4.803866323727705E-9	7.906039298427358E-14	1.2978363679879487E-7	7.302099195534336E-7	9.788745250721864E-7	1.4531030270112621E-6	9.411310027167867E-7	7.318665277712081E-8	1.7095934604713733E-7	5.965970087965825E-8	1.7095934604713733E-7	2.2386894868005817E-8	7.053466956424861E-10	2.197359907286025E-10	2.281399884566885E-6
4.051610969004186E-4	3.9335731836266094E-4	2.0173259422456968E-6	0.0031638822218879445	1.4343249539276486E-8	0.004303954204100061	2.350482885445656E-5	8.913339748756308E-9	6.095843102036768E-4	1.7420027644345703E-4	3.3385025471927097E-4	2.925152538832291E-6	4.3720076649480335E-8	2.3024337134702678E-5	4.98956368616586E-7	9.633266881600322E-4	1.7541779079752896E-9	3.1211597188357E-7	1.4723145116370097E-12	1.940818453964903E-5	2.1771741873459922E-4	4.449155609441626E-5	1.8701395749222391E-4	1.657467017120547E-5	4.324454735967211E-6	1.2294840602040587E-5	0.0	1.2294840602040587E-5	2.534731770938782E-10	8.47711548761316E-11	4.0512425833580895E-9	9.163376129144503E-5
3.609647427888028E-8	9.359825279310104E-8	9.416402211046968E-11	9.045012454562559E-9	3.297336351889898E-13	4.833155919328867E-7	5.012830965522111E-10	5.233984605648455E-13	6.590006070203286E-8	1.609591390046952E-8	2.973122394576466E-8	2.548380772484815E-10	2.770793075233922E-12	1.398891571654122E-9	3.949423209014585E-11	3.0490057288071587E-12	3.3126710611087044E-13	2.6445645607896092E-11	1.1304387297194642E-16	6.7759219023392E-10	8.793852461865513E-9	4.482045185589936E-9	6.533948288008939E-9	7.169176439960541E-10	3.276978660202606E-10	2.4093329851488653E-10	0.0	2.4093329851488653E-10	1.6723519347086323E-14	6.4149875933708825E-15	3.065106868565622E-13	5.677390419080507E-9
8.629474331886065E-4	4.220263822899855E-4	4.3035403900673185E-6	0.0011709904303671456	2.6854651838950694E-8	0.0012076952632220463	1.0721302787110864E-5	2.50994003791344E-8	0.0014298518385121503	4.0310371781566225E-4	7.527177845116328E-4	6.657184283624173E-6	4.410759856286962E-7	1.0274025587250908E-4	2.868619714600714E-6	0.001798186309230581	2.0439264972385474E-9	2.3460602738684063E-7	4.878904601610834E-12	1.2460648308756201E-5	1.2285735691596426E-4	1.572944840280431E-4	4.519009988492339E-5	2.062660827922301E-5	3.463621070175648E-6	4.855325880343529E-6	0.0	4.855325880343529E-6	5.190892464207908E-10	1.8404069035932122E-10	1.359251540301561E-8	2.8205139496576524E-4
1.6277999164098357E-4	5.759285507462879E-5	1.2096811569015029E-5	2.3841976821648746E-5	2.417618911944728E-9	1.7902775970014495E-4	5.4761388560312524E-6	2.821582072524558E-6	1.7773881756196665E-4	7.785549077454814E-5	1.2436127526827375E-4	1.2955100819467215E-6	1.4022622477126185E-7	1.7799048413597916E-5	1.6801571459238976E-7	1.868237720950596E-8	3.431664244688665E-10	3.093992900225248E-8	7.317145526117836E-13	5.35498687641956E-6	5.791072472627592E-6	2.4595006495732897E-5	4.993438462610277E-6	4.2073774881096885E-5	2.106759076933397E-6	5.596717964930033E-7	0.0	5.596717964930033E-7	6.032678155329704E-11	3.27191628510609E-11	2.0379556189738632E-9	4.91747198629084E-5
3.009569874167678E-7	1.4192555293650733E-7	1.808450614207996E-6	4.004356565908288E-8	3.2483940890113927E-12	1.1734459318783811E-7	3.5005569465877084E-9	2.3611612123764757E-12	3.5843354858963374E-7	1.4466007836888363E-7	2.6444964853149095E-7	2.529825195381404E-9	3.990052153205423E-11	1.4099705912986553E-8	7.387516720422897E-10	2.174874809713604E-11	4.4823888226465236E-13	7.252598871616986E-11	7.934007936565611E-14	2.0207873587630265E-9	1.4118558905566395E-8	1.9931646514135462E-8	1.1583125092501013E-8	6.345180915305863E-9	1.0973617671566254E-9	1.6171183523476926E-9	0.0	1.6171183523476926E-9	2.025808751252833E-13	7.557295797686422E-14	2.219714913559602E-10	4.2858779097962245E-8
0.0370491950811383	0.00110284789785795	2.26518023877647E-5	0.0014812940055892961	1.952785222672467E-7	5.645439098669801E-4	1.22712783352707E-4	1.1024477607323311E-8	0.01551246709561778	0.01865291214761537	0.033754400324351716	2.4351731069914765E-4	3.8730541915397253E-7	3.4243248508941687E-4	5.588079854414889E-6	6.565079032221809E-7	8.170786399672248E-9	1.142924694139045E-6	1.7064909306540815E-11	7.353567109462999E-5	1.239804266634342E-4	3.2177273799431806E-4	1.8785197365977916E-4	1.7767763423791734E-4	2.1537047660390114E-5	5.684308103646379E-5	0.0	5.684308103646379E-5	7.669067741020746E-9	3.3403655514187673E-9	4.750395453117768E-8	5.701946694734114E-4
0.03750281746625208	5.688889120533469E-4	8.908575961019314E-6	9.717740618756206E-4	7.193503924593904E-8	2.857159998010163E-4	3.5782730815580995E-5	9.081171778346154E-9	0.005434723304434794	0.0013276741180428856	0.0024572792360845956	2.1043820339766225E-5	1.693810683799761E-7	1.1330929614933735E-4	3.147332426605739E-6	2.6242442376691437E-7	5.777368765829377E-9	5.524059086637363E-7	6.935573867371609E-12	5.9354416414951154E-5	6.591445970433743E-5	1.4867783640081306E-4	8.612465390722708E-5	6.236013631039581E-5	1.2621922825001556E-5	1.3188272865137394E-5	0.0	1.3188272865137394E-5	1.4655410688653879E-9	5.339950107428414E-10	1.9268688467198332E-8	2.755568026026583E-4
0.03501107827324191	7.648698267553853E-4	1.3274791865943592E-5	0.0011190105920501573	1.0943411621762722E-7	3.820106623308356E-4	7.843873299887832E-5	9.28770710722281E-9	0.009886522512485868	0.017680299429714576	0.013854475819785557	3.041065317406515E-4	2.3824179509048966E-7	1.938508698210892E-4	3.929747497339294E-6	4.2374837097624283E-7	6.549313282603902E-9	7.388920992885945E-7	1.0091000652130339E-11	6.100321888526032E-5	8.736940453344957E-5	2.028807187650394E-4	1.1924797949838998E-4	1.0685474159650579E-4	1.516179331461446E-5	3.5385365063836814E-5	0.0	3.5385365063836814E-5	4.742874716991092E-9	1.7811423843780519E-9	2.806211585633719E-8	3.6595926742834543E-4
3.795260924455467E-4	7.388092124000267E-6	1.3000312049317455E-7	1.1381103778887397E-5	1.0812590367310452E-9	3.7300595472000624E-6	6.391802051207332E-7	9.794724736340777E-11	8.639038975558474E-5	1.918009633271896E-4	1.3745128300605346E-4	1.041822492933061E-4	2.349547643598682E-9	1.8202104662947389E-6	3.9177115585450275E-8	3.866955301075825E-9	6.606532322420756E-11	7.326020759653703E-9	9.949415587074099E-14	6.440112829700343E-7	8.452917499246857E-7	2.010532860318629E-6	1.17106459309784E-6	9.782675523765289E-7	1.5406844213729588E-7	2.7332883115909123E-7	0.0	2.7332883115909123E-7	3.4874976207157414E-11	1.4011927404878291E-11	2.7667540527062483E-10	3.6496976130145483E-6
2.0718261292177305E-7	2.0731899984967442E-7	4.936060798966442E-10	7.15809897311847E-8	1.8977081032005937E-12	3.259834986807891E-8	3.2094781332698385E-9	3.907398479493648E-13	3.353190452591256E-7	9.091202575683141E-8	1.717212865409078E-7	1.4965397936965099E-9	1.8959709286030718E-11	1.8122636995839003E-8	1.945662752912856E-10	3.79996019474156E-11	2.711185132198859E-13	1.8780299964243194E-10	4.411637594729296E-16	4.044938127204214E-9	2.334095164758552E-8	3.190110762424544E-8	1.4802146042797747E-8	4.914997626567706E-9	2.3422966389951914E-9	1.5209032007235123E-9	0.0	1.5209032007235123E-9	1.1235899299200831E-13	4.123425642586877E-14	1.1631688433572103E-12	5.92001619860922E-7
4.2452127729125216E-4	5.066039602069345E-4	1.1234406421043478E-6	4.1903092984615144E-4	8.585374495019526E-9	4.745954443104891E-5	5.797592110932612E-6	5.283471287009129E-10	5.027646910994564E-4	1.656164674885039E-4	3.1953491517456076E-4	2.873569143853248E-6	3.0960469243950374E-8	2.1333465046316967E-5	9.140343381503894E-6	4.5914114880685566E-8	7.55274144262109E-10	2.3820711755087421E-7	6.564109139928221E-13	4.961867478541084E-6	2.730326721561726E-5	1.143565386532699E-4	2.2347109211698954E-5	8.703910930156966E-6	3.1026576896001543E-6	2.7825799257698616E-6	0.0	2.7825799257698616E-6	2.5413698926347414E-10	8.776919908616751E-11	1.7525770932680483E-9	4.232815752868834E-5
4.5849382197872927E-5	1.2613385144345355E-5	8.273905203810394E-8	2.8833952735897475E-5	6.691347585891063E-10	2.7002901701667024E-6	3.8789120032882293E-7	6.550109939858878E-11	1.3245537133836004E-4	2.5577144529702333E-5	4.914253928560767E-5	3.837443120684691E-7	2.1107603138468214E-9	1.168192649494191E-6	2.24094984997588E-6	3.398321645204673E-9	4.4371388773685535E-11	4.087717500628809E-9	1.0342279222761924E-10	2.450122344872502E-4	4.760718009440917E-7	1.156494588702113E-6	4.979184641129339E-7	6.132325195923511E-7	7.384593900451756E-8	1.8175303273188367E-7	0.0	1.8175303273188367E-7	3.8923829666662654E-11	8.8860311520477E-12	2.235940242710911E-8	3.1671092544805794E-6
1.8872933277146157E-4	3.828646478193909E-5	1.3363389521491355E-6	4.23989119149919E-4	1.5456671393099238E-8	0.0014050098566896051	2.5871554520252307E-6	1.3935506767250068E-10	2.3395193318749365E-4	8.828475158991892E-5	1.775711859412772E-4	1.6017055831318126E-6	2.3260968397526037E-8	1.254072807349971E-5	2.3728537020841422E-7	4.073097304671981E-8	1.437214749651683E-10	5.7131522411000706E-8	2.249530677848059E-13	7.787497976870051E-7	3.953055270926687E-6	1.8170848262150548E-5	3.810532898210696E-6	5.356138691473272E-6	8.93426584492278E-7	1.14334150228835E-6	0.0	1.14334150228835E-6	1.805633752261912E-10	5.389738252157376E-11	6.225910054460129E-10	3.217042921419831E-5
1.0980748576877169E-8	4.9928117459401496E-9	2.8915142690406284E-11	1.4829804942838076E-9	1.2238134050408064E-13	2.0371888402958716E-9	9.761627718211441E-11	2.6673477313786836E-13	1.7374959320741366E-8	5.213244697417239E-9	8.883236908558714E-9	8.339591582231033E-11	5.952697200798315E-13	3.3721881807678627E-10	3.119460581747134E-11	6.275223888845348E-13	1.2994027349861374E-14	3.636834390735965E-12	4.0950090948330395E-17	9.504293741187726E-11	5.128240014075836E-10	6.558393357733343E-10	4.201529156875729E-10	1.596876489977795E-10	4.621749112441254E-11	4.598394063058488E-11	0.0	4.598394063058488E-11	4.295029928155182E-15	2.022574214496849E-15	1.1334627933816927E-13	1.8076983085621504E-9
3.201663409278494E-7	4.864701675788918E-7	2.583440109382743E-9	1.1985585325343684E-7	2.9765509583346396E-12	5.670167109636503E-7	6.333017762379194E-9	8.028957663495718E-12	4.6623360517172986E-7	1.289508847452802E-7	2.4758948570395785E-7	2.1512582633702762E-9	3.168359499969041E-10	7.432962247329178E-8	1.1062851045589665E-7	7.689228470471278E-11	1.336404240905259E-12	3.394164942381263E-6	1.2727406338924693E-6	4.746891598927215E-9	4.282445625952809E-8	9.476163303647776E-8	3.182347880816052E-8	2.528329033239539E-8	3.5664807247205963E-9	2.078029611419355E-9	0.0	2.078029611419355E-9	1.7263028053146525E-13	6.134549102765129E-14	3.6844741395262576E-12	2.501841225689892E-7
2.8097118669306633E-8	4.858480176108143E-8	6.545697721113552E-7	1.1414061480807013E-8	2.5612628194253866E-13	5.932825184749463E-8	6.005148646587165E-10	1.0627875467567397E-12	4.255008385498239E-8	1.1641646058340634E-8	2.246821555670765E-8	1.942520741309273E-10	2.8700778303656467E-11	6.73264889045818E-9	2.409661766481268E-10	7.034097775880719E-12	1.467176314440307E-13	2.0153686629383564E-11	4.812598643552241E-16	4.988731266303816E-10	4.751807876161614E-9	8.91682148742839E-9	3.519664878585955E-9	2.3061446482080103E-9	3.5105800973546325E-10	2.0181275156748208E-10	0.0	2.0181275156748208E-10	2.7404788940602747E-11	5.559322425713283E-15	1.339235057382177E-12	2.4197192868578544E-8
6.43684664865367E-5	6.104774338966578E-4	1.1494429691327581E-7	1.2221582837634726E-5	5.28606206806024E-10	7.0508573574752845E-6	8.1770911058524E-7	1.433101459454763E-10	1.6071732296224232E-4	3.241400942733567E-5	6.201834637870958E-5	4.92831847630222E-7	3.7960901655206085E-9	2.0356957242523828E-6	4.8746460053742116E-8	5.4998576051831225E-9	8.847481335998808E-11	3.903713481836125E-8	9.272003130230834E-14	2.4585578309874124E-4	1.1455886065394448E-5	6.664084427356486E-6	1.810005149062654E-5	1.103857139678349E-6	4.878378269109659E-7	3.9554656054217306E-7	0.0	3.9554656054217306E-7	3.322381439505648E-11	1.1700842468846618E-11	2.448332112672203E-10	5.709297066408448E-6
3.8888623760846504E-4	1.0719013735312E-4	1.2917364975900993E-6	9.290461669505031E-5	7.240058889921611E-9	4.073844942200475E-5	3.4246072698259865E-6	4.1447390237910466E-9	7.196020564224878E-4	1.810410133937689E-4	3.4005308304822036E-4	2.915510750405746E-6	1.6732369843144046E-8	4.2667010036493057E-5	5.874049206981676E-7	1.3800095170889484E-7	2.4304946801682536E-9	6.545989935925904E-8	7.547971720004021E-13	5.433585882673508E-5	1.0439556684784254E-5	1.9705369960272024E-5	9.349183215785232E-6	4.978000721672187E-6	1.085474974751311E-6	1.6408976682773284E-6	0.0	1.6408976682773284E-6	2.1311796584314067E-10	7.70134747464391E-11	2.094325341056541E-9	4.484884547243934E-5
2.601449919946137E-4	1.5264590104436973E-4	5.957214207051462E-7	4.834325528057474E-5	2.2258203744137872E-9	1.9896493633066105E-4	4.969695789705357E-5	6.9128753414183E-10	3.0585286252910425E-4	9.557450373348361E-5	1.8375557486966838E-4	1.6384130801544294E-6	1.897074407866858E-8	4.8250972220265195E-4	2.709810160176231E-7	2.5377523650222338E-8	4.1122107894488135E-10	3.697244455486497E-7	4.505871516253151E-13	6.834076087314404E-6	5.7048882598583404E-5	2.379644446556193E-5	4.1596135084269936E-4	2.3053316579816054E-5	5.369530356235468E-6	2.6743923424525794E-5	0.0	2.6743923424525794E-5	1.3695190528450793E-10	4.887808901907691E-11	1.2113926624685472E-9	2.704840929232782E-5
2.6545954761892905E-4	2.3488109662068047E-5	3.2561547424274966E-7	1.9507229429807768E-5	2.552150746250405E-9	1.0807307599919025E-5	1.7941940383262278E-4	3.33582415468478E-10	3.5316230407788366E-4	1.3192670922313425E-4	2.6320432616761447E-4	2.3797978740458014E-6	5.668926921281406E-9	5.6166203471306344E-6	9.80498822721791E-8	1.5690757536895642E-8	2.2021441917362374E-10	1.927928818748869E-8	2.462040119132267E-13	2.481459169755428E-4	2.5667921408597113E-6	4.948898291401207E-6	2.9903979875798277E-6	6.8657246482499E-5	3.102052143661641E-7	9.723183054609763E-5	0.0	9.723183054609763E-5	2.280994253863101E-10	7.805931658799663E-11	6.840219445158011E-10	9.205256117602513E-6
1.7741158118203253E-4	2.15513621062245E-5	3.364271186010157E-7	1.4021738368245652E-5	2.910439333386036E-9	1.158500159309097E-5	1.5556935355758408E-4	6.5918244397825E-10	1.8546030274882279E-4	8.748942163624209E-5	1.320010913552079E-4	1.4356748963661963E-6	5.6426209418093084E-9	4.7373791606672955E-6	1.1056997392240973E-7	1.4549106224954055E-8	3.3910809341107545E-10	1.8999975187440847E-8	2.708529918854229E-13	7.103638540504654E-6	2.191961146454273E-6	4.858058609491652E-6	2.8328557276386917E-6	5.055205032432876E-5	2.9027766699133055E-7	1.3152103857705085E-4	0.0	1.3152103857705085E-4	5.044937604286343E-11	3.397116238783834E-11	7.535171342194537E-10	1.0921244730024097E-5
1.4991263722317277E-5	5.970729083645828E-6	6.449201082468789E-8	7.831242961175377E-6	1.8773970807039773E-10	9.540716572073735E-7	1.7308140817581853E-7	1.0849031214707147E-11	1.7514525158462888E-5	6.72260826566955E-6	1.2937276814226746E-5	1.1960980819645364E-7	5.602588726441791E-10	3.731218100885419E-6	6.574167252227503E-9	6.961996271875276E-9	1.5818096169477856E-11	3.61118662050951E-9	3.3020084615311223E-13	9.593745384263001E-8	6.091110062426965E-7	1.5026058995525157E-6	4.946019426384733E-7	2.126202952121983E-7	6.652415073608346E-8	8.54423483590337E-8	0.0	8.54423483590337E-8	1.0542059718090787E-11	3.77444987655414E-12	9.226621257406846E-10	7.424121364384333E-7
4.019751582448658E-5	5.713865119915572E-6	7.575290029127381E-8	3.4198591062675863E-6	6.397094440454498E-10	2.6435771160417706E-6	9.881241017406031E-5	1.4345914667516338E-10	4.540633730128415E-5	1.988187400007877E-5	3.0469639839460283E-5	3.249065883221927E-7	1.3110944920003936E-9	1.1069424824120319E-6	2.4497552425345527E-8	3.312038697558546E-9	7.418900759065236E-11	5.094361413189063E-9	6.079958349660726E-14	1.550571748783892E-6	5.906071761058695E-7	1.221500267833184E-6	6.906077103835143E-7	3.707112870939419E-5	7.55772131262797E-8	1.2832416466684431E-4	1.2822011838358198E-4	6.42140099860745E-5	1.1995935052300024E-11	7.692421219444548E-12	1.688071315658791E-10	2.4839031117832764E-6
1.2067103296070465E-5	1.7172775898182872E-6	2.2831398367665463E-8	1.0280289471290535E-6	1.919833451552017E-10	7.962106468984058E-7	2.9643767789245783E-5	4.308240043449973E-11	1.3631475621642716E-5	5.968095051049415E-6	9.147890535900563E-6	9.753535067859907E-8	3.9562990874586166E-10	3.3309241904909515E-7	7.354022884425921E-9	9.952831597384402E-10	2.2266765804012868E-11	1.529831307231527E-9	1.825204469622863E-14	4.6521472531618073E-7	1.7749502665532798E-7	3.670759513145461E-7	2.074385650224694E-7	1.1121522724006155E-5	2.272272968748289E-8	3.126013855122974E-8	5.938126838255679E-9	3.2086337478936226E-5	6.168145288236419E-9	1.9514695330306213E-10	5.067567945844133E-11	7.466780679854688E-7
3.81874843653904E-5	5.428149736551844E-6	7.196496191796554E-8	3.248852907295285E-6	6.077214945207429E-10	2.5113880227905424E-6	9.387140700694449E-5	1.3628563378518239E-10	4.3135844596799264E-5	1.8887703306038E-5	2.8946039851539204E-5	3.0866000068113775E-7	1.2455346900893718E-9	1.0515910715742796E-6	2.3272579935483172E-8	3.146423936564253E-9	7.047926990866608E-11	4.83962361423587E-9	5.775936887086461E-14	1.4730371566401939E-6	5.610745301303285E-7	1.1604205240908249E-6	6.560746504345795E-7	3.3973942209014905E-4	7.179805979158279E-8	9.884356617248817E-8	0.0	9.884356617248817E-8	1.1396091844533705E-11	7.307770368998622E-12	1.6036612126940416E-10	2.3596983370944377E-6
1.532282281986756E-8	2.9170306739615777E-9	8.507115980017407E-10	1.4602097301514565E-9	1.78764304411718E-13	2.871134013468416E-9	9.186434931200276E-11	3.7753284942993275E-14	1.048834289992404E-8	6.025350821483949E-9	9.049318884221003E-9	1.0114748481553193E-10	6.583942443104386E-12	6.303451712692354E-10	1.4388421266972407E-11	7.87280734711313E-13	8.824420699047201E-15	1.988842522438201E-12	3.3942533746555266E-15	6.075442679415751E-11	3.0096229000241297E-10	7.227009082604518E-10	3.2613851411663937E-10	2.5215264708998793E-10	2.5593901542536983E-10	3.7247427188776996E-11	0.0	3.7247427188776996E-11	4.232295715704387E-15	1.8643644809338584E-9	9.49664170580632E-12	1.5844699625191546E-9
3.315107269028242E-9	8.363412367762478E-10	1.2325902894617437E-11	5.310259224670191E-10	4.656882071776438E-14	1.4603146968069781E-9	3.0354063931549884E-11	5.286490207763614E-15	2.7990358562479832E-9	1.5719057000236242E-9	2.3872708105629885E-9	2.644097736209617E-11	1.2585284012678928E-12	3.2675215521226366E-10	1.673003616232644E-12	3.418477931342021E-13	2.159678389269827E-15	6.443252982161267E-13	4.927158619311775E-18	1.8258342834126548E-11	8.96536672844618E-11	3.741132767332778E-10	8.376192070212376E-11	1.169032668605749E-10	1.3407713074248026E-11	1.0244390767861592E-11	0.0	1.0244390767861592E-11	1.0507374622622747E-15	6.621402849935096E-16	1.3583350557560542E-14	9.151465801833244E-10
3.027719987620231E-8	2.2030699240635107E-7	9.386991740590794E-11	1.1333074265771546E-8	2.1796467232043785E-13	2.650905636808713E-8	4.5743516979347065E-10	1.2855739575107856E-13	3.203007514140027E-8	9.55739152392892E-9	1.843722619181099E-8	1.6256672664055571E-10	1.8666945722742E-11	6.051557382114829E-9	2.3717835191885624E-11	7.037845822729835E-12	4.460956430731251E-14	2.4130072024942948E-11	1.9431240795007994E-11	5.130428584881285E-10	3.241385023211406E-9	8.54489057721171E-9	2.3617464686419703E-9	8.700117824428252E-10	8.179632576847324E-10	2.068728407141174E-10	0.0	2.068728407141174E-10	2.4426118262809E-12	4.80000321399887E-15	5.4369181992726416E-8	8.156661835901772E-9
7.667079680406708E-4	3.952369480209167E-5	6.908396599390579E-7	5.2663195445121974E-5	5.183658973268171E-9	1.9323681721034822E-5	6.036421637382931E-6	2.761792659559287E-10	0.002317421456454469	4.402554093545229E-4	8.454602394552895E-4	6.562971131662161E-6	1.2050943287508835E-8	1.1829696334192718E-5	1.783095314307848E-7	2.5272369022181657E-8	2.5115469340562755E-10	3.555712174959464E-8	4.799613295909743E-13	1.7863920145978363E-6	4.401697010145571E-6	9.517397545992206E-6	6.411891080416262E-6	6.602842043462718E-6	6.121285727702258E-7	3.006812228871475E-6	0.0	3.006812228871475E-6	4.2756713504193135E-10	1.4930389629700048E-10	1.3348403138204762E-9	1.7374755173982108E-5
