32
NULL,munmap@munmap,madvise@madvise,mmap@__mmap,lstat@__lxstat64,openat@__openat64_nocancel,fstat@_fxstat,time@time,open@__open_nocancel,read@__read_nocancel,mprotect@__mprotect,rt_sigprocmask@sigprocmask,exit_group@_Exit,rt_sigaction@__libc_sigaction,sched_yield@sched_yield,write@__write_nocancel,syslog@__syslog,getpid@getpid,writev@__writev,close@close,open@__open64,read@__read,close@__close_nocancel,mremap@mremap,stat@__xstat,socket@__socket,fcntl@fcntl,connect@__connect,getdents@__getdents64,lseek@llseek,getrlimit@__getrlimit,write@__libc_write
0.7226853849035629	0.020768066596508795	1.911769585751516E-7	0.03215366430547496	1.0974949625300485E-5	9.708941206727792E-11	4.114863343795123E-4	0.014107350278665637	0.05609422979239322	1.5029007640698446E-5	3.396796179125578E-5	0.05260615471226299	0.018480913949464436	0.035065101513087	3.291302971767271E-4	0.0013084807792664774	0.005852050642668726	0.008360547150792442	0.004865246034863877	0.004131523640081463	0.003502013625478816	5.125135229985696E-7	5.144936679918559E-8	2.6735909797684195E-6	9.871716363024751E-4	0.0017522551844444414	0.0	0.0017522551844444414	6.935035162213303E-8	2.592573003711527E-8	2.682515964585324E-7	0.004279586431052463
0.03559489923270947	0.017134230306861356	1.2765566694816378E-8	0.020081575583474846	4.930822839257958E-7	1.474428354355789E-11	5.598541398451363E-5	0.0012865409780716981	0.002004916305580918	3.539167888023487E-6	0.032160177333088194	0.0026597271064015084	8.206113721360889E-4	0.0014389962547056209	1.3737591807403917E-5	1.310949814587654E-4	0.0010398102592286288	0.0014844366075797725	3.861972485790906E-4	2.394020130406197E-4	1.3825929625165795E-4	5.406617179953686E-8	5.810038460834004E-8	1.2857997500969935E-6	5.2828215027168004E-5	6.544740368885273E-5	0.0	6.544740368885273E-5	2.186288014270637E-9	9.282045933042319E-10	4.11721632713193E-8	8.176267734003155E-4
3.570343756243571E-7	4.1817547014824344E-9	5.322758686183713E-14	1.2218537736501604E-8	4.390795967301317E-12	1.099931180112585E-16	4.114748223238433E-10	5.6180184947338815E-9	1.5598833562755905E-8	3.175426825220909E-11	1.0713365817669208E-11	2.8566614485633046E-8	7.566631655210288E-9	1.1961993291456223E-8	1.16471935542911E-10	6.849553298962062E-10	1.906201763545999E-9	3.28728542913222E-9	2.5130256766346183E-9	1.4536828830473577E-9	6.7148209394816E-10	2.4588381217665224E-13	6.240451277061799E-13	1.4545167394964063E-12	3.9160645479579147E-10	3.0442543690759625E-10	0.0	3.0442543690759625E-10	8.136695539152048E-15	5.9347418510915756E-15	3.0661806657877293E-13	4.700038906427759E-9
0.012866200809875496	0.05434976479252637	1.1261296551600987E-8	0.055990058737390554	5.229658810590148E-7	4.027009986711548E-12	2.3094862450225683E-5	3.842534737050387E-4	0.001604439647993883	1.211955030663126E-6	0.017228944937733068	0.0020897285054054158	4.7476090347277995E-4	8.786199946383503E-4	7.563442078869999E-6	1.8451294162427065E-4	0.001996760439159248	2.7286019388466477E-4	0.0021276297188655693	2.0080254988483678E-4	2.964012346321841E-4	2.836805543731255E-8	1.751931597038015E-8	1.2305175115949644E-7	3.656029151867487E-5	1.5613790353536413E-4	0.0	1.5613790353536413E-4	1.2712914759577295E-9	4.799509214487074E-10	1.1201497783008288E-8	2.5311675079897817E-4
2.029879701318814E-6	1.3562351262014414E-6	2.9629714927719632E-12	3.466041782914645E-7	9.507710243493513E-6	3.565367719031275E-6	1.797382386088526E-8	3.877035051861468E-7	7.984025669064534E-7	1.1060487311393807E-6	3.119474504523569E-10	4.029193280288476E-7	8.268307498725539E-8	1.5271108670237874E-7	1.2740282099221618E-9	1.1866250952571342E-8	8.172566271875444E-8	4.6112114795321554E-7	7.292420545219729E-8	1.4926914393357933E-7	2.6072623224765596E-8	2.0434538873071033E-12	1.3874179119811654E-11	6.35624637642702E-10	6.7267371039852025E-9	6.6184284794218244E-9	0.0	6.6184284794218244E-9	1.8913101447575285E-13	7.455868031793409E-14	5.709667099922074E-12	5.721866226390263E-7
2.1328380525785247E-7	1.4464574202744368E-7	3.661072799913582E-13	3.469589930345713E-8	8.24497904869151E-12	1.1993289221903542E-15	1.8348370349649595E-6	3.6387258497642176E-8	9.281269985805807E-8	2.1516685393888024E-9	3.144433573133575E-11	4.7221819302824797E-8	9.174477765900684E-9	1.6912311564031887E-8	1.3852255775823855E-10	1.3905954098978696E-9	9.595023082771704E-9	4.248191377284206E-8	8.817728155889354E-9	1.373599572909521E-8	2.583475868138469E-9	2.1662127028960763E-13	1.866966810851354E-12	5.7561571267785004E-11	7.158281955826855E-10	7.119388546105462E-10	0.0	7.119388546105462E-10	8.014529453706873E-11	7.690756148620864E-15	3.3533118987660176E-12	5.4661218982123776E-8
4.5942723822047806E-4	7.106559721759097E-5	2.775272881935355E-10	5.1612698771528474E-5	8.760339588601355E-9	3.275933619584091E-13	1.4307038773639852E-6	1.3348295557473066E-5	6.929516253183164E-5	5.5186851091115095E-8	2.963532664225244E-8	6.088715857424219E-5	1.70204475919616E-5	3.1584413783239167E-5	2.865924480421169E-7	1.4097408020943353E-6	6.864221050437403E-6	7.352540925400026E-6	1.0913757950365845E-5	1.0277948752487294E-5	3.4641467214704243E-6	4.4665159304977103E-10	9.878751345125038E-10	6.146294921169196E-9	7.852243049171426E-7	1.6622431644046336E-6	1.67126566152706E-7	1.6622431644046336E-6	6.272457027268423E-8	1.980769522055616E-9	9.142540324649229E-10	1.369093224147323E-5
0.010613461214101923	3.422455057031382E-4	4.3507295809097735E-9	0.006955782628296154	3.8376197811058054E-7	2.206097996222123E-12	1.1605130969158038E-5	3.748205690083012E-4	0.010665784645348805	3.298265655486289E-5	9.440736323249568E-7	0.0012610001576649898	3.452569944204009E-4	6.431614962676024E-4	5.796757536108935E-6	3.495729080443805E-5	1.7286972113081874E-4	9.710744425095525E-4	1.4387038078527204E-4	9.608087838488952E-5	6.312348496481096E-5	1.5956301746558042E-8	1.8520754574007497E-9	9.083919713222563E-8	3.345744178948216E-5	3.0605220897564254E-5	0.0	3.0605220897564254E-5	1.0806756670028099E-9	4.0955651801011507E-10	6.049596142614213E-9	1.424581499771325E-4
0.027771363840181862	0.0010074403489595352	5.146473117693625E-8	0.012166899076377004	7.096860618223993E-7	3.7770260110648947E-10	2.3300991183669887E-4	0.0010610539589714137	0.01195239606802626	0.006285961231220838	4.811199671319808E-6	0.0046941020566417975	9.339707717027644E-4	0.0016318234248137303	1.3819888666859571E-5	5.304528912436746E-4	0.021711634659134543	6.376228500120776E-4	3.2712405069540407E-4	3.557990878786343E-4	1.1507644032934453E-4	4.34570551821181E-8	2.6125005789879137E-5	5.295836742849521E-7	8.206798141964606E-5	4.5533511274492415E-5	0.0	4.5533511274492415E-5	1.5183802704626457E-9	6.897466252680798E-10	8.956770434839823E-8	0.0010332745323146251
0.0010473237312217613	4.1403121482106685E-5	6.319727969506412E-10	5.140862578126374E-4	1.9483815758190088E-8	3.026909017036834E-10	2.208277959448471E-6	3.6526788800375944E-5	2.1792423972415286E-4	9.538132357933662E-5	1.034467524559176E-7	0.0010406304280916763	1.3561089856324918E-4	2.5489352964831697E-4	1.701890813415358E-6	0.0024597982446472786	9.413602753851015E-6	2.2065031601459893E-5	9.994338814306322E-6	2.087672062107964E-5	7.958270391322355E-6	1.5949419055966346E-9	2.8983620533515275E-10	2.9486323735170127E-8	2.162108662908006E-6	3.2295905126422435E-6	0.0	3.2295905126422435E-6	1.6470867330904186E-10	4.667870720889613E-11	6.577317358764256E-8	5.0617354420052795E-5
0.009865108130451846	0.024994750732306142	3.5472820284899023E-9	0.007761007375337136	2.3320097500371664E-7	1.7318654093625114E-12	1.4993796256806648E-5	2.811334508433625E-4	8.668941463065556E-4	5.283473776663016E-7	1.0690792658194662E-6	8.980258467310177E-4	3.1336205009624977E-4	6.038826379124742E-4	5.616063184276656E-6	1.9295568539582676E-5	8.839747216347938E-5	2.2567921247787411E-4	8.257331372375692E-5	9.01353631779861E-5	6.322596743250174E-5	2.997143492897755E-8	9.031136025241982E-10	8.805105221878102E-8	2.6809389633946256E-5	3.0772275815766415E-5	0.0	3.0772275815766415E-5	1.3033007999846944E-9	4.5271344259752E-10	4.808518860245918E-9	1.3454304543212466E-4
0.0531612028595952	0.0010604658140656253	3.1311057330346585E-8	0.0038344819878395114	7.935484765357629E-7	1.6975068183963687E-11	6.415032933403239E-5	0.0013377672288199403	0.003080406867930743	2.649854438038015E-6	3.66485288282615E-6	0.008020855586593783	0.01429371916495442	0.026534341470513586	1.643563940937186E-4	4.033628773029132E-4	3.1568883416052413E-4	9.164408563626075E-4	5.94889117084243E-4	4.5431693615764654E-4	2.8546595544477066E-4	7.098032214604256E-8	1.5260848720526596E-8	2.886570812901107E-7	1.0082670132286201E-4	1.1462585844322175E-4	0.0	1.1462585844322175E-4	3.872491222080719E-9	1.7689114314175175E-9	4.732859682222076E-8	4.968215255728227E-4
0.03177298672854138	8.375696123918152E-4	3.7990097959948156E-8	0.003867127996050854	6.846344825099748E-7	1.7571388531649572E-11	6.478920404880672E-5	0.0010825661197721777	0.002492739047170645	2.9600571908935954E-6	3.522139627109495E-6	0.009142163737741984	0.0014893578000286976	0.0026417408819657496	2.043762050798129E-5	5.397194713452102E-4	2.526371755239195E-4	9.202594279614028E-4	6.051869614517548E-4	3.9931253250295577E-4	2.1883653952081542E-4	5.8533011917698245E-8	1.9987988962329612E-8	2.6402054316341067E-7	9.774872734743877E-5	6.787672441741706E-5	0.0	6.787672441741706E-5	1.7018605450911733E-9	7.973329157371705E-10	4.9024958465487926E-8	4.81821177706371E-4
0.038330018181730076	9.269060738310988E-4	3.333754766699969E-8	0.0036686700661145402	7.058636372953937E-7	1.615048033105148E-11	6.039169833233409E-5	0.0011402881634522502	0.002737830845762944	2.6481565443270837E-6	3.466798981917366E-6	0.008296313897724634	0.016651710899814827	0.010487631883058781	2.8610744921335376E-4	4.504453224594498E-4	2.791658476814458E-4	8.711391764857435E-4	5.683534922492753E-4	4.0669920278212616E-4	2.52267733388726E-4	5.906870998186647E-8	1.6808089167067908E-8	2.59397129104486E-7	9.396663060757895E-5	9.352514808694486E-5	0.0	9.352514808694486E-5	2.950339371813704E-9	1.250221585444877E-9	4.50371169995245E-8	4.608907931164377E-4
3.817753016269992E-4	9.15544464892372E-6	3.629613957513493E-10	3.8863973545397466E-5	7.232707518101772E-9	1.747182327484679E-13	6.49136786314741E-7	1.1664025010270204E-5	2.7042876290515326E-5	2.883921959641489E-8	3.599362626322137E-8	8.889434509533461E-5	1.879958903072947E-4	1.1554738268047545E-4	1.1208116540370812E-4	5.024566977957968E-6	2.7514552173646277E-6	9.254253067301604E-6	6.060719148530875E-6	4.190968345759005E-6	2.427741278552369E-6	6.233405248060648E-10	1.870143739269127E-10	2.7288037052339405E-9	9.932172243168694E-7	8.371810989458286E-7	0.0	8.371810989458286E-7	2.4246463797423214E-11	1.1039218974977935E-11	4.873592819265827E-10	4.891552232703984E-6
0.0016832966929062156	4.632571720774907E-5	9.91904911392102E-10	1.6436769631458616E-4	6.11846764445357E-8	3.691108908401461E-13	1.6446099159124186E-6	5.7311406491473796E-5	0.005939642189376207	1.224369851696839E-7	1.5382813607374987E-7	0.0011254474294593493	1.533881399566321E-4	2.8566496786295697E-4	1.9685063766274063E-6	0.0024647523302131816	9.778589855803466E-5	4.259968432064905E-5	1.640435326045385E-4	1.3715355383603335E-5	9.176372199202177E-6	1.6590425646058098E-9	4.543069077983122E-10	1.2061795335559868E-8	5.121864671881705E-6	4.309076359115868E-6	0.0	4.309076359115868E-6	1.5308923152776764E-10	6.032297066643389E-11	1.0116347851240575E-9	2.0930865920134348E-5
0.010885147917599203	2.1387452402760722E-4	2.0432772648522225E-8	9.391345451407807E-4	1.704857182098872E-7	2.755940544023582E-12	1.5986330973858562E-5	4.7983923545034615E-4	8.572530404924999E-4	7.552882157061585E-7	2.0376429308614294E-6	0.0036306897687595147	5.808090715740174E-4	0.0010532819909639174	8.003342574649305E-6	5.52852797096588E-4	8.773701679885676E-5	1.9636351366073175E-4	9.758105521857303E-5	6.807461524716585E-5	4.294542616068983E-5	1.8207652863627552E-8	1.018753172766171E-8	6.236314793990859E-8	1.895183590761881E-5	2.0261483700328405E-5	0.0	2.0261483700328405E-5	7.596614553822947E-10	3.2671785719168446E-10	7.675460506854214E-9	1.509663829519511E-4
0.00646117436635247	0.0022115940762663555	4.235989853723773E-9	5.50561693387211E-4	6.722163611095884E-7	1.4883205611250469E-12	7.318621790600788E-6	0.004916030046019029	6.248285399683342E-4	7.882938475445647E-7	5.347528113384849E-7	9.47600327713914E-4	2.2514608584842414E-4	4.144126553621669E-4	3.623269717329058E-6	6.699591597119815E-5	6.007756048206417E-4	1.075257188056457E-4	0.005095602530097596	2.798882861367916E-4	6.126776354310253E-4	6.31829204242502E-9	2.5670802737141207E-9	6.091909359504569E-8	2.4663553473942066E-5	3.3047880430141046E-4	0.0	3.3047880430141046E-4	5.887716647544241E-10	2.3322246533083163E-10	4.12331685025557E-9	1.0841972624265749E-4
0.00691705951550596	1.844541649061046E-4	2.9309595497287454E-9	3.6267585982895827E-4	1.0147827585635019E-7	1.3044894638084958E-12	5.4506975082873644E-6	1.646051255898262E-4	5.13125791171609E-4	2.1404060818180232E-7	4.684260815103676E-7	8.894329106724756E-4	2.658612303335266E-4	5.183796614645377E-4	4.654978967904395E-6	0.0024953795405283138	5.295689140196753E-5	8.582319016450928E-5	5.413515979629519E-5	7.037839007729763E-4	0.001815003047122075	6.710282866512148E-9	1.5745933868289386E-9	2.953045793179573E-8	9.886373057591083E-6	9.845044434341668E-4	0.0	9.845044434341668E-4	1.0191666915263249E-9	3.6300316058448774E-10	3.622466297101056E-9	5.16300402909102E-5
0.004762505940780926	1.0750619676230702E-4	3.0577050445697196E-9	1.723855439603613E-4	4.9649448037275016E-8	1.0910173153311224E-12	4.4351120253960396E-6	8.750208695963185E-5	2.1252787411425237E-4	2.1635824228202233E-7	2.878991830000934E-7	6.313848650018842E-4	1.5819901767714234E-4	2.4694998850684983E-4	2.384394890978886E-6	7.291473220587135E-5	2.1615368632557522E-5	4.779115402971553E-5	3.360167680591095E-5	5.055690950312864E-4	0.0015580193162946041	5.714766119611672E-9	2.889342544766959E-9	1.9179234428608043E-8	5.573603801091705E-6	0.0013188829804014759	0.0	0.0013188829804014759	1.3131625368427978E-10	1.1265116688784102E-10	3.044225216210588E-9	4.2326046650475686E-5
0.004566281339460783	0.0012877596624154466	3.082229456318573E-9	2.9479019532820653E-4	6.369254025216813E-8	3.050434740177943E-12	1.734416157213621E-4	2.9643550988184725E-4	4.588099068535431E-4	5.969378063920215E-7	3.2952022313964605E-7	5.425307505630548E-4	1.4737790498380442E-4	2.3991447773191518E-4	2.3145167662525836E-6	5.511583427457379E-5	5.217983008418862E-5	3.731013131523818E-4	4.711430086975093E-5	9.882714592032024E-4	1.0834045295190199E-4	5.259162909627449E-9	2.6098196394898337E-5	8.399831384336785E-7	2.172178172189617E-5	6.598647793211432E-6	0.0	6.598647793211432E-6	2.1541850889071675E-10	1.278001965359339E-10	8.520601613558406E-9	2.7571237465555127E-4
1.499784948032221E-7	8.394215144595805E-7	4.589006742231262E-13	1.6515568783432666E-8	7.5529945797216E-12	3.5023811727681014E-16	1.1808954718238603E-9	7.552133461254652E-9	1.0947471741636526E-7	1.1504200012288174E-10	1.5820930838841895E-11	5.229575233333384E-8	8.364216801065515E-9	1.5294689241846107E-8	1.1581399318973377E-10	1.5135058980933268E-9	1.0395977136012342E-8	4.58684911996005E-9	1.1075970290196838E-8	1.8580352492806098E-9	1.214669667410088E-9	1.5896246653629257E-13	2.801274076354532E-12	2.5635841887444567E-12	5.290098046690172E-10	5.987126980801908E-10	0.0	5.987126980801908E-10	1.1628032960108796E-14	4.8643216617033564E-15	9.779403626638557E-13	1.4661993365470057E-8
7.085277047044126E-6	1.1370781704267277E-6	5.614898889442188E-12	4.2475570037148887E-7	1.4139460162574102E-10	2.337162662004179E-13	1.820469064040041E-5	2.192679138400709E-7	1.3432486184497818E-6	6.60055734786495E-9	4.4230416945481387E-10	9.139826716506217E-7	2.560361155453851E-7	4.6605785264048065E-7	4.272610639663714E-9	2.4652359493176926E-8	1.3077988884568775E-7	1.4235059610524757E-7	1.386955549841566E-7	6.636232108664269E-8	4.302197281646636E-8	7.0393346828863524E-12	2.4489834880709895E-11	9.901883216222436E-11	1.2377362851751584E-8	2.0855737471899608E-8	0.0	2.0855737471899608E-8	7.5202246174154E-13	2.93335863022945E-13	6.539075901515921E-10	2.0620462209699942E-7
9.387614340683181E-7	2.825835607329845E-8	4.558078670848578E-13	1.4801774518596396E-7	3.649500846105392E-11	3.6241381613586056E-16	9.32902705320231E-10	5.993277466748671E-8	1.7001935399194405E-7	7.772304447836557E-11	1.300139258970107E-10	2.0340990447989042E-7	3.9747521118945855E-8	7.32873113229726E-8	6.014644078518974E-10	3.868775685269269E-9	2.1373172528180716E-8	2.5323685312041645E-8	1.1530380720845695E-8	8.503827896888468E-9	5.035473139834656E-9	8.959031224656275E-13	1.7132028144366612E-13	9.182343258301235E-12	2.9765548816467915E-9	2.3634390566587E-9	0.0	2.3634390566587E-9	8.43071920418391E-14	3.3584912362377323E-14	1.001151411802986E-12	1.6704116071775436E-6
3.018163632210508E-4	8.03551136215242E-6	1.4728171190232327E-10	6.369220109084746E-5	6.618172993180105E-9	9.741651670982505E-13	5.566749565860692E-7	3.2226369493149435E-5	4.361470985234292E-5	1.3715842858078255E-8	6.301585279077983E-8	3.2401011198392335E-5	1.0230406837212792E-5	1.9084615382113945E-5	1.772123501773768E-7	7.901360212317459E-7	4.468893342987491E-6	1.2040027037772349E-5	3.6457834250816046E-6	2.3685723103018823E-6	1.812128481845913E-6	5.524087806247863E-10	3.500050481918499E-11	1.8365816402054503E-9	7.090733197211746E-7	8.946304845389531E-7	0.0	8.946304845389531E-7	3.4538624020979205E-11	1.321880559815271E-11	2.723690938272332E-9	2.6828899821711337E-6
0.0010691131030015474	2.4381143808705605E-5	6.747541716522544E-10	4.166602685527901E-5	1.2328262749234355E-8	2.4495835866260797E-13	9.988033186288553E-7	2.0635275161765523E-5	5.2830306243471575E-5	4.816508901792048E-8	6.602053187295346E-8	1.762154711295901E-4	3.931340740138222E-5	6.309491612822549E-5	5.795581071925291E-7	1.5866242377718018E-5	5.419799109610124E-6	1.1463805658674975E-5	7.77376364308457E-6	3.6930617505576385E-4	9.894385215755829E-4	1.272615539772372E-9	6.254153745805468E-10	4.445924794962641E-9	1.3394069558097044E-6	0.001286948424894	0.001285907793734603	6.439935703764965E-4	3.350109527041287E-11	2.6136895755586037E-11	6.829998460922257E-10	9.613097129214013E-6
3.207886377449655E-4	7.322516997757129E-6	2.024578216730562E-10	1.2506742316321793E-5	3.6995135407198285E-9	7.350566993458159E-14	3.000018274027374E-7	6.1950425827290595E-6	1.5857209061259367E-5	1.4464386321931657E-8	1.9813165637524092E-8	5.2870986581313424E-5	1.1795985504418568E-5	1.8932261771868794E-5	1.7390186223689414E-7	4.760017122552826E-6	1.6267819194043564E-6	3.442133607296771E-6	2.332892212951244E-6	1.1079275239369211E-4	2.968314160862932E-4	3.8183751726280255E-10	1.8770016509519693E-10	1.3386419614301739E-9	4.0193927019501225E-7	3.1238117035484063E-7	1.6634658458290644E-8	3.217898084291068E-4	1.727897590521825E-8	5.480444790849752E-10	2.0495047656980232E-10	2.8872362676743594E-6
0.0010156533076314067	2.316199220047629E-5	6.410138500338918E-10	3.958256415772493E-5	1.1711801869657568E-8	2.3270949211000183E-13	9.488592847572214E-7	1.9603431492038343E-5	5.018858634200505E-5	4.5756648044132426E-8	6.271924960988235E-8	1.674040151655834E-4	3.7347584787216955E-5	5.993992598205551E-5	5.505779574509976E-7	1.5072868815627612E-5	5.148788165554187E-6	1.0890570981300587E-5	7.385045356452047E-6	0.0034048625456428324	9.399627638224868E-4	1.2089798344853577E-9	5.941421838839325E-10	4.223611338039837E-9	1.2724314210660934E-6	9.885955715062213E-7	0.0	9.885955715062213E-7	3.1825910771407397E-11	2.482994975073258E-11	6.488472088198757E-10	9.1324050453192E-6
9.996894398117546E-8	6.561359505231296E-9	2.3214009899485215E-14	4.21820190136149E-9	9.879641908023713E-13	9.887117885728463E-15	2.3981938467004067E-9	3.0360166895206124E-9	5.662017463064365E-9	9.741659321529026E-11	3.661028186828094E-12	4.710312963094011E-9	2.3586614451131545E-9	3.427492556912837E-9	3.9455694751743564E-11	1.588481867737589E-10	5.950477710201767E-10	2.6586712017706002E-9	7.684843505845089E-10	1.0279362655063686E-9	2.581134553810129E-10	9.959561692521104E-14	5.639823052325366E-14	1.5866860612176315E-11	2.9425185318990143E-10	9.072191926708532E-11	0.0	9.072191926708532E-11	4.0606642370267714E-15	5.2226972408671585E-9	2.7664255748960225E-11	2.8341378318075252E-9
2.353110289460407E-8	3.6455526802797236E-9	5.6844670728649444E-15	1.6067731689184846E-9	2.936354286988268E-13	5.131907792444726E-18	6.184140414540053E-11	1.649307301738549E-9	1.4646545810824531E-9	1.4447546579648736E-12	1.3922074176935091E-12	1.2249433606713092E-9	5.991625390010402E-10	8.901922145841838E-10	1.0079846441377021E-11	4.289890967248332E-11	1.7826630682751463E-10	1.862796195608949E-9	1.9191527844451246E-10	6.26140754332514E-10	1.069782299508339E-10	2.5151584554517307E-14	6.088298438170284E-15	2.4877139777546374E-12	3.395040716375332E-11	2.6243625383785015E-11	0.0	2.6243625383785015E-11	8.358377018803727E-16	6.168361470682484E-16	1.4290391578007142E-14	2.0679413272637834E-9
2.475363978448412E-7	6.825869271611375E-8	1.2437600414179517E-13	3.55157592659437E-8	9.781792608600701E-12	5.68174446659363E-11	3.703053354091098E-10	3.273103398380789E-8	6.070875496504501E-7	2.523428552854388E-11	3.1651187415799217E-11	2.7163904366952662E-8	7.041082215702729E-9	1.2668878553179215E-8	1.1465705164974778E-10	9.640963965728812E-10	5.815382921872514E-9	3.7179828032635303E-8	4.279572861084422E-9	3.20355303276527E-9	1.3470458578639704E-9	2.0777710048472803E-13	1.543755915476773E-13	3.4480564660166394E-11	1.241487004954333E-9	5.864785595774359E-10	0.0	5.864785595774359E-10	7.120444802604382E-12	7.437180462736834E-15	1.5897690076633325E-7	1.2824270075479433E-8
0.0042712504504779925	1.0308695467043203E-4	1.7773255743326106E-9	3.0728261171127975E-4	6.646794800839484E-8	1.0009690429832625E-12	4.3689722327675636E-6	1.1374715609616629E-4	3.104299405717496E-4	2.2582026799035358E-7	2.839380503581101E-7	0.005385905425896847	6.834750170343572E-4	0.0012870865620545366	8.436914979534783E-6	1.7557651245122616E-5	3.103709344137343E-5	6.247527814922455E-5	4.710840299946204E-5	3.754163810064419E-5	3.123896990344537E-5	4.5979772954701905E-9	7.232665493232948E-10	2.1253143383219776E-8	6.926482976862993E-6	1.502131247009879E-5	0.0	1.502131247009879E-5	5.681808889857121E-10	2.0793050863024683E-10	2.784126366383409E-9	3.520690958628917E-5
