32
NULL,open@__open_nocancel,fstat@_fxstat,mmap@__mmap,read@__read,munmap@munmap,open@__open64,close@__close_nocancel,rt_sigprocmask@sigprocmask,exit_group@_Exit,rt_sigaction@__libc_sigaction,sched_yield@sched_yield,mremap@mremap,time@time,read@__read_nocancel,mprotect@__mprotect,madvise@madvise,lstat@__lxstat64,openat@__openat64_nocancel,write@__write_nocancel,syslog@__syslog,getpid@getpid,writev@__writev,close@close,stat@__xstat,socket@__socket,fcntl@fcntl,connect@__connect,getdents@__getdents64,lseek@llseek,getrlimit@__getrlimit,write@__libc_write
0.9686750109102336	0.0036583199183617843	2.9892044922002944E-5	0.0019815340586279632	1.7343459461068024E-7	0.0018332075738201642	1.7387476666179264E-4	1.5418127379878653E-8	0.04053261016748615	0.009657615147144648	0.018115913087788052	1.526804700683758E-4	8.0423743996606E-7	4.70137203936629E-4	1.5704931936891617E-5	9.657833712785098E-7	1.8824281924971543E-8	2.8861212025331266E-6	1.8578706488130868E-11	9.014264274028595E-5	4.7003481472884513E-4	6.36779010761973E-4	3.396566967137658E-4	2.679474816868776E-4	8.905913074029193E-5	8.217910731330223E-5	0.0	8.217910731330223E-5	1.0527210412686583E-8	3.904819314777446E-9	5.101785384538289E-8	0.0010578173079000836
0.001075647109124785	5.622465423916394E-4	3.6700003909922825E-5	4.2132218180906397E-4	9.039837233346175E-9	2.0198476674588434E-4	3.731140996766826E-6	1.987783878332924E-6	7.417839122976173E-4	1.9837877239491306E-4	3.713625837715639E-4	3.2307009218575795E-6	2.2595025186764475E-8	2.8489681781580286E-5	3.696350169672667E-4	1.164307002858806E-7	3.000032531433542E-9	3.5315757261192657E-8	9.135417350569241E-11	2.804504527691588E-5	0.0014508509221598646	1.3045758387563196E-5	1.6692748644177005E-5	5.787712842349039E-6	1.9138158569407895E-6	1.7718825032153093E-6	0.0	1.7718825032153093E-6	2.539086580606172E-10	8.762126496453484E-11	1.8853887930070964E-8	5.783881775203095E-5
2.2922894651874053E-5	2.103628976385117E-6	1.504084934754006E-7	8.534252651101144E-6	1.3856157671675093E-10	3.8621602252697445E-6	2.0535454315309447E-7	5.0307602572347654E-11	1.5510123617292237E-5	6.531929254688328E-6	1.2146690853546603E-5	1.1562055604592074E-7	7.381685470325711E-10	4.1206212194036737E-7	4.972116889669165E-9	7.908330775742841E-10	9.950979729992451E-12	8.175144434504979E-10	3.6609895297993754E-14	3.930908996010983E-8	2.1405676233378263E-7	2.383214643158749E-7	8.046349173644642E-7	5.72235816128667E-7	1.9935384975281815E-8	1.0269603488527189E-7	4.18476603644295E-8	1.0269603488527189E-7	1.5702267730156128E-8	4.944731993049322E-10	1.023768245702176E-10	1.2224240101199411E-6
6.687955124169976E-4	1.5116391057462845E-4	1.0994281642925509E-6	0.0021937608700347386	9.480458480912968E-9	0.0030045540380344076	1.5054092398859033E-5	6.03670799877139E-9	3.44296558898993E-4	1.0076426462887431E-4	1.9338200848435617E-4	1.6978960962077711E-6	1.7890829935183633E-8	1.1653290044694746E-5	2.9105739307618996E-7	6.762688994491815E-4	1.075609084168959E-9	1.0094227985638505E-7	8.378839442449699E-13	1.126740340815699E-5	1.392890664832044E-4	1.1059951603181762E-5	1.2305007530123265E-4	8.594958237280552E-6	1.6300648753263565E-6	7.995473958238615E-6	0.0	7.995473958238615E-6	1.512736652240107E-10	4.9910912420026426E-11	2.3419627707664194E-9	4.975316487298058E-5
8.004092585567822E-8	4.800768122450124E-8	3.4038570146613125E-11	2.486122160364964E-9	1.5612780882911664E-13	3.3878210343953823E-7	1.5402712480565035E-10	3.39957391796079E-13	3.509810285054137E-8	8.474324510114165E-9	1.549773336868928E-8	1.3264727487900642E-10	5.563105983299266E-13	4.0532862270029486E-10	2.0064509995807802E-11	8.555079605051174E-13	2.1540553142627536E-13	1.586067549998114E-12	4.973941090318984E-17	1.3636604312019654E-10	4.217293402330995E-9	3.429775980068367E-10	3.3456685005865823E-9	1.8396036660288973E-10	2.8073782566818692E-11	7.634503051777045E-11	0.0	7.634503051777045E-11	8.284286793652145E-15	3.259741238046322E-15	1.3883009789615137E-13	2.053195173730946E-9
0.0012324866243310186	1.8950520586705444E-4	2.5706473636681963E-6	7.978614353116956E-4	1.8214287051441514E-8	8.344478153995837E-4	6.0282149319921985E-6	1.739863659863368E-8	9.240790993826457E-4	2.622323900560109E-4	4.888408425810862E-4	4.322067415708838E-6	2.9243977394240797E-7	6.747312288422838E-5	1.988941767208752E-6	0.0012623609228165798	1.2475978355212527E-9	6.355941748324266E-8	3.230025838342281E-12	6.722919279798801E-6	7.453301953187896E-5	9.23124030020494E-5	2.4210633959369223E-5	1.0135288166719457E-5	1.3169192443061566E-6	2.822935558664077E-6	0.0	2.822935558664077E-6	3.38401745184728E-10	1.1978084230293048E-10	9.035015542839872E-9	1.8337189846780687E-4
2.2047539715478416E-4	1.8439806666365464E-5	7.66908608667506E-6	1.0815587648731905E-5	1.5346857851026181E-9	1.1757840712430166E-4	2.6403234765005448E-6	1.983854314331311E-6	1.0447457393346213E-4	4.8599085699421E-5	7.585776606213327E-5	8.053078688943325E-7	6.81111115813386E-8	9.013039856370638E-6	1.0537819840402494E-7	1.0289851378730757E-8	1.9732084798672522E-10	5.2835501642590635E-9	4.38432746727356E-13	3.4094250356364413E-6	1.7269984875378382E-6	1.0760324510214844E-5	1.9671363125524503E-6	2.0364408303132915E-5	1.2861772213899252E-6	2.6871354948688183E-7	0.0	2.6871354948688183E-7	3.436177960345023E-11	2.0029188399258372E-11	1.2263441367135467E-9	2.4123019779142004E-5
3.5613073178643606E-7	5.4195057611351944E-8	1.2674907664201124E-6	1.715086187829443E-8	2.031968321343356E-12	7.623562290105585E-8	1.8435165724481555E-9	1.5655713398939398E-12	2.1372814388729026E-7	9.143843383324114E-8	1.6628578343219162E-7	1.604961663077451E-9	1.8733352114318253E-11	7.227991312680283E-9	4.906292932618699E-10	1.0979018705261493E-11	2.596952725870684E-13	8.51911911676198E-12	5.5159384287538556E-14	5.590587912016115E-10	4.8898077165379E-9	5.7485481733748236E-9	4.85189171345765E-9	3.0895543234707404E-9	2.4155259076502225E-10	8.699718246299907E-10	0.0	8.699718246299907E-10	1.2922379307750072E-13	4.8379161724938E-14	1.5433667200197267E-10	2.2021555806614706E-8
0.026174831273673434	3.392983873648904E-4	1.3523496727826602E-5	9.064400534231329E-4	1.296411223267232E-7	3.1200694724213324E-4	7.597062615436167E-5	6.651484961775697E-9	0.009505567558494079	0.012727216080511092	0.022992115129183	1.645820740588294E-4	1.9019060460824298E-7	2.103202015521814E-4	3.274454821549487E-6	4.0511545343566154E-7	4.588756224952742E-9	4.073338401425438E-7	1.0818556650670347E-11	4.285275565771098E-5	3.7344210220220124E-5	1.4972852817610383E-4	9.846764443212452E-5	1.0201152154398038E-4	8.19253870300695E-6	3.550978898144563E-5	0.0	3.550978898144563E-5	4.959005228143151E-9	2.1836727264340526E-9	3.02441757857941E-8	3.231001482263107E-4
0.02586394311980271	1.675096323569664E-4	4.993988179976104E-6	5.991738506646145E-4	4.5221101413709706E-8	1.4758145348203736E-4	1.877498917525177E-5	5.706219154584073E-9	0.0026805587217366054	6.567568537269568E-4	0.0012070034643684782	1.035000564613018E-5	7.787124991848727E-8	6.12335913902207E-5	1.7060315342024249E-6	1.4833212409865491E-7	3.2975450990535765E-9	1.8418020615995617E-7	4.213501036165361E-12	3.680357650159928E-5	1.892499415741896E-5	6.456918647319086E-5	4.201086534783762E-5	3.20527286487202E-5	4.168545377006343E-6	6.3732092777547876E-6	0.0	6.3732092777547876E-6	7.203480661413172E-10	2.6062616645533504E-10	1.1766257196243546E-8	1.4781911063907905E-4
0.024414084907316797	2.3577027999350286E-4	7.716247302656654E-6	6.871945394895646E-4	7.102204679212703E-8	2.057257975955224E-4	4.7507405248778014E-5	5.726387991712381E-9	0.005766457969941134	0.012100654498981792	0.009173293922949471	2.0808757940686212E-4	1.1336260199825454E-7	1.1424187057201327E-4	2.2263225759299905E-6	2.5556701411256737E-7	3.7232616434449836E-9	2.4909954332719804E-7	6.264822119473382E-12	3.6675491223288E-5	2.645341985979744E-5	9.036279117477439E-5	6.025035331785509E-5	5.9829285535664367E-5	5.325429018863011E-6	2.1474780068153354E-5	0.0	2.1474780068153354E-5	2.9850239121717606E-9	1.1225511489075297E-9	1.7506005719104846E-8	2.0161297260317307E-4
2.6391133982408746E-4	2.23004640061215E-6	7.529212659450694E-8	7.004868828148478E-6	6.997819755833861E-10	1.9897439196220707E-6	3.7341411866426453E-7	6.079922130285344E-11	4.8436353270625286E-5	1.3143051827243176E-4	9.084722014997237E-5	7.283894597964513E-5	1.1153178996864634E-9	1.058355045605256E-6	2.1982741683681226E-8	2.2938428104903836E-9	3.755930891068459E-11	2.508334761937496E-9	6.175675397820583E-14	3.9154784449598046E-7	2.494228952536943E-7	9.003609539482788E-7	5.908603384687726E-7	5.362550679309815E-7	5.391870348924353E-8	1.582880549973819E-7	0.0	1.582880549973819E-7	2.1028785362107035E-11	8.546629050395956E-12	1.7255127934603424E-10	2.007922262984837E-6
5.429004412672215E-7	1.6824251519147936E-8	1.1818309023880576E-10	2.2238671671193287E-8	8.146597653241627E-13	8.133278366126502E-9	8.178828368345835E-10	6.859956788128313E-14	1.556941627072339E-7	4.371726008060105E-8	8.224990900464038E-8	7.222360233256369E-10	3.2428425082479356E-12	8.584910544842995E-9	8.345300718212103E-11	1.7391740285591736E-11	6.850792590602071E-14	8.311562830786889E-12	1.2004766879148716E-16	3.716580584855079E-10	2.160093839597736E-9	2.043438490236728E-9	1.5587532614790133E-9	1.118999533581317E-9	1.823672943646082E-10	3.9566685024837134E-10	0.0	3.9566685024837134E-10	5.422844476975779E-14	2.0105447978470962E-14	3.334379109122628E-13	4.010977354681249E-7
7.723072178091215E-4	2.0305584203126999E-4	4.676314350081464E-7	2.60604098719201E-4	5.084122515568908E-9	1.5050875314154622E-5	2.3052480192708568E-6	1.2170376289506587E-10	2.5297151905238083E-4	9.015608206465854E-5	1.7497197065414406E-4	1.587501381017835E-6	8.440049595850464E-9	9.41172075191718E-6	6.2719403878690305E-6	2.0857727352733616E-8	2.6506117123574947E-10	2.0737955352003367E-8	2.2213867140829001E-13	5.633704685265317E-7	2.3429669669060844E-6	5.5548247814036135E-5	5.112234675591682E-6	3.02213783083063E-6	4.4446131320939056E-7	1.1403445922943373E-6	0.0	1.1403445922943373E-6	1.4635214682295357E-10	5.004693948383037E-11	6.185453906905355E-10	1.2325493691146523E-5
3.628234067916203E-5	7.16882734391093E-6	4.815390580119935E-8	1.9824277008932138E-5	4.5245234054340406E-10	1.6154384995387913E-6	2.4049409007448444E-7	4.221716421160253E-11	9.05285389655399E-5	1.7304385086642423E-5	3.323369750446553E-5	2.578143265886089E-7	1.112988293554729E-9	7.212692134681457E-7	1.5642115329363393E-6	2.2219379119845852E-9	2.6956814820765025E-11	1.3172088752048752E-9	7.405840508593727E-11	1.7223417960591565E-4	1.4749707187206842E-7	5.104265253143602E-7	2.2803573658669058E-7	3.3027010976041973E-7	3.2025595645126814E-8	1.1564008565341223E-7	0.0	1.1564008565341223E-7	2.6634136454862634E-11	5.9200354062895494E-12	1.5974926981875443E-8	1.950247182848124E-6
1.7027462332679205E-4	1.3914948746534781E-5	8.379701415212487E-7	2.944840996296952E-4	1.0768853049781645E-8	9.840519045560803E-4	1.5596402553799524E-6	6.689489301566689E-11	1.4924652863485203E-4	5.782801389502816E-5	1.1665973730530578E-4	1.0526514320373803E-6	1.2483622363083422E-8	7.961676312103778E-6	1.5538863419890638E-7	2.737184864115542E-8	6.927667993968032E-11	2.8223100092601377E-8	1.3096356530550322E-13	3.027241300261875E-7	1.3483529979952967E-6	1.0289749915473746E-5	1.7506951998681934E-6	2.7461094236010993E-6	4.763383782902065E-7	7.18812041509387E-7	0.0	7.18812041509387E-7	1.2126190332688955E-10	3.5859061490589945E-11	3.661208435311999E-10	2.02303129538071E-5
1.4517643237980582E-8	1.2666531763522833E-9	1.5305759313563734E-11	5.444854540168859E-10	7.439450437224902E-14	1.1602814353138128E-9	4.200454583722346E-11	1.8334370138531558E-13	1.0554024242276077E-8	3.2362982559528644E-9	5.435109089065177E-9	5.1509842391940015E-11	2.19687755995953E-13	1.5819483109205577E-10	2.0633412066709188E-11	2.7255146775560943E-13	6.384384690727411E-15	4.15997670753473E-13	2.520627758755418E-17	2.382321419373606E-11	1.1257468714940608E-10	1.021814598461782E-10	1.3988809896649494E-10	6.487407462964354E-11	6.485237494464261E-12	2.0110694632699144E-11	0.0	2.0110694632699144E-11	2.502661995703985E-15	1.2322843305714514E-15	7.04814967824824E-14	1.0141557119650387E-9
7.30629224770295E-7	2.0462013363563205E-7	1.1500271673279066E-9	5.243128098341545E-8	1.3747570026452592E-12	3.705665581101175E-7	2.427352957458799E-9	5.271798624519934E-12	2.3733932348710095E-7	6.67017881292821E-8	1.2838322068724335E-7	1.1154695691893785E-9	1.603115641784621E-10	3.9477050206398205E-8	7.688648250583773E-8	4.181509230180465E-11	7.410707386375894E-13	2.380678023842118E-6	8.927503319643003E-7	8.393394644998123E-10	1.5076985410095453E-8	3.38603124850411E-8	1.2736099604389374E-8	1.0710156257014355E-8	1.1432793209880237E-9	7.415429541358346E-10	0.0	7.415429541358346E-10	9.079904306337935E-14	3.219272905857015E-14	1.9778819316188742E-12	1.45968574473624E-7
7.066454844903883E-8	2.0031060466513853E-8	4.590784789812386E-7	4.780239853178308E-9	1.1465013916797409E-13	3.898357257146463E-8	2.2095076126512166E-10	7.109899014289812E-13	2.0827728363494447E-8	5.8043464152897245E-9	1.1247924178262625E-8	9.72288402541079E-11	1.4432317445251309E-11	3.5393275874007374E-9	1.6181260734321954E-10	3.723066956804926E-12	8.574138205965583E-14	1.3829487612526993E-12	3.1837849295348654E-16	9.161080846442588E-11	1.788205963934163E-9	3.0488405491555145E-9	1.4814500051892515E-9	9.5675078877254E-10	9.653215849044184E-11	6.812673326088095E-11	0.0	6.812673326088095E-11	1.9624388637029056E-11	2.8259372713954378E-15	8.905736935564797E-13	1.4134747559965015E-8
1.2539605665591328E-4	4.021303767270897E-4	3.381860990964401E-8	2.815354896656619E-6	2.628434860250937E-10	1.9103426019750976E-6	2.7737559589687297E-7	5.815990748459316E-11	9.588473628215092E-5	1.8489709590430436E-5	3.5389114001447526E-5	2.758294059065537E-7	6.123563428514244E-10	5.785943517288871E-7	2.300227740666605E-8	1.9460509506779426E-9	3.702120863341352E-11	2.093671568383111E-9	2.5965790374162135E-14	1.7235154969228895E-4	5.07536400640492E-6	5.092708919309352E-7	1.0783240676533365E-5	2.983419946135535E-7	4.1375992718854466E-8	1.3843376918683436E-7	0.0	1.3843376918683436E-7	1.8048259797974434E-11	6.3214937952666715E-12	7.214078644581615E-11	1.1519468145913678E-6
3.6848926597224553E-4	4.250166949836242E-5	7.879181660633465E-7	5.764640544637539E-5	4.679831124013316E-9	2.3890509983110853E-5	1.950700324580598E-6	2.8463999443768014E-9	4.7354058616016825E-4	1.1833717841727643E-4	2.2228029786106114E-4	1.8971524261529077E-6	7.552352843180799E-9	2.8331337712284648E-5	3.8020858288158684E-7	9.41550978389164E-8	1.587511019165352E-9	1.5045831729603843E-8	4.704231095784176E-13	3.758006436058911E-5	3.735685705394318E-6	8.122089494358282E-6	4.230948030319216E-6	2.4799548773757647E-6	3.7339255152573215E-7	9.56289972617797E-7	0.0	9.56289972617797E-7	1.3869892024199944E-10	5.0039928138160313E-11	1.3154799159494228E-9	2.699418443216513E-5
4.6167837622389495E-4	1.780546224452081E-5	2.2878547774257963E-7	1.4390789964513264E-5	1.187790653046678E-9	1.296648275520195E-4	3.3991735009126296E-5	3.3965785151174875E-10	1.573165645309321E-4	5.252166888267418E-5	1.0120499418033604E-4	9.107617829605992E-7	5.5755002304335986E-9	3.362675576737527E-4	1.5062906538310622E-7	1.1320888843218245E-8	2.0028534121267724E-10	1.7522231088291267E-7	1.7330321725848364E-13	3.096834003771413E-6	3.027602577994952E-5	2.478746444321171E-6	2.869750902934014E-4	1.4422115319857105E-5	2.798528730642671E-6	1.837311866195491E-5	0.0	1.837311866195491E-5	7.818635405710354E-11	2.7863813485803628E-11	4.831423868823948E-10	9.11157753919165E-6
2.0456131962130403E-4	7.564065827323103E-6	1.9252459032057868E-7	1.137533549714035E-5	1.6919446968339117E-9	6.193939587682261E-6	1.259859169831015E-4	2.156048104023453E-10	2.322502582536675E-4	8.833917083704255E-5	1.7644959666097816E-4	1.5953568198014276E-6	2.6736408811766285E-9	3.47005156288424E-6	6.031332336790761E-8	1.0115325302592145E-8	1.347824845640706E-10	5.2135543185471824E-9	1.5309457408892588E-13	1.7429424239738528E-4	8.051607887991112E-7	1.9568677705356925E-6	1.4448539868300934E-6	4.792385157663484E-5	1.0347312970288232E-7	6.829133493479527E-5	0.0	6.829133493479527E-5	1.5444028175834095E-10	5.2742881708378425E-11	4.2807231633358986E-10	5.164795429830678E-6
1.443872598416637E-4	7.164852291570587E-6	2.0285217781395488E-7	7.88634606016096E-6	1.9599102786502655E-9	6.941751065250834E-6	1.0925445524651114E-4	4.4646526942687456E-10	1.1977515293727008E-4	5.853024519772094E-5	8.735214991491548E-5	9.579803342534956E-7	2.748145111985819E-9	2.9140757583680766E-6	7.045256096848025E-8	9.486044407396582E-9	2.1844923648477303E-10	5.8575312942167044E-9	1.7418418088861897E-13	4.840201193435846E-6	6.567989089999599E-7	2.03430194813957E-6	1.4166792910067666E-6	3.5231243450721464E-5	1.0469659430127068E-7	9.241892126017657E-5	0.0	9.241892126017657E-5	3.211840554939775E-11	2.2561077548458844E-11	4.871410619438768E-10	6.515753131880608E-6
1.7299642612526398E-5	1.9115927221468786E-6	3.973303737159159E-8	4.9940654249719814E-6	1.1489164662538651E-10	3.830927804288637E-7	9.348370209312502E-8	3.760442053314918E-12	1.0478351162366062E-5	4.238093293679295E-6	8.166642396796617E-6	7.58816914316299E-8	1.754970477211692E-10	2.533809393000028E-6	3.2409708919271032E-9	4.718456025401201E-9	6.504259077081148E-12	3.6066890431094324E-10	2.3217300768190667E-13	2.3753310956974006E-8	1.7626486837008608E-7	6.825037848100667E-7	1.8778971285989914E-7	9.858118018011791E-8	2.019412979688487E-8	4.716989665541041E-8	0.0	4.716989665541041E-8	6.798047951738775E-12	2.4317870743096936E-12	6.495780573875015E-10	2.5039392003251933E-7
3.457797175610783E-5	1.614767189979896E-6	4.479667283874664E-8	1.8306838504323667E-6	4.2836422461357685E-10	1.5214427239172598E-6	6.944023968508023E-5	9.611567663362037E-11	2.918580442428429E-5	1.322332122284339E-5	2.003089678526393E-5	2.1549697919689992E-7	6.062713747340665E-10	6.665173417576896E-7	1.5378064196622874E-8	2.11901520016861E-9	4.7224018700674646E-11	1.3111216455861045E-9	3.8232774910850883E-14	1.04386026686277E-6	1.4938803996779176E-7	4.5344561765511223E-7	3.148169034894209E-7	2.5986250977275087E-5	2.3921383200671925E-8	9.020890442025173E-5	9.015071859603677E-5	4.513347798456269E-5	7.571173480669304E-12	5.072943407991539E-12	1.0691306602118471E-10	1.422088409105468E-6
1.0382150342577538E-5	4.85643056945899E-7	1.3508084721129793E-8	5.504265433246605E-7	1.2855211655177816E-10	4.5845057592936143E-7	2.0832088272144683E-5	2.8863597160918517E-11	8.761601859088481E-6	3.969243256002614E-6	6.01373392040054E-6	6.4689615764995E-8	1.831218438792488E-10	2.0058320815251887E-7	4.616190843251354E-9	6.367883837837785E-10	1.4172594159571024E-11	3.9351843569971106E-10	1.1476608782525428E-14	3.131702905635867E-7	4.4928539873571595E-8	1.3625681046492397E-7	9.455556083996583E-8	7.795958207992928E-6	7.200129119366748E-9	1.7482537824444994E-8	4.165235686137265E-9	2.255519575566892E-5	4.3263263974627045E-9	1.3678679222170615E-10	3.20928592929853E-11	4.274910859582942E-7
3.2848939262533224E-5	1.5340225771747741E-6	4.255666571835959E-8	1.7391425684512835E-6	4.069443545105557E-10	1.44536469582121E-6	6.59679587883297E-5	9.13095205868279E-11	2.7726401178870193E-5	1.2562103953405587E-5	1.902927437486207E-5	2.0472129570896389E-7	5.759554581663406E-10	6.33188893531791E-7	1.4609101434093569E-8	2.0130562341161004E-9	4.486263488711372E-11	1.2455604858906431E-9	3.6320988106041866E-14	9.916632110930555E-7	1.4191805945309856E-7	4.3077158077045275E-7	2.9907483916306E-7	2.3879424057452457E-4	2.2725221403301434E-8	5.527630767530167E-8	0.0	5.527630767530167E-8	7.192585486703026E-12	4.819276592241047E-12	1.0156699869132004E-10	1.3509784815069867E-6
1.422417811298271E-8	9.502354227937693E-10	5.868720419669901E-10	7.608186019229484E-10	1.1852478966366265E-13	1.8067686203278659E-9	4.741623175991175E-11	2.3690034450421144E-14	6.308691765897572E-9	3.938243728479409E-9	5.811378939951072E-9	6.604311156835765E-11	4.149854242735111E-12	3.59631240014712E-10	9.375613388335558E-12	4.518247539871594E-13	4.701883823172217E-15	3.9610725030797447E-13	2.4243340143903677E-15	2.2128274147987572E-11	9.01638123331173E-11	2.7755637358015994E-10	1.506728862226276E-10	1.2378196845428662E-10	1.641472494164929E-10	1.969518213926925E-11	0.0	1.969518213926925E-11	2.6348739680458865E-15	1.3077384351726473E-9	6.783332363547616E-12	9.02999139605478E-10
3.811492870139728E-9	1.8881410217543091E-10	6.099928923030177E-12	2.7440379494807147E-10	3.021745230280772E-14	9.309121323189678E-10	1.439040403988171E-11	2.4133553301168858E-15	1.6170221664150613E-9	1.0070794898894227E-9	1.4956119503682788E-9	1.6928022709557868E-11	6.437822025801142E-13	1.8267986376408952E-10	9.647484066629202E-13	2.001170007406683E-13	9.179377450693832E-16	1.0043035333472394E-13	2.6923192498347908E-18	5.5608420183464535E-12	1.9079360878105324E-11	1.5509001646700633E-10	3.048424346732756E-11	5.473358151722472E-11	5.186676513667817E-12	4.9282785847652816E-12	0.0	4.9282785847652816E-12	6.208600872486937E-16	4.2097238586310685E-16	7.524742544267195E-15	5.377504489391149E-10
8.033962251481967E-8	1.4043812131154557E-7	2.6775065174986955E-11	4.202434621432337E-9	8.332019683458578E-14	1.5554264564861113E-8	1.2546195093774447E-10	5.2598639032745765E-14	1.2204863880366352E-8	4.0814652620099045E-9	7.928911996812586E-9	7.109323219580358E-11	8.289565820076673E-12	3.115076252146504E-9	9.87101069961732E-12	3.629397038574479E-12	1.3501587395430573E-14	1.139079500671984E-12	1.389201574631082E-11	4.254364178132195E-11	4.088887823715125E-10	2.4500830378694E-9	4.875665012347794E-10	2.23705763499268E-10	3.99528605959066E-10	5.773108993806692E-11	0.0	5.773108993806692E-11	1.7428544328119053E-12	2.1997358572371757E-15	3.887027393960227E-8	2.9032711590254988E-9
5.577061006608413E-4	1.298014575936202E-5	4.123617038118905E-7	3.277427716490234E-5	3.4343063414817883E-9	1.098099042232289E-5	3.917830736886897E-6	1.6008976080504312E-10	0.0015886520678716953	2.9942168156943047E-4	5.746022596015134E-4	4.434993674950367E-6	5.89559002045458E-9	7.3979817570607136E-6	1.0813643547029912E-7	1.6026782372103005E-8	1.4174018217221627E-10	1.1391833721112723E-8	2.995062415826725E-13	9.609161241229843E-7	1.4235212237878455E-6	4.129394289225253E-6	3.3834560482217406E-6	3.923921972238074E-6	2.2294156443986468E-7	1.972623881430476E-6	0.0	1.972623881430476E-6	2.8727671674885794E-10	1.001324342580842E-10	8.373819134090761E-10	9.804725963213302E-6
