32
NULL,open@__open_nocancel,fstat@_fxstat,mmap@__mmap,read@__read,munmap@munmap,open@__open64,close@__close_nocancel,rt_sigprocmask@sigprocmask,exit_group@_Exit,rt_sigaction@__libc_sigaction,sched_yield@sched_yield,mremap@mremap,time@time,read@__read_nocancel,mprotect@__mprotect,madvise@madvise,lstat@__lxstat64,openat@__openat64_nocancel,write@__write_nocancel,syslog@__syslog,getpid@getpid,writev@__writev,close@close,stat@__xstat,socket@__socket,fcntl@fcntl,connect@__connect,getdents@__getdents64,lseek@llseek,getrlimit@__getrlimit,write@__libc_write
0.9641845225553579	0.003340372043468004	2.8026366922135615E-5	0.0019978330122474275	1.8602991977449686E-7	0.001578107552352164	1.773554053998634E-4	1.5309998691979578E-8	0.043464759532670774	0.010372303837982783	0.019430049529943105	1.6344943333459767E-4	7.492855220461992E-7	4.837252631192753E-4	1.660816527156643E-5	9.943563529185393E-7	2.0615492530536967E-8	2.5578027664091846E-6	1.7889415721301372E-11	8.552753573654816E-5	4.3895465586361914E-4	5.883421227615528E-4	3.2152339247483436E-4	2.5227631749554527E-4	7.472310407434041E-5	8.495146141874428E-5	0.0	8.495146141874428E-5	1.120988765481747E-8	4.160261702262852E-9	4.9248871718729904E-8	0.0010591297247050165
9.39741906056501E-4	6.782871529066529E-4	4.004265563123027E-5	4.717142258741173E-4	9.686648687407593E-9	2.2533171333152314E-4	4.864429796047545E-6	2.160772351296081E-6	8.439834417330598E-4	2.2474940553404824E-4	4.2096923649584254E-4	3.6470404701241865E-6	3.2734562137522616E-8	3.291175056393576E-5	4.019807756798613E-4	1.3106146784035773E-7	3.1849904320481387E-9	1.0293363352399781E-7	9.779114723381523E-11	3.174649204373531E-5	0.0015841779784413934	2.4762880976114255E-5	2.2830078027217052E-5	8.212535464095885E-6	3.846656149497362E-6	2.263303010884863E-6	0.0	2.263303010884863E-6	2.850436972205556E-10	9.85000217658219E-11	2.0388131680583197E-8	7.056855044991442E-5
2.1246255205157055E-5	3.331436290498202E-6	1.6828876557524734E-7	9.506377122227892E-6	1.5222047013435493E-10	4.308840179966491E-6	2.4033344946148774E-7	5.7064565934031946E-11	1.751734243692957E-5	7.282628109778785E-6	1.3531510345694058E-5	1.2828381176185229E-7	1.007930213007942E-9	4.938316459076827E-7	5.2970937816934015E-9	9.382724141831618E-10	1.1222032101088054E-11	1.8718676601761464E-9	4.4939423260716086E-14	6.245695248321181E-8	3.478489686549371E-7	4.402429381219701E-7	9.768218552558508E-7	6.655113044492668E-7	5.5421144214909884E-8	1.1848594220917403E-7	4.558918707262042E-8	1.1848594220917403E-7	1.710630603853145E-8	5.387297954598797E-10	1.252981147612754E-10	1.479264230099092E-6
5.593962749871777E-4	2.1433604612876634E-4	1.384247777443089E-6	0.0023992360573269387	1.0357302462383863E-8	0.003280618768189475	1.7051873828415774E-5	6.68774999789149E-9	4.054239303130537E-4	1.1750474974999042E-4	2.2521367549889964E-4	1.9690494460087813E-6	2.6632373541763596E-8	1.4530535051595655E-5	3.3162930800772165E-7	7.361700037656817E-4	1.1772263403903442E-9	1.565203565697717E-7	9.688052130330039E-13	1.3190129490149483E-5	1.5696464851979553E-4	2.0131963586669583E-5	1.378030229321958E-4	1.0970284546595533E-5	3.96068002618059E-6	8.978814228555211E-6	0.0	8.978814228555211E-6	1.7314177113500413E-10	5.738245908139945E-11	2.6900165401422694E-9	6.062565044209219E-5
6.465220220392409E-8	5.8960089787993644E-8	4.988522179565183E-11	4.1967744097603056E-9	1.8720514758262708E-13	3.6800002390673325E-7	2.4320524114850696E-10	3.8066455927970265E-13	4.2345631438541064E-8	1.026629496343637E-8	1.8834108051182823E-8	1.6067776436398815E-10	1.1453264713512747E-12	6.502754146017841E-10	2.3980782559742374E-11	1.4153129646416385E-12	2.3683338593538297E-13	8.311874393344658E-12	6.00641960902168E-17	2.792858194010408E-10	5.33450739688059E-9	1.4502914925361601E-9	4.120180722488989E-9	3.166682823532981E-10	1.8868960878265144E-10	1.1870654567525567E-10	0.0	1.1870654567525567E-10	1.0191460126336472E-14	3.9690445982757625E-15	1.6514465641628413E-13	2.9703835592323255E-9
8.851047919861292E-4	2.460944953557245E-4	3.0674522338163336E-6	8.770974175106312E-4	1.961991190511205E-8	9.1203336145081E-4	7.163959518710836E-6	1.9050586121816153E-8	0.0010184308121130373	2.8826768850910507E-4	5.372552042419424E-4	4.734543120366852E-6	3.293253828015373E-7	7.502979171013976E-5	2.126075922254148E-6	0.0013741714809218887	1.3146332117024772E-9	1.0733773102448649E-7	3.5707195464984783E-12	8.063324903253675E-6	8.542980934143931E-5	1.0741524456698898E-4	2.9213054499424853E-5	1.367738725569992E-5	2.731883651828901E-6	3.2462036920533396E-6	0.0	3.2462036920533396E-6	3.6939350382168727E-10	1.30640090384792E-10	9.97313204678271E-9	2.0598568553145403E-4
1.607922325712074E-4	3.087783907765706E-5	9.032764960699716E-6	1.497400474421786E-5	1.6968915650155195E-9	1.328479533134043E-4	3.8603287789998615E-6	2.15648526161724E-6	1.2207151655153705E-4	5.5674209937107706E-5	8.786047249328803E-5	9.216807161378786E-7	1.0155978182363069E-7	1.2632453519474271E-5	1.153392585086831E-7	1.2991810507759388E-8	2.249936310594529E-10	1.1985350108829182E-8	5.238023188197144E-13	3.850443117300193E-6	2.9777513093904652E-6	1.6209218472351162E-5	2.9030527738630354E-6	3.011697196679348E-5	1.639053477742328E-6	3.481280135335673E-7	0.0	3.481280135335673E-7	4.115945421194357E-11	2.3097299411713E-11	1.4628109614008097E-9	3.475949957103552E-5
3.2522144947550456E-7	7.631868655577632E-8	1.3721109144218886E-6	2.2591951162672835E-8	2.2343290098660623E-12	8.45687759294433E-8	2.214518071585304E-9	1.7482319221936032E-12	2.43325002965285E-7	1.0230866284277248E-7	1.8612458223671537E-7	1.786872749019358E-9	2.5981405946066242E-11	9.081337141416163E-9	5.40766250686539E-10	1.3323829174840682E-11	2.902621540746585E-13	2.529981330028291E-11	6.005659084360845E-14	9.298188069967953E-10	7.2337274691620264E-9	9.940386623561084E-9	6.5390427239190146E-9	3.8567306199516E-9	7.448597445084834E-10	1.0328840277356868E-9	0.0	1.0328840277356868E-9	1.4317086282280426E-13	5.353854057501959E-14	1.6803292676958706E-10	2.7047230473738047E-8
0.027996432059035552	5.210000557251051E-4	1.5736753094934053E-5	0.001025570663892073	1.4065339515469952E-7	3.5746753827021083E-4	8.542445009875465E-5	7.64995708895627E-9	0.010549794120244772	0.01398080114386303	0.02523759730017685	1.8042646325322432E-4	2.5118408988912896E-7	2.3677584700122436E-4	3.6135756363851037E-6	4.541878952237311E-7	4.910158886269066E-9	5.833274251832076E-7	1.2024929097718795E-11	4.957616252882802E-5	5.749994825085708E-5	1.9002440626704844E-4	1.185061107103277E-4	1.215070114259006E-4	1.4799378346878741E-5	3.950740180354562E-5	0.0	3.950740180354562E-5	5.440898277259292E-9	2.3919690782337762E-9	3.3563606201165874E-8	3.783343030383584E-4
0.02788078057699583	2.565684269955297E-4	5.819100696048256E-6	6.723127263933372E-4	4.9327056904309196E-8	1.663848223707271E-4	2.181226395813324E-5	6.4007675350907544E-9	0.003060916259503864	7.505253401986369E-4	0.0013798637444593098	1.1797698466547347E-5	1.0146464988076325E-7	7.047244583952952E-5	1.9013455841550958E-6	1.6864084254194583E-7	3.57091919268058E-9	2.689964615964452E-7	4.683303611641057E-12	4.146554402188153E-5	2.893789191194455E-5	8.298042792571192E-5	5.126538439485076E-5	3.887710597732896E-5	7.188895419270873E-6	7.461918824668023E-6	0.0	7.461918824668023E-6	8.18807246526695E-10	2.963661649971182E-10	1.3052857750518859E-8	1.7320144037453398E-4
0.0262503792967921	3.580511624925551E-4	8.994345184053769E-6	7.749631183852658E-4	7.724431541667896E-8	2.340919525417145E-4	5.3526903026312834E-5	6.500940208513266E-9	0.006439274178132534	0.01327551093577138	0.010115945810447596	2.2783301644761184E-4	1.4920467855695393E-7	1.2951248965113136E-4	2.466421473502519E-6	2.8745473914319725E-7	4.007468082316661E-9	3.6496101623728303E-7	6.976659502254206E-12	4.1894822751741E-5	4.0108702670818906E-5	1.1604490734471563E-4	7.319950143900016E-5	7.124987017310868E-5	9.523067884297559E-6	2.4001136550423112E-5	0.0	2.4001136550423112E-5	3.2857395803729626E-9	1.2350810168147471E-9	1.9459964323570744E-8	2.36638308621776E-4
2.842115967867985E-4	3.4171598105021484E-6	8.778948728977017E-8	7.895418021969278E-6	7.620325368380437E-10	2.262684813157078E-6	4.251273505918805E-7	6.884300695462056E-11	5.4443924423775985E-5	1.4419861748134663E-4	1.0029819742059218E-4	7.955002334456198E-5	1.4651431228064909E-9	1.2041192366519443E-6	2.442208659409861E-8	2.5914677013187385E-9	4.054750357947092E-11	3.6442067772428605E-9	6.874374793234402E-14	4.456009621093613E-7	3.8211580947770644E-7	1.1529454405235183E-6	7.175988019615032E-7	6.438730357118966E-7	9.521390614724917E-8	1.7893253569415233E-7	0.0	1.7893253569415233E-7	2.3313529010434738E-11	9.454420973093503E-12	1.9173265056301856E-10	2.3556095667199413E-6
4.2915804225575133E-7	6.84107132695922E-8	2.2356448612687143E-10	3.5166253395753185E-8	1.0340514568296158E-12	1.4425659433944363E-8	1.4484341691349613E-9	1.5928796334671355E-13	2.0002637335627968E-7	5.525473324099932E-8	1.040168123030155E-7	9.070891391811272E-10	7.586736037061767E-12	1.0922691056824453E-8	1.0715900678111524E-10	2.2518997503355057E-11	1.0507656770270372E-13	5.722484672754393E-11	1.7353098690706022E-16	1.3635609195684888E-9	7.884027253510418E-9	1.013978439094629E-8	5.2058746134485706E-9	2.1082970664246725E-9	1.3433355171056894E-9	6.919411526792606E-10	0.0	6.919411526792606E-10	6.780194831093516E-14	2.5032801538619366E-14	4.642760336334831E-13	4.4264694607598325E-7
6.52925636053255E-4	2.7943589768755593E-4	6.194033375672583E-7	2.9636198487807745E-4	5.4429297851429E-9	2.2432218503772257E-5	3.169306168233717E-6	2.329286507971459E-10	3.097766700944529E-4	1.0628615893532983E-4	2.0608582491927723E-4	1.8534318236581635E-6	1.4366857275352317E-8	1.1778870380521979E-5	6.878360003355109E-6	2.6717503579587458E-8	2.362452629110636E-10	7.870463553044128E-8	2.960902581238093E-13	1.7369978645115113E-6	9.048671779649234E-6	6.935619762732252E-5	9.691767595171962E-6	4.455490014783081E-6	1.9019789182165858E-6	1.5423207539437567E-6	0.0	1.5423207539437567E-6	1.681648973042163E-10	5.7626908375371005E-11	8.033022601414707E-10	1.9551089731910023E-5
3.693751515158149E-5	8.449427330354553E-6	5.8434787886427723E-8	2.1746997117302217E-5	4.878432117248837E-10	1.8545819861215243E-6	2.7342566287621204E-7	4.776593013902126E-11	9.883686182311625E-5	1.895820783213331E-5	3.637162559453154E-5	2.8176893012501867E-7	1.4642899906993585E-9	8.189246661389981E-7	1.7128092460631603E-6	2.4667035687971766E-9	2.828453795998244E-11	2.008057297959068E-9	7.92165000945788E-11	1.8723709759621197E-4	2.303984065137287E-7	6.728328334893607E-7	2.9444270052143145E-7	4.2315000428545025E-7	6.15574080573672E-8	1.2839824754367435E-7	0.0	1.2839824754367435E-7	2.8830803937195004E-11	6.450468500700836E-12	1.7118521918301617E-8	2.2461435291005252E-6
1.6341957548750955E-4	2.026931373666576E-5	9.815092119162763E-7	3.217797475940335E-4	1.1653402881826494E-8	0.0010722523689203887	1.8205564559798997E-6	9.067809743522375E-11	1.6551063255468686E-4	6.37944638309366E-5	1.2849902535042154E-4	1.1566246830755847E-6	1.6569639684672087E-8	9.053310693182165E-6	1.6971152852666485E-7	3.0231580046203656E-8	6.76139984796001E-11	3.523573421057104E-8	1.5130805608239442E-13	4.213186732723165E-7	2.0301118728944466E-6	1.2282402019302236E-5	2.289521206841012E-6	3.725220212289571E-6	8.127033646374969E-7	8.052847050220603E-7	0.0	8.052847050220603E-7	1.3241219464974494E-10	3.919356591006809E-11	4.2126005879287895E-10	2.3302521170232728E-5
1.2844274742503856E-8	2.242030158734096E-9	1.8857604434475208E-11	7.804948003088783E-10	8.195762665622543E-14	1.3591692754150994E-9	5.56944003932916E-11	2.0129839669747345E-13	1.2028675232728182E-8	3.6608729511935477E-9	6.174659772318356E-9	5.811690919316599E-11	3.2478431868714283E-13	1.9902842223862673E-10	2.289909196706009E-11	3.575709188540647E-13	7.102456136848893E-15	1.2777221931994505E-12	2.826393936346464E-17	4.23783332133124E-11	2.178218733786943E-10	2.4747444116699856E-10	2.128521554187456E-10	8.990667188599754E-11	2.8190512718685183E-11	2.6329735969367968E-11	0.0	2.6329735969367968E-11	2.8678906089831157E-15	1.3910964049260253E-15	7.87134527100271E-14	1.2016769131348115E-9
5.21553540069305E-7	2.805404293511483E-7	1.741814158666578E-9	7.164322028857676E-8	1.607688923310676E-12	4.2155363069031057E-7	3.741231183852013E-9	5.982853189162517E-12	2.955350343446844E-7	8.259637000521852E-8	1.5888357951231469E-7	1.3753399052664243E-9	2.294438298899639E-10	5.2697064090255866E-8	8.407993425184981E-8	5.179000603195647E-11	8.306611867715656E-13	2.5935782155048137E-6	9.725695903242724E-7	1.90647627938114E-9	2.2700142574898768E-8	5.667964528780186E-8	1.8129880795174737E-8	1.6759589433826344E-8	3.0136136461165907E-9	1.1104269032534307E-9	0.0	1.1104269032534307E-9	1.1131718089256335E-13	3.946055354440177E-14	2.376835402046348E-12	1.7959564147636594E-7
5.002914390259754E-8	2.769883568521417E-8	5.001698383251259E-7	6.67236126948424E-9	1.4109142961503352E-13	4.416694629492266E-8	3.4739725110132064E-10	7.966691508703925E-13	2.64380122274211E-8	7.331181851499383E-9	1.4176945250447106E-8	1.2219469945433663E-10	2.071520430353459E-11	4.7545096399873446E-9	1.78292771643717E-10	4.6702346768358254E-12	9.743745847600065E-14	6.5013008909177684E-12	3.5112577781665135E-16	2.025986055929427E-10	2.5911288978483055E-9	5.22186078583931E-9	2.048232428404311E-9	1.513005798407253E-9	2.867957118390465E-10	1.0521238771543307E-10	0.0	1.0521238771543307E-10	2.098942198357109E-11	3.523748135599781E-15	9.80257376283819E-13	1.7336206518713395E-8
1.042093213108004E-4	4.4830826166414013E-4	5.60775132720984E-8	5.328394720783997E-6	3.163191639297775E-10	3.2351790728145237E-6	4.162028231994441E-7	8.09624763639011E-11	1.1060915887368344E-4	2.1728152687573644E-5	4.15230120751867E-5	3.250687691762669E-7	1.4858679184794942E-9	9.517315806880791E-7	2.864462594732847E-8	2.8560072463385155E-9	4.681092749545968E-11	1.2200369177056672E-8	3.715687720544263E-14	1.8755192498365312E-4	6.731492530611991E-6	2.1819663409174183E-6	1.2609285851171391E-5	5.035688797038684E-7	2.8151386452682747E-7	2.0437548089727753E-7	0.0	2.0437548089727753E-7	2.1411726311699538E-11	7.516892067546303E-12	9.958096609421076E-11	2.3688129997849606E-6
3.6127879100815907E-4	5.805621130850221E-5	8.953163206499999E-7	6.51603216203393E-5	4.9263216139026434E-9	2.7057434718126844E-5	2.2676291646509232E-6	3.1244901869529847E-9	5.21875325731679E-4	1.302916237812446E-4	2.447461698234905E-4	2.082302628385033E-6	1.0050750778118188E-8	3.099707126519943E-5	4.124030630030369E-7	1.0313551790149302E-7	1.6683579779631427E-9	2.7535554169536923E-8	5.231968230963428E-13	4.107883869053258E-5	5.390351192863418E-6	1.0550396793105558E-5	5.433990334443847E-6	3.128093124368693E-6	7.700934534163492E-7	1.095123851808059E-6	0.0	1.095123851808059E-6	1.5176484068778874E-10	5.4724176513936084E-11	1.458597721451536E-9	3.0708680744428544E-5
3.680996869773663E-4	5.660057918492602E-5	4.0253818783565263E-7	2.453347842763453E-5	1.4012024271936549E-9	1.4771023366700678E-4	3.7549808067105615E-5	4.584836434955411E-10	1.9501563192284802E-4	6.341870482654917E-5	1.218633043777347E-4	1.089853855838833E-6	1.0952704526612641E-8	3.6704576775800846E-4	1.7584739620769055E-7	1.53018921668752E-8	2.3965184055010124E-10	2.2562433875388803E-7	2.4521092448934123E-13	4.079365731871062E-6	3.711673929816783E-5	8.812368379969778E-6	3.1584103883339594E-4	1.671898176444686E-5	6.143758760280898E-6	2.024627304102844E-5	0.0	2.024627304102844E-5	9.209070342193158E-11	3.287862534853292E-11	6.707152151868935E-10	1.496219212397031E-5
2.0998121747405396E-4	1.143324998989298E-5	2.2404935337163815E-7	1.304115641121869E-5	1.8173949486764606E-9	7.083997386719766E-6	1.369927794498318E-4	2.416540125889862E-10	2.541471823995589E-4	9.655778710248461E-5	1.9261154661250678E-4	1.7380457361400688E-6	3.5844172644502876E-9	3.8790408000367725E-6	6.570523497217064E-8	1.1193695308612106E-8	1.4260680653876493E-10	8.687643275968584E-9	1.7046565888548805E-13	1.8952478902430406E-4	1.23039517795083E-6	2.6588084627378257E-6	1.8015901768577174E-6	5.22597007849096E-5	2.1800035675210098E-7	7.424450885472613E-5	0.0	7.424450885472613E-5	1.6749921796218967E-10	5.721876220683391E-11	4.754682052855355E-10	6.0612615102585045E-6
1.4624157342588306E-4	1.074464879008385E-5	2.354427176512772E-7	9.21805777692646E-6	2.103379353097419E-9	7.89484164129736E-6	1.1881315161128455E-4	4.929998495485099E-10	1.322063182676713E-4	6.421161544079075E-5	9.601213604258304E-5	1.0477652635185098E-6	3.6532955541844325E-9	3.267711657782372E-6	7.705597423001637E-8	1.0525686420318549E-8	2.3176030114130095E-10	9.116057836476321E-9	1.9268358074578418E-13	5.316966867834677E-6	1.0423423607995774E-6	2.693776488788481E-6	1.7481154322333685E-6	3.846578509456103E-5	2.1460669811021894E-7	1.0047758221669064E-4	0.0	1.0047758221669064E-4	3.531821819818053E-11	2.461489766854426E-11	5.37800398215774E-10	7.504621695179484E-6
1.6009323215849056E-5	2.94125345951228E-6	4.4997443209890994E-8	5.612415526133269E-6	1.2211363069898777E-10	5.053591597128422E-7	1.111407701588398E-7	5.622430350606961E-12	1.189213691502013E-5	4.730368001448927E-6	9.106933511854527E-6	8.423365136729032E-8	2.797831047161031E-10	2.775464618376645E-6	3.568858193279288E-9	5.184437938713184E-9	5.876208009818797E-12	1.2179551743785224E-9	2.4963558035009526E-13	4.236475752076623E-8	2.876331736522359E-7	8.763613419804745E-7	2.6518698269151216E-7	1.2606001359531575E-7	4.513458726079322E-8	5.5468805430183105E-8	0.0	5.5468805430183105E-8	7.49009407033335E-12	2.680144190683497E-12	6.981112568130173E-10	3.649716713219851E-7
3.4421911182663895E-5	2.657741546092489E-6	5.241133751168466E-8	2.1874097513774886E-6	4.60655022716215E-10	1.758848543709692E-6	7.550081722908801E-5	1.0659523238484684E-10	3.2323922409216854E-5	1.4544128464387021E-5	2.2082431429806542E-5	2.3629970118970043E-7	8.235559859197238E-10	7.544248037138359E-7	1.6908495879378817E-8	2.3686287749366698E-9	5.028572735200461E-11	2.2727839673921677E-9	4.2514153994816575E-14	1.1519204522539138E-6	2.6248973745112076E-7	6.388017377207095E-7	4.0572064458292174E-7	2.829479179985986E-5	5.397048513687908E-8	9.806520073359815E-5	9.799745063460082E-5	4.906640243495417E-5	8.362665001532314E-12	5.55063500277863E-12	1.1855533289515878E-10	1.665540417451538E-6
1.0334221453204739E-5	7.99053327848926E-7	1.580234560653157E-8	6.576576375994547E-7	1.3824315059448928E-10	5.299727263323077E-7	2.265027037991777E-5	3.2011686087158113E-11	9.703819519177558E-6	4.36575756752774E-6	6.629725524823583E-6	7.093510694809782E-8	2.4874186927218794E-10	2.270678041830161E-7	5.075636321243446E-9	7.11810988011643E-10	1.509154704872034E-11	6.823829557699007E-10	1.2762285686243332E-14	3.4559663039741084E-7	7.891410015348133E-8	1.920062600592304E-7	1.2186859506368886E-7	8.488559943808487E-6	1.6243853360495094E-8	2.0356326438566908E-8	4.5376421822203565E-9	2.4519755475760553E-5	4.713170170840038E-9	1.4902392469728186E-10	3.558893695082557E-11	5.007318199295427E-7
3.270068232211768E-5	2.524844176485915E-6	4.979056766929503E-8	2.078030792901548E-6	4.3762048765954255E-10	1.6708993052523155E-6	7.172548398509955E-5	1.0126505796763354E-10	3.070760111196067E-5	1.3816865717947692E-5	2.0978224342456956E-5	2.2448380104203502E-7	7.823749973418864E-10	7.167006419619406E-7	1.6063005606001114E-8	2.2501881634986106E-9	4.777124624918252E-11	2.159135967497487E-9	4.038828165585018E-14	1.094319968743532E-6	2.493642340675198E-7	6.068591770273997E-7	3.8543304117038237E-7	2.596232857972722E-4	5.12717518753145E-8	6.436233168018337E-8	0.0	6.436233168018337E-8	7.944499366413058E-12	5.273081757392529E-12	1.1262710713605015E-10	1.582256946649731E-6
1.2446826950042663E-8	1.621437056175572E-9	6.499317202466527E-10	1.0136222482231275E-9	1.3013448925232186E-13	2.231863133073719E-9	6.455068118391828E-11	2.9087616893854845E-14	7.32781445026496E-9	4.429721651247551E-9	6.588089042687565E-9	7.4054249541651E-11	4.97755427388306E-12	4.663965433831325E-10	1.0502134782492686E-11	5.644273665070158E-13	5.51969425609149E-15	9.130731282680626E-13	2.5992562138395914E-15	3.4197185903985753E-11	1.6310556874263393E-10	4.558388583140953E-10	2.2533531510683987E-10	1.8306438022540975E-10	3.325857229474303E-10	2.573964082001803E-11	0.0	2.573964082001803E-11	3.0193942004660945E-15	1.4246611132470904E-9	7.2725864797290285E-12	1.1753488929189823E-9
3.2272992008992594E-9	3.7762580303974267E-10	8.587966919941123E-12	3.447743846750403E-10	3.309928466167457E-14	1.079192281052244E-9	1.9558784774001198E-11	3.562160651553281E-15	1.87760404837109E-9	1.1308626710060388E-9	1.6929567528830782E-9	1.8948640020337702E-11	9.17711507815486E-13	2.3599028394782906E-10	1.0844890180904547E-12	2.389272632291273E-13	1.113414260718089E-15	2.4617092426347137E-13	3.2281374525525145E-18	8.920113775133724E-12	3.953781623932998E-11	2.3910408572084306E-10	4.612859439091966E-11	8.013736234121581E-11	1.2075333225345243E-11	6.276460952814044E-12	0.0	6.276460952814044E-12	7.158275395849523E-16	4.716158290803651E-16	8.970660016281739E-15	6.626613985590656E-10
5.672113849133807E-8	1.5749277427334213E-7	5.904853995017133E-11	6.340831756315387E-9	1.1326953912773686E-13	1.9256504033906923E-8	2.3206230884073667E-10	8.33147666626799E-14	1.783579422884193E-8	5.642045283721874E-9	1.0904795376530338E-8	9.672669085652252E-11	1.3251351573273539E-11	4.244296921774153E-9	1.3132251740990582E-11	4.606472158330557E-12	2.0180700147779834E-14	7.650177473699938E-12	1.4883769864359026E-11	1.7688660039206968E-10	1.2413740869207112E-9	4.695476603417664E-9	1.0891628069935102E-9	4.710324523027206E-10	8.951047778455345E-10	1.029743115051489E-10	0.0	1.029743115051489E-10	1.8688340838892086E-12	2.9169300775268937E-15	4.164522904475457E-8	5.0489994528537815E-9
5.873018890377074E-4	1.9350271380553042E-5	4.80554732985054E-7	3.687048843872329E-5	3.7105927466582074E-9	1.2563441100113161E-5	4.335710527449528E-6	1.8698486676749456E-10	0.0017354561088893292	3.280640243949232E-4	6.288500307949318E-4	4.84625973747517E-6	7.832983462212554E-9	8.277964358422548E-6	1.1793968218481983E-7	1.7812373334835625E-8	1.501702047315832E-10	1.7253661315874522E-8	3.3441440003848813E-13	1.1435259441968386E-6	2.1266804129138397E-6	5.405587378167398E-6	4.073176483671737E-6	4.597828350219236E-6	4.3333966212478244E-7	2.16584154635138E-6	0.0	2.16584154635138E-6	3.1268244123272474E-10	1.0901379938824391E-10	9.33111188718957E-10	1.1516514304481818E-5
