32
NULL,open@__open_nocancel,fstat@_fxstat,mmap@__mmap,read@__read,munmap@munmap,open@__open64,close@__close_nocancel,rt_sigprocmask@sigprocmask,exit_group@_Exit,rt_sigaction@__libc_sigaction,sched_yield@sched_yield,mremap@mremap,time@time,read@__read_nocancel,mprotect@__mprotect,madvise@madvise,lstat@__lxstat64,openat@__openat64_nocancel,write@__write_nocancel,syslog@__syslog,getpid@getpid,writev@__writev,close@close,stat@__xstat,socket@__socket,fcntl@fcntl,connect@__connect,getdents@__getdents64,lseek@llseek,getrlimit@__getrlimit,write@__libc_write
0.9098247121441707	0.0028761173461818723	3.136269758230073E-5	0.0022588505149650404	2.146740956007833E-7	0.0017795918767829486	2.1262016609975708E-4	1.7205901108260505E-8	0.05502295100892574	0.013235708067119531	0.02476572333729433	2.0747027693888195E-4	8.020901101026991E-7	5.424152657868712E-4	2.0082990155827994E-5	1.1656525591682846E-6	1.763575148719103E-8	1.9181209479111133E-6	1.9951657567069943E-11	8.4007118400897E-5	4.1255328576074446E-4	4.936633058252341E-4	3.1183507808149537E-4	2.91761193914074E-4	5.683933961328932E-5	1.0247619249080926E-4	0.0	1.0247619249080926E-4	1.4239959648973791E-8	5.282074570643403E-9	5.5300041150348304E-8	0.0011604772399330433
4.913364382398613E-4	0.0010669796917871653	5.279188432367315E-5	6.593747126170773E-4	1.6023446213518736E-8	3.278498132353916E-4	8.65414568471518E-6	2.8154064906987757E-6	0.0012441448050656675	3.3959180502010546E-4	6.316159608754314E-4	5.486641989191645E-6	6.27199117857941E-8	5.3388854045592836E-5	5.240047798398369E-4	1.8704365456917653E-7	5.277286772527717E-9	3.0439237589411085E-7	1.2753733172159312E-10	4.478828862834559E-5	0.00208422368184447	6.501002921647462E-5	4.308489301500677E-5	1.5106857113725562E-5	9.631093671885595E-6	3.995236469418649E-6	0.0	3.995236469418649E-6	4.2420357017472125E-10	1.4796658740411618E-10	2.7603847131280916E-8	1.1779120055241483E-4
1.5202393122230074E-5	6.947197625008237E-6	2.2745239063190657E-7	1.3019684738726212E-5	2.2390666569852462E-10	6.037448561760175E-6	3.4952632928476766E-7	7.93544300218724E-11	2.512745854490854E-5	1.0238347380923661E-5	1.8986351989477822E-5	1.785383756327611E-7	1.6261797130098176E-9	7.718442680424884E-7	8.656187008598867E-9	1.4621687034763958E-9	2.1233415701360093E-11	4.9039031209359026E-9	7.925462692362857E-14	1.3145991727577935E-7	7.398787638407319E-7	1.0121655994558374E-6	1.466639808793276E-6	9.390930899713048E-7	1.433018230118795E-7	1.707074058518783E-7	5.940417287719385E-8	1.707074058518783E-7	2.229091230328192E-8	7.022911041598466E-10	2.2024719495100705E-10	2.31867165602232E-6
2.5591442917536494E-4	4.0149285801320973E-4	2.152934841255256E-6	0.003154132739359681	1.481502786003828E-8	0.004293210100136749	2.3666359062140538E-5	8.94061506905744E-9	6.128030871405881E-4	1.785784329378652E-4	3.39726714029527E-4	2.9651760976329344E-6	4.717336605172246E-8	2.4520834663800687E-5	5.219758727285205E-7	9.592022524050832E-4	1.9395045930581253E-9	3.1980138347525995E-7	1.5131540574947224E-12	1.9497620961448446E-5	2.178321893749871E-4	4.7029220075748315E-5	1.879268384390295E-4	1.7041695492408366E-5	8.711380025967243E-6	1.2353242181887642E-5	0.0	1.2353242181887642E-5	2.549271216546422E-10	8.549392150498981E-11	4.163062092161315E-9	9.476121667066171E-5
2.343663809533536E-8	9.371012275830286E-8	1.0488574915677706E-10	9.259355705790342E-9	3.643122919168676E-13	4.816745775965219E-7	5.142878696342034E-10	5.256372672333159E-13	6.588176610388688E-8	1.6407352401813473E-8	3.0126605994550073E-8	2.5704506301262216E-10	3.029549033142987E-12	1.5054993368714503E-9	4.063070869831267E-11	3.1428160016021053E-12	3.429166680367981E-13	2.689970633058585E-11	1.1594092237888751E-16	6.851297715039375E-10	8.807704234949164E-9	4.648859826782645E-9	6.5785041540098255E-9	7.523878124708823E-10	6.734716695696709E-10	2.4586070069670805E-10	0.0	2.4586070069670805E-10	1.6798284843119555E-14	6.4495420070584386E-15	3.1448485327244667E-13	5.90408625421838E-9
6.012742760590273E-4	4.276193604689704E-4	4.401540731066989E-6	0.001168704396327585	2.7614541770349647E-8	0.0012070228541514812	1.0801959799580874E-5	2.5034940965042874E-8	0.0014217438001804868	4.080017218837873E-4	7.571853555828794E-4	6.66310325530932E-6	4.422556367863353E-7	1.0419540930822502E-4	2.8900851962826047E-6	0.0017904858348491673	2.3651408391046556E-9	2.40967903649906E-7	4.8951872947948944E-12	1.2527948781482034E-5	1.2294249244876692E-4	1.595754989781711E-4	4.5943962267611286E-5	2.0837717832899815E-5	6.452696782066349E-6	4.879711920549737E-6	0.0	4.879711920549737E-6	5.168113692152785E-10	1.834060828157564E-10	1.3636424775033587E-8	2.841564616653027E-4
1.1552720793769183E-4	5.807222667817293E-5	1.1972707156537512E-5	2.3997724725912367E-5	2.509582552733486E-9	1.776156335408104E-4	5.430254087460667E-6	2.8094997539551595E-6	1.7575132632092377E-4	7.84130200239954E-5	1.2476037787253114E-4	1.2897278121612132E-6	1.3905106592711373E-7	1.7876241758427652E-5	1.6955037891060587E-7	1.8711873052174674E-8	3.826493323231646E-10	3.173361850144841E-8	7.320264454336726E-13	5.345715190197331E-6	5.816256913619813E-6	2.475929500824136E-5	5.092017771582345E-6	4.1273090307564374E-5	2.6023932879978245E-6	5.621151762033163E-7	0.0	5.621151762033163E-7	5.981256612896636E-11	3.245154523404297E-11	2.038624544217843E-9	4.911381493081772E-5
2.1554433633638427E-7	1.4320219028835338E-7	1.7905637900326838E-6	4.05743140952695E-8	3.3354045423189667E-12	1.1811217100655424E-7	3.5098829594554044E-9	2.3645115757767897E-12	3.5417957737688505E-7	1.4534045560933016E-7	2.643909980574789E-7	2.51342915791087E-9	4.0545052582494543E-11	1.4367841416779998E-8	7.380352018400847E-10	2.1911186179186583E-11	4.895754595074757E-13	7.40286434354421E-11	7.90132569873265E-14	2.0450713603540355E-9	1.4237697125804846E-8	2.0445816594169963E-8	1.1796680729426153E-8	6.374347134397857E-9	2.1498016115059784E-9	1.6179223635294545E-9	0.0	1.6179223635294545E-9	2.005580728889514E-13	7.483347100998547E-14	2.2105656528153977E-10	4.342291933492903E-8
0.02808629976245507	0.0011049646933413563	2.2690559523498803E-5	0.0014777751434440745	1.9599739607540934E-7	5.643432558035684E-4	1.2140277403219624E-4	1.1093390115796737E-8	0.015080262801674502	0.01875692733619322	0.03379771157853864	2.4198493335111224E-4	3.9039945587121525E-7	3.4351503036195256E-4	5.52259367053828E-6	6.516531536665798E-7	9.092733294192243E-9	1.1515778510967834E-6	1.7014728575520544E-11	7.371180389022141E-5	1.227271216322852E-4	3.271867356293503E-4	1.8858749647343695E-4	1.7570732513777707E-4	3.09619641516315E-5	5.612413121387186E-5	0.0	5.612413121387186E-5	7.546610632306093E-9	3.2883652931685073E-9	4.7361205255682036E-8	5.719082810604278E-4
0.028151497752685384	5.478963022874097E-4	8.68994669780545E-6	9.513935184340791E-4	7.073087692437533E-8	2.727955435171125E-4	3.3966419697525567E-5	8.93660698890346E-9	0.004961030282264332	0.0012318812407754675	0.002265831401788666	1.930132747924581E-5	1.647621817036397E-7	1.1017485348103105E-4	2.9809840754905526E-6	2.52792403800989E-7	5.935767985874802E-9	5.403709675232843E-7	6.777151544942855E-12	5.852199729769966E-5	6.245340319462122E-5	1.467253786160057E-4	8.402884282776494E-5	5.973556863060165E-5	1.5010525350761583E-5	1.2311383609854161E-5	0.0	1.2311383609854161E-5	1.339127212986699E-9	4.872152423179004E-10	1.8828913049373688E-8	2.679956418203953E-4
0.02648247477475227	7.563468983137572E-4	1.322025446514485E-5	0.0011100505579739886	1.0948235176608237E-7	3.759886834214475E-4	7.707965606824088E-5	9.266699902659046E-9	0.009480067283878695	0.01769130318859546	0.013856758086689572	3.020554353677278E-4	2.3779118219064445E-7	1.9322754622371873E-4	3.825598211190758E-6	4.176952915357924E-7	7.041114013246642E-9	7.381400885460293E-7	1.0017818586152236E-11	6.082613299132235E-5	8.519693514852585E-5	2.0471120994310758E-4	1.1875541808141527E-4	1.0495979418848994E-4	2.0187779756301017E-5	3.467859565332794E-5	0.0	3.467859565332794E-5	4.631848028084384E-9	1.7384481999084059E-9	2.7857837514844358E-8	3.63784481738458E-4
2.873222236766663E-4	7.286533821154576E-6	1.292612124536075E-7	1.1288786128068859E-5	1.0805048185037613E-9	3.6576814446787497E-6	6.268504664908891E-7	9.766045506887795E-11	8.225489916266063E-5	1.9195592956551677E-4	1.376369856489922E-4	1.0372908942246529E-4	2.3384872638483863E-9	1.8113120378904854E-6	3.800505182458441E-8	3.807340282146834E-9	7.038153745642868E-11	7.305913806147335E-9	9.874167232756908E-14	6.421474291276064E-7	8.21528277138442E-7	2.0238770240074788E-6	1.1646824184042223E-6	9.594499645507589E-7	2.0007891119651325E-7	2.6698088301316623E-7	0.0	2.6698088301316623E-7	3.3886246575137416E-11	1.3618307946599993E-11	2.7457835314345687E-10	3.6205347480626742E-6
1.3104497808652404E-7	2.1113220509504227E-7	5.668515068499804E-10	7.308829494583364E-8	2.073811495628999E-12	3.54273136925964E-8	3.3031348129922254E-9	4.2131838571265707E-13	3.3594857710961915E-7	9.276842520892512E-8	1.7413355329228464E-7	1.5104397774617234E-9	2.0722830084218847E-11	1.8738975333491825E-8	2.0006796918125316E-10	3.856533357276681E-11	3.361288758149886E-13	1.9112482325825515E-10	4.628771989503852E-16	4.107185130669758E-9	2.3715571223103725E-8	3.2982493952237224E-8	1.5434213052429043E-8	5.154646544455322E-9	4.846394755194374E-9	1.5573867308257914E-9	0.0	1.5573867308257914E-9	1.1278157487068885E-13	4.1447432872004325E-14	1.2228863425462468E-12	5.911491148719633E-7
2.541338748356504E-4	5.159162846741352E-4	1.3093192256182316E-6	4.2155510223820526E-4	9.905613739047697E-9	5.4258556550061775E-5	6.014310325865711E-6	5.852076213052937E-10	5.118265938310982E-4	1.7307889088530825E-4	3.30015943423076E-4	2.9660461097157534E-6	3.521819719904397E-8	2.4067057256869993E-5	9.144658700646295E-6	4.7892552488173814E-8	1.2433011949930623E-9	2.4741654090576867E-7	7.069222600461195E-13	5.11600543081889E-6	2.8251503415831073E-5	1.1812927513245307E-4	2.365387693600413E-5	9.352809780122763E-6	6.369359409352846E-6	2.8632080750171826E-6	0.0	2.8632080750171826E-6	2.5870177973880254E-10	8.980309416191124E-11	1.8917451495152952E-9	4.688560606173635E-5
3.379856909248646E-5	1.2719044151955546E-5	8.464075792388531E-8	2.8794938404797742E-5	6.852727433239195E-10	2.7749235801785112E-6	3.8677359114405226E-7	6.607773695918017E-11	1.3146661698253215E-4	2.574256369211921E-5	4.919757654230773E-5	3.818639971966306E-7	2.1619753164395614E-9	1.2016033048058875E-6	2.236145461485616E-6	3.4060363938753476E-9	5.163052500647893E-11	4.216977277080878E-9	1.029809738018458E-10	2.4396544530591585E-4	4.858730469247674E-7	1.2132650501138052E-6	5.145029752075632E-7	6.139206078395377E-7	1.2894137459548404E-7	1.8080896206652362E-7	0.0	1.8080896206652362E-7	3.860397307641823E-11	8.796652037716883E-12	2.2266818957769404E-8	3.2214527655237485E-6
1.3272895460033593E-4	3.9671112547081464E-5	1.348065197555822E-6	4.2270357605717074E-4	1.5547045602117164E-8	0.0013998547473042995	2.591231821235757E-6	1.472794691501354E-10	2.3161402603288887E-4	8.893061234269408E-5	1.7769889090073503E-4	1.5955702318197607E-6	2.3708054982084552E-8	1.2826768332981887E-5	2.42798491470222E-7	4.0784678088625766E-8	2.0395963506143764E-10	5.8332847621199965E-8	2.306931167529441E-13	7.996500217771585E-7	4.074868000937886E-6	1.864445243263685E-5	3.987655377710336E-6	5.362735230438834E-6	1.4719229334032443E-6	1.1429922758632436E-6	0.0	1.1429922758632436E-6	1.7911506832570195E-10	5.348322775650325E-11	6.382922605818984E-10	3.264260521504754E-5
7.722431275023994E-9	5.068896695207193E-9	3.036880547529192E-11	1.5132233849150264E-9	1.292764331440332E-13	2.089969907192179E-9	9.912383413070292E-11	2.6621695135134817E-13	1.7278713415440193E-8	5.271974773082143E-9	8.94517649518062E-9	8.339120653909865E-11	6.323695473381904E-13	3.550451113251685E-10	3.136458108386632E-11	6.406394781207268E-13	1.5797903446424037E-14	3.710908478185655E-12	4.124748427584331E-17	9.626222475706385E-11	5.19603922246713E-10	6.847965771851056E-10	4.3174162767212844E-10	1.6410498335965148E-10	9.166120465481562E-11	4.650328987124037E-11	0.0	4.650328987124037E-11	4.28285043741741E-15	2.0154572022392526E-15	1.1415762885251445E-13	1.838638188080233E-9
1.9206880878020778E-7	4.927624926205764E-7	2.6952394255519844E-9	1.2272161431391394E-7	3.594894698891902E-12	5.701860899964522E-7	6.489314355104847E-9	8.049138350900338E-12	4.705674155588075E-7	1.3328450568592548E-7	2.536316271910437E-7	2.199167958045935E-9	3.1900268539567327E-10	7.573149842192172E-8	1.0991306399216044E-7	7.807366240936994E-11	1.5574847995478407E-12	3.3796353787862554E-6	1.2672893683904258E-6	4.871676865123277E-9	4.347124548430118E-8	9.71533651009426E-8	3.2823204820320785E-8	2.540202474629777E-8	7.4144574825110184E-9	2.147915591842586E-9	0.0	2.147915591842586E-9	1.7492256725017104E-13	6.236196320287352E-14	3.786703542808426E-12	2.525260290709285E-7
1.7017267443947896E-8	4.909922322612259E-8	6.517764933471026E-7	1.1660282095487093E-8	2.9482605200113893E-13	5.956610764206578E-8	6.140620152738709E-10	1.063275499243674E-12	4.2837283544176816E-8	1.1969950749618563E-8	2.2919132473584344E-8	1.9753258052348834E-10	2.8883774585736165E-11	6.8344443314411685E-9	2.4095633311208477E-10	7.128527690340647E-12	1.602996649420235E-13	2.0750858840523062E-11	4.830073889312798E-16	5.095689423440753E-10	4.8039722733994975E-9	9.10013517798955E-9	3.6048387085240815E-9	2.313943531988414E-9	7.283113865833134E-10	2.0796069780232488E-10	0.0	2.0796069780232488E-10	2.7287619491338187E-11	5.624209727605437E-15	1.3439415996250361E-12	2.43779139225596E-8
4.371491975261073E-5	6.091979744596224E-4	1.2989281677833652E-7	1.257565138254343E-5	5.623349214014638E-10	7.644089707377914E-6	8.368734120257305E-7	1.4963172106207014E-10	1.602910821547903E-4	3.2882810405233454E-5	6.25568088495533E-5	4.947141495969828E-7	4.16545205439596E-9	2.1694244716483943E-6	4.981977073150019E-8	5.632251974682263E-9	1.011592043698193E-10	3.9857635042805165E-8	9.732381167864301E-14	2.4482257831790654E-4	1.1540024668402716E-5	6.905152462766342E-6	1.8218403889625623E-5	1.1538925657778519E-6	1.0036346824254558E-6	4.0290465881597923E-7	0.0	4.0290465881597923E-7	3.31934506465827E-11	1.1704133079930272E-11	2.574454188625576E-10	6.0408922048397876E-6
2.6173928407606967E-4	1.1168425862713117E-4	1.371404966097879E-6	9.43145745043387E-5	8.057513408490914E-9	4.35695869748493E-5	3.49874082918304E-6	4.148548884946553E-9	7.197661481871501E-4	1.85330608518384E-4	3.4531556709870817E-4	2.953071421645669E-6	1.864539314261552E-8	4.405619769733027E-5	6.255775692369509E-7	1.3843179351661704E-7	2.7328083755197586E-9	6.980345870919129E-8	7.739125083908774E-13	5.4175108723203484E-5	1.0799272489511562E-5	2.1865633680529173E-5	9.84034554565993E-6	5.25537348276314E-6	1.9490491458696574E-6	1.664434672809328E-6	0.0	1.664434672809328E-6	2.1439128899774935E-10	7.764873474515616E-11	2.1469595583497365E-9	4.6968931491433976E-5
1.4435771716287007E-4	1.6407763985090796E-4	7.618724349803948E-7	5.2651570416709724E-5	2.4396001033409674E-9	2.05548607203065E-4	4.988473198601988E-5	7.670276613150328E-10	3.1297912453636257E-4	9.94021857883652E-5	1.8975846559253628E-4	1.683959882697315E-6	2.3083337297153234E-8	4.817788688709647E-4	2.7926764113202555E-7	2.6995216992506575E-8	4.829010506564743E-10	3.791166482392425E-7	5.042182985427137E-13	7.0262779771539355E-6	5.820452749382747E-5	2.6296422932931668E-5	4.169199638266067E-4	2.3670944507869135E-5	1.1270518218323397E-5	2.6808536519390748E-5	0.0	2.6808536519390748E-5	1.3959013220224665E-10	4.994840562282843E-11	1.3580449115833206E-9	3.06499552783507E-5
1.9637039239658193E-4	2.3777073728415865E-5	3.3100435952862026E-7	1.9480257285689884E-5	2.5986135318884386E-9	1.0999694984712702E-5	1.7864857880458973E-4	3.345887003759349E-10	3.472103909338953E-4	1.3183979006507412E-4	2.6169470250147315E-4	2.3531961003980416E-6	5.8363646169136355E-9	5.702438411213253E-6	9.934632042075E-8	1.5614106760039544E-8	2.476225391838422E-10	1.963331354760669E-8	2.4618201380667796E-13	2.470889313915743E-4	2.5754786721289424E-6	5.135584089264504E-6	3.02813347790616E-6	6.838920047923621E-5	5.208447304296851E-7	9.680410147270207E-5	0.0	9.680410147270207E-5	2.24985614955182E-10	7.699294789831113E-11	6.838750314444382E-10	9.357062192422543E-6
1.2979477248431138E-4	2.2147380143011687E-5	3.453264249411823E-7	1.4193148283152754E-5	2.9900428529068506E-9	1.1941888070952137E-5	1.5492334614731018E-4	6.600016488869229E-10	1.8348419447248774E-4	8.814443878138961E-5	1.326124679448281E-4	1.4296427613656614E-6	5.886289176343304E-9	4.901099004316361E-6	1.1431866405962825E-7	1.459709395125807E-8	3.7591762816543533E-10	1.9563464885167367E-8	2.7226972966207657E-13	7.0845020842699715E-6	2.2376124690250245E-6	5.1272339597328765E-6	2.899668328095892E-6	5.038372907314357E-5	4.999116170941623E-7	1.3096008941322103E-4	0.0	1.3096008941322103E-4	5.0113608622510975E-11	3.37146764494114E-11	7.573472964233513E-10	1.1169000558486362E-5
1.0181171191540982E-5	6.139161766613554E-6	6.7234863963674E-8	7.868568130689967E-6	2.1170140985395982E-10	1.0661527014617317E-6	1.757154194604521E-7	1.1771016001651103E-11	1.7508845172892337E-5	6.855302083726547E-6	1.3084643677190042E-5	1.2052701192566515E-7	6.329374906770013E-10	3.7651942803683496E-6	7.708979124545645E-9	6.967499594374792E-9	2.484041919471152E-11	3.775973873679082E-9	3.2968766315501183E-13	9.855089368202644E-8	6.237398315439199E-7	1.5772705838682139E-6	5.152447909714676E-7	2.2277862065615146E-7	1.1854055798121628E-7	8.624932100444776E-8	0.0	8.624932100444776E-8	1.0535293847888654E-11	3.781054999097413E-12	9.211877561463626E-10	8.2120900029653E-7
2.933678440968136E-5	5.863967470328834E-6	7.805521077596318E-8	3.4655578800575576E-6	6.57716284068098E-10	2.736280450396853E-6	9.840056634399987E-5	1.4383319717971733E-10	4.496356027464684E-5	2.0038116299931284E-5	3.0617595602664006E-5	3.236703839978243E-7	1.3729984540959E-9	1.1453960148629961E-6	2.5340443160971607E-8	3.3258143117416744E-9	8.242356971108372E-11	5.234155870197586E-9	6.12284854730398E-14	1.5471156545789682E-6	6.026725100617667E-7	1.2851415988744805E-6	7.085014263527344E-7	3.693703564413982E-5	1.3425310930931433E-7	1.277752640828568E-4	1.2767093978826192E-4	6.393969910873508E-5	1.1920020389160063E-11	7.637083751030821E-12	1.6997249763825757E-10	2.545785217393057E-6
8.806343599945928E-6	1.762408830777161E-6	2.3523155985731804E-8	1.0417717321493398E-6	1.973915935841445E-10	8.240784293742882E-7	2.9520216402736888E-5	4.31951345707468E-11	1.3498598754054338E-5	6.015009770945638E-6	9.192313214132444E-6	9.71645134507002E-8	4.1423099033221005E-10	3.4464323778182246E-7	7.607155821560913E-9	9.994255260102836E-10	2.4739553007436448E-11	1.5718658175247924E-9	1.8381184742172082E-14	4.6417962687939425E-7	1.8112463839464714E-7	3.8619882309097173E-7	2.1282060277840698E-7	1.1081298592647633E-5	4.0376971994313156E-8	3.134408865899058E-8	5.912693293216282E-9	3.194912657571992E-5	6.141719186458271E-9	1.9430440423330994E-10	5.10265731029787E-11	7.65277259994968E-7
2.786983158031617E-5	5.570746388161917E-6	7.415214796255182E-8	3.292266565423854E-6	6.24827922809431E-10	2.599455831427309E-6	9.348015696328298E-5	1.3664098031597025E-10	4.2715208136180796E-5	1.9036132885837935E-5	2.908659725361304E-5	3.0748561136028056E-7	1.3043432143524022E-9	1.0881217784885286E-6	2.4073322870170843E-8	3.159510716691132E-9	7.830207203412122E-11	4.972427807029526E-9	5.816682408752068E-14	1.4697538805294977E-6	5.725365506645266E-7	1.2208795421242633E-6	6.730736113105917E-7	3.3830773840770996E-4	1.2753993393869068E-7	9.910767586167721E-8	0.0	9.910767586167721E-8	1.1323973208535915E-11	7.2551999883040474E-12	1.6147321452519682E-10	2.41848609778067E-6
9.235407188396625E-9	3.4617891959204503E-9	8.531577208565644E-10	1.663879857482052E-9	1.8464794629232404E-13	3.182573494756914E-9	1.0384621518843305E-10	4.120037210379263E-14	1.0787136164364071E-8	6.196624382061203E-9	9.327872766095227E-9	1.0281301083143776E-10	6.7075948820952205E-12	6.829653114392839E-10	1.474328501687352E-11	8.600121040166743E-13	1.1073380047593884E-14	2.4497309818420035E-12	3.3823876150205307E-15	7.033406364945373E-11	3.6113575048735723E-10	8.329023679527836E-10	4.0052686793606746E-10	2.799208509292875E-10	5.300459568271745E-10	4.222233128117947E-11	0.0	4.222233128117947E-11	4.360711951076709E-15	1.856379287005328E-9	9.46327570940289E-12	1.740506601112323E-9
2.3634407525422156E-9	8.589921048601763E-10	1.2575156635086699E-11	5.382062943557209E-10	4.767342539279102E-14	1.4702746615499766E-9	3.064872159640867E-11	5.4345723290963155E-15	2.7724025593708538E-9	1.5847411854652418E-9	2.4006183012651858E-9	2.63483546908406E-11	1.2632852054780535E-12	3.29713307679951E-10	1.7136582626132357E-12	3.441220278012194E-13	2.7005121191707563E-15	6.652580983979466E-13	5.019672774702992E-18	1.8626254945387427E-11	9.179510673843102E-11	3.8034631140736637E-10	8.70011106005854E-11	1.1642179085103661E-10	2.634645720224609E-11	1.0385589716656123E-11	0.0	1.0385589716656123E-11	1.0453744360003853E-15	6.578316275524993E-16	1.383555972064821E-14	9.206430736346336E-10
1.4661323967719874E-8	2.2126870300782455E-7	1.1983032243157653E-10	1.2006303102224394E-8	2.5804759139135605E-13	2.7602992086894086E-8	4.987537430889908E-10	1.404117979406229E-13	3.340326972214964E-8	1.0174794140533315E-8	1.9448600700563827E-8	1.710106755485869E-10	1.9311127900697705E-11	6.255107506353288E-9	2.581239363952706E-11	7.285420678621581E-12	5.798336903679574E-14	2.5637695143166713E-11	1.934916564480197E-11	5.43819849509876E-10	3.433779488655128E-9	8.941474471467468E-9	2.6116181675071763E-9	9.69052717358453E-10	1.7204604382075984E-9	2.2388246428383085E-10	0.0	2.2388246428383085E-10	2.4328850353572853E-12	5.013145535773168E-15	5.413953275627317E-8	8.727217725349647E-9
5.773337433862715E-4	3.9748401761333315E-5	6.947857284774577E-7	5.2496489702548904E-5	5.224680078498303E-9	1.9458668912013046E-5	5.971606641271868E-6	2.7888289675590814E-10	0.002297178389724989	4.4172166154495256E-4	8.441902849215164E-4	6.507819423834243E-6	1.2226849376717155E-8	1.1892829020870563E-5	1.777781526208398E-7	2.5085860570258058E-8	2.8638436399080636E-10	3.596175283595035E-8	4.78830309660699E-13	1.7903901467552142E-6	4.382852395058548E-6	9.744269562796035E-6	6.448408366891728E-6	6.537922647383436E-6	9.592409716411636E-7	2.971137005927593E-6	0.0	2.971137005927593E-6	4.2160060410330554E-10	1.471802273410178E-10	1.3315680747226767E-9	1.751384418252422E-5
