32
NULL,open@__open_nocancel,fstat@_fxstat,mmap@__mmap,read@__read,munmap@munmap,open@__open64,close@__close_nocancel,rt_sigprocmask@sigprocmask,exit_group@_Exit,rt_sigaction@__libc_sigaction,sched_yield@sched_yield,mremap@mremap,time@time,read@__read_nocancel,mprotect@__mprotect,madvise@madvise,lstat@__lxstat64,openat@__openat64_nocancel,write@__write_nocancel,syslog@__syslog,getpid@getpid,writev@__writev,close@close,stat@__xstat,socket@__socket,fcntl@fcntl,connect@__connect,getdents@__getdents64,lseek@llseek,getrlimit@__getrlimit,write@__libc_write
0.9345633626043843	0.0028810580472364506	3.171524700762111E-5	0.002149740659248796	2.209817459775077E-7	0.0017283349384969763	1.9991326610586686E-4	1.706606216426064E-8	0.05128811433527368	0.01223519204020889	0.022918707067773103	1.9293078196253477E-4	7.964551850684401E-7	5.471323600030803E-4	1.9684919267390104E-5	1.1140850805730266E-6	2.4755554631686338E-8	1.9733456232136927E-6	7.690587863927898E-9	8.089624574903441E-5	4.018692876746102E-4	5.287116942783033E-4	3.070055040220927E-4	2.7941673626539945E-4	6.585484519710089E-5	9.605526332481673E-5	0.0	9.605526332481673E-5	2.0230102067098392E-8	4.9128629356146244E-9	2.147041735438021E-5	0.0011419420465334032
6.6265143337681E-4	9.673141721055152E-4	4.895212335179905E-5	6.06938637736951E-4	1.202757825699036E-8	2.929526277827368E-4	7.559543359003865E-6	2.6359043295045796E-6	0.0011231897575798531	2.968283413322944E-4	5.57177151581178E-4	4.816585666775923E-6	5.162856614939382E-8	4.446277770252824E-5	4.996299914233343E-4	1.7043201295263066E-7	3.891848019196155E-9	2.572901312141547E-7	1.0422613586968196E-8	4.1387273884366143E-5	0.001946749047690524	5.16667623774442E-5	3.7583613764859014E-5	1.2751043095515086E-5	7.6257434788460886E-6	3.514827378110024E-6	0.0	3.514827378110024E-6	1.8426599380441973E-9	1.3014432774715564E-10	1.8396783059787905E-6	1.0140786289889802E-4
1.7467648546831003E-5	6.2056914904011345E-6	2.0978874889620153E-7	1.2059106878760863E-5	1.9323093003499043E-10	5.56153181169207E-6	3.205954557729622E-7	7.371760742754075E-11	2.299025378476659E-5	9.284824007775498E-6	1.727552094141193E-5	1.6306411880415806E-7	1.4621729681793162E-9	6.866512967895203E-7	7.274353488945982E-9	1.3269890200042622E-9	1.499776819449013E-11	4.302447576720284E-9	3.611051340141822E-13	1.1722890994271068E-7	6.612865463403715E-7	8.774528883530971E-7	1.3448299816091504E-6	8.647785101793569E-7	1.1354188070626564E-7	1.5684722351824018E-7	5.543678158301679E-8	1.5684722351824018E-7	2.0807950076172516E-8	6.552954827010885E-10	8.931153819967133E-10	2.099546812491726E-6
3.3721554883720043E-4	3.599655960515593E-4	1.8650037702143993E-6	0.002950297141561809	1.2854927887671273E-8	0.004012075735237289	2.1907547892662292E-5	8.368347440873261E-9	5.575736467854109E-4	1.588124876591327E-4	3.0435723772654255E-4	2.652627906770788E-6	4.0937829471398446E-8	2.086610816994146E-5	4.3747557159871317E-7	8.985955880971193E-4	1.4755624572511835E-9	2.8447197530570046E-7	9.548137018269422E-12	1.7973710020289696E-5	2.022401748640237E-4	4.0067320631279076E-5	1.7464625265332562E-4	1.532304134434756E-5	6.967010908825869E-6	1.1461145773654633E-5	0.0	1.1461145773654633E-5	3.5577194978132654E-10	7.67841393126349E-11	2.123909834887155E-8	8.482097690983126E-5
3.085279754038046E-8	8.56409455047487E-8	8.623273656155306E-11	8.179216117414811E-9	2.70291733055992E-13	4.488694990674612E-7	4.545439740293724E-10	4.887484104268879E-13	6.01097065391793E-8	1.4617920725389603E-8	2.6975235495503194E-8	2.2989151145007465E-10	2.5510709297748788E-12	1.2401822475803735E-9	3.410940601129465E-11	2.74693014645881E-12	2.9609729107088334E-13	2.3438533849580927E-11	9.200934919123216E-16	6.076458960732686E-10	8.029891607382001E-9	3.962633969168599E-9	5.984624143980226E-9	6.464453304232713E-10	5.22188875298126E-10	2.183542478204961E-10	0.0	2.183542478204961E-10	2.2290107066995437E-14	5.756918020867115E-15	1.8022773017264686E-12	5.178866424433262E-9
7.362331661440654E-4	3.820384415082669E-4	3.898276446064118E-6	0.0010888945783070851	2.4011456518857412E-8	0.0011227681405676759	9.752271529886275E-6	2.432052458090232E-8	0.0013012492681078066	3.6571646159830584E-4	6.8261854606859E-4	6.00575975348697E-6	4.0834462109035025E-7	9.409003754272695E-5	2.6148129117011335E-6	0.0016773557876756696	1.604324729870449E-9	2.0898866492903245E-7	1.860933321185504E-11	1.1420091240397076E-5	1.1326653637292712E-4	1.4382254394401688E-4	4.136838565748084E-5	1.8569275704636365E-5	5.057676020616031E-6	4.418632256107486E-6	0.0	4.418632256107486E-6	7.167213140025722E-10	1.6568382089916445E-10	4.74446008178135E-8	2.59936751065439E-4
1.3598071476550143E-4	5.16198103411354E-5	1.1155727000440357E-5	2.153960867075177E-5	2.1085474663530784E-9	1.6446684743451643E-4	5.018464642185268E-6	2.6302046255303294E-6	1.599590910246341E-4	7.067554578481532E-5	1.1248548082654365E-4	1.1699132944628611E-6	1.2886270018484875E-7	1.623570977209029E-5	1.459460337107529E-7	1.7070102881852774E-8	2.793186613697217E-10	2.7243958414258627E-8	3.2426183106519194E-12	4.954229294594354E-6	5.168818134085961E-6	2.2368129938802655E-5	4.521490455732998E-6	3.832250105240909E-5	2.279975166795931E-6	5.032134734922174E-7	0.0	5.032134734922174E-7	8.113971525079168E-11	2.943920309491826E-11	8.336627591614343E-9	4.5015629527197375E-5
2.5631223653568927E-7	1.2990131247856656E-7	1.6737746431169742E-6	3.683771369649751E-8	2.8657866982008726E-12	1.0939650828637461E-7	3.206022787865898E-9	2.202655717166351E-12	3.2552623376634567E-7	1.3222879965818245E-7	2.413276860322254E-7	2.3026697660475584E-9	3.710237671823982E-11	1.3022290168403711E-8	6.815272715341013E-10	2.0147270421040454E-11	3.7743796490507397E-13	6.484039931474205E-11	1.2006940200820384E-12	1.827055468937378E-9	1.2859926778773926E-8	1.8044911756891068E-8	1.0661864063040622E-8	5.812112843762951E-9	1.7521698489411723E-9	1.478427640692086E-9	0.0	1.478427640692086E-9	4.056601810444435E-13	6.876506543864394E-14	3.357637250532442E-9	3.9593294662789706E-8
0.030864729049544615	9.562982233813503E-4	2.0170508548420106E-5	0.001338948644161664	1.7415150299998783E-7	4.92747615129568E-4	1.1019356275813666E-4	1.0437754738499125E-8	0.013675989918178299	0.017185479664326035	0.03104618648687654	2.2255488987148292E-4	3.429579091404609E-7	3.0468381240189287E-4	4.736776518299441E-6	5.896030684021807E-7	6.254418769716713E-9	1.0046526253338084E-6	3.6814396083721627E-10	6.69104687897574E-5	1.0677901236690705E-4	2.8260103220308693E-4	1.683138134776668E-4	1.5831752481873323E-4	2.502656769162647E-5	5.097056840372903E-5	0.0	5.097056840372903E-5	1.0141487079312776E-8	2.9950202808042932E-9	1.0112564086594893E-6	5.068318387779599E-4
0.031201465188033226	4.822389268384518E-4	7.762295684102585E-6	8.752468130782258E-4	6.294683845128607E-8	2.410505182595017E-4	3.0779991299023896E-5	8.611328458218878E-9	0.004483742607941589	0.0010942101659729322	0.0020195939245164617	1.7226894086216376E-5	1.4565936756348682E-7	9.701053417683582E-5	2.6112580337422067E-6	2.2999732308320616E-7	4.638508829250077E-9	4.780036869514346E-7	3.4219090857242875E-10	5.414040201358957E-5	5.516772407491704E-5	1.283651713527927E-4	7.571462593376839E-5	5.386957472119133E-5	1.2458252737766018E-5	1.1072341943192487E-5	0.0	1.1072341943192487E-5	1.8798483845092036E-9	4.345752447109967E-10	9.46994684969587E-7	2.4011759295812607E-4
0.029180735615327105	6.577901039638861E-4	1.1718105668297563E-5	0.001010420375945822	9.676219747452522E-8	3.2887297748381277E-4	6.99514513768796E-5	8.806628129509858E-9	0.008580602098738621	0.016307579619295777	0.0126253447548394	2.797625205396595E-4	2.0839990763628312E-7	1.7029003948966447E-4	3.2975045387116177E-6	3.7806712952032256E-7	5.1437084673612846E-9	6.446772173029145E-7	3.3300465061774626E-10	5.561900941416436E-5	7.445957793895029E-5	1.7670064499398364E-4	1.059963553476508E-4	9.440949810783702E-5	1.641809819748273E-5	3.145914274129186E-5	0.0	3.145914274129186E-5	6.2130721423561586E-9	1.576622710666759E-9	9.18498100205951E-7	3.224471785523342E-4
3.1656528714285495E-4	6.341163663319932E-6	1.1473136801125448E-7	1.0286700660950947E-5	9.56975116327326E-10	3.202163295893906E-6	5.662303407626795E-7	9.302624349858491E-11	7.418525184791193E-5	1.7708451676709896E-4	1.2539509355278261E-4	9.671438536383706E-5	2.052858230734271E-9	1.595050048195906E-6	3.2861686783301824E-8	3.440789713537285E-9	5.2262478288678225E-11	6.396268593885793E-9	3.561769433423701E-12	5.881776946342587E-7	7.181541892286356E-7	1.7526689859904032E-6	1.0407272528589844E-6	8.615378174353052E-7	1.6342764193798284E-7	2.406237759911787E-7	0.0	2.406237759911787E-7	4.5789418239529014E-11	1.2283411378534799E-11	9.834508623635783E-9	3.2151487276059595E-6
1.768617653538661E-7	1.855221919292195E-7	4.601593350856857E-10	6.519569014758793E-8	1.5814925801600836E-12	3.041237647050504E-8	2.9181516724148224E-9	3.7818131991941706E-13	3.054620315975733E-7	8.264613628890933E-8	1.5594892568664888E-7	1.3526820719680677E-9	1.7626904768455533E-11	1.655926275743668E-8	1.6657484478712238E-10	3.4834190145231964E-11	1.9456288769975292E-13	1.6709077449631812E-10	5.5493263103699786E-15	3.6174421294758252E-9	2.0897647346894253E-8	2.842921892434467E-8	1.3466548469258874E-8	4.462866290061045E-9	3.774170412182149E-9	1.380835738270176E-9	0.0	1.380835738270176E-9	1.5021922115624886E-13	3.716589645704239E-14	9.887578548516841E-12	5.496536809632614E-7
3.8507011629933415E-4	4.609578460538993E-4	9.604265900749269E-7	3.8778252054471777E-4	6.793347371646299E-9	4.194052413703284E-5	5.221928109208978E-6	4.984352664459486E-10	4.5237059285145327E-4	1.476003530857206E-4	2.859597655627597E-4	2.5506081209148176E-6	2.711017055670754E-8	1.7873961231171394E-5	8.453649436870923E-6	4.117468421224278E-8	2.8688019245085345E-10	2.0946425374340995E-7	1.1774495297636456E-11	4.408158483540611E-6	2.4240174838568978E-5	1.0295745510593499E-4	2.0117350916939015E-5	7.63987768326449E-6	4.816426136287144E-6	2.514745837454619E-6	0.0	2.514745837454619E-6	3.406742802528196E-10	7.81285525693913E-11	2.630999349934524E-8	3.670741668755577E-5
4.1685048351060004E-5	1.2005963767221106E-5	7.611262700339274E-8	2.7052899759122607E-5	6.017525855769989E-10	2.5532856561955776E-6	3.6002588569473434E-7	6.411654522381474E-11	1.228979259537778E-4	2.372585655576663E-5	4.552953558050595E-5	3.5382637745786496E-7	1.9791829027132044E-9	1.152666599628493E-6	2.0961928452070446E-6	3.288727098202697E-9	3.4797510376028134E-11	3.794696860669586E-9	8.526301390768204E-9	2.282646740240733E-4	4.505716661539212E-7	1.0529988351671512E-6	4.775645065946229E-7	5.653549247650186E-7	1.3639141048637095E-7	1.686235459206819E-7	0.0	1.686235459206819E-7	1.10105517175099E-9	8.15701324423932E-12	1.7922300416646958E-6	2.9575781047090268E-6
1.5758785845332426E-4	3.447829294021486E-5	1.2210749277213502E-6	3.9502091120390903E-4	1.4179778072100284E-8	0.0013101265295344074	2.3604479268920043E-6	1.3206926695355082E-10	2.1110713968665087E-4	8.003776079252692E-5	1.6105698237252374E-4	1.4475778316754392E-6	2.1333664943306993E-8	1.1383286015172739E-5	2.1040539232094817E-7	3.7691578540064146E-8	7.969545715843551E-11	5.20302412419076E-8	2.802531995669079E-12	7.027630093003575E-7	3.5627202604257836E-6	1.650740311532428E-5	3.482726779905555E-6	4.844426441672857E-6	1.2100334451980547E-6	1.0430662419839788E-6	0.0	1.0430662419839788E-6	2.6212084182330246E-10	4.883621764212238E-11	7.298847556002624E-9	2.9543895786154866E-5
9.361884143084434E-9	4.4905802218878646E-9	2.6171726128537072E-11	1.3411581613062628E-9	1.0501258472838635E-13	1.8764541565005152E-9	8.83820171809826E-11	2.60237226015509E-13	1.584785012412915E-8	4.752073538777837E-9	8.081422048030472E-9	7.555252070391604E-11	5.427519528390173E-13	2.992981001006187E-10	2.856110261265274E-11	5.66582212414281E-13	9.502540756869706E-15	3.2319683222905835E-12	2.231742450205867E-16	8.549311797562375E-11	4.6025385938733314E-10	5.776763625129584E-10	3.824214333748927E-10	1.435261789163357E-10	7.111251741953073E-11	4.163185214629908E-11	0.0	4.163185214629908E-11	5.750069205031125E-15	1.8233269481715566E-15	5.269550267383667E-13	1.6583663730711466E-9
2.7173381517800025E-7	4.4377958846175234E-7	2.354675471714754E-9	1.0985939114765987E-7	2.2066803150019817E-12	5.267531589170553E-7	5.789112107796306E-9	7.481645041813297E-12	4.233454384770014E-7	1.1622145438895431E-7	2.2345631646243766E-7	1.9280395127262235E-9	2.941678830986534E-10	6.840080950580775E-8	1.0271901370227761E-7	7.071154953460823E-11	1.049843910368838E-12	3.153906502335437E-6	1.1826516711499086E-6	4.269229412503644E-9	3.893910690388892E-8	8.649613829260353E-8	2.921488863702238E-8	2.2976745702121888E-8	5.8096612151532084E-9	1.8940795893747687E-9	0.0	1.8940795893747687E-9	2.276356111340547E-13	5.491858343282362E-14	1.7237647077917928E-11	2.315823392295034E-7
2.7583645803919142E-8	4.5397038067094577E-8	6.082389865537187E-7	1.229722304373216E-8	2.3731132299761266E-13	5.535339693233592E-8	5.989917819390746E-10	9.920128096857839E-13	4.384820369176062E-8	1.250621197110026E-8	2.428150087200227E-8	2.103986080865531E-10	2.677378877769694E-11	1.599999763212498E-8	2.2255419984413466E-10	8.151579399446546E-12	1.2623738476477582E-13	1.844041595576163E-11	2.675965790032319E-14	4.6539086623441224E-10	4.4329591329180165E-9	8.265681583836413E-9	3.326490310307861E-9	2.1508456262286814E-9	5.851198176987636E-10	2.0900333298065603E-10	0.0	2.0900333298065603E-10	2.2632511638249227E-9	6.172432024373843E-15	7.42780967525501E-11	2.2569477727682307E-8
5.4655681390702336E-5	5.676607894050267E-4	1.0741422172058416E-7	1.1142767674112925E-5	4.544164179634944E-10	6.611882912375216E-6	7.480091263786443E-7	1.3973683429942793E-10	1.4810113848262273E-4	2.9771517457558285E-5	5.6882724460125796E-5	4.4944203443075167E-7	3.5486110619349E-9	1.841487131730993E-6	4.2583248366566813E-8	5.031254439982983E-9	7.113213727711094E-11	3.500421102980319E-8	1.3667160234379995E-12	2.2902448848490504E-4	1.0546554979307919E-5	5.985926257259964E-6	1.685406351722327E-5	1.0075972896904353E-6	7.854435574607866E-7	3.6142950444690425E-7	0.0	3.6142950444690425E-7	4.4385961069169505E-11	1.0597336395998431E-11	2.6593643404668335E-9	5.234295145854523E-6
3.4319420728215927E-4	9.442808069461964E-5	1.1264260492721554E-6	8.47167438653036E-5	5.9363023264829985E-9	3.575104408103305E-5	3.0592601143823113E-6	4.032514937779857E-9	6.558246357075133E-4	1.6324831523935934E-4	3.070652524020891E-4	2.6107875622892593E-6	1.4178072307538247E-8	3.836344508071406E-5	5.060705170270785E-7	1.2753959843800477E-7	1.9927440935729865E-9	5.600517996566089E-8	5.789530534629179E-12	5.053637415040048E-5	9.22147452482372E-6	1.6357016752216336E-5	8.27694582698628E-6	4.294261708843308E-6	1.4365470399739814E-6	1.4725739695899218E-6	0.0	1.4725739695899218E-6	2.8339536951953036E-10	6.87041910657021E-11	1.4841417472277837E-8	3.985036626320446E-5
1.9439835568129936E-4	1.432343943550495E-4	6.19556486101115E-7	4.6245657796572056E-5	1.940524061961124E-9	1.8953884696269762E-4	4.655763328205795E-5	7.091451559716964E-10	2.842181625422479E-4	8.881300259662215E-5	1.7049604540421336E-4	1.514560376159137E-6	1.964665310768489E-8	4.498231688859321E-4	2.41293583711536E-7	2.4095036822643772E-8	3.3931449679437065E-10	3.4441876988716997E-7	5.029712581569623E-12	6.3857873084579094E-6	5.33951834206497E-5	2.2410715823918363E-5	3.8962792682531065E-4	2.178337748031361E-5	9.192776376792512E-6	2.503870276545134E-5	0.0	2.503870276545134E-5	1.8573594772045665E-10	4.509615143989565E-11	9.99176199667635E-9	2.6531229423295473E-5
2.1985804147822764E-4	2.0639515664285645E-5	2.8887866773819547E-7	1.7545627732958417E-5	2.2432835583837634E-9	9.594288266943429E-6	1.6709682151304112E-4	3.1931336225800226E-10	3.187601171627428E-4	1.198563049090697E-4	2.3896023326022353E-4	2.1546721370487602E-6	5.018347310417381E-9	4.9894657923265226E-6	8.375478730490497E-8	1.4268483853089603E-8	1.7508130614809011E-10	1.6872723340961055E-8	3.2499284627413303E-12	2.3115671376604943E-4	2.2507338279711973E-6	4.289963690850075E-6	2.6787279469919097E-6	6.387906826931688E-5	4.0870533093175457E-7	9.055055026966145E-5	0.0	9.055055026966145E-5	2.9932692613334274E-10	7.076763807139751E-11	8.71651315058954E-9	8.203269112448975E-6
1.491031883791021E-4	1.9090246609066167E-5	2.9982944443000533E-7	1.2654970627826178E-5	2.576235034101233E-9	1.0433188332670417E-5	1.4491274804389354E-4	6.361281876825001E-10	1.6774237383543618E-4	7.982677225844441E-5	1.200200023037458E-4	1.3029782183163355E-6	5.018770341402758E-9	4.192702400044444E-6	9.641427729970711E-8	1.334164540797364E-8	2.8071543032672786E-10	1.675810348186817E-8	2.20250827817095E-12	6.598948547396164E-6	1.9405582607380443E-6	4.212700936912775E-6	2.5583778795295576E-6	4.703650720381447E-5	3.8975470463505456E-7	1.2251633287739628E-4	0.0	1.2251633287739628E-4	6.937228439159834E-11	3.0707272619516964E-11	5.824365991469045E-9	9.84134418725646E-6
1.3105223274541661E-5	5.360839233548884E-6	5.7916022074273044E-8	7.238068876058842E-6	1.5123465561102385E-10	8.387054305022228E-7	1.5669083032993834E-7	1.0214918133505188E-11	1.579311533943823E-5	6.077707852557883E-6	1.170281473578586E-5	1.0775186745171023E-7	4.872174466428798E-10	3.437955837712893E-6	4.858938165698001E-9	6.45467674180371E-9	6.866737735677787E-12	3.163090981260236E-9	2.5511249195977707E-11	8.575479027942628E-8	5.470495645129459E-7	1.3402198767054995E-6	4.472909923498285E-7	1.879361139886647E-7	9.324742371726521E-8	7.753665109026231E-8	0.0	7.753665109026231E-8	1.6950654054116647E-11	3.4058846325731146E-12	7.128266808292331E-8	6.389215206446397E-7
3.379309182166082E-5	5.0753403975207044E-6	6.766406232510008E-8	3.0918144416850163E-6	5.660080315294642E-10	2.387376922022033E-6	9.205806037266821E-5	1.3848196024231283E-10	4.117007049079163E-5	1.8150351852417147E-5	2.7725681673640796E-5	2.9500014542075396E-7	1.1705951539470534E-9	9.82403328000559E-7	2.134470842630983E-8	3.0374915977459466E-9	6.128433167477108E-11	4.505437021311399E-9	5.128619127001737E-13	1.440001888902279E-6	5.244941545967521E-7	1.0645854232380206E-6	6.24687469685763E-7	3.453423739155173E-5	1.0480413806252664E-7	1.1954916116704202E-4	1.1945556893284687E-4	5.9821287738835846E-5	1.6441013628664132E-11	6.955251055794207E-12	1.3320984657105211E-9	2.24031491282982E-6
1.0144323954986764E-5	1.5254573368768676E-6	2.0396899962313425E-8	9.294587656199722E-7	1.698610024839672E-10	7.191371529042103E-7	2.761745819546652E-5	4.158642688452583E-11	1.2359670202869555E-5	5.4483079546704976E-6	8.324047879293512E-6	8.855728093825927E-8	3.5331670895902784E-10	2.956515313386182E-7	6.407434585000317E-9	9.127927086266812E-10	1.8392570875811722E-11	1.3530030531511486E-9	1.5397535637356617E-13	4.320398645178742E-7	1.5763476241889157E-7	3.1994548709566093E-7	1.8764444747201236E-7	1.036043870276038E-5	3.15220764938196E-8	2.8120001077238827E-8	5.517805749791684E-9	2.989205671518033E-5	5.7331332370471335E-9	1.8127592578953558E-10	3.999150466010992E-10	6.734896217983611E-7
3.210330636431452E-5	4.821553723011232E-6	6.428059717472766E-8	2.9372117463192214E-6	5.37705438044762E-10	2.267998830626112E-6	8.745480085234437E-5	1.3155732594849922E-10	3.911140753208988E-5	1.7242763971207834E-5	2.633929022019289E-5	2.8024899573969666E-7	1.1120608630328417E-9	9.332793571705249E-7	2.0277390346022318E-8	2.8856052549463627E-9	5.821987776289682E-11	4.2801477226056286E-9	4.872168309692363E-13	1.3679962179426731E-6	4.982674157242636E-7	1.0113520293898324E-6	5.93450677052754E-7	3.165136340663728E-4	9.95635252975753E-8	8.891226004258176E-8	0.0	8.891226004258176E-8	1.561889927818196E-11	6.607461568277116E-12	1.2654883837745403E-9	2.1282904914020873E-6
1.618310353268523E-8	3.6877744300042067E-9	7.999535841759265E-10	1.852601950286301E-9	2.2540610718229129E-13	3.3030439807484113E-9	1.1381805112467167E-10	3.987514930586256E-14	1.3055622268389993E-8	7.696266529160041E-9	1.143934678201408E-8	1.2838012554254163E-10	6.327382091195378E-12	7.450676188318857E-10	1.457062220955681E-11	9.779226633706333E-13	9.524863088622438E-15	2.489927608383852E-12	2.7156565978639396E-13	7.66115101429193E-11	3.7390966014439817E-10	8.326916233126458E-10	4.267322121860959E-10	2.975733546939511E-10	4.579735090940807E-10	4.689893277174783E-11	0.0	4.689893277174783E-11	4.10668781077506E-14	1.7323991565579055E-9	7.597845677583319E-10	1.7388839016323711E-9
2.732929066805529E-9	7.557204126066075E-10	1.1254836627701339E-11	4.871298465419611E-10	4.122870858675794E-14	1.3564385452163242E-9	2.766611883112649E-11	5.001985772942034E-15	2.5131026476545847E-9	1.431700230758092E-9	2.1666561671185793E-9	2.3968526568829642E-11	1.1683049228874304E-12	3.0143110465983596E-10	1.4347072521209784E-12	3.1443546873151413E-13	1.5088323656162622E-15	5.76903646856498E-13	4.5907034483041694E-17	1.6509951534460154E-11	8.092789977257217E-11	3.4354331403387353E-10	7.703581623158742E-11	1.0624085654294585E-10	2.101350475541184E-11	9.295371080462469E-12	0.0	9.295371080462469E-12	1.4297389721679174E-15	5.987118686594455E-16	1.1227500394429733E-13	8.471139081818752E-10
8.140314897224725E-6	1.6281567875636325E-5	3.826162048480738E-9	4.996399881805129E-7	1.0643882171902056E-11	2.8167305509238136E-7	1.7460220896898518E-8	2.0287760340034388E-12	2.0153415152315825E-6	5.955990041010093E-7	1.1469840336588794E-6	1.0055651225150894E-8	1.3723189066955904E-10	2.1193439481595666E-7	7.439853401200761E-10	4.026136736691991E-10	1.1659063376676494E-12	3.2320060634921785E-10	1.562779515718063E-9	8.645012672957644E-9	5.980999962458509E-8	7.627293615120726E-8	6.403896450477033E-8	2.824393897478468E-8	8.342144013185762E-8	8.164938150604004E-9	0.0	8.164938150604004E-9	1.9656461065136382E-10	2.951235375434844E-13	4.372693907900621E-6	1.380370764006419E-7
6.357850914676835E-4	3.452772003507151E-5	6.153463058556205E-7	4.774207155440303E-5	4.587533374069989E-9	1.703123591317598E-5	5.469513545005143E-6	2.59474086773248E-10	0.0021312177637744572	4.0377175274676334E-4	7.740821183271214E-4	5.9751785113187085E-6	1.0704121339787014E-8	1.056775814505952E-5	1.5192036499566332E-7	2.280774469065512E-8	1.8877519278246277E-10	3.1176241023492354E-8	1.1062162270240326E-11	1.6113870858215396E-6	3.827240954973166E-6	8.315543028293712E-6	5.763658042189023E-6	5.917267899605651E-6	7.640233323099576E-7	2.725459931431862E-6	0.0	2.725459931431862E-6	5.603391060950665E-10	1.348470827473522E-10	3.032722290809651E-8	1.546343302982889E-5
