32
NULL,open@__open_nocancel,fstat@_fxstat,mmap@__mmap,read@__read,munmap@munmap,open@__open64,close@__close_nocancel,rt_sigprocmask@sigprocmask,exit_group@_Exit,rt_sigaction@__libc_sigaction,sched_yield@sched_yield,mremap@mremap,time@time,read@__read_nocancel,mprotect@__mprotect,madvise@madvise,lstat@__lxstat64,openat@__openat64_nocancel,write@__write_nocancel,syslog@__syslog,getpid@getpid,writev@__writev,close@close,stat@__xstat,socket@__socket,fcntl@fcntl,connect@__connect,getdents@__getdents64,lseek@llseek,getrlimit@__getrlimit,write@__libc_write
1.0019217376914502	7.86820665551565E-4	8.560197178614998E-6	6.144818444255948E-4	5.8252182923709496E-8	4.8723925887360874E-4	5.776196133805795E-5	4.687586468842249E-9	0.014951422260899969	0.0035561612962627734	0.0066769511012658486	5.622449159082975E-5	2.1845057963269844E-7	1.4742715310723544E-4	5.509133605585134E-6	3.169023580037071E-7	4.810058961932791E-9	5.229481033449362E-7	5.4166367978774655E-12	2.2801585052986208E-5	1.1304595231768847E-4	1.3442974987041499E-4	8.504025394731756E-5	7.960190757329294E-5	1.5514913963347564E-5	2.7841553439220172E-5	0.0	2.7841553439220172E-5	3.868024657475621E-9	1.4349761409513569E-9	1.5012410853681455E-8	3.1554893317859594E-4
1.7698011650161977E-4	3.061391976025963E-4	1.5093443828630826E-5	1.888117757362715E-4	4.581175515743799E-9	9.451664604654805E-5	2.477624306685493E-6	8.042428282014098E-7	3.5496516692353874E-4	9.588701243902831E-5	1.789522712695513E-4	1.5630241490216584E-6	1.798817723414965E-8	1.527610897575552E-5	1.4968354265952556E-4	5.3538598884829925E-8	1.514146998098917E-9	8.750222435062719E-8	3.643262950849122E-11	1.2812387909634539E-5	5.956098095828486E-4	1.8668937692683593E-5	1.240419362796744E-5	4.347005517946305E-6	2.768667903269144E-6	1.1436250152521888E-6	0.0	1.1436250152521888E-6	1.2119117817778892E-10	4.227265532644575E-11	7.887468984864359E-9	3.373177475087949E-5
5.448949884890439E-6	1.9838847905234057E-6	6.500345574468341E-8	3.7157520818752033E-6	6.360310940365576E-11	1.7240441882819755E-6	9.955790982737776E-8	2.2643978665766318E-11	7.106149616011718E-6	2.8755494030915867E-6	5.350082900094418E-6	5.061527886660627E-8	4.643644996063268E-10	2.1983674869566837E-7	2.4571912894669173E-9	4.16142443946469E-10	6.042375236096521E-12	1.399549683945084E-9	2.2618610779398478E-14	3.740164798650712E-8	2.1119501339863094E-7	2.8871286099891887E-7	4.1855874133298824E-7	2.687379054330479E-7	4.0968067194799094E-8	4.861896185681508E-8	1.69691288415379E-8	4.861896185681508E-8	6.367502982844122E-9	2.006064402965669E-10	6.285637500497712E-11	6.61064370475616E-7
9.168388016756365E-5	1.147792547122803E-4	6.171405840829323E-7	9.009554901512949E-4	4.2259335320355566E-9	0.0012261607848473074	6.749204703767877E-6	2.553259299758425E-9	1.7386060373966605E-4	5.016368623657441E-5	9.57800093005846E-5	8.404125104486967E-7	1.348708254865669E-8	6.996710828833087E-6	1.4905239303288698E-7	2.7400137897634315E-4	5.537106650245563E-10	9.134319479102513E-8	4.3171915634995917E-13	5.567712016256662E-6	6.222825334513551E-5	1.3436757726051191E-5	5.362898052424158E-5	4.876786826223571E-6	2.492447094423936E-6	3.5228121077970893E-6	0.0	3.5228121077970893E-6	7.250186565208207E-11	2.4303978182698288E-11	1.1877248706524615E-9	2.7053542477454725E-5
8.399561218340988E-9	2.680700113612436E-8	3.0084027234114705E-11	2.645811560291791E-9	1.0361915838760884E-13	1.3759820916301488E-7	1.4667897765027563E-10	1.5017475092363177E-13	1.8723578556915293E-8	4.611038962233824E-9	8.493915674573971E-9	7.286659802078666E-11	8.671285747077235E-13	4.297880042782544E-10	1.1643332033104038E-11	8.971658458830572E-13	9.79667476220591E-14	7.699363839655256E-12	3.3101660689611875E-17	1.9591214586126223E-10	2.5199861756233978E-9	1.3302721192196714E-9	1.8834439233426074E-9	2.158247047908429E-10	1.9312222787931318E-10	7.010116975458197E-11	0.0	7.010116975458197E-11	4.771954723109747E-15	1.8327162870853426E-15	8.977887596622043E-14	1.6869653644697062E-9
2.1547326640271184E-4	1.2226420846607675E-4	1.2614138906116837E-6	3.337529646630805E-4	7.87454355271611E-9	3.448455920003674E-4	3.076209086108664E-6	7.15090732917243E-9	4.033471972688401E-4	1.1458655873323666E-4	2.13361957874246E-4	1.8880741387399387E-6	1.2634928153098812E-7	2.9744025133176656E-5	8.250686407961754E-7	5.114620793565859E-4	6.750869528546457E-10	6.884420104900573E-8	1.397166094603958E-12	3.5745095244557597E-6	3.5134089349575704E-5	4.5582265388608074E-5	1.3130207724415168E-5	5.97389222318161E-6	1.8461269509977577E-6	1.3888297748442474E-6	0.0	1.3888297748442474E-6	1.468780294294983E-10	5.2117112067360894E-11	3.892024511454673E-9	8.113411405110862E-5
4.1402681631211856E-5	1.6648475141248656E-5	3.436257936484382E-6	6.851322538323275E-6	7.14714613220661E-10	5.0920887798494476E-5	1.5546940744057644E-6	8.02549472728396E-7	4.9705428458504386E-5	2.202380741124391E-5	3.5080723087216564E-5	3.6565839485344843E-7	3.9862680652147946E-8	5.115362500753196E-6	4.859847164739564E-8	5.343560766149666E-9	1.0934984979009239E-10	9.082167447624628E-9	2.0914570345737993E-13	1.5266420622845104E-6	1.6683183643170392E-6	7.090252124208172E-6	1.4577329883808616E-6	1.1890310552890737E-5	7.443517145549898E-7	1.5974016292804183E-7	0.0	1.5974016292804183E-7	1.694960815783748E-11	9.222444280983307E-12	5.824426489317182E-10	1.4064643614661778E-5
7.724757031524228E-8	4.091978852080965E-8	5.132752274376595E-7	1.1545185834982254E-8	9.477490910153447E-13	3.372963927668831E-8	9.989315931313133E-10	6.751200468373663E-13	1.0015945162511608E-7	4.081652057864042E-8	7.447546889660509E-8	7.124828811424345E-10	1.1575541268223312E-11	4.094416358017909E-9	2.1071793834967386E-10	6.23783865199869E-12	1.3955508218553875E-13	2.113900153681459E-11	2.256767384881178E-14	5.823143587917991E-10	4.067783665901565E-9	5.8345259630347246E-9	3.369527683069168E-9	1.8252656033078143E-9	6.148830468231802E-10	4.60284600360141E-10	0.0	4.60284600360141E-10	5.701987534047436E-14	2.12780407736223E-14	6.313791379089722E-11	1.238531196556435E-8
0.010046985615169935	3.076123799643181E-4	6.401008696735479E-6	4.1333712549232975E-4	5.5183522339237886E-8	1.566581406395936E-4	3.394626422148466E-5	3.09911193672896E-9	0.00415456083181031	0.005256859836210995	0.009499818433075206	6.827113015550482E-5	1.0925250080335214E-7	9.638735797244746E-5	1.5258294490601612E-6	1.8221624894008796E-7	2.5351410696188538E-9	3.2273810630371145E-7	4.785097344179665E-12	2.0650364572071856E-5	3.398976395803718E-5	9.182564319711437E-5	5.28593678407315E-5	4.939746557299629E-5	8.677738467712992E-6	1.5686298739550413E-5	0.0	1.5686298739550413E-5	2.107976341665128E-9	9.223212910224345E-10	1.3320005428583729E-8	1.5973545908381454E-4
0.010200385795588084	1.5048744637169992E-4	2.4227221917717498E-6	2.666930738018179E-4	1.9715076392242018E-8	7.422689691777576E-5	9.22435178693494E-6	2.514688741184937E-9	0.0012938717999186901	3.1858273270120665E-4	5.869778603162358E-4	5.0347056794035276E-6	4.536896247296223E-8	3.0269220614610077E-5	8.09102580813873E-7	6.960602521148521E-8	1.6567686410510413E-9	1.5024612548881264E-7	1.890506350659957E-12	1.6525383886618805E-5	1.6983187630160686E-5	4.0848971262842295E-5	2.3327136524737383E-5	1.6470189192974177E-5	4.172366003882222E-6	3.2864224157778084E-6	0.0	3.2864224157778084E-6	3.5044911708184656E-10	1.2729747582014476E-10	5.252579735781149E-9	7.398761218766746E-5
0.00951676954256262	2.0906546072168498E-4	3.702328507764568E-6	3.1000519855955505E-4	3.0616059661526435E-8	1.0332627373158417E-4	2.1408288695308425E-5	2.5915408727928036E-9	0.0025732925441026683	0.0049810037674225946	0.0038440263922457298	8.560206654325127E-5	6.593564877012862E-8	5.3720551057974175E-5	1.0466860802345116E-6	1.160343668517875E-7	1.9602133673356836E-9	2.05633497123316E-7	2.800229416867656E-12	1.7062884326116164E-5	2.338937338941437E-5	5.710434202885861E-5	3.307204318557164E-5	2.9266835874558575E-5	5.6234545915650054E-6	9.617204343414092E-6	0.0	9.617204343414092E-6	1.2831494236483777E-9	4.821748351444569E-10	7.787247655969209E-9	1.0082240009641085E-4
1.0326084580573052E-4	2.0043441132344145E-6	3.609617340523355E-8	3.1473695642534092E-6	3.014765716412333E-10	9.998670907511827E-7	1.723565707418082E-7	2.7291323762311563E-11	2.2026206476232117E-5	5.404984939781875E-5	3.8080343550956246E-5	2.9623355347344253E-5	6.461476392512265E-10	5.012564333387638E-7	1.0348199498011943E-8	1.0516330847079686E-9	1.9545407275543263E-11	2.029695260181393E-9	2.7536047940592148E-14	1.8003489559085006E-7	2.2421450680997833E-7	5.630845383271668E-7	3.2335058903263386E-7	2.6609796484860833E-7	5.557319781101124E-8	7.308292227334827E-8	0.0	7.308292227334827E-8	9.239339688858897E-12	3.731482131384967E-12	7.657480260657609E-11	1.0004509024088871E-6
4.6976236027706625E-8	6.041639092704352E-8	1.626872341745832E-10	2.0881768228065213E-8	5.899447581309473E-13	1.0154934279858875E-8	9.423673283209508E-10	1.2048804032034212E-13	9.543880509482147E-8	2.6081187228339142E-8	4.91271098695455E-8	4.284209410378337E-10	5.93128836708215E-12	5.351400025309637E-9	5.742515211771589E-11	1.101273374854768E-11	9.608979036019211E-14	5.466809385893356E-11	1.3212846827907032E-16	1.1740457403619465E-9	6.7878411825432E-9	9.43268245268619E-9	4.4134079248611165E-9	1.4794290232599113E-9	1.3888622092552885E-9	4.441520150046855E-10	0.0	4.441520150046855E-10	3.2078103634878514E-14	1.1788915055943383E-14	3.4902756620234565E-13	1.6886711767225725E-7
9.106755566862917E-5	1.4742605344337834E-4	3.752419851422498E-7	1.2037972232613052E-4	2.8231921056720816E-9	1.5514467087946108E-5	1.7141231470187957E-6	1.6695592705555448E-10	1.4503555137766288E-4	4.861024157852489E-5	9.303601093809606E-5	8.406866212452064E-7	1.0068606837202621E-8	6.866735175816518E-6	2.6137079318271697E-6	1.3659629706096305E-8	3.548393108185482E-10	7.071517681938567E-8	2.014957100840828E-13	1.4603526709657241E-6	8.076773850336904E-6	3.3740676865408725E-5	6.755367042266187E-6	2.6802098960905276E-6	1.823742532778597E-6	8.158123602588269E-7	0.0	8.158123602588269E-7	7.359339761828707E-11	2.5535420444040543E-11	5.391324514155051E-10	1.3379948584662601E-5
1.208273890687733E-5	3.6239699863806944E-6	2.4161194214097013E-8	8.20971611569909E-6	1.9474285785725794E-10	7.887751499418129E-7	1.0971238763667419E-7	1.879917870606454E-11	3.737816399103002E-5	7.227789992753989E-6	1.386495763568337E-5	1.0808672506313336E-7	6.154127246582454E-10	3.4122596316291526E-7	6.376757219078352E-7	9.682724968806731E-10	1.4678534063234625E-11	1.1982081627951488E-9	2.9416734266316216E-11	6.96896092063814E-5	1.3782053951128001E-7	3.4489669728440995E-7	1.459552866927183E-7	1.7510673307031042E-7	3.66955465883352E-8	5.128011106132291E-8	0.0	5.128011106132291E-8	1.0976457465001059E-11	2.494400834805376E-12	6.35966838280394E-9	9.155584625535185E-7
4.761379745254676E-5	1.1327669618193864E-5	3.864778166788829E-7	1.2072047719546234E-4	4.438167358631161E-9	3.998831697571285E-4	7.384155252452115E-7	4.190226633956382E-11	6.556644268773139E-5	2.499589232873698E-5	5.015527579904943E-5	4.5264872586414614E-7	6.778260562393503E-9	3.660618942965574E-6	6.92854279951287E-8	1.1638440377457617E-8	5.808514023320423E-11	1.6652470269460768E-8	6.56581384979518E-14	2.271649700912376E-7	1.1630891061149964E-6	5.3255501035446086E-6	1.1374806392024164E-6	1.5386035613328773E-6	4.207474781106822E-7	3.2548877546716746E-7	0.0	3.2548877546716746E-7	5.102316162075367E-11	1.5224458179742038E-11	1.8165948098456988E-10	9.315862510996159E-6
2.764768867395038E-9	1.4486895480209743E-9	8.689897431054263E-12	4.3075820375664976E-10	3.673911893197212E-14	5.969149454828334E-10	2.8162628015669274E-11	7.603642916798829E-14	4.8978416576060765E-9	1.4793927273406248E-9	2.5151685920041724E-9	2.3609857964476388E-11	1.8048500329124166E-13	1.0108579929382159E-10	8.94700368485763E-12	1.822292767566925E-13	4.502532579215661E-15	1.060235117158081E-12	1.176625171752916E-17	2.7438402829305316E-11	1.4851587283294502E-10	1.9552715345318212E-10	1.2328865018281493E-10	4.6903832230857737E-11	2.6229760800428276E-11	1.3208475023044527E-11	0.0	1.3208475023044527E-11	1.2122843859354946E-15	5.717643229559633E-16	3.25638149211083E-14	5.246041988317732E-10
6.889180064585559E-8	1.4097857885099993E-7	7.746981287295051E-10	3.5064104143745107E-8	1.0235829243590627E-12	1.6292579990051289E-7	1.854394448936673E-9	2.2995193128114895E-12	1.3367770638809004E-7	3.7480640819057673E-8	7.158297110724398E-8	6.239429744784141E-10	9.114105654501961E-11	2.1625398189152878E-8	3.1422015849169154E-8	2.229762654905382E-11	4.4509114610379436E-13	9.654115362253188E-7	3.620081810781255E-7	1.3927073311178336E-9	1.2442254557785701E-8	2.7756245072451988E-8	9.394216223710221E-9	7.310607474712049E-9	2.124328426577401E-9	6.125963063167262E-10	0.0	6.125963063167262E-10	4.977932280240184E-14	1.7744583089843047E-14	1.0814239224595008E-12	7.213736050302931E-8
6.103507145888285E-9	1.4048321662983184E-8	1.8618399391889694E-7	3.332227992401553E-9	8.3928907374465E-14	1.702024756547691E-8	1.7550165535983126E-10	3.037586463772021E-13	1.2172091918693606E-8	3.366639095880109E-9	6.4701459878749306E-9	5.605239317619758E-11	8.252514353536315E-12	1.951644075385061E-9	6.892623840013353E-11	2.0360932096017073E-12	4.5809401852379856E-14	5.938004783069964E-12	1.3795827210047875E-16	1.4570894138287725E-10	1.3749304148134857E-9	2.6001421989989592E-9	1.0318615349968138E-9	6.659933503910093E-10	2.0869649356063226E-10	5.933041068709897E-11	0.0	5.933041068709897E-11	7.794842530014405E-12	1.6006030262346536E-15	3.8385671769454845E-13	6.964141482274904E-9
1.5631532125745604E-5	1.739586972029302E-4	3.7133257726653695E-8	3.5793492713230333E-6	1.5943884365054594E-10	2.1823412886370887E-6	2.3795503000770857E-7	4.265426024383891E-11	4.55611944259109E-5	9.232410334637305E-6	1.7628600195239267E-5	1.4004530525505057E-7	1.1879666117477383E-9	6.17127661835129E-7	1.422112282858472E-8	1.602952294280029E-9	2.8824919457223217E-11	1.1366827247745976E-8	2.7681566345062916E-14	6.993414152040087E-5	3.2909069674879737E-6	1.9687486659414557E-6	5.193206266314412E-6	3.297898743416137E-7	2.8675225214419604E-7	1.1454450788348873E-7	0.0	1.1454450788348873E-7	9.417368123505999E-12	3.31990587789937E-12	7.321221671801349E-11	1.7199655121360486E-6
9.370574065559519E-5	3.1890186574450626E-5	3.9254106427336055E-7	2.6878669282881024E-5	2.2950494575968934E-9	1.243068325698103E-5	9.942317103248217E-7	1.1845971845785564E-9	2.0431702596027516E-4	5.203858699470246E-5	9.728836919202817E-5	8.364469790816486E-7	5.317654606309893E-9	1.2573105930590002E-5	1.7830825111927706E-7	3.951506415914096E-8	7.801985815071504E-10	1.9915829570884592E-8	2.2048530256745317E-13	1.5472598895240126E-5	3.0825635101903333E-6	6.239186710835515E-6	2.8076516643426234E-6	1.5011496280708428E-6	5.568275014828301E-7	4.7292413118066125E-7	0.0	4.7292413118066125E-7	6.088393947374789E-11	2.205087498568411E-11	6.116504988909076E-10	1.3391860405153789E-5
5.172394979321613E-5	4.69104739789256E-5	2.1837283603841348E-7	1.502829508780995E-5	6.935189979914878E-10	5.868583972738966E-5	1.4228754195473137E-5	2.1904065768572922E-10	8.872832715011044E-5	2.7919262516523193E-5	5.349343237172972E-5	4.772700601898942E-7	6.5990151137505665E-9	1.3761742794150044E-4	8.011413151245422E-8	7.698385264107005E-9	1.379086342054822E-10	1.082105347013244E-7	1.4378288375902746E-13	2.0049599559525067E-6	1.6618365294248913E-5	7.511041513781429E-6	1.1894107496781064E-4	6.7594056444145944E-6	3.222982777159289E-6	7.647047136993032E-6	0.0	7.647047136993032E-6	3.968783770115689E-11	1.4199394699451078E-11	3.872280197553016E-10	8.747114884242772E-6
7.042084884759063E-5	6.757534690295902E-6	9.435791238671018E-8	5.5165668109539585E-6	7.377023570008291E-10	3.121525946488581E-6	5.102496924781942E-5	9.518876648987679E-11	9.826979570134859E-5	3.704539137840652E-5	7.383711990431469E-5	6.673885511649362E-7	1.6560124280156533E-9	1.6195773061101363E-6	2.812530545734615E-8	4.439380665358839E-9	7.040119708926788E-11	5.578427668106701E-9	6.990087269275642E-14	7.057991553741601E-5	7.310707555153018E-7	1.4588955404002384E-6	8.601560887920107E-7	1.952649403425962E-5	1.4812696345400162E-7	2.7650984058470233E-5	0.0	2.7650984058470233E-5	6.404501629575869E-11	2.1909699561064728E-11	1.9417766051633587E-10	2.652230815724172E-6
4.642929850247221E-5	6.299679777444075E-6	9.86122287310239E-8	4.016752439816585E-6	8.506380895334336E-10	3.395759004312469E-6	4.424901893054496E-5	1.8823395110743434E-10	5.172337315028343E-5	2.4711147386285025E-5	3.7169324715789104E-5	4.0456775725510773E-7	1.6741323103508005E-9	1.392928714993377E-6	3.2436453965325184E-8	4.152702049291262E-9	1.0711145820820713E-10	5.5659608734400155E-9	7.745087094848919E-14	2.021897922708225E-6	6.354963204037407E-7	1.4587405262944934E-6	8.246238970845319E-7	1.438578323769906E-5	1.4236296660593288E-7	3.740795079521092E-5	0.0	3.740795079521092E-5	1.410299300988832E-11	9.556458676761916E-12	2.154375993630032E-10	3.175533972207754E-6
3.6454370225587988E-6	1.752409320579755E-6	1.92447340004264E-8	2.244966090189985E-6	6.016374070379056E-11	3.0378545517193146E-7	4.997460244192605E-8	3.342717106386821E-12	4.949828165047404E-6	1.9233892332813533E-6	3.685599513389832E-6	3.413490955914913E-8	1.8029695367457195E-10	1.0749908922578255E-6	2.191766597935218E-9	1.9890646746018432E-9	7.07787681841875E-12	1.076637192855225E-9	9.413943290775665E-14	2.802420883464069E-8	1.779965707167691E-7	4.491951536489445E-7	1.4693439137941057E-7	6.357807492454687E-8	3.385815717456176E-8	2.4532593766330862E-8	0.0	2.4532593766330862E-8	2.995807219803032E-12	1.074595650004286E-12	2.6303741930383967E-10	2.333917998560269E-7
1.0492746680638156E-5	1.6692833075578239E-6	2.228855402620068E-8	9.814528077867152E-7	1.8706918436864958E-10	7.781627333316498E-7	2.810603668650764E-5	4.1014771375568546E-11	1.2687254489841043E-5	5.61752168041159E-6	8.584173044025906E-6	9.158550866732281E-8	3.905650054408213E-10	3.25561633002172E-7	7.189182780745769E-9	9.461099052002685E-10	2.3481104103648374E-11	1.490296184466783E-9	1.7415315396441194E-14	4.4147446981966696E-7	1.7135853775916154E-7	3.657969335928727E-7	2.0155413516846084E-7	1.0547101053656754E-5	3.8268253413778566E-8	3.649936376511649E-5	3.646990643344153E-5	1.8264383388273206E-5	3.3570069595026015E-12	2.164593917403531E-12	4.834493896231905E-11	7.238021937687978E-7
3.1497280071937534E-6	5.017050427594872E-7	6.717047557555991E-9	2.9503604330687106E-7	5.614255221963433E-11	2.343612253930625E-7	8.431824221155571E-6	1.2317330468024002E-11	3.8088752771799895E-6	1.6862612717663036E-6	2.577237000882296E-6	2.749363704681272E-8	1.178356211917835E-10	9.796089965810023E-8	2.158187704084234E-9	2.843127810526698E-10	7.047890985719505E-12	4.475513689251633E-10	5.228196235610208E-15	1.324551367643551E-7	5.149985616090451E-8	1.0992645110045084E-7	6.054344192937526E-8	3.164184251544236E-6	1.150941143374404E-8	8.850529310458304E-9	1.6889933725784368E-9	9.126340717732116E-6	1.7544014696815985E-9	5.5499025724494736E-11	1.4513404517060974E-11	2.175806735026617E-7
9.968068712663773E-6	1.5858126777560822E-6	2.1174040010806285E-8	9.323763666483335E-7	1.7771500071087746E-10	7.392515831719653E-7	2.6700626009463307E-5	3.896387397403533E-11	1.2052842633011695E-5	5.336623842120202E-6	8.154931148975588E-6	8.700587856225777E-8	3.7103524267672744E-10	3.092822905904088E-7	6.8296958010630805E-9	8.988007460592304E-10	2.230695796614266E-11	1.4157756039605485E-9	1.654448218451407E-14	4.1939903668594116E-7	1.62789947272512E-7	3.4750567033737834E-7	1.9147564787664805E-7	9.663550886495237E-5	3.635469254643005E-8	2.7984351015550926E-8	0.0	2.7984351015550926E-8	3.1891436112681665E-12	2.0563558389823036E-12	4.5927504794828755E-11	6.876092811024915E-7
3.305802630220697E-9	9.892668436676632E-10	2.4382992586249016E-10	4.733739327334067E-10	5.251982985077386E-14	9.09301317449215E-10	2.949475456371368E-11	1.1761663288148733E-14	3.0350448103507527E-9	1.7379795697916787E-9	2.6158942814617185E-9	2.911258955644549E-11	1.9182689155534365E-12	1.9474595106913154E-10	4.204710300080709E-12	2.4475642041001367E-13	3.1494551731328666E-15	6.996515350337574E-13	9.660729103734282E-16	2.0006423999263377E-11	1.0316135029505769E-10	2.377854928411133E-10	1.1438803811484719E-10	8.025341424900133E-11	1.5189725186382465E-10	1.1969535933110724E-11	0.0	1.1969535933110724E-11	1.2316671555202467E-15	5.302849527907796E-10	2.702887622080074E-12	4.966796569977541E-10
8.459913966301896E-10	2.4529271730096897E-10	3.6070886179855057E-12	1.5320036870504768E-10	1.3560068333865904E-14	4.1985840698136383E-10	8.712931127068198E-12	1.5486691791158843E-15	7.800174651438991E-10	4.444677218452403E-10	6.732838242792603E-10	7.460694497636987E-12	3.6078687527705965E-13	9.404938178921796E-11	4.878832238399764E-13	9.803636768509354E-14	7.67897149569455E-16	1.898640071848928E-13	1.429143772726617E-18	5.296782806852313E-12	2.6209000176691146E-11	1.0854267901747918E-10	2.4814909397251893E-11	3.3429462735885174E-11	7.534074531992883E-12	2.941651387132298E-12	0.0	2.941651387132298E-12	2.950220597802364E-16	1.8665644854797118E-16	3.93890859943456E-15	2.6276496625741325E-10
5.254533539858774E-9	6.321131212953514E-8	3.438582201209815E-11	3.427997466212404E-9	7.338848233294683E-14	7.874530663426148E-9	1.4227045958450074E-10	4.0085759210977545E-14	9.476974407863539E-9	2.8589429536417364E-9	5.485053201169337E-9	4.8484889727588986E-11	5.507168670527978E-12	1.7844158093256432E-9	7.396943552206406E-12	2.0796197489219424E-12	1.6558175680041057E-14	7.325178997515028E-12	5.526568433333195E-12	1.5531262363422515E-10	9.815803813195471E-10	2.5513387847539707E-9	7.460237281607957E-10	2.7820223785453356E-10	4.924192698396052E-10	6.382492771214499E-11	0.0	6.382492771214499E-11	6.948713963608972E-13	1.4256284383960836E-15	1.5463500503990505E-8	2.489573743186479E-9
2.0637086248311354E-4	1.1208359253614953E-5	1.9718996851657924E-7	1.4821596949685991E-5	1.4763561726579215E-9	5.475358797199582E-6	1.6921576706112614E-6	7.826932933164497E-11	6.531826064012725E-4	1.240212676394068E-4	2.37908882433178E-4	1.8419138935416346E-6	3.450179361177936E-9	3.3635513161343795E-6	4.982066669871023E-8	7.090298417755465E-9	8.05958747845593E-11	1.0154790041085273E-8	1.35286218060263E-13	5.031928080178021E-7	1.23281367822697E-6	2.75203230577852E-6	1.8229204976492707E-6	1.8546223591786669E-6	2.710062284265889E-7	8.423521370709946E-7	0.0	8.423521370709946E-7	1.1955969757851143E-10	4.172676050980331E-11	3.7621765735953297E-10	4.931164225312126E-6
