32
NULL,getrlimit@__getrlimit,open@__open_nocancel,read@__read_nocancel,stat@__xstat,open@__open64,close@__close_nocancel,munmap@munmap,rt_sigprocmask@sigprocmask,exit_group@_Exit,rt_sigaction@__libc_sigaction,sched_yield@sched_yield,time@time,mmap@__mmap,mprotect@__mprotect,write@__write_nocancel,syslog@__syslog,getpid@getpid,writev@__writev,close@close,fstat@_fxstat,read@__read,mremap@mremap,socket@__socket,fcntl@fcntl,connect@__connect,lstat@__lxstat64,openat@__openat64_nocancel,getdents@__getdents64,lseek@llseek,madvise@madvise,write@__libc_write
0.6581798983056277	3.6114446866100195E-6	0.011396316745911152	7.362732130567448E-5	6.00935926436298E-4	7.721481911883902E-4	6.672844823775555E-8	0.006890413544988586	0.19831200220302786	0.046993843045672064	0.08802400615021873	7.416341575128231E-4	0.002192129100173215	0.008402753586155914	4.342826087203103E-6	3.1436070950653574E-4	0.0015667325957769713	0.0021615360742723443	0.0012504972304003598	0.0010938908138645132	1.2988561420905088E-4	8.868154315238242E-7	3.249678208363924E-6	3.7061635914998687E-4	0.0	3.7061635914998687E-4	7.930967889974298E-6	1.2950034293236603E-9	5.196740372252694E-8	1.88137130043463E-8	1.0977310266984558E-7	0.004617617297014361
1.8867551701282015E-6	1.6466403403147865E-6	6.1829332487745735E-6	5.827736144544565E-10	9.347531395124159E-9	9.786481124745057E-9	1.1977155553431109E-12	2.0744314622690942E-7	1.60539366871459E-6	4.2050044218467526E-7	8.011508740463573E-7	6.880617534538711E-9	9.905874434203327E-8	2.2847108817802664E-7	1.7218051521880133E-10	5.6023309575063455E-9	3.5090163228990633E-8	6.192427593324653E-8	3.0030554054777676E-8	1.450277377800039E-8	1.5355944182510882E-9	7.233274644203399E-12	1.2411941939457204E-10	4.664846416395962E-9	0.0	4.664846416395962E-9	2.0748437058410068E-10	5.885000691673175E-10	7.410305717768271E-11	1.89237985851815E-13	7.327816145652328E-13	8.592647629510286E-8
0.0030963784730548695	7.257711156638052E-7	0.005729248512185432	0.002920510464111646	2.0361467954952695E-5	4.501379898923239E-5	1.5717506711700016E-5	0.0016823898387010247	0.007056446028813284	0.0018320162489835967	0.0034403081428216746	2.9679884999879324E-5	2.6318161094245513E-4	0.0035908189345956213	1.0120526107076798E-6	2.4671969687457053E-4	0.01160746741528695	3.071265115579588E-4	2.1888054377691254E-4	7.358054012025557E-5	2.9197186453753013E-4	7.301715238172141E-8	2.9081091623404974E-7	2.1108003900030044E-5	0.0	2.1108003900030044E-5	1.5505304643516339E-6	3.903927905240547E-9	2.747151277754549E-9	7.95659877901801E-10	2.3201846972557005E-8	5.988384516470584E-4
1.7938926331105304E-4	6.758247264733659E-7	6.975993596111001E-5	1.210634599934692E-5	2.4095821697075137E-7	2.160206910249352E-6	3.648167639793936E-10	1.4511239169440213E-5	7.567277399720091E-4	1.4562389853279819E-4	2.793220411308366E-4	2.1748862010813803E-6	6.390032701132242E-6	1.605495918454533E-4	1.9034300391624244E-8	0.001362024607478579	2.6746539438027347E-6	6.1508544524854805E-6	2.737773811844091E-6	3.312536380904524E-6	4.4163676012269545E-7	3.6671782801825777E-9	1.1276154400281497E-8	1.0181957033972392E-6	0.0	1.0181957033972392E-6	2.2425864647545814E-8	3.1846571117967974E-9	5.474998266583573E-10	4.996983814564654E-11	2.1623676763527812E-10	1.7559852018918894E-5
6.116018626657099E-5	2.7219520379099688E-8	3.2531343560436086E-5	3.1004666378071903E-8	2.3112604185176325E-7	9.494777311570165E-7	5.8052589983999036E-11	4.83781474624169E-6	1.0310212942962632E-4	3.7954071871236565E-5	7.299597962177904E-5	6.692675727694789E-7	2.053262004108487E-5	4.341290286250128E-5	3.861240793966292E-8	5.278331918072536E-7	3.3418082604668852E-6	8.081672026833773E-6	2.675145733116182E-6	1.1211339727057901E-6	3.423840872284453E-7	9.380653793175735E-10	2.790915283053842E-9	4.7133107465499946E-7	0.0	4.7133107465499946E-7	1.9522175337246003E-8	9.741666523239613E-12	6.061416275987252E-11	2.0892029568993077E-11	4.651168757806587E-11	3.8847445712227284E-6
6.344512261119926E-4	1.4905916180381656E-8	2.9854569845398063E-4	8.392355084758695E-7	1.0074623133965726E-5	2.8701840262463126E-5	1.5685356863140997E-5	9.285143503989806E-4	0.0010376317628316934	4.3472388256157594E-4	6.973208955195129E-4	7.1828823244101115E-6	9.256044776002918E-5	1.2614128248640568E-4	1.0040393238860176E-7	2.9526087009001178E-5	3.0017922560075125E-5	1.2698609806209427E-4	2.5962120129989825E-5	2.1915748063587777E-4	6.529300283422543E-5	1.2779569734767719E-8	7.273305712281635E-7	3.0416292432913845E-6	0.0	3.0416292432913845E-6	1.6100840251142823E-7	5.423922412746756E-12	3.422681713694835E-10	1.7993432801241297E-10	1.6793451464304161E-9	2.568633804827409E-4
1.1893130611248624E-6	2.2013459920168808E-9	7.832001211863044E-7	3.957298980208469E-9	3.256523914812678E-9	1.931642626963412E-8	1.3095046797976983E-11	6.458668517288099E-7	2.1186154893180377E-6	8.204054002020733E-7	1.5002304279651043E-6	1.4228967672510693E-8	7.739715660520516E-8	2.2286382243205236E-7	1.2120125856338956E-10	1.1212347262620288E-8	7.813293889949562E-8	1.0872912889082502E-7	6.341705873134797E-8	3.403142309409896E-8	9.990077847695664E-6	1.7638443408023845E-11	2.17234889378415E-10	8.982631857033938E-9	0.0	8.982631857033938E-9	3.996666802377384E-10	7.870159831514048E-13	1.197573619508909E-12	4.2082149824921056E-13	2.3189052086980694E-12	2.376685723769418E-7
0.003467353682999122	9.618739872905112E-8	0.0022994281400914793	1.5269458164831943E-5	1.1129992788559252E-5	5.8790887570378953E-5	1.3962575101005717E-7	0.006673630710936565	0.008295091848436948	0.002283279143647916	0.004265217071527189	3.7426051112902854E-5	5.616748886806096E-4	0.006500681158444773	0.009996707993270638	6.881104655504895E-5	6.785458791736824E-4	8.581652254735883E-4	2.4603108731800457E-4	1.0879438623704491E-4	2.2903224293985034E-5	1.454923481763144E-7	2.4258176174289404E-6	2.6885693351485805E-5	0.0	2.6885693351485805E-5	1.2721897605791054E-6	3.5008285483760564E-11	2.969198009582746E-9	1.0242856013675784E-9	9.831256227252153E-9	0.0015546535061016673
0.14391837752623415	1.0492726675385886E-6	0.006854087833654473	3.58193795029086E-5	6.921203004549397E-5	7.393961251718888E-4	6.583760878223931E-8	0.0035208033448751804	0.10686619260557854	0.10808590103744328	0.19585497343657815	0.001417124457051991	0.002023696399961389	0.008897297117601287	3.986318682797948E-6	4.324485988710181E-4	8.054275400916866E-4	0.001861827108238951	0.001114201133566295	0.0010461745521721615	1.2980551197323332E-4	1.1320286137840485E-6	2.2779577885950726E-6	3.446789114883971E-4	0.0	3.446789114883971E-4	6.779804611553167E-6	3.7793176815672063E-10	4.7912180024315E-8	2.0035355714619984E-8	4.653062051925762E-8	0.0034844830030064003
0.1465420719554325	9.01453658255872E-7	0.004163312526014444	2.4245262797882755E-5	3.791871915476237E-5	2.814277059546462E-4	5.6596900710834776E-8	0.0021692483592914563	0.05375886005487244	0.012820075904278349	0.02386532869665674	2.0200850122050647E-4	8.284647705670816E-4	0.006271620378719378	1.9160002084468305E-6	3.6155883234101474E-4	5.145349870574063E-4	9.829972609274474E-4	5.860021535201087E-4	4.4856425490757073E-4	5.922760546077143E-5	4.823319024885225E-7	1.1897006313737536E-6	1.1377228370760574E-4	0.0	1.1377228370760574E-4	3.7290874388366335E-6	3.2402983616331177E-10	1.4274250500539957E-8	5.096567562503098E-9	3.744793407617935E-8	0.0019658465123700702
0.13649098721605646	8.994172208490677E-7	0.005071863334531929	2.7329759558671566E-5	4.6943827400287926E-5	5.01584514674119E-4	5.673246238051735E-8	0.0025878484127974236	0.07573756933784727	0.10298040478809825	0.08575668171580651	0.0017609635153864771	0.0012321643843598417	0.0069503067540381816	2.7316515908215614E-6	3.655867142151571E-4	6.10763864702896E-4	0.0012414410302976	7.482321526493527E-4	6.71828432153669E-4	8.064079369899101E-5	6.716240772925147E-7	1.5095420947370592E-6	2.2897700946609365E-4	0.0	2.2897700946609365E-4	4.630677019462804E-6	3.236283436872665E-10	3.172154516064662E-8	1.1598070807508304E-8	3.959569385155392E-8	0.0023942132548423222
0.0014818057071391457	9.589437106023077E-9	5.044534117792982E-5	2.805848527962776E-7	4.758218437556271E-7	4.317974355194492E-6	6.024718281975548E-10	2.6069222911581907E-5	7.111864878309069E-4	0.0011192484101417053	8.63135827485594E-4	5.79852430703495E-4	1.1912950571091318E-5	7.154358236100583E-5	2.579945358948314E-8	3.8808936495556465E-6	6.112356874930531E-6	1.2530250295110305E-5	7.494507488250852E-6	6.3498339386410776E-6	8.048393574596316E-7	6.747657101887948E-9	1.5232670262637768E-8	1.8959203393963006E-6	0.0	1.8959203393963006E-6	4.676167153448137E-8	3.4492639315423076E-12	2.538047048116976E-10	9.758655155643173E-11	4.090578766865623E-10	2.4365184432035533E-5
0.0018633759647062583	2.2718409143403082E-8	0.0027736527499614256	4.85319749953148E-5	8.89458430901847E-6	3.152857331969504E-5	2.7716377946801185E-9	2.3482766543727E-4	0.002966379626926145	9.333596697772886E-4	0.001805247984016446	1.604034004836601E-5	1.069446145214598E-4	0.002318654252232355	2.489631739636444E-7	2.7084948757138106E-5	1.484254936309828E-4	6.182852878151622E-4	1.2006077440326368E-4	4.464421870910622E-5	5.393843641443416E-6	4.187324773918803E-8	1.5256754525209353E-7	1.5292508427914928E-5	0.0	1.5292508427914928E-5	1.287476940398041E-6	9.029879830781105E-12	1.440553226067679E-9	4.846181477892455E-10	1.9389673809911604E-9	2.190466423512135E-4
0.0017506390181807952	3.340049381108981E-8	0.0021513794411501517	2.595756340765322E-6	1.2906634315299879E-5	1.3056166167889233E-4	4.942491314323542E-8	0.02391293486742985	0.00358977444124423	9.970414530244092E-4	0.0019097535183136634	1.65950344590529E-5	1.224231875194963E-4	0.017582185706306184	0.005355448838956699	1.0754156567803757E-4	0.0012074214411878174	2.3707102157432346E-4	0.0010385777589845162	8.897351454600185E-5	1.0553551481100903E-5	7.78410243828734E-8	2.2685540967876035E-7	6.847403406236386E-5	0.0	6.847403406236386E-5	1.7119725170439384E-6	1.26754033859464E-11	1.4586239141332304E-9	4.75035704942349E-10	8.935612087306333E-9	5.002823785101262E-4
7.467630477748098E-4	7.865767695864333E-9	2.058341526583035E-4	1.244808566405309E-6	3.374117274775646E-6	1.4067849455433748E-5	7.393177299934468E-10	0.007801495398349545	0.0013645821034155919	4.963078684235406E-4	9.958872843978664E-4	8.92400597753933E-6	6.729680067019825E-5	0.0023556284351263657	2.2540647419578783E-7	4.2577558193332635E-6	2.1451991250777646E-5	9.706629409584732E-5	2.038079413664248E-5	2.8178267507286796E-5	7.175212496456949E-6	8.519149375563698E-8	1.226032872850199E-7	6.27472335947313E-6	0.0	6.27472335947313E-6	3.1200449506718394E-7	2.8837313991712303E-12	1.0256925148022436E-9	2.971020578252489E-10	5.232629669589439E-10	1.7593210295350811E-4
2.674490311366679E-4	2.996214895409366E-9	0.003389209391409781	2.555484325030159E-7	1.3858688118932555E-6	4.521272827811315E-6	7.807297103749955E-10	3.681843015126437E-5	9.257572055429996E-4	1.8573894920626192E-4	3.5483111380533755E-4	2.809939104465761E-6	1.0980067587506616E-5	6.736669289026026E-5	3.0465199829329015E-8	0.0013666650519590692	6.325550578795375E-5	3.6230637498350425E-5	1.0004772409986428E-4	5.862528662241768E-6	5.824026268153359E-7	2.8622307902580997E-9	1.9683149380589565E-8	2.2013151767450815E-6	0.0	2.2013151767450815E-6	2.1455323950697823E-7	1.2300885640485803E-12	1.9208774055684506E-10	6.615806036946322E-11	4.408311480102627E-10	3.108266684847452E-5
0.0015947699409280954	2.020931144402288E-8	5.75638360057234E-4	3.0132497312091344E-6	3.6426159011652524E-6	1.876373737894748E-5	2.30368730190062E-8	2.1302030739839753E-4	0.004150924749664714	0.0010208304017917372	0.001920850433736743	1.6319636561729385E-5	2.3029021055892356E-4	5.12620344286283E-4	7.642901272704476E-7	3.0188091040738834E-4	5.670131704754828E-5	9.912588715395361E-5	4.9842035756995334E-5	2.5891131572859656E-5	6.7180300882735025E-6	3.6488846437770715E-8	8.339019583515894E-8	9.070041909131196E-6	0.0	9.070041909131196E-6	3.457592160683587E-7	7.410455893706837E-12	1.2126820228117303E-9	4.2696278923789577E-10	1.2063777276048782E-8	2.4116603436041294E-4
0.001225754829747503	1.3786966959211275E-8	8.190245013105636E-4	1.4081563923678593E-6	1.5148739426898948E-5	2.769810944755491E-4	3.6667872175626796E-9	0.001088722559400054	0.0018733507294878536	5.6182389991825E-4	0.001078087163284928	9.521333698003253E-6	0.0026796996667967582	2.6080040971409473E-4	1.3928190997115247E-7	3.767274036310438E-5	3.147216030412668E-4	1.259507202839431E-4	0.0023173796386100013	1.2656998370929264E-4	2.844422444025671E-6	1.2119801526136894E-8	9.395627544559317E-8	1.4915427271488537E-4	0.0	1.4915427271488537E-4	2.0374923705313544E-6	5.455262289262625E-12	8.005816040704328E-10	2.793630886901274E-10	2.0487497690072956E-9	1.435333954342341E-4
0.0010131234437787432	9.543563031588222E-9	1.296762511568139E-4	5.337601734570654E-7	9.765820317082678E-7	9.973335349962547E-4	1.8583088139263146E-9	5.907897704832752E-5	0.0020520181452900804	7.423954855626179E-4	0.0014768121520293853	1.3278035986430094E-5	3.0606046718429585E-5	1.0910708182292854E-4	8.713562857510658E-8	0.0013794535229768204	1.4409886212451387E-5	2.6396775017353146E-5	1.641042802936304E-5	3.815407131545016E-4	1.7398257423286048E-6	1.3870124405646202E-8	3.0328451115136434E-8	5.404325646100306E-4	0.0	5.404325646100306E-4	1.0564924191727471E-7	3.463913614677786E-12	1.2861281613761085E-9	4.3090908181508325E-10	1.1055652810202071E-9	5.123930963325917E-5
6.915990958956971E-4	7.930459547914658E-9	1.1873079757074767E-4	5.939349868003402E-7	9.526489821231854E-7	8.649866831960063E-4	3.670951622927972E-9	6.297837871749006E-5	0.0011119244101639308	4.967652475748048E-4	7.570642049826921E-4	8.104869199990497E-6	2.5544493745800164E-5	7.871574828675231E-5	8.123995413668208E-8	3.950565700289958E-5	1.2297249537728603E-5	2.5605866437836157E-5	1.5519471339911117E-5	2.80907725718135E-4	1.7891981330862128E-6	1.5705298183580504E-8	2.9779860151426506E-8	7.311912769700535E-4	0.0	7.311912769700535E-4	1.0367833866590921E-7	2.881575252879595E-12	3.004433367100034E-10	1.912980214316724E-10	1.7244563674778988E-9	6.016340480260157E-5
8.300056978627074E-5	1.6897816160496335E-9	3.777905278023134E-5	4.5955122700997283E-8	2.1602537884905778E-7	1.931677378187533E-6	4.3636455674102324E-10	3.289339219979485E-5	1.5000583298879338E-4	5.776881510086625E-5	1.0760144811402007E-4	1.0100550411223325E-6	4.138011414952728E-6	7.244746581983662E-5	8.087415802344445E-9	7.205813030503677E-7	4.049899151698336E-6	5.3159748774704775E-6	8.035825441010283E-6	5.13660319149926E-6	1.2459130960423905E-6	1.1938768510105143E-9	8.517513137940345E-9	9.48958766496058E-7	3.3160174867615836E-7	9.48958766496058E-7	2.648299690355391E-8	6.200827666195708E-13	1.244331954054285E-7	3.920468446303762E-9	9.444463268310255E-11	1.2644968432899502E-5
1.531325379651422E-7	2.654721274973101E-12	5.146966458916559E-7	2.0206784290429945E-10	9.245744441529922E-10	2.751299345634532E-9	2.894111639790019E-12	2.6842884378908065E-6	3.836545449455627E-7	9.208950335577243E-8	1.7025707368156433E-7	1.4483964204571187E-9	7.395202707815394E-9	4.9427278138668544E-8	1.6689723764010423E-11	3.71169325852955E-9	4.8329507947361474E-8	2.4070748530612004E-8	3.560224510313634E-8	3.755428239566756E-9	4.769639011607539E-10	1.7056109129421545E-12	1.4247326325226109E-11	1.333040726969564E-9	0.0	1.333040726969564E-9	1.4415905967222885E-10	1.0547858674723446E-15	9.66922846539475E-14	3.612494603877173E-14	1.7829471130566515E-12	3.082486249402007E-8
8.942148916610777E-7	1.2107756560447145E-11	1.1330100236174036E-6	9.878782597666625E-10	6.606318511518166E-9	1.7586037529385148E-8	2.0726041429660586E-12	1.6752062125191542E-7	1.9670922915560893E-6	5.208590593658036E-7	9.83416735170329E-7	8.50483351845799E-9	9.858283292215712E-8	3.928478319859461E-7	2.0970945664494255E-10	2.2201761790346236E-8	1.2762578057759084E-7	1.7272370641366063E-7	8.028807330498669E-8	2.571424226281398E-8	2.4397016338923544E-9	9.966579835437394E-12	9.754333854504725E-11	8.40661869643026E-9	0.0	8.40661869643026E-9	1.0292015111729785E-9	5.102362881758207E-15	6.468005861123512E-13	2.3161990753452604E-13	1.2241085566376938E-12	3.285993240373727E-6
1.5714188838474936E-4	1.7939565563919578E-9	3.1472949124888715E-5	1.3167092126616662E-7	2.426484608985417E-7	5.493803394096692E-4	7.987609023017541E-10	1.4344639761391326E-5	2.7089476918013553E-4	1.1296742239057319E-4	1.7474228583578197E-4	1.835499013996279E-6	5.97785977871157E-6	1.9177362425319742E-5	1.8494272253071297E-8	8.62457588040849E-6	3.302678474471135E-6	6.471093379753038E-6	3.7833530546859152E-6	2.0614028090174604E-4	4.0239333222105766E-7	3.4540621548837263E-9	6.9141697032419824E-9	7.133655744950153E-4	7.127719703342534E-4	3.5697905850738605E-4	2.7848821724546533E-8	6.554561594136085E-13	7.123461907659484E-11	4.3334101021675133E-11	3.768895170324183E-10	1.3680762772110385E-5
4.717453010509715E-5	5.385531358819587E-10	9.458743603725151E-6	3.952563131097906E-8	7.293121818629955E-8	1.648143374905739E-4	2.3987397749858077E-10	4.320408918359536E-6	8.132470609003255E-5	3.391019879338048E-5	5.246216330787717E-5	5.510046001037918E-7	1.7988872295076984E-6	5.764616448406047E-6	5.557520876862331E-9	2.5876075179844357E-6	9.92500307825458E-7	1.944661373515746E-6	1.1363735227746495E-6	6.184304155810934E-5	1.2128811968401648E-7	1.0365842360223199E-9	2.086590320359857E-9	1.7833501699982143E-7	3.300541595738706E-8	1.7837159301081453E-4	8.362763041731387E-9	1.967731382614594E-13	3.4285277277483717E-8	1.0848430483497148E-9	1.131120833515208E-10	4.112458064440574E-6
1.492841854218533E-4	1.7042517813420743E-9	2.9899179787306316E-5	1.250868652974156E-7	2.3051509817938997E-7	5.219091949229319E-4	7.588197639256221E-10	1.3627352222636635E-5	2.573489816609728E-4	1.0731861379629323E-4	1.6600449484148518E-4	1.743716955189919E-6	5.678943640069079E-6	1.8218420038290426E-5	1.7569487019971925E-8	8.193313687076051E-6	3.1375317608793723E-6	6.147513650974645E-6	3.5941707506353245E-6	0.0018886615188377788	3.8227210731187617E-7	3.2813456710267644E-9	6.568434442443096E-9	5.639216539479302E-7	0.0	5.639216539479302E-7	2.645627279168434E-8	6.226808131401658E-13	6.767261226140089E-11	4.1167228156059876E-11	3.580435816480915E-10	1.2996671653732783E-5
1.4005935513631768E-6	2.877986019980358E-11	2.635263594789255E-6	5.90351565380977E-7	9.970133139937883E-9	3.380197903167072E-8	4.435267632275917E-11	3.0925923715235814E-6	2.7129286510098342E-6	7.277566893949055E-7	1.3984804277458528E-6	1.2033705289862145E-8	4.038098006470649E-7	6.518365335007679E-7	4.210526212718264E-10	2.5722828231167404E-8	2.3233676773785633E-7	5.11563671528929E-7	1.7085882964006762E-7	1.3107886644190188E-7	1.3121386555717347E-8	1.3891378402512143E-11	1.721866775828037E-9	1.1337059597774641E-8	0.0	1.1337059597774641E-8	1.8865481083991803E-5	7.074172578824189E-6	9.779079470577887E-13	3.3913731436354176E-13	6.355522717407249E-12	1.3722949078621493E-6
1.244047473854687E-7	3.048232064496856E-11	2.654853665593642E-7	1.2745012557411776E-9	9.879806009326469E-10	3.2343673271710094E-9	5.8836884637509324E-12	3.2486095144695787E-7	2.5095259661168585E-7	6.693590019928007E-8	1.2914163549215773E-7	1.1076348491433988E-9	3.9781275644620874E-8	6.28452326759129E-8	3.915785665774703E-11	2.7203223388630047E-9	2.593822009650427E-8	4.839686021814973E-8	1.9044850198380316E-8	1.1999259675698589E-8	3.638137274610635E-6	1.2844567958007275E-12	1.5613142623052476E-10	1.11360724080564E-9	0.0	1.11360724080564E-9	1.0925917328501489E-10	1.0973354423632556E-14	8.447705821591339E-10	3.1339936161285207E-14	7.509884832639225E-13	1.3304752695452978E-7
6.891415512604063E-8	2.8657538550248407E-10	1.5027115771247616E-8	7.815454728934001E-11	6.890308145345228E-10	5.073960811779989E-10	2.0014463055314114E-13	1.5023309866716558E-8	6.931848605713411E-8	3.580528755945056E-8	5.4603763619672414E-8	5.960223559635111E-10	3.403877464377098E-9	7.927419730732445E-9	4.359399850260728E-12	3.248932378366658E-10	1.559056279732323E-9	3.7227152373021335E-9	1.6469426640373019E-9	1.308198668579552E-9	4.6480519867825394E-9	1.0114956980560117E-12	3.4400423916509964E-11	2.1086540330009343E-10	0.0	2.1086540330009343E-10	1.0046255580227876E-11	1.0242604430321133E-13	3.668829742429093E-14	1.0362548901838043E-8	4.5289800688830894E-14	8.449696768902589E-9
1.3157422544559956E-8	1.4796727751627988E-13	4.542481489118402E-9	8.80962744805026E-12	3.9523730583550284E-11	1.6632729309498281E-10	2.8683667306206887E-14	7.93325131845411E-9	1.7078317633255216E-8	8.929453286464965E-9	1.3691708262230302E-8	1.4920689162024625E-10	1.7910286947574531E-9	2.935867441165606E-9	1.896028120836156E-12	1.0041841677225787E-10	4.89632975271678E-10	2.0337240448723913E-9	4.5277932901474835E-10	6.153965237658536E-10	6.396834279423335E-11	2.522357619199296E-13	6.8541401253843375E-12	5.769173840180061E-11	0.0	5.769173840180061E-11	3.498076656300543E-12	5.5070559287476374E-17	6.200644057235288E-15	3.720302745961142E-15	9.741939529280607E-15	5.0389600865246754E-9
4.420226459471902E-8	8.95318313740264E-13	2.7375037196873757E-8	1.6745613612671327E-10	1.3517945932338491E-10	5.427756435641985E-10	1.484812466828207E-12	1.1054265225273537E-8	1.0173083803983144E-7	2.9729113203248346E-8	5.088814137542415E-8	4.727245612772139E-10	1.808889979272194E-9	8.200346619680842E-9	3.4808263084233172E-12	5.246847762516246E-10	2.8183827557849476E-9	3.5148290549954244E-9	2.2911961200040794E-9	8.534095575591048E-10	1.5277944992166935E-10	6.509189104306654E-13	3.1289734523233727E-12	2.576989096924018E-10	0.0	2.576989096924018E-10	1.990441344215103E-11	3.3339885881827804E-16	2.5064446038095286E-14	1.1397979798606755E-14	5.992303861227666E-14	9.95900435958531E-9
0.0029471401020487752	2.617951403000411E-8	2.271135244985993E-4	1.0371790776786936E-6	1.9356002705060167E-6	3.388642926721801E-5	1.5888539608338779E-9	1.1065951553695934E-4	0.013221058348627752	0.002507148780692619	0.0048049167005161	3.7217556050864505E-5	6.64906875679199E-5	3.0096751315899926E-4	1.4399370037665976E-7	1.0212943436164969E-5	2.597352860404139E-5	5.26031493876396E-5	3.619492674669064E-5	3.6858230297360526E-5	3.8007055809956082E-6	2.9058943112928475E-8	6.701466946794894E-8	1.6887842051655348E-5	0.0	1.6887842051655348E-5	2.0096315474857164E-7	9.447853738071605E-12	2.4570620212989185E-9	8.404867630929429E-10	1.3059337042865535E-9	1.0047609105965114E-4
