32
NULL,getrlimit@__getrlimit,open@__open_nocancel,read@__read_nocancel,stat@__xstat,open@__open64,close@__close_nocancel,munmap@munmap,rt_sigprocmask@sigprocmask,exit_group@_Exit,rt_sigaction@__libc_sigaction,sched_yield@sched_yield,time@time,mmap@__mmap,mprotect@__mprotect,write@__write_nocancel,syslog@__syslog,getpid@getpid,writev@__writev,close@close,fstat@_fxstat,read@__read,mremap@mremap,socket@__socket,fcntl@fcntl,connect@__connect,lstat@__lxstat64,openat@__openat64_nocancel,getdents@__getdents64,lseek@llseek,madvise@madvise,write@__libc_write
0.9834862837770089	2.6757564618819813E-6	0.0014568421952269326	7.343265632994778E-6	4.938760968992418E-5	8.202927247943875E-5	7.2375767024378335E-9	7.155736567237855E-4	0.020098711576782943	0.004829930092507348	0.00905038047392532	7.609750163899324E-5	2.1450124145374176E-4	9.172031722199381E-4	4.5646829396908877E-7	3.814388955241216E-5	1.9548410511010232E-4	2.47148315424561E-4	1.4525459995721468E-4	1.1469380148083882E-4	1.2709924033355362E-5	8.118996232085361E-8	3.3072950337265775E-7	3.951993953549494E-5	0.0	3.951993953549494E-5	1.083311112939047E-6	9.605075034748826E-10	6.281846454186451E-9	1.9444310010719653E-9	7.483926353335397E-9	4.7438196841452675E-4
1.403810730551751E-6	7.07276581006134E-7	2.591760425932993E-6	1.9778481889419218E-10	6.763451139254688E-10	3.0630679445009484E-9	2.305702033218027E-13	4.107929545744235E-8	5.329783468329045E-7	1.4623609662799572E-7	2.786194302620649E-7	2.4068199069476473E-9	3.4962606335584554E-8	7.907026591624678E-8	6.629187970619347E-11	1.1137608890032684E-9	7.466503581953646E-9	9.305959055900542E-9	7.636949489261784E-9	4.301326831777853E-9	4.407517299896486E-10	2.7627464422788753E-12	1.9544490449315828E-11	1.4765636885955065E-9	0.0	1.4765636885955065E-9	2.992349512450862E-11	2.5277674638031485E-10	3.18193817746279E-11	6.750699862052362E-14	3.3043548079224814E-13	2.0278669144252602E-8
4.239136751539318E-4	2.985694757782012E-7	3.5666487837441734E-4	2.01318537094926E-4	8.293013192321986E-7	2.6736657586336022E-6	1.0760080197682158E-6	1.1727409239323772E-4	4.43799502640371E-4	1.2066386296561607E-4	2.249491749667467E-4	1.9587590310714954E-6	1.8063470910572763E-5	2.4036769416892735E-4	6.749881950490318E-8	1.6149199968980672E-5	7.910179152953939E-4	1.5966541729542236E-5	1.2644253157046625E-5	4.600197590883589E-6	2.0007990210066717E-5	5.680200740542409E-9	1.8076897974449054E-8	1.2439261111583268E-6	0.0	1.2439261111583268E-6	6.684146439411546E-8	1.6740490609724393E-9	3.839754296544555E-10	5.299375685350006E-11	1.8875617177759238E-9	3.810331425040221E-5
1.8605705453997992E-5	2.898496634037355E-7	4.391411669081703E-6	8.300145964207234E-7	7.64887302280216E-9	1.41785557213697E-7	2.444091733218467E-11	9.421323626925475E-7	4.992699197976477E-5	9.717020238938289E-6	1.8613006092375803E-5	1.4471624987278692E-7	4.4541302444471673E-7	1.0882184608010008E-5	1.2811895867639096E-9	9.321539205158807E-5	1.3319059957434476E-7	3.7501567378451695E-7	1.5932837898223442E-7	2.2150758905687211E-7	3.0222854111100466E-8	2.56421888335258E-10	7.485943711377751E-10	6.670307134582299E-8	0.0	6.670307134582299E-8	1.1547210064953688E-9	1.369444382098848E-9	1.8276119529263582E-10	3.3406944000354788E-12	1.8061145301588163E-11	1.154713321921532E-6
7.294483218881461E-6	1.1534093896367785E-8	1.6732339275826857E-6	2.406506316787499E-9	8.214523449449566E-9	5.88976277749222E-8	3.1311751267743404E-12	2.857201293342513E-7	6.237314727537868E-6	2.486274372930953E-6	4.76335529691345E-6	4.4091318705056656E-8	1.4066529558329078E-6	2.8490637336551626E-6	2.6082655277872256E-9	2.4917000988358347E-8	1.6449885550170045E-7	4.852300378726283E-7	1.462460470618108E-7	6.996260398503085E-8	2.362272195433528E-8	7.424759148800623E-11	1.649572098158904E-10	2.9264872244260453E-8	0.0	2.9264872244260453E-8	8.030518614015858E-10	4.125344978452222E-12	5.0746818238858965E-12	1.395620773027121E-12	7.414031642743055E-12	2.2225806772482005E-7
7.28833139790174E-5	1.7233365224419385E-9	1.6660143111609314E-5	5.902794150802645E-8	6.222807634300504E-7	1.937859320226888E-6	1.073789384632853E-6	6.450717786341457E-5	6.279989385456173E-5	2.8652483998114996E-5	4.5294062272959904E-5	4.7361310052942094E-7	6.41418402596844E-6	7.797331657780019E-6	6.622730549287097E-9	1.9426179788599032E-6	1.623532927417061E-6	8.350030556539195E-6	1.523511777947399E-6	1.5380429654962885E-5	4.529746012028242E-6	9.143499624755851E-10	5.0575162352922875E-8	1.827217434883244E-7	0.0	1.827217434883244E-7	7.208657218320424E-9	6.385026609765886E-13	2.568470898550136E-11	1.1896195564953062E-11	1.3298900564533662E-10	1.748602000437502E-5
1.5042339230596504E-7	5.843435290798114E-10	4.217137121288594E-8	2.6862931662013604E-10	5.4701346815495113E-11	1.188112810903421E-9	8.773051482332971E-13	4.30514124716959E-8	1.27414766364316E-7	5.333486683325313E-8	9.70595932912305E-8	9.290987792901914E-10	5.028555810039574E-9	1.2634622484852545E-8	7.455415050392868E-12	5.414107012112437E-10	4.051246654634089E-9	5.756046930220046E-9	3.562327649726292E-9	2.1675591003906026E-9	6.8963962360735E-7	1.207800989839171E-12	1.4192211268339221E-11	5.500583947569935E-10	0.0	5.500583947569935E-10	1.627988468560401E-11	2.08902393664498E-13	1.0931583296290955E-13	2.782103026188681E-14	1.6805549616226066E-13	1.504474652676994E-8
4.0443371124557914E-4	1.0497044730093443E-8	1.3135268586982694E-4	1.0499164090602967E-6	3.133582417201E-7	3.7085740069590445E-6	9.64385745189545E-9	4.547019593782132E-4	5.206370542913394E-4	1.492184751905174E-4	2.774421333159171E-4	2.4493118299480306E-6	3.8234766199330755E-5	4.39152938159546E-4	6.845099105113148E-4	4.183090991804092E-6	4.347263866516788E-5	5.53961885894423E-5	1.5099150885035198E-5	7.154112633223249E-6	1.5685506553935914E-6	1.0264231078638492E-8	1.6458578925329723E-7	1.6841194837246263E-6	0.0	1.6841194837246263E-6	6.183626518481783E-8	3.897091319690416E-12	2.3011980266719262E-10	6.765947551943606E-11	8.191863927331541E-10	1.0393604326561862E-4
0.013833188221312201	1.5215993728047086E-7	3.01086936302264E-4	1.9070626092491568E-6	2.151692821484553E-6	4.4131256749144624E-5	3.9570000332605936E-9	1.832991089486718E-4	0.00547962350919733	0.007056197713113966	0.0127282973668752	9.121995342462474E-5	1.2351675040424406E-4	5.285319157968352E-4	2.3546913454248435E-7	2.5702853741737837E-5	3.327219225742765E-5	1.0346399206969595E-4	6.217119309903306E-5	6.333083632598047E-5	8.125130989996598E-6	7.313734081092206E-8	1.2973931219369922E-7	2.045544713564343E-5	0.0	2.045544713564343E-5	3.2904904807166437E-7	5.504220561780141E-11	3.3306974529961757E-9	1.2301528889005824E-9	3.1170222417577374E-9	1.9746772831876115E-4
0.01369365478789896	1.3314058875793837E-7	1.4962348415378297E-4	1.0012077767586585E-6	8.516773391956941E-7	1.1486014893654494E-5	3.280935619926301E-9	8.574051879577323E-5	0.001647340847842397	4.0835205258172333E-4	7.505391973002091E-4	6.422255300879565E-6	3.741047999129122E-5	3.427788127231057E-4	8.795458911019253E-8	2.1119496409156554E-5	1.6946463078105054E-5	4.548810842243098E-5	2.6994863303369072E-5	2.0355960662527443E-5	2.996982194045998E-6	2.57846826598569E-8	5.244542779316127E-8	4.025075514503469E-6	0.0	4.025075514503469E-6	1.5340645572204162E-7	4.798073917551971E-11	5.462981077401539E-10	1.6209968849243762E-10	2.084428903590707E-9	9.041978829067358E-5
0.012935727012362107	1.3305931730081585E-7	2.07500886197535E-4	1.3044071353847015E-6	1.2564011426282836E-6	2.7726107175331075E-5	3.3519082726113474E-9	1.2070003044716135E-4	0.0033720713125925	0.006668917567953022	0.005147328874159068	1.1426934060137753E-4	6.812887469491838E-5	3.979484654587193E-4	1.4936960552514078E-7	2.154823644557677E-5	2.3285728405102905E-5	6.373303302892082E-5	3.85854612051611E-5	3.72161389865372E-5	4.653317605864638E-6	4.0408124875420515E-8	7.736452640987139E-8	1.2481095891307054E-5	0.0	1.2481095891307054E-5	2.081484422838193E-7	4.803710871295457E-11	2.019631310673791E-9	6.403131000427704E-10	2.442509905003184E-9	1.2393181456852011E-4
1.3998499978668658E-4	1.4138723305382183E-9	1.9862939710669497E-6	1.2892682293077625E-8	1.241193974782056E-8	2.2140259677157984E-7	3.543726978396816E-11	1.1652791252165275E-6	2.8720312272548937E-5	7.235696339813599E-5	5.098621952573346E-5	3.957539655977067E-5	6.338361763866197E-7	4.0471867215456065E-6	1.3488785419464074E-9	2.2856511570397253E-7	2.227343759732923E-7	6.312777480539441E-7	3.7779004427658865E-7	3.3666939999288186E-7	4.533924454151393E-8	3.978872193516991E-10	7.582573744849061E-10	9.388077918110679E-8	0.0	9.388077918110679E-8	2.072233340949275E-9	5.101466976718621E-13	1.458791548690803E-11	4.938143711433906E-12	2.4441982274838567E-11	1.2315347006904901E-6
2.788464362219606E-4	4.6014361712037876E-9	1.523236938056531E-4	3.3609400584813164E-6	1.343724173729295E-7	1.7496843051456527E-6	1.337930149630565E-10	1.3032347841397025E-5	1.669866577907215E-4	5.8054767178841325E-5	1.1138227350383868E-4	1.0072163142933463E-6	7.1814642724971895E-6	1.5069792795603765E-4	1.4705523221204981E-8	1.103410725790309E-6	5.8584168806230486E-6	3.7498419612465955E-5	5.683696731995146E-6	2.5803529197855116E-6	3.6206396912978906E-7	3.3916447121536877E-9	8.580793302605491E-9	8.461140627968467E-7	0.0	8.461140627968467E-7	5.177541863305672E-8	1.853395344456822E-12	1.0749228248072312E-10	3.100710287115316E-11	3.551909730500124E-10	1.2000675049621945E-5
2.626211654210573E-4	4.4089369749646655E-9	1.1532513423647489E-4	1.7438848680690987E-7	2.2829766027508158E-7	8.557037763872515E-6	3.333377559826298E-9	0.001632602726480051	2.099887730822895E-4	6.147064850852603E-5	1.1741012029393032E-4	1.0282368980021798E-6	7.668788327115961E-6	0.0011966791590962188	3.667051688967109E-4	6.731986780079531E-6	7.90473504105725E-5	1.1576894557664866E-5	6.886460582132052E-5	5.591588059609089E-6	6.856381552164588E-7	5.416003155698317E-9	1.334495078275355E-8	4.504346434866355E-6	0.0	4.504346434866355E-6	8.632740335070017E-8	1.7430014679517533E-12	1.0893458242932429E-10	2.991337126072479E-11	6.728957179030832E-10	3.0927493636162244E-5
7.947312198028623E-5	1.2406653357076E-9	1.1128284217897399E-5	8.688502850286525E-8	1.4584617117438683E-7	9.320855620900278E-7	4.56885677993464E-11	5.33991092222087E-4	8.54447574849424E-5	3.30373961259605E-5	6.628761333772414E-5	5.969265384972031E-7	4.63700421023656E-6	1.6057863600723557E-4	1.5231267450729096E-8	2.3038087822410074E-7	1.115568372005074E-6	6.344069217600012E-6	1.1930178651859103E-6	1.922257384952715E-6	4.962926534289539E-7	5.890668778889238E-9	8.307982829991375E-9	4.1376919657877563E-7	0.0	4.1376919657877563E-7	1.8534660510453544E-8	4.602069737364574E-13	8.321080075305101E-11	2.014327410344352E-11	6.402876494846215E-11	1.1786406702448864E-5
4.665067316346571E-5	4.983780382708691E-10	2.2498920724658075E-4	1.5303016870994417E-8	1.3157862581279209E-8	2.2839240769687986E-7	4.280232542753154E-11	1.7241044009900606E-6	5.650924918711424E-5	1.1279660693329536E-5	2.1525613073432493E-5	1.691787898538874E-7	5.415250480409882E-7	3.0544412379726855E-6	1.5656499016488256E-9	9.340602631353651E-5	3.5534493404442124E-6	1.3986325331814573E-6	6.3682817447971846E-6	2.823055310762774E-7	2.907862557249761E-8	1.7820649184102916E-10	8.332362272750765E-10	1.1209772158623475E-7	0.0	1.1209772158623475E-7	7.948349556745166E-9	2.1417758034478584E-13	1.3274113271683129E-11	3.949664748459713E-12	2.923644090784051E-11	1.3688520294632784E-6
1.6280002598083473E-4	2.6670279770489824E-9	3.266126265030214E-5	2.208612674412901E-7	1.3695686933346943E-7	1.2058488541650852E-6	1.5914727195815651E-9	1.4502098665160094E-5	2.6709211148223596E-4	6.823508802778862E-5	1.275056273843215E-4	1.0916338957798057E-6	1.6204830542693938E-5	3.3595657224655184E-5	5.2015646312461276E-8	2.0514290011236316E-5	3.0406380419357643E-6	6.469840859981466E-6	2.9902551874969137E-6	1.7502409780760472E-6	4.851028580409013E-7	2.899994582948421E-9	5.765951023923586E-9	5.790089591744812E-7	0.0	5.790089591744812E-7	1.7221741454940718E-8	9.977199794930994E-13	9.469452791850955E-11	2.876723008597624E-11	9.852051522338346E-10	1.6387256431645745E-5
1.9304986532513779E-4	2.045900359408102E-9	3.220887148722275E-5	8.987463172833152E-8	1.689800881359963E-7	1.864475532348015E-5	2.0921321557722095E-10	7.125073408616467E-5	1.0028995420510955E-4	3.252219706722098E-5	6.243526908633463E-5	5.571401400101944E-7	1.8261677665281834E-4	1.2285614613870833E-5	7.630817520019654E-9	2.1142437719397967E-6	1.888584931899996E-5	4.908267501979226E-6	1.5679901397708555E-4	8.198800517197759E-6	1.4378372333857706E-7	7.685350321276779E-10	4.354772136904634E-9	1.0061050789567843E-5	0.0	1.0061050789567843E-5	1.16488201618833E-7	8.485641799410095E-13	5.553934326624457E-11	1.6772870741646182E-11	1.4167195806431895E-10	6.977792688467098E-6
1.0352667044816945E-4	1.4317804520935546E-9	6.560490376583025E-6	3.495913985233157E-8	2.970537866369019E-8	6.823173033258218E-5	1.2389795152452502E-10	3.672167919806432E-6	1.3033782923711133E-4	4.963762998099011E-5	9.879996252492969E-5	8.910765251049014E-7	2.0535425215154876E-6	6.833030389138147E-6	5.76257870483592E-9	9.436989817337666E-5	7.059795262841508E-7	1.5212262925529116E-6	9.635906972514635E-7	2.6068202424259766E-5	1.1760127007613774E-7	9.690916311810446E-10	1.895721045949267E-9	3.6978276533055126E-5	0.0	3.6978276533055126E-5	5.126154881589305E-9	5.241089409524983E-13	1.0034792178083933E-10	2.927712306042328E-11	8.724753273642953E-11	3.206224194585895E-6
7.07755601538033E-5	1.0206160338067274E-9	6.1118258987752226E-6	4.037979944808249E-8	3.184911026789456E-8	5.916434956479296E-5	2.504859211074065E-10	4.051532198350412E-6	6.785928953187396E-5	3.2971352254443543E-5	4.942582843353214E-5	5.373179659837451E-7	1.7459340304950212E-6	4.845409824649142E-6	5.374124647670782E-9	2.662546268882066E-6	5.967727891125056E-7	1.5401469517626954E-6	9.270782098820791E-7	1.9188958646829785E-5	1.2334990369649293E-7	1.115787811659052E-9	1.928972869645739E-9	5.002855312382201E-5	0.0	5.002855312382201E-5	5.271470670686843E-9	3.7575108388176636E-13	2.240816160067332E-11	1.2667471280812945E-11	1.3503454349122383E-10	3.916206203972963E-6
1.0112130799561009E-5	1.8843305018920852E-10	1.8787479903603025E-6	2.842471124477446E-9	3.60733327462524E-9	1.2383624720297648E-7	2.86742992372591E-11	2.167492447232923E-6	9.07537384895429E-6	3.763788158092455E-6	6.9886464618612895E-6	6.611745569790368E-8	2.637835345656339E-7	4.7889038349006655E-6	4.984245310285046E-10	3.547638762713245E-8	1.9709820341934203E-7	2.592083162568708E-7	5.01205113919502E-7	3.417293169185546E-7	8.432583380968152E-8	8.127371810047925E-11	5.343247753131184E-10	6.093335249088374E-8	2.2676779057127857E-8	6.093335249088374E-8	1.138540354929284E-9	7.10384443919347E-14	8.510071108150779E-9	2.6804080065455307E-10	6.9304855159137454E-12	7.86614702451677E-7
2.8564226913787514E-8	3.7453985919420793E-13	3.070188368724548E-8	1.2899352356660532E-11	8.99724034105401E-12	1.356004990992419E-10	1.9092476857037106E-13	1.8304430389289136E-7	2.2036411346302695E-8	5.4232322584159485E-9	9.94121561295026E-9	8.499926091927821E-11	3.812350855821454E-10	2.3741576675968506E-9	8.100910594840628E-13	1.649038437893135E-10	2.803566818320262E-9	9.482833074879059E-10	2.1379677288792313E-9	1.814580044759533E-10	2.6275353017145103E-11	1.1302470752171681E-13	6.508261081376027E-13	6.606174577708147E-11	0.0	6.606174577708147E-11	5.4336860437767335E-12	1.5800595492841126E-16	6.468560841076144E-15	2.1144795992088053E-15	1.2395315070251042E-13	1.6283530211637808E-9
1.8851308746025575E-7	1.997505697535905E-12	4.365322842190154E-8	5.910569594855828E-11	5.684231987104421E-11	8.201921919930984E-10	8.954950315107987E-14	7.75813743957883E-9	1.0592147112708136E-7	2.9451852833004312E-8	5.536630670851676E-8	4.82814984831218E-10	5.766763943706765E-9	1.946731977945121E-8	1.1896384936888468E-11	8.639078482616594E-10	4.98155010552222E-9	6.595986378109799E-9	3.1667525131050915E-9	1.2008559394585942E-9	1.1679045339781257E-10	6.154597239466562E-13	4.2431428858777955E-12	3.9272463020204787E-10	0.0	3.9272463020204787E-10	3.7750703587622526E-11	8.896148387370863E-16	4.283111468993689E-14	1.3330748696945415E-14	8.258514767901018E-14	2.2113340401567594E-7
1.6571642052820247E-5	2.340178121870953E-10	1.537809505254646E-6	8.880262187785947E-9	7.258062069470045E-9	3.758954541345097E-5	5.4199918771855376E-11	9.042462819398658E-7	1.6571374559575306E-5	7.469529946828175E-6	1.1367660540480836E-5	1.212202472469474E-7	4.029111830291257E-7	1.1545393793834274E-6	1.2117584198371074E-9	5.777562223401568E-7	1.5297965544126131E-7	3.6893589196442366E-7	2.1721463598759423E-7	1.4093603779752153E-5	2.743783206448794E-8	2.4460229910309367E-10	4.3601771055313003E-10	4.882157408122562E-5	4.878583262911792E-5	2.4428621434541847E-5	1.3382821113492424E-9	8.693750136776431E-14	5.288294290418476E-12	2.858111929053611E-12	2.9400741324884825E-11	8.727403335900859E-7
4.975239912607655E-6	7.025712588842716E-11	4.622643246659775E-7	2.6657543714967825E-9	2.1793569242489465E-9	1.1276876998985823E-5	1.6276383438171213E-11	2.7241855589632513E-7	4.974836561287924E-6	2.24216039104055E-6	3.4128709506289366E-6	3.638934795808136E-8	1.2124877014345113E-7	3.4708689423825854E-7	3.6414214348869536E-10	1.7333827323361873E-7	4.59833616917678E-8	1.1087884249433252E-7	6.524178421406113E-8	4.2281439018793076E-6	8.270106155252846E-9	7.34075639924083E-11	1.3163833469125677E-10	1.0738459119893881E-8	2.257094627342299E-9	1.2207214782461795E-5	4.0181733859843934E-10	2.6100988533781873E-14	2.344744029928049E-9	7.415601029368269E-11	8.824277067217193E-12	2.6236204409204165E-7
1.5742995775261994E-5	2.2231601532634524E-10	1.460913074710148E-6	8.43621468892039E-9	6.895130858610973E-9	3.5709922574466156E-5	5.148971294004318E-11	8.590304660818443E-7	1.5742741657715195E-5	7.096024523176107E-6	1.0799233491345278E-5	1.151587654501703E-7	3.827640635741254E-7	1.0968079393745797E-6	1.1511658062205818E-9	5.488661738191765E-7	1.453300802440966E-7	3.504876686345013E-7	2.0635306300836973E-7	1.2925492176635994E-4	2.6065834206216732E-8	2.3237123690733057E-10	4.142151365144373E-10	3.395424109092745E-8	0.0	3.395424109092745E-8	1.2713628231846983E-9	8.259028962743146E-14	5.023859096584317E-12	2.7151952643497617E-12	2.793059040208155E-11	8.290999371586838E-7
2.2987436526585305E-7	3.691656378248731E-12	1.4872503745749203E-7	4.0640728986575854E-8	1.1192996189037834E-10	1.9598334527524978E-9	2.9879619396316445E-12	2.1022881506873613E-7	1.5452838706609985E-7	4.3906620730560784E-8	8.400426905370516E-8	7.30186330058717E-10	2.725650804309763E-8	3.766023054316002E-8	2.6646108065645527E-11	1.1294204088752504E-9	1.2342188215817263E-8	3.0736924699325543E-8	9.549782990888552E-9	8.68799517233314E-9	8.795552151338763E-10	1.1077092640096231E-12	1.1708968271317702E-10	5.996686368979299E-10	0.0	5.996686368979299E-10	1.290095854953347E-6	4.837714199843795E-7	6.963308929982559E-14	2.091814618741474E-14	5.186394714413191E-13	9.113742214774937E-8
2.2986527013219528E-8	1.21111470845937E-11	1.492526475497399E-8	8.764652659882661E-11	1.0825192144454836E-11	1.9006927485244892E-10	3.9770004908164705E-13	2.204903606635485E-8	1.4714358125532159E-8	4.213904952877516E-9	8.136529389279495E-9	7.054765175328933E-11	3.993895431293962E-9	3.803666529890385E-9	2.6685237877645938E-12	1.215266666754405E-10	1.4117556956529332E-9	2.843940131766491E-9	1.0865586519428123E-9	7.917631188545351E-10	2.487937347905286E-7	9.709318512434895E-14	1.0579347788958958E-11	6.089709729687874E-11	0.0	6.089709729687874E-11	4.22197964720857E-12	4.346600985822097E-15	3.633090932830557E-10	2.055037543066817E-15	5.5873748786086974E-14	8.801797756638646E-9
8.41521307592002E-9	1.2289364726821067E-10	8.020278064350141E-10	5.263800291753897E-12	9.327888881939445E-12	3.141740772049652E-11	1.3005840048062677E-14	1.006883346424821E-9	4.1937019744441734E-9	2.5596607216541504E-9	3.787183805731385E-9	4.264342404331747E-11	2.361239936910616E-10	4.966540775340919E-10	2.8948800103378525E-13	1.805495238067585E-11	7.798518946207904E-11	2.214678507367621E-10	9.592002608120831E-11	8.733794708402563E-11	3.1706939089187476E-10	7.675793815611349E-14	2.317463817537314E-12	1.2773664511626567E-11	0.0	1.2773664511626567E-11	4.585880302117005E-13	4.3922721316568215E-14	7.32667431694651E-15	7.086489937661561E-10	3.521426893501465E-15	5.481803849969114E-10
1.5441087461662848E-9	2.0160361422709075E-14	2.1581533673967442E-10	5.774329415763915E-13	7.214838756906114E-13	1.0105059641451047E-11	1.816446715446739E-15	5.379049265342952E-10	9.768951708578628E-10	5.814207383072709E-10	8.736275235549484E-10	9.721850641244718E-12	1.210106852316557E-10	1.7827230371227766E-10	1.2203195065606123E-13	4.992427075232672E-12	2.2700030286036863E-11	1.267418556518296E-10	2.4406890723954977E-11	4.129723318779075E-11	4.315629331271516E-12	1.7491893539145348E-14	4.672440324757447E-13	3.3054573231408013E-12	0.0	3.3054573231408013E-12	1.486960885108654E-13	7.70390477351885E-18	4.49930630305753E-16	2.4249149334349426E-16	8.28432379230937E-16	3.3548145153919086E-10
5.927402684934385E-9	1.0930144003082499E-13	1.2920672610946055E-9	1.129115783343883E-11	2.0694366488855302E-12	3.001293488290421E-11	1.0228037625513348E-13	6.915719891874894E-10	6.175162467747965E-9	1.894862980019758E-9	3.199463008370348E-9	3.0079818257136906E-11	1.096735752238893E-10	4.29337029043255E-10	1.9438159992679743E-13	2.4519470768558637E-11	1.2759396582393721E-10	1.5536863698566003E-10	1.171229316460231E-10	4.8900867657044867E-11	9.792651661306254E-12	4.5516183401249086E-14	1.7397766724713344E-13	1.4200326949381162E-11	0.0	1.4200326949381162E-11	8.051932823726889E-13	4.2122097637401696E-17	1.7948485583590106E-15	7.239220016903087E-16	4.952771582541511E-15	6.202687048860669E-10
2.909985560860867E-4	4.765661873093596E-9	1.1062160897234386E-5	6.227241291975746E-8	5.926909440987433E-8	2.2230083360833797E-6	9.751381419261919E-11	6.458846973910025E-6	8.711450815858581E-4	1.665007490512103E-4	3.188507001130261E-4	2.4624295979548666E-6	4.31856308261144E-6	1.8967405879091956E-5	9.20703008283413E-9	6.03473406635674E-7	1.2165446887174424E-6	2.99833236048718E-6	2.13874746847602E-6	2.3910979318348993E-6	2.492312304462142E-7	1.9513312372935853E-9	4.0674500536407375E-9	1.110343970225178E-6	0.0	1.110343970225178E-6	9.899780627739719E-9	1.724371371278127E-12	1.875945634331331E-10	5.577689858740494E-11	9.803797274349467E-11	6.041242332882669E-6
