32
NULL,open@__open_nocancel,fstat@_fxstat,mmap@__mmap,read@__read,munmap@munmap,open@__open64,close@__close_nocancel,rt_sigprocmask@sigprocmask,exit_group@_Exit,rt_sigaction@__libc_sigaction,sched_yield@sched_yield,mremap@mremap,time@time,read@__read_nocancel,mprotect@__mprotect,madvise@madvise,lstat@__lxstat64,openat@__openat64_nocancel,write@__write_nocancel,syslog@__syslog,getpid@getpid,writev@__writev,close@close,stat@__xstat,socket@__socket,fcntl@fcntl,connect@__connect,getdents@__getdents64,lseek@llseek,getrlimit@__getrlimit,write@__libc_write
1.0574005455459223	0.003623155101745223	2.1106101085524016E-5	0.0016605555452113452	1.2221063395548784E-7	0.0012277550811472578	1.362380197496009E-4	1.2758036021823666E-8	0.03001050086213012	0.00719599263302666	0.01353163127971511	1.1435983106931251E-4	5.970990815300924E-7	3.561180955115518E-4	1.176176836884687E-5	7.696655752483113E-7	1.1549919266830527E-8	3.0190719978640054E-6	1.3715874322897172E-11	8.461943646083739E-5	4.5212790956644167E-4	5.939052437318007E-4	3.0934397094676804E-4	1.958101850210144E-4	8.011367521335116E-5	6.530481734319835E-5	0.0	6.530481734319835E-5	7.947794014728308E-9	2.9420966245540328E-9	3.73278104281912E-8	8.437399868145465E-4
0.001258239043230379	6.028182737750535E-4	3.884116322637741E-5	4.5157084922178424E-4	1.134800784277281E-8	2.2767764982495111E-4	4.433886435891789E-6	2.0860600401254766E-6	8.465123562522742E-4	2.311655997303016E-4	4.3117423823143684E-4	3.7843357991233478E-6	3.0975064732363385E-8	3.3616524832167375E-5	3.882598727890932E-4	1.2627970779513792E-7	3.7975150974446575E-9	3.90699376920323E-8	9.421742840515018E-11	2.9609976272147346E-5	0.001524894783410805	1.742333334307447E-5	1.8549564042783042E-5	8.012757276337489E-6	2.4569234269874907E-6	2.0398585786180626E-6	0.0	2.0398585786180626E-6	2.9495803960061465E-10	1.0279880677387333E-10	1.9709678557775265E-8	6.654167949678005E-5
2.644093196726111E-5	2.2233320466811894E-6	1.6357762427443944E-7	9.028947536768544E-6	1.5777239391371368E-10	4.113946942313452E-6	2.291981460676741E-7	5.3966476790714165E-11	1.7491875794520153E-5	7.262329411979235E-6	1.3516230437059297E-5	1.285694239421366E-7	9.699771953347079E-10	4.814615102826084E-7	5.5521163755684444E-9	8.86318236287518E-10	1.2998616271903658E-11	8.287047891664151E-10	5.433866414131996E-14	4.189124102167762E-8	2.26127511694497E-7	2.8625886645632935E-7	8.722390875950279E-7	6.534339742307334E-7	3.597897543246478E-8	1.1258245057736462E-7	4.4020608889021894E-8	1.1258245057736462E-7	1.6518140206553455E-8	5.20345656890584E-10	1.5200357815015675E-10	1.3984473236347447E-6
7.641274314129726E-4	1.587698754660392E-4	1.340673326103002E-6	0.002307497766152993	1.0471099002337818E-8	0.0031555933818291806	1.5796427724964285E-5	6.376109857572585E-9	3.8441798405190557E-4	1.1360166191030686E-4	2.1737675153214235E-4	1.9189751036235405E-6	2.368715422310231E-8	1.3688721999631487E-5	3.395463174137704E-7	7.107932551724755E-4	1.2998780902423817E-9	1.0390910394340982E-7	9.099979834971323E-13	1.1804595476432975E-5	1.4596251865453506E-4	1.297953840017339E-5	1.2713471404956486E-4	1.017272652302132E-5	3.117427918841711E-6	8.323104789948582E-6	0.0	8.323104789948582E-6	1.6903370445576316E-10	5.621241625928287E-11	2.5444850497175524E-9	5.488108680723188E-5
9.483960490791924E-8	4.982997203660215E-8	4.018852796491556E-11	2.6805979126042967E-9	1.9748525699622734E-13	3.5451708210249785E-7	1.6961827049640458E-10	3.5708073308358906E-13	3.875308077135761E-8	9.494046719643912E-9	1.7363903444347497E-8	1.4954452275359863E-10	6.643593141649065E-13	4.866924753811417E-10	2.35495258921255E-11	9.549431952070661E-13	2.3525219506910926E-13	1.4670607495569445E-12	5.660702346899735E-17	1.4004562858805573E-10	4.377344875493311E-9	3.829001018041635E-10	3.444974618039043E-9	2.1316877377429095E-10	3.72870123685077E-11	8.350547225189598E-11	0.0	8.350547225189598E-11	9.42933973540707E-15	3.701495482907076E-15	1.5814705616205226E-13	2.241071673296445E-9
0.0010545987750797579	1.9936809076121566E-4	3.0876913981536052E-6	8.415501748983213E-4	2.0125411910046526E-8	8.809644691866992E-4	6.843221948009249E-6	1.8362578386657357E-8	0.001007165389978269	2.88657648535995E-4	5.375935195346465E-4	4.775569099374287E-6	3.186375017685618E-7	7.362824460805273E-5	2.108220049748308E-6	0.001326805971221629	1.6456860001637883E-9	6.645566455412943E-8	3.451198062157344E-12	7.067062714143904E-6	7.828079546259048E-5	9.975350621953435E-5	2.5656756139533887E-5	1.3753169272068312E-5	1.9775501189772562E-6	3.072208196986197E-6	0.0	3.072208196986197E-6	3.7290738838834964E-10	1.323904782030497E-10	9.655033880332779E-9	1.9798421193516314E-4
1.892655216841894E-4	2.4752037223806048E-5	8.9732319883789E-6	1.4045944429415993E-5	1.8198781592438845E-9	1.3101452809121203E-4	3.894949243055557E-6	2.0819140206202174E-6	1.2357547606186276E-4	5.616017233237787E-5	8.90280801656945E-5	9.357538082277657E-7	1.0282806256916474E-7	1.2778443559960737E-5	1.2349765349685902E-7	1.270407217725328E-8	2.6823839518712126E-10	5.750295918590671E-9	5.171643777730699E-13	3.6125390722970083E-6	2.3143034060891285E-6	1.5519534297292836E-5	2.479670694856753E-6	3.128321918568722E-5	1.4697546803258523E-6	3.311603328359872E-7	0.0	3.311603328359872E-7	4.2798907371018195E-11	2.361923777418351E-11	1.4467952132564922E-9	3.477359267697266E-5
3.996336780053734E-7	5.7660413841937625E-8	1.3419054398977223E-6	1.980011104774948E-8	2.3296378665335622E-12	8.144262770672798E-8	2.1138888817384905E-9	1.6719217064136367E-12	2.425211078974741E-7	1.0208393106986958E-7	1.8609600437671744E-7	1.7930033953181525E-9	2.600897544164683E-11	9.110618831511764E-9	5.337784489162389E-10	1.2934159257661374E-11	3.1734601189297345E-13	8.68146651141962E-12	5.834076760405994E-14	6.008277350646708E-10	5.234575903259473E-9	7.463878697071012E-9	5.29975223102621E-9	3.9631317189918645E-9	4.371537073421265E-10	9.724650061569823E-10	0.0	9.724650061569823E-10	1.4409434269481928E-13	5.389029360670239E-14	1.6323858983381817E-10	2.6827275084808106E-8
0.030361727888099186	3.5841461719728616E-4	1.6396311898090695E-5	0.00100453023156123	1.4577184978986174E-7	3.7334422591342773E-4	8.689478275960046E-5	7.49466070497729E-9	0.011305767081830535	0.013776458603188576	0.024916632100576985	1.7988177646399605E-4	2.572809039299122E-7	2.442610579788966E-4	4.101665914789538E-6	4.5895747436708976E-7	6.384173595246975E-9	4.0720145254103834E-7	1.2048210611369015E-11	4.569927758741057E-5	4.112180280772044E-5	1.7019483532479393E-4	1.0813884150984338E-4	1.259231741064519E-4	1.1825365645062174E-5	4.022841065800467E-5	0.0	4.022841065800467E-5	5.6746643751347424E-9	2.4740367929764298E-9	3.370267279768744E-8	3.792039399001387E-4
0.029863726888976164	1.622413815251214E-4	6.197339488054549E-6	6.611923753989044E-4	5.2714979331473806E-8	1.8098068535372559E-4	2.3609973475458064E-5	6.286718158097244E-9	0.003830498838958542	9.418606560008662E-4	0.0017402427390811764	1.4931670415787787E-5	1.0565961087389866E-7	7.633206526305311E-5	2.2535637049876353E-6	1.756431874031014E-7	4.2505715842368966E-9	1.615770048589403E-7	4.731719424258109E-12	3.883441481047313E-5	2.0160392595319166E-5	7.017197757677299E-5	4.560130088614087E-5	4.182134333516012E-5	5.193696122523193E-6	8.417266272457426E-6	0.0	8.417266272457426E-6	1.0394973133760473E-9	3.7911145543134715E-10	1.3233630429223797E-8	1.7620536186217374E-4
0.028242280656754618	2.4151530097741585E-4	9.46219478712695E-6	7.602156283058274E-4	8.126348883356544E-8	2.4848845777906053E-4	5.500876720064764E-5	6.373236260812157E-9	0.007152518455158718	0.013035345207936732	0.010197895554640552	2.2421032018915427E-4	1.538587144897183E-7	1.3581455632422925E-4	2.857953748469509E-6	2.93033952238493E-7	4.983571873797618E-9	2.3612767816511534E-7	7.0197310881890364E-12	3.888793710024427E-5	2.8772947092368054E-5	1.0123462347966015E-4	6.59861726356032E-5	7.453779603684206E-5	7.222098136215372E-6	2.4768645885548164E-5	0.0	2.4768645885548164E-5	3.493078708131721E-9	1.312367763992127E-9	1.9634796286769593E-8	2.3869134022885672E-4
3.048767369689011E-4	2.2482943452079333E-6	9.229663992043004E-8	7.736300037710565E-6	8.004524526276625E-10	2.4103445776592824E-6	4.410766503556791E-7	6.741652042347915E-11	6.207689149254447E-5	1.4133679731188724E-4	1.0099972706609808E-4	7.686874154381966E-5	1.5104656702510574E-9	1.2662994073995064E-6	2.8364065199980094E-8	2.6497902560976854E-9	4.975203790607017E-11	2.341793051656481E-9	6.904545012584365E-14	4.142303179497463E-7	2.6952143337905355E-7	9.998884019572545E-7	6.447002169665327E-7	6.76584374563523E-7	7.179584749239213E-8	1.873277833975926E-7	0.0	1.873277833975926E-7	2.5507686716862568E-11	1.026730776161354E-11	1.93123586066318E-10	2.3753984884368015E-6
6.548019755869236E-7	1.647022300426792E-8	1.4545633044475092E-10	2.3742765844818963E-8	1.0070695006985982E-12	8.660250419731315E-9	9.10916488574489E-10	7.670045449736112E-14	1.7540328833399146E-7	4.949103166941481E-8	9.306585157573838E-8	8.199462672687841E-10	3.859438844488475E-12	9.308423867489761E-9	1.0068796123244478E-10	1.858458764299116E-11	1.1223356371040056E-13	7.179465813955068E-12	1.305781782491272E-16	3.6976558650691663E-10	2.166527432829176E-9	2.1479921699708337E-9	1.5898627344069452E-9	1.3136049405813483E-9	2.299575683433184E-10	4.370645043718024E-10	0.0	4.370645043718024E-10	6.148226186880751E-14	2.2804477755055038E-14	3.635959457102134E-13	4.225366614307468E-7
8.813824599902931E-4	2.1541676646856978E-4	6.510919522320662E-7	2.7611588723368627E-4	6.72108632288675E-9	1.9177674936758144E-5	2.6493452145919254E-6	1.520733050793126E-10	2.945172140142996E-4	1.0575633573899984E-4	2.030786001455794E-4	1.8580197838706011E-6	1.2445756517735956E-8	1.2414562669450266E-5	6.759237635492708E-6	2.3648075151404133E-8	7.571088992929993E-10	2.291276946786713E-8	2.713427852698151E-13	6.011516145240835E-7	2.5206812598576913E-6	6.0848176085347005E-5	5.763084566494359E-6	4.003974100946381E-6	7.090893734280238E-7	1.2789017600555035E-6	0.0	1.2789017600555035E-6	1.6738150299549222E-10	5.7771808510901644E-11	7.571118344078532E-10	1.625830131415337E-5
4.137464081328791E-5	7.609210106743768E-6	6.058603088406184E-8	2.0911585376450312E-5	5.050488690367304E-10	1.8587032539525679E-6	2.729903870740541E-7	4.6114353643814234E-11	9.728455596694087E-5	1.88784723744042E-5	3.625163721366128E-5	2.8346206397428286E-7	1.4652844199737668E-9	8.407325092134031E-7	1.646887511296924E-6	2.415444569572187E-9	3.673458596121936E-11	1.3961508318686134E-9	7.629682002730378E-11	1.807530718371687E-4	1.640435765889808E-7	6.156941983432514E-7	2.55881755138218E-7	4.3572197083972505E-7	5.2267822549615815E-8	1.277999037499845E-7	0.0	1.277999037499845E-7	2.8785142246526255E-11	6.582040240402862E-12	1.645710393801622E-8	2.193909541391301E-6
1.8965314955846218E-4	1.556425998109653E-5	9.89924500448685E-7	3.104417419941386E-4	1.1498468445901996E-8	0.0010358653431182879	1.8099487476640725E-6	8.737126160743811E-11	1.6907632327760558E-4	6.499523577878914E-5	1.3061618075189531E-4	1.181405546599694E-6	1.6583983154854447E-8	9.126485121406415E-6	1.779145625158143E-7	2.938807764666409E-8	1.393031526191939E-10	2.994717753210568E-8	1.521427986337638E-13	3.3156450753020554E-7	1.506991432649037E-6	1.1649562063896498E-5	1.9812967671145254E-6	3.8529923841824345E-6	7.590692736529487E-7	7.951726544899363E-7	0.0	7.951726544899363E-7	1.3348381939897806E-10	3.9867878486486687E-11	4.25512813712858E-10	2.275896478455404E-5
1.6955246802870156E-8	1.3249893190484121E-9	1.804785403403491E-11	5.997851931211039E-10	8.77154055194869E-14	1.248957695351877E-9	4.7575012041058365E-11	1.9322830953211944E-13	1.1648549184755623E-8	3.58595747671904E-9	6.04358336490724E-9	5.73445509058368E-11	2.7199585426647247E-13	1.857995843285378E-10	2.238306096812061E-11	3.052017415089577E-13	9.36790739918885E-15	4.2056576312850456E-13	2.690902431131555E-17	2.506911284486298E-11	1.179794603804466E-10	1.2193332697173475E-10	1.486074057705192E-10	8.000901536468185E-11	9.670188230570278E-12	2.23943189451615E-11	0.0	2.23943189451615E-11	2.845195744977181E-15	1.3808105541195093E-15	7.526111428775095E-14	1.0962980599875847E-9
7.18318180817703E-7	2.235039308129333E-7	1.759256999828354E-9	6.048396193028996E-8	2.145882628173911E-12	4.0383976874577694E-7	3.3023999438445686E-9	5.7266388819044314E-12	2.770246165829042E-7	7.981379754713631E-8	1.5283370431393645E-7	1.3412370075413667E-9	2.240130859713248E-10	5.133001697970474E-8	8.180406438935596E-8	4.7842675092623187E-11	1.0183187421854052E-12	2.504295116076275E-6	9.391065798991154E-7	9.252300442101385E-10	1.6645177161966508E-8	4.9242179723468124E-8	1.417406669492988E-8	1.677993648668928E-8	2.1139188611013202E-9	8.783402462773583E-10	0.0	8.783402462773583E-10	1.086789213647175E-13	3.870160799273196E-14	2.2602652495633667E-12	1.712922821967584E-7
7.14078828994566E-8	2.1646424450965453E-8	4.829643645120623E-7	5.477180940932355E-9	1.6389273016526174E-13	4.220850761644469E-8	2.9783800002042274E-10	7.632236264199875E-13	2.419815024641265E-8	6.883747513438992E-9	1.3292863636188199E-8	1.1585989291652189E-10	2.0129641352996385E-11	4.568566286733262E-9	1.745907694699437E-10	4.240997132108574E-12	1.045853120677761E-13	1.3699475397890426E-12	3.351267796988427E-16	9.916108415836595E-11	1.9431964852160017E-9	4.388992270867095E-9	1.6144058584050402E-9	1.4951884611023652E-9	1.8926783197113468E-10	7.980845616419629E-11	0.0	7.980845616419629E-11	2.0218873162430107E-11	3.3688449878010885E-15	9.375113668525843E-13	1.6424248782621794E-8
1.454711242864478E-4	4.1903556787092346E-4	3.9440208225323616E-8	2.9813881830582432E-6	3.0577543985328066E-10	1.977748579783688E-6	3.019399846315932E-7	6.126493659042694E-11	1.034521384277964E-4	2.024458850081413E-5	3.874759576409677E-5	3.0433082427938434E-7	7.094724146961098E-10	6.57905369796085E-7	2.6202529540578232E-8	2.0903579435203373E-9	4.592377989597856E-11	1.8094781152603344E-9	2.815317785265458E-14	1.8086503009624678E-4	5.06610618497753E-6	5.186962359429584E-7	1.079745501030242E-5	3.365094841709624E-7	5.038695996540269E-8	1.5011588204331829E-7	0.0	1.5011588204331829E-7	2.0083654688229504E-11	7.052440612997246E-12	7.842768800981033E-11	1.261229061145316E-6
4.021808546692621E-4	4.692686429469951E-5	9.631879609492394E-7	6.240950170801387E-5	5.877630596715796E-9	2.8057504109167718E-5	2.2502524413265672E-6	3.015861678055422E-9	5.210496535422506E-4	1.33267771646522E-4	2.493036790700905E-4	2.1494110752931553E-6	1.1016055948581218E-8	3.1573792203159555E-5	4.53058109173408E-7	1.0023427587767336E-7	1.9914345557169958E-9	1.7518472599722355E-8	5.217152131303067E-13	3.9467431879856876E-5	4.078632047500897E-6	1.0564640447963145E-5	4.7534645592909145E-6	3.3575994428115623E-6	5.890293466374184E-7	1.0747176634295356E-6	0.0	1.0747176634295356E-6	1.5689833780024845E-10	5.6867264579436637E-11	1.4593027261463896E-9	3.097584415652548E-5
5.191492550621131E-4	1.9296440249979108E-5	3.6224443890432165E-7	1.6784923186484412E-5	1.415497697180866E-9	1.3724081609920122E-4	3.51951025461407E-5	3.9198621336137795E-10	1.7774349159978026E-4	5.922908243021983E-5	1.138482348623365E-4	1.0273305095600185E-6	8.601256225196961E-9	3.5362515289574277E-4	1.7465600981769904E-7	1.2592825957037574E-8	2.563317044618854E-10	1.793291793759713E-7	2.168458540509992E-13	3.1996701904231494E-6	3.13418616024771E-5	3.1572317419510815E-6	2.9617944309493486E-4	1.5477190457243914E-5	5.788116741516596E-6	1.899418213895863E-5	0.0	1.899418213895863E-5	8.731791328631857E-11	3.1233792117137754E-11	6.05472610062734E-10	1.1247569502192147E-5
2.3986713747776057E-4	8.261428400919974E-6	2.3534369787588334E-7	1.2687948908178628E-5	1.93583980407901E-9	7.193131704138165E-6	1.3231357852946316E-4	2.3382298010732277E-10	2.594720126138897E-4	9.786441198663964E-5	1.951966048139601E-4	1.7668207802518783E-6	3.6540463691534753E-9	4.016632252515619E-6	7.313104423115239E-8	1.1121851885523409E-8	1.7675894537925716E-10	5.508587287779548E-9	1.7142660918031044E-13	1.829259241914057E-4	8.898862754362066E-7	2.341829149429338E-6	1.6031269449707263E-6	5.053992484072615E-5	1.605301815226361E-7	7.171586591007423E-5	0.0	7.171586591007423E-5	1.6964347963017227E-10	5.8056231702420987E-11	4.795167825326449E-10	6.0139302469612985E-6
1.6572402884354508E-4	7.81657694499422E-6	2.455237060448513E-7	8.776451222320815E-6	2.2126837752042427E-9	7.879226580401172E-6	1.1470722631620139E-4	4.753042121122563E-10	1.3411900034011006E-4	6.450566204868696E-5	9.696346533934904E-5	1.0589505636084067E-6	3.725668275912802E-9	3.4038187346685283E-6	8.284593006421448E-8	1.0286744317532016E-8	2.709104609501229E-10	6.282833090036788E-9	1.9056626047229108E-13	5.086834648365582E-6	7.169931645716807E-7	2.4584302036966825E-6	1.5525364644213666E-6	3.719145536992106E-5	1.6523332936208293E-7	9.700959866471465E-5	0.0	9.700959866471465E-5	3.688229651196008E-11	2.5057722063000847E-11	5.330892580563984E-10	7.398437566363611E-6
1.966284289602199E-5	2.0469547292949445E-6	4.558187592411145E-8	5.297045803172295E-6	1.4845800425660444E-10	4.824801231911147E-7	1.0474171670284293E-7	4.56338792013046E-12	1.1898487478136008E-5	4.766231330510263E-6	9.156989026067929E-6	8.524103075094196E-8	2.6728790640123014E-10	2.7113398583888154E-6	4.937003451128418E-9	4.992040240079769E-9	1.6008618453267015E-11	4.0499446853546625E-10	2.400706972942443E-13	2.553396234996599E-8	1.8734875434391001E-7	7.621104701464967E-7	2.0414271152429845E-7	1.2330681315270783E-7	2.7998460125467577E-8	5.211159081937767E-8	0.0	5.211159081937767E-8	7.566726031550471E-12	2.710184754590324E-12	6.716930382378138E-10	3.35213257627044E-7
3.9843965262571E-5	1.7502193848400252E-6	5.4139592761556625E-8	2.0304296996946796E-6	4.837835732301537E-10	1.7241686896303155E-6	7.287951007327514E-5	1.023226292193893E-10	3.253019837714954E-5	1.4564918679384366E-5	2.220968970696659E-5	2.3813027223786076E-7	8.191567160618831E-10	7.75212442299122E-7	1.8105396434283066E-8	2.296730935843607E-9	5.867723692971444E-11	1.395466331963191E-9	4.1818966001287316E-14	1.0965312511101782E-6	1.6194557565825234E-7	5.450250858323726E-7	3.442302396114964E-7	2.7307310436584382E-5	3.743163631088636E-8	9.467438922280097E-5	9.460871576364635E-5	4.736996088331653E-5	8.666711783001077E-12	5.633934273950109E-12	1.1697529664646325E-10	1.6144668748663733E-6
1.1962569721994909E-5	5.263996573112243E-7	1.6319052817084912E-8	6.10468182569621E-7	1.4518902140768487E-10	5.194846032346096E-7	2.186387744544221E-5	3.072852987445337E-11	9.765738657525894E-6	4.372015405481088E-6	6.6679375854196045E-6	7.148483273938728E-8	2.4738243598828615E-10	2.3328962869119214E-7	5.435065348989317E-9	6.901953831809525E-10	1.7611454422767882E-11	4.1883706328953523E-10	1.2553539189962327E-14	3.28972864747353E-7	4.870778729303771E-8	1.6382636398103639E-7	1.0339455133750882E-7	8.192317923057352E-6	1.1278955862379603E-8	1.9732028064942304E-8	4.381516421068501E-9	2.3671946197807176E-5	4.5511827720873015E-9	1.4397883885810266E-10	3.511453824451595E-11	4.853675503021715E-7
3.785161270072148E-5	1.6627016377431917E-6	5.143240346387632E-8	1.928900351719813E-6	4.595925210807517E-10	1.6379535781772215E-6	6.923525233828434E-5	9.720610150642255E-11	3.09035624826777E-5	1.3836616341683526E-5	2.109911921294186E-5	2.2622283644876506E-7	7.781957080134373E-10	7.364488181162848E-7	1.7200056498073683E-8	2.1818854947899347E-9	5.5743147851261437E-11	1.325687611317799E-9	3.9727855754164606E-14	1.041700442155786E-6	1.538476697290447E-7	5.177717208905437E-7	3.2701739457369816E-7	2.506369578281169E-4	3.555990953854448E-8	6.23895318715985E-8	0.0	6.23895318715985E-8	8.233342631364599E-12	5.352215742422812E-12	1.1112607881859752E-10	1.5337372789799188E-6
1.476442295741813E-8	1.1148368452250289E-9	6.284903565093978E-10	9.24575819990002E-10	1.3328943912979919E-13	2.167930102406163E-9	6.206308806763203E-11	2.8041487231605687E-14	7.400055599054428E-9	4.41700167004884E-9	6.597323325794225E-9	7.42422903602375E-11	4.810834587075535E-12	4.595305733611845E-10	1.0528052570095395E-11	5.374688926236189E-13	6.830402236472666E-15	4.332111676239539E-13	2.4986803756710585E-15	2.472992577516575E-11	1.0840073414383694E-10	3.858532933357445E-10	1.9376163073121862E-10	1.8641672861622126E-10	3.5490608452802894E-10	2.429625589027072E-11	0.0	2.429625589027072E-11	3.0702188992789155E-15	1.3756431549715075E-9	6.991363544048439E-12	1.1276520208184493E-9
3.9415230262060595E-9	2.312235018257257E-10	8.756467395744597E-12	3.13223178495925E-10	3.432282291799512E-14	1.036140311248452E-9	1.8635836910911692E-11	3.352613780276431E-15	1.8881938290649883E-9	1.1264278773894416E-9	1.692284482974467E-9	1.8977015057895907E-11	9.006790180332173E-13	2.311368155515774E-10	1.1638557187917282E-12	2.274388877979499E-13	1.623019373660476E-15	1.0472873789489347E-13	3.140995209438426E-18	6.122049877463661E-12	2.357005077082727E-11	2.1645151704235255E-10	3.601198841340768E-11	8.153031480315975E-11	9.814588436634395E-12	5.750998706109748E-12	0.0	5.750998706109748E-12	7.299289986999853E-16	4.743627514696441E-16	8.783294561788344E-15	6.375736229847689E-10
8.051147955400643E-8	1.4512426208615232E-7	5.098417550635417E-11	4.756573448044347E-9	1.1707897918523954E-13	1.7106380028127807E-8	1.5995189778772103E-10	7.000316683145238E-14	1.4466782012466937E-8	4.8437251150542275E-9	9.364163413226636E-9	8.433671152283996E-11	1.2044923435944993E-11	3.881165172906083E-9	1.2126282447310056E-11	4.0070000776699914E-12	2.395981000995255E-14	1.044156942166635E-12	1.4305650143043149E-11	4.519451543957258E-11	4.711409339365403E-10	3.4465440933054636E-9	5.988090110199481E-10	3.7448793334009927E-10	8.229771182451176E-10	6.836891242272236E-11	0.0	6.836891242272236E-11	1.7956260106120576E-12	2.5878017622939326E-15	4.0027635408458013E-8	4.163491576316795E-9
6.516468874419603E-4	1.4050222148788681E-5	5.014407422030639E-7	3.604111504647972E-5	3.898488256427689E-9	1.2915378170462421E-5	4.359155512643521E-6	1.833511366202994E-10	0.001708342514124008	3.2605128910352037E-4	6.260618225416174E-4	4.865155239439463E-6	7.992264212281496E-9	8.494091510545332E-6	1.319074645611864E-7	1.7898285356235817E-8	2.015744951058706E-10	1.1729421692979749E-8	3.3726492940642827E-13	1.0358071104592296E-6	1.5786400322176269E-6	4.81126523822417E-6	3.727032557438072E-6	4.722976338825594E-6	3.3906801787198165E-7	2.175257862034611E-6	0.0	2.175257862034611E-6	3.1810932064058384E-10	1.110769268208347E-10	9.434225278677765E-10	1.1498148069217502E-5
