32
NULL,getrlimit@__getrlimit,open@__open_nocancel,read@__read_nocancel,stat@__xstat,open@__open64,close@__close_nocancel,munmap@munmap,rt_sigprocmask@sigprocmask,exit_group@_Exit,rt_sigaction@__libc_sigaction,sched_yield@sched_yield,time@time,mmap@__mmap,mprotect@__mprotect,write@__write_nocancel,syslog@__syslog,getpid@getpid,writev@__writev,close@close,fstat@_fxstat,read@__read,mremap@mremap,socket@__socket,fcntl@fcntl,connect@__connect,lstat@__lxstat64,openat@__openat64_nocancel,getdents@__getdents64,lseek@llseek,madvise@madvise,write@__libc_write
0.9353987757460175	0.005038822305614503	0.0070290852155810825	1.1473518109766402E-5	2.9415065045303325E-4	2.520301271309096E-4	1.6529915795968123E-7	0.002923441718484464	0.02162824024256909	0.00505419089734109	0.009526212906260576	7.981050885493178E-5	7.886658607464444E-4	0.002597403358897821	1.7946586196650855E-6	1.360930731236426E-4	7.748042095872434E-4	9.054772323224623E-4	5.621701742181584E-4	3.3823480670391436E-4	3.818466064535743E-5	9.046668378300963E-8	5.072812292607932E-7	1.2102688781846633E-4	0.0	1.2102688781846633E-4	2.244110013015356E-6	1.810024410243286E-6	1.589288344437137E-6	2.805909755530264E-9	2.367000696251075E-8	7.701343676760659E-4
0.002393150475565641	0.0010060059216809704	0.003634262816846883	9.31698520496435E-8	5.468554132667869E-6	4.496531251904068E-6	1.5814093652465122E-9	5.1354570484950536E-5	1.7946139461928835E-4	6.331848496370158E-5	1.256149367525869E-4	1.127304352000932E-6	4.760033299694559E-5	9.982209800928224E-5	9.472330087437738E-8	1.3920504745732477E-6	9.793450107834572E-6	1.0278044530805332E-5	9.02913398946642E-6	6.218085993883515E-6	6.325451948788383E-7	1.4459489996374733E-9	1.0356603379388266E-8	2.1516010180174344E-6	0.0	2.1516010180174344E-6	1.9779097257342125E-8	3.596108756418389E-7	7.062111259804952E-8	5.007198437084003E-11	4.864624324651816E-10	1.530344290955392E-5
0.003289016839757876	4.2688567410932045E-4	0.001047954521240177	0.0027577707955426575	6.4331311619040325E-6	1.4199588057563408E-5	3.505656384804327E-6	2.4268838690606507E-4	9.35622544231388E-4	2.623389788497358E-4	4.887258232506926E-4	4.3179154483328474E-6	9.284367773923095E-5	9.218615338484126E-4	3.2075019442254093E-7	4.917172839378662E-5	0.0022946574588351013	4.322860285579507E-5	3.115615562160759E-5	2.5472596174592576E-5	3.37346175690503E-5	1.0209486209584378E-8	5.1638728750288804E-8	6.43022072863103E-6	0.0	6.43022072863103E-6	6.197633536117998E-8	2.3453267955162646E-6	3.7598798382020536E-7	1.632558120298278E-10	6.060064246370082E-9	1.001736520568285E-4
0.0010627653259444251	4.1236003018648863E-4	9.63064386028676E-5	4.955850375465662E-6	2.326597713416658E-6	2.8618428750856796E-6	1.4957860508185017E-9	2.4221858307565243E-5	2.1117432963497538E-4	5.190287827272975E-5	1.0128238236326919E-4	8.472384774943296E-7	2.677274394115788E-5	8.072440157531203E-5	4.653555826885202E-8	2.6828698597541363E-4	4.533624555109171E-6	5.984508504177886E-6	4.509343187441279E-6	4.142099064895811E-6	4.3542953519946957E-7	1.0817840003602361E-9	7.099133010211602E-9	1.3540174968551111E-6	0.0	1.3540174968551111E-6	1.0398264898735646E-8	1.9185480594934635E-6	2.565853933551927E-7	3.252780082084838E-11	2.719183915129618E-10	1.083603797571061E-5
6.305052049232416E-5	1.6409119398950614E-5	6.663017992874153E-6	8.104498637129176E-9	1.3511064152292904E-7	4.0390999074482856E-7	1.249861083031862E-10	1.5593732847566498E-6	1.617569944047633E-5	6.547712086193476E-6	1.2597577592486736E-5	1.1734264083108419E-7	4.921261982070015E-6	9.70806390331277E-6	9.446701464624821E-9	9.93278256782192E-8	4.883025273798524E-7	1.474324056861675E-6	5.591774683982982E-7	4.5643216857492133E-7	8.998017645489855E-8	1.9533057319948133E-10	5.019063691106579E-10	2.0059014507370343E-7	0.0	2.0059014507370343E-7	9.712902466974605E-10	5.866638941358457E-9	3.2733338371471075E-9	5.171849381875816E-12	3.458203325475784E-11	7.078276270021996E-7
2.736202051850395E-4	1.8546696294937843E-6	4.0078237195389054E-5	1.9310843565757926E-7	2.1837483663225517E-6	1.0460393349064595E-5	3.4230401642572275E-6	1.6030029230856737E-4	1.4266715164235958E-4	6.762918121503163E-5	1.0674243551654424E-4	1.1310572118129295E-6	2.8170463003863408E-5	2.964871413370057E-5	2.8728806083299093E-8	5.893860652606223E-6	3.994335156394955E-6	3.4208605100149256E-5	5.223645324735906E-6	7.326131391177417E-5	1.5890894051878895E-5	2.1986239667483407E-9	1.154801346254967E-7	1.078178301836684E-6	0.0	1.078178301836684E-6	9.280315604767875E-9	6.718759225031363E-10	1.393560155434478E-8	3.962711043459974E-11	4.244402097757324E-10	3.985586497668149E-5
2.259221707741502E-6	7.352096902042145E-7	2.635669697989444E-7	2.5893096339765743E-9	4.758643113450966E-9	1.229620634949196E-8	4.964571601675919E-12	1.9272415303803215E-7	4.4725694129707025E-7	1.849483491609334E-7	3.4475682621259606E-7	3.274072427398256E-9	6.049828634752352E-8	1.2391205953603237E-7	1.1169438902248401E-10	2.9997769394007082E-9	1.8096795922296044E-8	2.838197972184045E-8	1.9099505089848666E-8	2.7610305941349462E-8	1.996475786816225E-6	4.496970068920208E-12	4.856149848773776E-11	5.231652955719096E-9	0.0	5.231652955719096E-9	3.012874654825637E-11	2.6282933960148094E-10	9.82316085391532E-11	1.3931030434579253E-13	1.0679249015886015E-12	4.3419735442532746E-8
0.002912839050301687	1.34905496005178E-5	1.9940272263838313E-4	1.843476524851842E-6	2.995037105773602E-6	1.627910231267441E-5	2.4284661539665487E-7	0.0013806194644022285	7.87494583513688E-4	2.467418414849483E-4	4.7356065031027534E-4	4.22469518888207E-6	1.1484252621862377E-4	0.00152407447662259	0.002438082064932757	1.2009056112169396E-5	1.0945509304776445E-4	1.5379922625616022E-4	3.5124567764043575E-5	2.3932396253441542E-5	4.985006684274847E-6	1.3419524814170619E-8	2.384330972232618E-7	7.73310346165431E-6	0.0	7.73310346165431E-6	6.848267794579333E-8	4.909151207308837E-9	9.660421784927178E-8	1.7424110025544873E-10	1.802618303292328E-9	1.4971282912598375E-4
0.01399483017416227	8.199139494116596E-5	4.619378371909353E-4	2.798563515510022E-6	1.57183005908556E-5	1.0807344778391023E-4	8.936681494771997E-8	2.760091030490825E-4	0.004865111564272058	0.006849056194445331	0.012417321281425163	8.753920952993814E-5	3.2484637706437034E-4	9.224086804900157E-4	6.809027595822822E-7	6.279435511720383E-5	4.7464398774548706E-5	2.133282489872883E-4	1.3746348366502843E-4	1.471196895315146E-4	1.9193314542852052E-5	7.167897146063584E-8	1.4238158130664784E-7	4.985995973434056E-5	0.0	4.985995973434056E-5	2.8111081205163374E-7	2.9531799863733652E-8	6.479223407005143E-7	1.5066902145812453E-9	7.44367548804785E-9	2.2533278212084933E-4
0.013473869211583236	7.945207783025706E-5	2.2424966661905449E-4	1.5250234831076244E-6	8.36289471233513E-6	3.0300377078513414E-5	8.638206829098083E-8	1.3746522579903585E-4	0.0017311916618898606	4.255778334667601E-4	7.695998068395096E-4	6.667993303018214E-6	1.0205586128789305E-4	5.400221232623483E-4	2.741289578243905E-7	5.7196461092963215E-5	2.263735173214037E-5	1.0059983929116867E-4	6.486190775298532E-5	5.065381766597264E-5	7.989789167202028E-6	2.7378358969925676E-8	5.943184063037212E-8	1.0440884270737004E-5	0.0	1.0440884270737004E-5	1.2848268199693166E-7	2.8567127766684485E-8	1.3263059327351006E-7	2.246254834871495E-10	5.319382401138315E-9	1.0711949951454792E-4
0.012837416751081729	7.551845344323354E-5	3.1311745600893755E-4	1.9200581306976223E-6	1.0405098447246428E-5	6.907583319548042E-5	8.218444087420424E-8	1.812975851821976E-4	0.003136668985267305	0.006695108508038055	0.004987049564645173	1.1510651971943453E-4	1.8192953711557454E-4	6.623962237380831E-4	4.4340582918878473E-7	5.5558491972251605E-5	3.220269028874569E-5	1.3458045368684295E-4	8.753109903473773E-5	8.860050656556923E-5	1.1529074031140533E-5	4.0916905785889074E-8	8.562027271234862E-8	3.0796365150296916E-5	0.0	3.0796365150296916E-5	1.736254886229221E-7	2.7173159134344265E-8	3.967367120692406E-7	8.001847497411559E-10	5.9809709376233975E-9	1.4308265601617617E-4
1.383995585055087E-4	8.145938635633524E-7	2.995307117924638E-6	1.9220690735842884E-8	1.0598904165981556E-7	5.556907576884209E-7	8.862869978730555E-10	1.8003364292836123E-6	2.7339523202292418E-5	7.310469343934113E-5	5.007964614269052E-5	4.0749729277074634E-5	1.6900435181898896E-6	6.622028366005087E-6	4.031793318373692E-9	5.969724789356298E-7	3.0532150151482777E-7	1.3461378630294112E-6	8.691638437782568E-7	8.045059795987483E-7	1.1345401369881274E-7	4.044566107008636E-10	8.42811619082203E-10	2.3244821093391583E-7	0.0	2.3244821093391583E-7	1.7416086679699309E-9	2.930407826267891E-10	2.995278745174163E-9	6.2166806262191686E-12	6.058499989014402E-11	1.4289432224053267E-6
0.0010936359918900062	7.529591129713627E-6	6.247258168180809E-4	1.099230545979946E-5	1.167132881813878E-6	7.488825993349937E-6	2.288399848875288E-9	2.3857762629975845E-5	3.024220041499463E-4	1.1445469340705214E-4	2.216509631160709E-4	2.0365762061296164E-6	2.2375639035049786E-5	5.081939715119348E-4	5.2540749173608525E-8	1.830602875464683E-6	5.904891222737509E-6	9.307362736254721E-5	1.0721046688107308E-5	8.972122838713492E-6	1.1540027746528498E-6	4.758649433397942E-9	1.1119962231900489E-8	3.711524614739701E-6	0.0	3.711524614739701E-6	2.7312187169065904E-8	2.7481587753319126E-9	4.7216346892895144E-8	8.931210874749368E-11	7.601012377359679E-10	1.5737449725652682E-5
8.813720078561685E-4	4.530698975307991E-6	1.5127740528396596E-4	3.7010648680370174E-7	3.1913917642632564E-6	2.938277657045124E-5	1.8903894501127754E-8	0.004614533397443646	4.231951695049436E-4	1.329181246767028E-4	2.5592803381975114E-4	2.2807046344162046E-6	2.7082545524989798E-5	0.004239434392619512	0.0013061312764719656	1.8314896684913757E-5	2.1107057216335418E-4	2.3334597918791265E-5	2.0149642087775928E-4	1.937705359723649E-5	2.092149999077447E-6	7.603352708111333E-9	2.051688597926362E-8	1.5421504715760536E-5	0.0	1.5421504715760536E-5	8.098536201134584E-8	1.6558930538174111E-9	5.2889652960940966E-8	9.458915143094215E-11	1.552543700930071E-9	4.699187654010919E-5
3.534598028724106E-4	1.928679421861574E-6	3.9391059005778294E-5	2.2086493691115055E-7	1.3720018194831127E-6	6.834443094105784E-6	1.681282225304398E-9	0.0018953401973778356	2.4692118830606485E-4	9.775344595713543E-5	1.965271655970478E-4	1.7847898424684448E-6	2.052865239773705E-5	5.819651462376668E-4	7.16202622148356E-8	1.2533478355622077E-6	3.912108457946567E-6	2.023441696915534E-5	5.693247118562028E-6	8.886466553015865E-6	1.6872155189670625E-6	8.05402189490594E-9	1.40607625984176E-8	3.3106690261687565E-6	0.0	3.3106690261687565E-6	2.7785105707769707E-8	6.994140019563622E-10	5.0235323361399994E-8	8.296998469876566E-11	3.545586258450339E-10	2.0726521588595517E-5
1.902138164859864E-4	9.570969946158808E-7	6.253621688332412E-4	3.719514794660884E-8	1.2163573174614782E-7	9.215982485926058E-7	1.1351655977003494E-9	2.6686406952399683E-6	1.379952975749317E-4	2.5482558997222687E-5	4.869265881915293E-5	3.7421655432394046E-7	2.0235636298314303E-6	7.038453316316414E-6	6.231105555930637E-9	2.6790693856573934E-4	8.11599569966382E-6	1.6697800007101454E-6	1.655888953245451E-5	9.712286539736925E-7	1.0688305489279692E-7	3.5483254944666114E-10	9.273825863467776E-10	4.5801556960692625E-7	0.0	4.5801556960692625E-7	3.2411215776910044E-9	3.5180747779316856E-10	5.742198594292283E-9	1.1307453364914054E-11	8.538252962915103E-11	1.626372725135339E-6
8.321711224635345E-4	4.0858607751826074E-6	6.929836412430264E-5	4.194965205089597E-7	1.1326343459013152E-6	6.534612689970378E-6	4.660580664892763E-8	2.5883614739054646E-5	5.963608917717482E-4	1.478099952802979E-4	2.764617766529086E-4	2.363260616103467E-6	5.149043152525165E-5	9.975538521892044E-5	1.7887906856288675E-7	5.9363790371670354E-5	6.5678811476562495E-6	1.972803721322135E-5	8.97788708217063E-6	8.064913641804728E-6	1.7473854880510035E-6	4.979968541549311E-9	1.0564694633517591E-8	3.1932618252182612E-6	0.0	3.1932618252182612E-6	2.1416675349081264E-8	1.4855529414158193E-9	4.2838825834003514E-8	8.480229683186738E-11	2.8223884560394803E-9	2.655099802203024E-5
5.58509788797553E-4	2.782085052594404E-6	4.974775282228658E-5	2.677745713092731E-7	4.694539590628295E-6	5.931943927133562E-5	5.910589691661426E-9	2.3100545433533216E-4	2.0394515995010015E-4	6.939682356066751E-5	1.338957829680793E-4	1.2103611628138469E-6	5.272306955594E-4	3.53531949832414E-5	3.2281782867457434E-8	5.799662626601072E-6	5.405449509282605E-5	7.055687233836862E-6	4.848479684884592E-4	2.6754790131596112E-5	6.379066335116371E-7	1.6369392667217831E-9	7.803298020707252E-9	3.197508064701283E-5	0.0	3.197508064701283E-5	1.2677853732654427E-7	1.0196203874378167E-9	2.559858654253188E-8	5.136867099147101E-11	5.320250508988456E-10	1.2602799609928364E-5
3.2733533839033387E-4	1.8614976062126725E-6	2.3263907631658132E-5	1.133128108732771E-7	5.106262363147047E-7	2.0007463817503044E-4	3.987509362264261E-9	1.199629114800185E-5	3.1267031348348567E-4	1.2047926382252306E-4	2.4036500974865605E-4	2.1822262143228556E-6	1.4482617602786488E-5	3.434490939065721E-5	3.987575415972743E-8	2.7156399663494634E-4	2.4414654577576547E-6	7.53979636069474E-6	5.061932210330678E-6	7.840805265317978E-5	7.145456503784912E-7	2.5113995604439982E-9	5.303865037523233E-9	1.0840165731766111E-4	0.0	1.0840165731766111E-4	9.838286025683813E-9	6.733271179989716E-10	5.066601973091793E-8	9.95051648520566E-11	3.880551879514723E-10	8.622201742291636E-6
2.636170529041145E-4	1.425634995110509E-6	1.8038553720460596E-5	1.0983809145370998E-7	4.990116589620609E-7	1.707500532798225E-4	6.748559618272587E-9	1.291407198252806E-5	1.5564622736295855E-4	7.642885577881624E-5	1.1424918118991015E-4	1.2549620592432094E-6	1.1058564019062754E-5	2.2584737043344965E-5	2.709545825214113E-8	8.109928447650377E-6	1.7426056896177742E-6	7.148052320375789E-6	4.485200330126027E-6	5.682840556758631E-5	6.727076058835051E-7	2.6294274005939356E-9	5.003504361378989E-9	1.440881939756705E-4	0.0	1.440881939756705E-4	1.0081042222211328E-8	5.166308298112447E-10	1.229217655769571E-8	4.089442700536808E-11	4.4473994049818296E-10	9.009403899174166E-6
2.7190739993072056E-5	1.5323449876565004E-7	4.161374963363303E-6	8.455350570250826E-9	4.416023860517552E-8	5.151417334478733E-7	1.7005808502053285E-10	6.2716714333185365E-6	1.8292036695098315E-5	7.730212738626012E-6	1.4434575121871613E-5	1.3739256308753534E-7	1.1602966845180712E-6	7.735678416339978E-6	2.4428992598668917E-9	1.0685714269034065E-7	4.049132726577071E-7	6.620521736871899E-7	1.0925306636565302E-6	1.1830765705855476E-6	1.6618748242931723E-7	1.8161257031422684E-10	9.517488004824665E-10	2.5131181299636216E-7	3.225821711383547E-8	2.5131181299636216E-7	8.830054513983279E-10	5.570214433846944E-11	1.4860210685467768E-8	3.842950020423568E-10	2.8139667864695002E-11	1.5392113147780108E-6
4.305772905446145E-8	2.2169491910905191E-10	2.734243229651011E-8	1.7663178852277023E-11	2.8900843800971625E-11	1.804111446968693E-10	4.713585064096483E-13	2.1246350282761682E-7	1.7691859414614348E-8	4.090258838429681E-9	7.506909378446027E-9	6.345678658359156E-11	5.03738813081694E-10	2.063397162482985E-9	1.1056556271229526E-12	1.1802339169112222E-10	2.4551306108774418E-9	4.162390238811668E-10	1.9122340601972077E-9	2.1983532495288632E-10	4.08560248281135E-11	8.188611018031963E-14	4.0668543263165304E-13	8.851771416111839E-11	0.0	8.851771416111839E-11	9.939188947055195E-13	8.157120375888192E-14	9.837910592264067E-13	2.105981876661796E-15	1.3048615175741449E-13	1.9701387594803E-9
3.5059484037316354E-7	1.734099780992364E-9	1.744986995609556E-8	7.037498243350665E-11	2.0942427507841737E-10	1.283341169183021E-9	7.845485351253708E-13	5.276483248473654E-9	8.967580291208058E-8	2.5230299078019167E-8	4.753978049248169E-8	4.180670508657278E-10	8.31379641905242E-9	2.119090330783182E-8	1.7582740456685267E-11	5.12995031847256E-10	2.4283442916682097E-9	2.9942914503812426E-9	1.7347010461370516E-9	1.645821337567995E-9	1.7447378509154304E-10	5.304174182601397E-13	2.2754667504813823E-12	6.226931588235881E-10	0.0	6.226931588235881E-10	5.899138420274492E-12	6.396488100177432E-13	7.822677552554264E-12	1.6088875884382957E-14	1.0185942538616019E-13	3.1577327807566784E-7
6.178434562437144E-5	3.3270731260089265E-7	4.0856502659034005E-6	2.4044567267436782E-8	1.1081177326344208E-7	1.0802622814001678E-4	1.4562834196453707E-9	2.828492119360263E-6	3.84570590665755E-5	1.730362085825258E-5	2.6277538339458985E-5	2.82542255046037E-7	2.4693015878766217E-6	5.110312994788876E-6	6.0314233066394715E-9	1.7514892256044712E-6	3.969091280488903E-7	1.5847776360984365E-6	9.925586439660572E-7	4.066643693591195E-5	1.4786794997156377E-7	5.747081519584908E-10	1.099940394240181E-9	1.4025499145855618E-4	1.4004316908560545E-4	7.023330262183005E-5	2.2504169264688495E-9	1.2069352781398967E-10	2.8512456895493926E-9	9.182197692314556E-12	9.674926677243167E-11	1.972499082357091E-6
1.85410322903823E-5	9.98440515439644E-8	1.2267847819710172E-6	7.2167330442484224E-9	3.325915441172342E-8	3.2407913002211326E-5	4.3693362292704835E-10	8.501398504348848E-7	1.154103364143716E-5	5.192616630268444E-6	7.886294946503707E-6	8.479036540422288E-8	7.41500716705111E-7	1.5342744825007503E-6	1.8105728818791758E-9	5.254668727243018E-7	1.1917887614890635E-7	4.7584639374366577E-7	2.9788681245359E-7	1.220009128727528E-5	4.4424895160109555E-8	1.7244578975909915E-10	3.3109634275148686E-10	6.359651937756903E-8	3.21076676506197E-9	3.507444093774077E-5	6.752877853125288E-10	3.621964888249153E-11	4.189199654790931E-9	1.0702367534415137E-10	2.9032209719214428E-11	5.924752712343324E-7
5.8694889078675926E-5	3.1607065853701714E-7	3.88135193062349E-6	2.284224578968861E-8	1.0527075547343051E-7	1.026244983934073E-4	1.3834636090971715E-9	2.6870565598459993E-6	3.653405718542321E-5	1.6438372805780296E-5	2.496355966076301E-5	2.684140481278233E-7	2.3458269459286055E-6	4.8547775549820095E-6	5.7298287841718335E-9	1.6639079815518616E-6	3.7706213458630607E-7	1.5055326171241673E-6	9.429268680105311E-7	3.71234623758755E-4	1.404739798433438E-7	5.459705187604733E-10	1.044939114927129E-9	2.0123043400549022E-7	0.0	2.0123043400549022E-7	2.1378873652383646E-9	1.146583840286207E-10	2.7086723634107764E-9	8.723052248954855E-12	9.191142876507364E-11	1.87386648958973E-6
3.945612367804349E-7	2.1070683327742906E-9	1.5095541146929442E-7	1.26861449351619E-7	6.032387559726514E-10	4.369977285363262E-9	5.333581008712725E-12	2.77994420209268E-7	1.426704842037704E-7	4.186748143719951E-8	8.053018279827383E-8	7.079018219528709E-10	5.3226440347515864E-8	4.872880411227326E-8	4.070693748706314E-11	1.016373138757602E-9	1.2061998430068833E-8	6.130587784062208E-8	1.002392609581623E-8	1.939640878003588E-8	1.887270922265675E-9	9.603060313429444E-13	1.4430521003780562E-10	1.2132030942635385E-9	0.0	1.2132030942635385E-9	1.8351423319303396E-6	6.881762598686026E-7	1.4307199167710574E-11	2.857150705708573E-14	6.415877353685374E-13	1.2028231089363596E-7
1.2260678190146556E-6	2.332093103939043E-8	2.0988100850994147E-7	6.485649860625204E-10	1.9047277174064365E-9	2.5261805483748608E-8	7.1214070030443776E-12	7.258114158496728E-8	9.68580383167028E-7	3.8621619621502126E-7	7.699503940805969E-7	7.029208401124782E-9	2.2556138553351074E-6	4.5660144206181804E-7	4.540500650943588E-10	4.831995599124343E-9	1.9833513191888936E-8	3.387983099899444E-8	2.451672967729655E-8	2.567618451071185E-8	3.563396280828278E-7	8.690423817688293E-12	3.15695148833155E-11	1.2719316017767606E-8	0.0	1.2719316017767606E-8	3.6136958069876585E-11	8.372012622062288E-12	5.084859549653357E-7	3.224608167165126E-13	1.7130993166179214E-12	3.925330566156643E-8
1.5001090397584165E-6	1.8083493517722623E-7	1.425786837221843E-7	4.2056522180286794E-10	3.4590967872458767E-9	1.0065908786036974E-8	6.785288034304272E-12	1.0749299921414114E-7	5.630769952535342E-7	3.8939010921345044E-7	5.571403216817757E-7	6.527287154556923E-9	6.385594338239538E-8	1.3068205974130503E-7	9.723536067959753E-11	5.610509750902412E-9	1.1943479825306701E-8	3.672964454976353E-8	2.6031883517851172E-8	2.209216472536229E-8	3.815080846454817E-9	1.345534545051496E-11	2.9398604723975955E-11	4.3842374194003774E-9	0.0	4.3842374194003774E-9	5.1655476617961696E-11	6.466977952914577E-11	6.641743339084863E-11	1.0082841667712807E-9	9.787009996195854E-13	3.906259393508641E-8
2.4866868047034193E-9	1.3867626947213193E-11	2.292783850505209E-10	1.040513399859263E-12	5.562297410075279E-12	2.8122989528719274E-11	1.4806308025756653E-14	7.655608507050033E-10	1.0600357756459498E-9	6.676311074482272E-10	9.987148128299636E-10	1.1288830895104801E-11	2.784941781100921E-10	3.2608591234875943E-10	2.608918561121654E-13	9.949162439505684E-12	2.5021096634088786E-11	2.8458961141299966E-10	4.649750458176277E-11	1.0301408985047332E-10	1.1269613509248456E-11	2.2240177076682945E-14	5.87365025773405E-13	9.350565092046371E-12	0.0	9.350565092046371E-12	9.023078382058291E-14	5.042147835789104E-15	1.2141359678257422E-13	3.9187458410601555E-16	1.7725758026653678E-15	4.554064554872594E-10
3.971849488070264E-8	1.818034998018327E-10	1.5350316569781802E-9	1.9441418983849762E-11	2.3059555600127193E-11	9.947086024841243E-11	2.95531868449153E-12	8.585286287206881E-10	8.255634528531422E-9	2.754661899282327E-9	4.5423912477430675E-9	4.432686411444675E-11	3.954393517253368E-10	9.853618710581924E-10	7.135217027678998E-13	5.819762007117119E-11	1.6510809496056476E-10	2.959053185091328E-10	2.387571384664931E-10	1.6152993149904202E-10	3.587832416989508E-11	7.317872888249343E-14	2.4617328096021913E-13	4.6671979356000813E-11	0.0	4.6671979356000813E-11	6.038351338470935E-13	6.637188391451248E-14	5.532904528447843E-13	1.472311954972477E-15	8.969073168485146E-15	8.575834253821591E-10
4.279570085083191E-4	4.220987242395561E-6	2.32205650092637E-5	1.2358751275759096E-7	5.776529307051176E-7	7.608570284686636E-6	2.6813404474925516E-9	1.1781652917631498E-5	0.0012075747933869463	2.1985328420195675E-4	4.2090430019078715E-4	3.213937150778318E-6	1.571541475781643E-5	4.480726842121405E-5	3.673722070895423E-8	1.9067097437735803E-6	2.36589652522472E-6	8.272331625222095E-6	6.321149586624775E-6	7.739375768072091E-6	8.095743596773497E-7	2.6862303793093006E-9	5.978871204290408E-9	3.8043869978496364E-6	0.0	3.8043869978496364E-6	1.097363495652317E-8	1.5170672043111753E-9	4.8442844870239746E-8	9.616146889434139E-11	3.1027778393411656E-10	9.259342867394243E-6
