32
NULL,open@__open_nocancel,fstat@_fxstat,mmap@__mmap,read@__read,munmap@munmap,open@__open64,close@__close_nocancel,rt_sigprocmask@sigprocmask,exit_group@_Exit,rt_sigaction@__libc_sigaction,sched_yield@sched_yield,mremap@mremap,time@time,read@__read_nocancel,mprotect@__mprotect,madvise@madvise,lstat@__lxstat64,openat@__openat64_nocancel,write@__write_nocancel,syslog@__syslog,getpid@getpid,writev@__writev,close@close,stat@__xstat,socket@__socket,fcntl@fcntl,connect@__connect,getdents@__getdents64,lseek@llseek,getrlimit@__getrlimit,write@__libc_write
0.9890368144363753	7.613108091341799E-4	8.706526189717379E-6	5.824002628007676E-4	5.4265593479790885E-8	4.704909565530067E-4	5.435610804263073E-5	4.567868761745328E-9	0.01402392485583516	0.0033178553603225	0.006229613911931995	5.2417091046156735E-5	2.1551724787680164E-7	1.4039474769671564E-4	5.067933410044957E-6	2.990748756486253E-7	4.500107987789177E-9	5.137472013144274E-7	5.195157906659943E-12	2.1730229327204653E-5	1.0801802830061831E-4	1.3148121726884882E-4	8.355193194703015E-5	7.564837835449824E-5	3.306201122616632E-5	2.6141349478287515E-5	0.0	2.6141349478287515E-5	3.5943761887303344E-9	1.3339997293554162E-9	1.4392727733811962E-8	3.046627528022641E-4
1.6157805403246793E-4	2.39451012319154E-4	1.2062021925946878E-5	1.48911599603308E-4	3.5836128985812933E-9	7.196835599655212E-5	1.8410803933637722E-6	6.466337903219744E-7	2.711454033374431E-4	7.286534588512728E-5	1.3598182666145196E-4	1.187085686596146E-6	1.2991313077045183E-8	1.1768965418590706E-5	1.2032291116406487E-4	4.204636520661038E-8	1.1935912478052793E-9	6.593835086458559E-8	2.9269562526524776E-11	1.0180715580555957E-5	4.7798669396154314E-4	1.4029800271666947E-5	9.246265995061158E-6	3.1770152787329884E-6	4.887601552566606E-7	8.52527542669005E-7	0.0	8.52527542669005E-7	9.217626932367882E-11	3.2037333635479766E-11	6.2735165830849376E-9	2.5680637520901895E-5
4.76468181809479E-6	1.5130186873692093E-6	5.109784814713052E-8	2.951054079694081E-6	4.929554605876183E-11	1.3401073309772537E-6	7.720173753882013E-8	1.7701033824366653E-11	5.419302616600286E-6	2.2205995281170006E-6	4.131138439420166E-6	3.9185050764953594E-8	3.479471406836611E-10	1.6780696573045132E-7	1.8283058652873536E-9	3.1913503881804615E-10	4.644900559373483E-12	1.0596314155410818E-9	1.7747047304320757E-14	2.84377580724386E-8	1.602954829456409E-7	2.1687153534611878E-7	3.261312089507999E-7	2.0974957690065787E-7	1.8272754140130384E-9	3.782249787859977E-8	1.364448895717797E-8	3.782249787859977E-8	5.119848277677152E-9	1.612600625526541E-10	4.933293502864563E-11	5.077867078375786E-7
9.682364933838762E-5	8.787766107386408E-5	4.337285921941978E-7	7.227056520491485E-4	3.344888174130234E-9	9.836070329183617E-4	5.3193980731270375E-6	2.0260001523040283E-9	1.3196698963360506E-4	3.796502801261255E-5	7.259264797857904E-5	6.36550216831595E-7	9.44636131731048E-9	5.205454022979905E-6	1.1471803855796715E-7	2.2031758593196122E-4	4.360669949536562E-10	6.993771262670867E-8	3.2710083731723354E-13	4.397617622789891E-6	4.954186343279826E-5	9.98523358854277E-6	4.261259105486732E-5	3.652199975140999E-6	1.0572081371594383E-7	2.7875219540348514E-6	0.0	2.7875219540348514E-6	5.532984097268476E-11	1.8437220318175072E-11	9.0023775327213E-10	2.0521909957474045E-5
8.5854870595759E-9	2.1156183278912498E-8	1.9344229837608335E-11	1.9809506854383622E-9	7.876091151480999E-14	1.1043469902679136E-7	1.0846164281157664E-10	1.1850001281694783E-13	1.4382881092835167E-8	3.5057583270240485E-9	6.455260024353833E-9	5.5271223720701874E-11	5.843353991033763E-13	3.1105118925485756E-10	8.859637470804805E-12	6.65600593613707E-13	7.79707725993281E-14	5.887346602988056E-12	2.4975609317402603E-17	1.5062785278776437E-10	1.9811315080808104E-9	1.0009403463592046E-9	1.4628186221510722E-9	1.5165434103515037E-10	4.455440806193118E-12	5.22940057707472E-11	0.0	5.22940057707472E-11	3.591062502376569E-15	1.3811937563709684E-15	6.770763161366498E-14	1.2551750633096542E-9
1.8975606909493351E-4	9.465991792287426E-5	9.549734714000706E-7	2.6678375981828607E-4	6.259094865425023E-9	2.751944752502584E-4	2.3567825519096286E-6	5.727814385627935E-9	3.1268247889638793E-4	8.858519235891289E-5	1.6494073564349155E-4	1.4597453338781707E-6	1.004743881620351E-7	2.3537703865602344E-5	6.560531529834E-7	4.112543298039073E-4	5.332333406188226E-10	5.253375529728464E-8	1.1053359836593452E-12	2.8039951627014455E-6	2.781920956463819E-5	3.599103050553259E-5	1.0093968891036017E-5	4.542694826063235E-6	1.6445729147627588E-7	1.0653439424668265E-6	0.0	1.0653439424668265E-6	1.136770023080083E-10	4.025939441914922E-11	3.0798484072060544E-9	6.421489222338821E-5
3.596442367739E-5	1.2696914374537932E-5	2.7365082143763383E-6	5.207392540797516E-6	5.594821673508246E-10	4.0322695213272887E-5	1.221877481490681E-6	6.45307143816858E-7	3.778378875932754E-5	1.7013976393911714E-5	2.69552494185015E-5	2.8268947716941893E-7	3.165127676293524E-8	4.026782567098368E-6	3.744390241689718E-8	4.169971166465542E-9	8.600270098173328E-11	6.7910287355275424E-9	1.6454895929786447E-13	1.21447710628673E-6	1.2601412178304687E-6	5.559768841562241E-6	1.0887354605417141E-6	9.400174803348959E-6	3.762460997508271E-7	1.1941069644690964E-7	0.0	1.1941069644690964E-7	1.2855364223177135E-11	7.107695467013521E-12	4.5837617793390494E-10	1.1067351925705343E-5
6.787427976157506E-8	3.1652100697645435E-8	4.1126066291029467E-7	8.737640062224186E-9	7.352497498668599E-13	2.6438085563474734E-8	7.614888054483384E-10	5.352784322865674E-13	7.632527455305088E-8	3.1509018407503045E-8	5.745109993043145E-8	5.512710313889385E-10	8.936315923095868E-12	3.161403245727179E-9	1.6689445504006914E-10	4.788579218252922E-12	1.0902771978869791E-13	1.6007900725635107E-11	1.8130525128935252E-14	4.43734895580081E-10	3.1255597450680924E-9	4.465033267746678E-9	2.5477889693278724E-9	1.3786099064241547E-9	2.688544536692755E-11	3.515614504985659E-10	0.0	3.515614504985659E-10	4.422205839189851E-14	1.6498919695023993E-14	5.072437679412452E-11	9.607423950604181E-9
0.008248281594189444	2.1791391737698552E-4	4.742977202149314E-6	3.134627920378037E-4	4.271045139860686E-8	1.0848565167479792E-4	2.5558116978858215E-5	2.311032712417565E-9	0.00300991092989832	0.004133390548673359	0.007466797817250908	5.3418829310723334E-5	7.895690069067524E-8	7.277984105609566E-5	1.095002261970967E-6	1.3722935862461048E-7	1.904935504331051E-9	2.3742226131431644E-7	3.652912644103406E-12	1.584439218442612E-5	2.3535574823240955E-5	6.832897108739283E-5	3.892163468674899E-5	3.693160390862179E-5	1.4042848062543881E-6	1.1792421501611268E-5	0.0	1.1792421501611268E-5	1.5914317410042664E-9	7.023383620222655E-10	1.0172345664824098E-8	1.1801720691129705E-4
0.008384862466917376	1.0059176323073164E-4	1.702505745779884E-6	2.0074140801093032E-4	1.4680748190688076E-8	4.7297698745064635E-5	6.1783968045029595E-6	1.8990876835857203E-9	7.526472989460561E-4	1.8625800828483825E-4	3.408755133208453E-4	2.939329221898793E-6	3.057126039348352E-8	2.1023210389238727E-5	5.393041721019963E-7	4.9154599446492024E-8	1.229479777258553E-9	1.0641815695939726E-7	1.3922272041708452E-12	1.2755800230491095E-5	1.0886478214784426E-5	2.9258692460194667E-5	1.643439696936915E-5	1.136274273470954E-5	7.012861464414315E-7	2.0539046130462557E-6	0.0	2.0539046130462557E-6	2.0487214291813413E-10	7.378742514199855E-11	3.869977336824722E-9	5.2019978742448854E-5
0.007815231435085406	1.4522140078369712E-4	2.6846764898750228E-6	2.3419951674565238E-4	2.3321203338471493E-8	6.938445946885307E-5	1.5816996654606605E-5	1.944618253778704E-9	0.0017786018973256605	0.003928545321689684	0.002948382296451271	6.762435517817024E-5	4.6292801661447025E-8	3.950409489372441E-5	7.279501433416008E-7	8.58109808896373E-8	1.4660379060859526E-9	1.4873808401183716E-7	2.104743007790331E-12	1.3124551899298947E-5	1.578017321281438E-5	4.177882866920202E-5	2.3903713414546783E-5	2.139020181400412E-5	9.028277472257823E-7	7.069126639543762E-6	0.0	7.069126639543762E-6	9.459871448896388E-10	3.5589108532817985E-10	5.855670577672376E-9	7.286905034872336E-5
8.481849798790253E-5	1.3767529148113207E-6	2.6054255388929698E-8	2.3750791860489733E-6	2.289833853080204E-10	6.626867272433822E-7	1.243986517481073E-7	2.0515626564609326E-11	1.4646361729861542E-5	4.266380604627847E-5	2.9142060097363907E-5	2.3806992027953726E-5	4.505469174449968E-10	3.650303951940051E-7	7.1243279731732565E-9	7.685277659836064E-10	1.4573307983856088E-11	1.4624659416107292E-9	2.0637073778091936E-14	1.386277832415303E-7	1.490128160456933E-7	4.104870793974581E-7	2.3258025084653157E-7	1.9206627658114763E-7	9.13842716980483E-9	5.203350591264451E-8	0.0	5.203350591264451E-8	6.559433692564435E-12	2.675771764532445E-12	5.7414965612697296E-11	7.195157301725231E-7
5.0909693160015167E-8	4.5988810965700504E-8	9.757079339520432E-11	1.5773824612072522E-8	4.443917478100382E-13	6.712556443750806E-9	6.920551189547015E-10	8.095052416511469E-14	7.239038278196578E-8	1.9660440414140732E-8	3.7062501024728964E-8	3.2283649927295375E-10	3.96447231101375E-12	4.061349958146097E-9	4.285888866039211E-11	8.469663232521645E-12	7.177953102226828E-14	4.184978762022611E-11	9.481838005178044E-17	8.966904556478569E-10	5.160441977649787E-9	7.104025244421197E-9	3.2192118525585526E-9	1.0354820097998455E-9	2.8578267572697206E-11	3.290620324195164E-10	0.0	3.290620324195164E-10	2.4170437014971295E-14	8.872225669816698E-15	2.4944122203287996E-13	1.3506834727984774E-7
9.01248723742549E-5	1.1517922008438572E-4	2.570586390599152E-7	9.545680198318838E-5	2.2243884402658295E-9	1.0600227442642245E-5	1.2866549668851749E-6	1.1371014846980749E-10	1.0978171573001285E-4	3.701229035668806E-5	7.09254133559512E-5	6.41637643570039E-7	7.042654958712459E-9	5.194509084837028E-6	2.0908409940145133E-6	1.0458532148015768E-8	2.778168239925427E-10	5.4149568587909376E-8	1.467907989304688E-13	1.1124930263927902E-6	6.115043993596181E-6	2.6511024996214616E-5	5.006172272126508E-6	1.945453866830956E-6	7.389645345621624E-8	6.163986203157766E-7	0.0	6.163986203157766E-7	5.654218203351675E-11	1.9558856331439032E-11	3.918660187082418E-10	9.819869079758861E-6
1.0084021069565704E-5	2.832566804656418E-6	1.8225113152962403E-8	6.562260445626004E-6	1.5381921095788137E-10	5.863066753063492E-7	8.441824610374968E-8	1.4610619432421254E-11	2.9541273963161263E-5	5.6583062581538315E-6	1.0859820334601953E-5	8.44085879423514E-8	4.691701320303112E-10	2.6383990829104364E-7	5.124620431604617E-7	7.591015003185895E-10	1.1526547637385325E-11	8.994985697625572E-10	2.365193784644362E-11	5.6034014732710805E-5	1.0092218495309599E-7	2.619154262913436E-7	1.0700033629364661E-7	1.3376075541161906E-7	4.229328218385709E-9	3.948081862380481E-8	0.0	3.948081862380481E-8	8.630907123984317E-12	1.934775195347986E-12	5.109806378940093E-9	7.109318608027553E-7
4.1397179119732024E-5	8.422492998888574E-6	2.991500997226412E-7	9.675573618038681E-5	3.5527781685364364E-9	3.211287908698717E-4	5.678804029230222E-7	2.941074530938709E-11	5.0076661551925084E-5	1.9285127937396573E-5	3.8783973045464086E-5	3.5040520816374884E-7	5.222945701936433E-9	2.864530250348158E-6	5.429243533756248E-8	9.222835774071264E-9	4.482401311041197E-11	1.2846696704104685E-8	4.925204434546357E-14	1.689248964445853E-7	8.551371233715483E-7	4.151212534185808E-6	8.261605492589658E-7	1.1805232775234338E-6	8.250240336295362E-8	2.502167227562467E-7	0.0	2.502167227562467E-7	3.993313142637624E-11	1.1847150629027478E-11	1.3634493522322563E-10	7.2855681996554075E-6
2.4751693696933763E-9	1.1127637127016531E-9	6.212735093468798E-12	3.2416475875057905E-10	2.855753358124708E-14	4.507009245852878E-10	2.1091922881964942E-11	6.082079018704944E-14	3.789489248946449E-9	1.1435729340884502E-9	1.9385610682133622E-9	1.823488007815838E-11	1.2911046383919429E-13	7.59179430074789E-11	7.107768752280072E-12	1.3760544861695927E-13	3.4930790381273725E-15	8.10748504805151E-13	9.205619771991113E-18	2.105653768069976E-11	1.133430928691535E-10	1.4756350332246146E-10	9.249332131810335E-11	3.432163391232679E-11	1.0429924270809931E-12	9.939468759638939E-12	0.0	9.939468759638939E-12	9.21959560780573E-16	4.392315720095117E-16	2.5484006541851492E-14	4.0701657279513907E-10
7.545612112923246E-8	1.0930565319909934E-7	5.656469002694778E-10	2.664694421284742E-8	7.771892278240619E-13	1.2880822374540494E-7	1.387607381853192E-9	1.8246990602770312E-12	1.0089034920934572E-7	2.8151326415894732E-8	5.385623398575841E-8	4.688590459209577E-10	7.207387782818726E-11	1.7031224040524476E-8	2.5195121088679404E-8	1.7342657654249766E-11	3.4929983699573915E-13	7.762621895892818E-7	2.910825107732001E-7	1.0482279668583751E-9	9.546002026947302E-9	2.161035985073762E-8	7.034649658335004E-9	5.592242418512846E-9	4.4522076609737404E-11	4.497736896038972E-10	0.0	4.497736896038972E-10	3.755162404632739E-14	1.3345118846172759E-14	8.21257879322149E-13	5.692380496080949E-8
6.881084225774198E-9	1.090042989960351E-8	1.4970063068921306E-7	2.528419840495512E-9	6.317254235033046E-14	1.3470976727214685E-8	1.3110893391279238E-10	2.418641733245884E-13	9.167158805648383E-9	2.5203491163832997E-9	4.85425228462863E-9	4.198077310469506E-11	6.517036051662486E-12	1.534545869040802E-9	5.480385908848629E-11	1.5802763730443408E-12	3.6017119703379996E-14	4.462047925366483E-12	1.0916077247103164E-16	1.1014313146314668E-10	1.06041313358738E-9	2.0211580261036867E-9	7.784559495507137E-10	5.080292851338985E-10	4.062879895681916E-12	4.356396043626169E-11	0.0	4.356396043626169E-11	6.267421501431075E-12	1.200075898286311E-15	3.038150855209349E-13	5.494030453583474E-9
1.5319635089854174E-5	1.3931331787498318E-4	2.2858059068783675E-8	2.6601415286697824E-6	1.2107560213878027E-10	1.4505568442605644E-6	1.7677460802132996E-7	3.095919924435655E-11	3.553237519210646E-5	7.094611039235091E-6	1.3560314280432468E-5	1.0720311467907382E-7	7.869732991300872E-10	4.442437926578501E-7	1.0691703653463837E-8	1.2045063264394403E-9	2.1982622151603824E-11	8.699651100668866E-9	1.9821436635245107E-14	5.6222357012598105E-5	2.5819333906532483E-6	1.4823397932339935E-6	4.1029986149884525E-6	2.3226143679288617E-7	6.827976246120754E-9	8.580821629903302E-8	0.0	8.580821629903302E-8	7.162827968944817E-12	2.517763635971443E-12	5.220797087320604E-11	1.2319904141821855E-6
8.013207344892573E-5	2.458126738256143E-5	2.9867463303968777E-7	2.1123207463094604E-5	1.8181986363131817E-9	9.395894825478664E-6	7.602509452009309E-7	9.460784529510028E-10	1.5977974238429147E-4	4.046653061707765E-5	7.56591878392755E-5	6.499851515170465E-7	3.950236774005977E-9	9.988716257928809E-6	1.4108847997886128E-7	3.156129417955563E-8	6.242544079886747E-10	1.5182330911130282E-8	1.7175115840640474E-13	1.2419654922171612E-5	2.353697858897633E-6	4.819768118592598E-6	2.1221102992403864E-6	1.1292138206299774E-6	7.865454625598224E-8	3.6255741379224895E-7	0.0	3.6255741379224895E-7	4.7236388725701855E-11	1.709302579450543E-11	4.766094814920484E-10	1.0457175234744218E-5
7.237961847909471E-5	3.2177904996252844E-5	1.0180732919788043E-7	9.920430374307462E-6	5.030507084305032E-10	4.404681651313314E-5	1.1325283085291508E-5	1.407326068936257E-10	6.38221430207916E-5	2.0184652787154927E-5	3.880565999648674E-5	3.46235116220938E-7	3.5071720633577342E-9	1.101338334560397E-4	5.8571017567044034E-8	5.385943823526303E-9	9.978553736462684E-11	8.258908131816998E-8	9.074425972546504E-14	1.514367742207976E-6	1.2749027504596031E-5	4.995016028695084E-6	9.508303501652489E-5	5.117017893120875E-6	5.002846812317785E-8	6.1022165947429085E-6	0.0	6.1022165947429085E-6	2.911885924316049E-11	1.0367425546948662E-11	2.434102911186524E-10	5.462085439675201E-6
5.791821232953963E-5	5.0341992811406255E-6	7.018970085901423E-8	4.203044029417557E-6	5.747269994995784E-10	2.2814153570249316E-6	4.100554586643616E-5	7.410503562110255E-11	7.574002727540973E-5	2.877366284105275E-5	5.744000910461445E-5	5.197460727580312E-7	1.2116191899396798E-9	1.2436550458115737E-6	2.1260149365269202E-8	3.4541280408785348E-9	5.503143723257161E-11	4.177266716793494E-9	5.3701261610909423E-14	5.674214151318187E-5	5.38845398381063E-7	1.097602801651042E-6	6.414577545369164E-7	1.5666182314135297E-5	1.7639311563962672E-8	2.2222375012067927E-5	0.0	2.2222375012067927E-5	5.011939738051143E-11	1.7122937433485787E-11	1.4922457696270207E-10	2.003506588368579E-6
3.866801087300286E-5	4.752611820184014E-6	7.434229945360736E-8	3.063457472440756E-6	6.707731854501797E-10	2.5491800152062124E-6	3.556704972560058E-5	1.494157306455533E-10	3.968066633629358E-5	1.924747968190386E-5	2.8791710049352458E-5	3.1528626279892355E-7	1.2460408000096797E-9	1.0769857789612908E-6	2.521252376562826E-8	3.26451932734354E-9	8.508432915489624E-11	4.224217406725733E-9	6.032479094024658E-14	1.618640890029279E-6	4.735129145083366E-7	1.1117359539591773E-6	6.223673896362546E-7	1.1542132798389825E-5	1.8385340425882943E-8	3.0072874832675014E-5	0.0	3.0072874832675014E-5	1.0709505220665881E-11	7.419911760846433E-12	1.6784917911144748E-10	2.45143566745921E-6
3.2099492422055195E-6	1.3503314875607604E-6	1.4596702965268826E-8	1.7792931815533181E-6	4.716037709923047E-11	2.1103988109490192E-7	3.818328366609696E-8	2.3264935530385467E-12	3.7793006428935117E-6	1.4853595688003488E-6	2.8479414198149023E-6	2.643284058394595E-8	1.2670709499436026E-10	8.580159141403451E-7	1.65700534520654E-9	1.5884721067334028E-9	5.537600005259611E-12	8.192184895061119E-10	7.536749189356476E-14	2.138624255611606E-8	1.363040673998902E-7	3.509391662376149E-7	1.1058675319398235E-7	4.709264761120991E-8	4.7565373448905796E-9	1.8829013061029932E-8	0.0	1.8829013061029932E-8	2.3286652253990986E-12	8.348874973535222E-13	2.10601176707043E-10	1.7066508333632167E-7
8.79823557362132E-6	1.2606793028288755E-6	1.667056520264306E-8	7.476095165423306E-7	1.4738262513024873E-10	5.787143903307134E-7	2.2596690111062434E-5	3.247521979874072E-11	9.758813878822644E-6	4.373615565040818E-6	6.64886973460782E-6	7.133137452535924E-8	2.880326549464803E-10	2.511210423205451E-7	5.575599146972702E-9	7.424365807225403E-10	1.862586812269614E-11	1.1326200412742487E-9	1.351844026270153E-14	3.531963182890199E-7	1.280905465885199E-7	2.782915230161872E-7	1.514882280688065E-7	8.475138289707942E-6	4.169682897103889E-9	2.934683797501453E-5	2.9324618856232833E-5	1.4684506708063873E-5	2.5515397054452303E-12	1.6792497012632574E-12	3.753824541962282E-11	5.560397518061487E-7
2.6412692634900547E-6	3.788891678146189E-7	5.024798491437126E-9	2.247429448863024E-7	4.423147227913266E-11	1.743170263341168E-7	6.779016032539795E-6	9.752595504146607E-12	2.9296831521744383E-6	1.3128524642891246E-6	1.996181526210121E-6	2.1413206217994183E-8	8.692474035352911E-11	7.556596178579427E-8	1.6737539922831233E-9	2.2310771704423184E-10	5.590497666635642E-12	3.4011436743470003E-10	4.058172082279268E-15	1.0596816721240596E-7	3.8495138759000634E-8	8.362806529112265E-8	4.550142940847791E-8	2.5425811490496926E-6	1.2516770834166993E-9	6.675746947963849E-9	1.3580809973274188E-9	7.337841380423302E-6	1.4106297762436295E-9	4.460710469650708E-11	1.1268751547137718E-11	1.6715012051404142E-7
8.358289723118155E-6	1.197640455613E-6	1.5836972384506403E-8	7.102261455417178E-7	1.40012923123551E-10	5.497764296996282E-7	2.1466768098145025E-5	3.0851333046097977E-11	9.270835393148427E-6	4.154917849636982E-6	6.316400499634514E-6	6.776452956303432E-8	2.7362990677126196E-10	2.385640177195907E-7	5.296797597701386E-9	7.053118765454957E-10	1.769450258650074E-11	1.0759846530551274E-9	1.2842465898400385E-14	3.355351345955386E-7	1.216855232189186E-7	2.6437586916074217E-7	1.439132300159279E-7	7.769713816778892E-5	3.961182604841332E-9	2.1108076797453793E-8	0.0	2.1108076797453793E-8	2.4239528391455535E-12	1.595280713180642E-12	3.5661187778992375E-11	5.282356109105174E-7
4.063460054441422E-9	5.335973586160163E-10	1.9125154551644853E-10	2.7809585008545135E-10	3.93813423212129E-14	5.774843074399423E-10	1.7202081051226225E-11	7.744417801390408E-15	2.0631546271587243E-9	1.2808111626001598E-9	1.8915537826916685E-9	2.149132768029583E-11	1.4216464540527882E-12	1.3098897602314323E-10	3.1156188482982093E-12	1.578127321444348E-13	2.010474377844464E-15	3.4871838127895145E-13	7.752030149551027E-16	1.138004305026385E-11	5.342976336896759E-11	1.412635533761983E-10	5.708098575119973E-11	4.8758514075771124E-11	2.6192737862845124E-12	6.880775651786871E-12	0.0	6.880775651786871E-12	8.573695400365146E-16	4.2638996751063E-10	2.1689465010396198E-12	3.227587182612012E-10
7.513052802819751E-10	1.8269833958406538E-10	2.6846733970343164E-12	1.167979498282011E-10	1.0588213484444471E-14	3.2937116320205686E-10	6.546324082116312E-12	1.1545291991774178E-15	5.828950418639929E-10	3.431714918737821E-10	5.16031545338601E-10	5.7681125624303315E-12	2.8554374381482624E-13	7.409363026178105E-11	3.6644939988663044E-13	7.624914810259452E-14	5.810020925440548E-16	1.4093098872796376E-13	1.0753599428185022E-18	3.972718724027383E-12	1.938134893943508E-11	8.460518877344212E-11	1.8062808376105407E-11	2.5691659822821266E-11	3.564936648394681E-13	2.1701990038126406E-12	0.0	2.1701990038126406E-12	2.2205628034791456E-16	1.4390102741619553E-16	2.964822313425188E-15	2.0702361287286623E-10
8.908426966759969E-9	4.996874060605463E-8	1.637285272420919E-11	2.4285043906780478E-9	5.1166199525787116E-14	5.846367979257411E-9	9.385376806026419E-11	2.683361789646897E-14	6.563410764133183E-9	1.981700319469618E-9	3.821830534344591E-9	3.3726925659103346E-11	4.15379800937136E-12	1.3557210600311118E-9	5.158297606947783E-12	1.5502478696958707E-12	1.165616593192971E-14	5.184547380452776E-12	4.4414925237142295E-12	1.0956172989544521E-10	6.923497282245125E-10	1.8903525729128746E-9	4.871213703457308E-10	1.7376589128706515E-10	6.899000318238049E-12	4.267615476829046E-11	0.0	4.267615476829046E-11	5.58054212521211E-13	9.995207090191524E-16	1.242742655067064E-8	1.7619783000331344E-9
1.6926867582014345E-4	8.181052571947621E-6	1.470029984509865E-7	1.1403219197876061E-5	1.144013039724477E-9	3.919870940334565E-6	1.309258470337977E-6	5.7852488307943504E-11	5.170370341487616E-4	9.728646438656398E-5	1.8670641841772817E-4	1.4413928367777608E-6	2.5250318828871784E-9	2.5756014118550197E-6	3.677922590752042E-8	5.443279196355491E-9	6.12251067485243E-11	7.533591704113262E-9	1.0339225623595661E-13	3.8373150981420447E-7	8.867585200196205E-7	2.0566898713531707E-6	1.362960902726528E-6	1.4122171566952745E-6	3.6741521827598956E-8	6.528097083644737E-7	0.0	6.528097083644737E-7	9.303148987971497E-11	3.2426412144359937E-11	2.8762804931889857E-10	3.6847500527305074E-6
