32
NULL,open@__open_nocancel,fstat@_fxstat,mmap@__mmap,read@__read,munmap@munmap,open@__open64,close@__close_nocancel,rt_sigprocmask@sigprocmask,exit_group@_Exit,rt_sigaction@__libc_sigaction,sched_yield@sched_yield,mremap@mremap,time@time,read@__read_nocancel,mprotect@__mprotect,madvise@madvise,lstat@__lxstat64,openat@__openat64_nocancel,write@__write_nocancel,syslog@__syslog,getpid@getpid,writev@__writev,close@close,stat@__xstat,socket@__socket,fcntl@fcntl,connect@__connect,getdents@__getdents64,lseek@llseek,getrlimit@__getrlimit,write@__libc_write
0.9782357003625364	0.0017174761290613667	1.2430429673279125E-5	9.032557056053252E-4	7.899183022715202E-8	6.965907857638121E-4	7.722362705918287E-5	6.985409875028342E-9	0.018106436072128855	0.00433023510440346	0.00811740087248917	6.842726202921584E-5	3.3816323837062234E-7	2.1253053883215291E-4	7.097338104851806E-6	4.367562119716122E-7	9.120563848044285E-9	1.3738467406586232E-6	7.718768355567847E-12	4.1662012276384555E-5	2.1893103815639756E-4	2.9723549640803894E-4	1.574457448767172E-4	1.1027982265393703E-4	4.563017007852313E-5	3.6984452929171745E-5	0.0	3.6984452929171745E-5	4.70826272092049E-9	1.7466458068173472E-9	2.114403599415503E-8	4.766536714989359E-4
4.915714679120117E-4	2.833338491924831E-4	1.8128758460355597E-5	2.092872012699956E-4	4.350678972953217E-9	1.0036372462021419E-4	1.9643012789405417E-6	9.79815229612808E-7	3.776177920722476E-4	1.0069437074693915E-4	1.8868530808380588E-4	1.6377021789994301E-6	1.299498093842191E-8	1.4199449238744036E-5	1.8229897728147215E-4	5.7937006229203284E-8	1.434994854008061E-9	2.1900337470055775E-8	4.423991934997582E-11	1.393037269023347E-5	7.158844002032535E-4	7.174775884225946E-6	8.627375084889042E-6	3.3782479074990938E-6	7.529336443689774E-7	9.111402352363669E-7	0.0	9.111402352363669E-7	1.2815055100184925E-10	4.429537605430085E-11	9.212030081771361E-9	2.940436389129796E-5
1.0323524071145705E-5	1.1332007997953335E-6	7.593619866974436E-8	4.240394011909295E-6	6.911930049888319E-11	1.9158224270104453E-6	1.0648753297236452E-7	2.5235124440416996E-11	7.989244199179772E-6	3.318943204765145E-6	6.17081593678466E-6	5.856675903063756E-8	4.477331676119527E-10	2.186605127084811E-7	2.35566288897481E-9	4.102384706750206E-10	4.8951202692346E-12	4.791499146730384E-10	2.537841516555116E-14	2.12158545001543E-8	1.1633532526519534E-7	1.4134208183459856E-7	4.1759263588313407E-7	3.0096305755802445E-7	3.1044113023510024E-9	5.240462698798341E-8	2.0677207355626955E-8	5.240462698798341E-8	7.758685830278085E-9	2.443563602152847E-10	7.095254558798004E-11	6.523201666714625E-7
3.061946037788521E-4	7.849062681804976E-5	5.722505252142305E-7	0.0010837578698134525	4.64399817209992E-9	0.0014842786226404658	7.510032587090204E-6	2.9905719143694806E-9	1.7611809877670533E-4	5.1251841469871756E-5	9.836163883423099E-5	8.61612837562654E-7	1.0231666588036043E-8	5.913118391433961E-6	1.4494792954979637E-7	3.338710877822837E-4	5.195966316225863E-10	5.3087701642433534E-8	4.197102866667375E-13	5.626784086777705E-6	6.910828446835812E-5	6.10795667345624E-6	6.096724022450681E-5	4.6304197955931845E-6	1.6559896389015764E-7	3.967126837594842E-6	0.0	3.967126837594842E-6	7.625976976764718E-11	2.5201319368412144E-11	1.1718413492104315E-9	2.5160286061280058E-5
3.601392559004063E-8	2.414866740029129E-8	1.7779326015751862E-11	1.3438975596213198E-9	7.799806286225587E-14	1.6651754126194646E-7	8.254285891022194E-11	1.6817264584018533E-13	1.801316131845405E-8	4.357900739160258E-9	7.97854093089327E-9	6.821263418187582E-11	3.202026664814318E-13	2.166450019189572E-10	1.0185634153545203E-11	4.640281617882846E-13	1.056724088879248E-13	1.2532709074792959E-12	2.696066043936198E-17	7.69274264739758E-11	2.1336095350248325E-9	2.451100202697167E-10	1.6883013636368597E-9	1.0092706566666985E-10	7.1977642365051E-12	4.073115814804246E-11	0.0	4.073115814804246E-11	4.274896128521427E-15	1.676807016672137E-15	7.508902564061761E-14	1.0746879042599771E-9
4.222114338846765E-4	9.617021858700442E-5	1.369084044256144E-6	3.945767015939944E-4	8.88028899252598E-9	4.115565756960182E-4	3.1182320628014275E-6	8.612737334579036E-9	4.6175256719201173E-4	1.3067216349732576E-4	2.4367731421309218E-4	2.1503506769513163E-6	1.4844654658870545E-7	3.360111598137555E-5	9.608768820218447E-7	6.232220167590699E-4	5.856412846174746E-10	3.3661667924535354E-8	1.6095248378925909E-12	3.366406303556036E-6	3.70597305082195E-5	4.627439641012964E-5	1.2118558881377161E-5	6.093805795004783E-6	2.697926260086622E-7	1.405741558258872E-6	0.0	1.405741558258872E-6	1.6784519230985424E-10	5.93870976215487E-11	4.501237134451157E-9	9.183280550613504E-5
7.482316740230801E-5	1.191471629260588E-5	4.154656986612041E-6	6.430117572510872E-6	7.731844727928377E-10	6.052247304966388E-5	1.7890989868833271E-6	9.779053870986642E-7	5.607412860813349E-5	2.5487013553006704E-5	4.028880472275529E-5	4.227856275780682E-7	4.7569663267860746E-8	5.82971759315816E-6	5.269203979569083E-8	5.8383321336651515E-9	1.0156394813724726E-10	3.126993599815603E-9	2.4026500227105243E-13	1.70332373161976E-6	1.1189724184847573E-6	7.188360673882059E-6	1.1611671483740763E-6	1.4192107661233058E-5	5.861521717191843E-7	1.4961782087067855E-7	0.0	1.4961782087067855E-7	1.899229192282548E-11	1.0614169985450996E-11	6.719009672916621E-10	1.600788536453916E-5
1.5552649554661877E-7	2.8652808673929774E-8	6.238965919025964E-7	9.342791614042356E-9	1.0151800023756012E-12	3.8118637696792184E-8	9.73305864634892E-10	7.844394483982953E-13	1.1083358301341434E-7	4.666220955710425E-8	8.497306853149491E-8	8.168132548328026E-10	1.2201135370014784E-11	4.184265065627684E-9	2.4588613098298126E-10	6.008954671896402E-12	1.2880970583385456E-13	5.497545128026707E-12	2.7446146769113463E-14	3.0716419387050253E-10	2.62666434585107E-9	3.64209199732105E-9	2.578231150967095E-9	1.7986450985176893E-9	4.715135119628145E-11	4.4814136684104916E-10	0.0	4.4814136684104916E-10	6.55744413082323E-14	2.4509700128315703E-14	7.679420983029265E-11	1.2584433808123482E-8
0.012151803208587554	1.955297704999526E-4	7.282149171815967E-6	4.686225085147935E-4	6.543287757516849E-8	1.6592544389159718E-4	3.983856471895222E-5	3.4728724564349728E-9	0.00517763434024504	0.006430085166032194	0.011619584389568248	8.3424126897389E-5	1.158474140808436E-7	1.0981465720715853E-4	1.7771937690464202E-6	2.1083918368344852E-7	2.3151554063598496E-9	2.1926767440497507E-7	5.560810988775061E-12	2.192444918966759E-5	2.2300010910507866E-5	8.020851164825661E-5	5.147191422845165E-5	5.6858014990577475E-5	2.691003404773036E-6	1.844097550633042E-5	0.0	1.844097550633042E-5	2.5795579305596222E-9	1.1273701449247102E-9	1.5541235729297593E-8	1.735018381058462E-4
0.011994997521149395	1.0380159540483927E-4	2.8042321749449197E-6	3.1411438883015237E-4	2.3871421249369002E-8	8.342019670011214E-5	1.109976661227194E-5	2.963897937578188E-9	0.001777624138104366	4.329378063043773E-4	7.997878698316096E-4	6.822359074587771E-6	4.933540577379429E-8	3.4888561591802686E-5	1.0034922598926677E-6	8.266436290948008E-8	1.7300160190436622E-9	1.0362843048439293E-7	2.232315864242068E-12	1.8775498639863262E-5	1.2456611620954962E-5	3.593164235556969E-5	2.3027993069992875E-5	1.9326988322809335E-5	1.6211352153409407E-6	3.966467751383006E-6	0.0	3.966467751383006E-6	4.726365963063928E-10	1.72062958360728E-10	6.231603383625264E-9	8.326477675935227E-5
0.01133242670952487	1.3905764344493153E-4	4.223990267978215E-6	3.577153477694225E-4	3.648077331581153E-8	1.1201549559331604E-4	2.5379407762820534E-5	2.9818864177742337E-9	0.00328871624726357	0.006104858054165247	0.004748541417375928	1.0477258775839545E-4	7.016540743221556E-8	6.127058119396188E-5	1.250177871097217E-6	1.3565444615490092E-7	1.9120753404218028E-9	1.3715061296724133E-7	3.2652186631201824E-12	1.8747707832974883E-5	1.629595858380211E-5	4.925423064429024E-5	3.2153637230003467E-5	3.391281525582185E-5	1.8933993721223916E-6	1.1417765753543466E-5	0.0	1.1417765753543466E-5	1.5912299399176463E-9	5.977864327102017E-10	9.121100451852412E-9	1.105751164136659E-4
1.2249776903026002E-4	1.3368306931000972E-6	4.140416859256486E-8	3.654702063865251E-6	3.6102996616119877E-10	1.0941660787433138E-6	2.0459316613941882E-7	3.164851295225699E-11	2.8644043014465927E-5	6.629082621033484E-5	4.718906485067883E-5	3.610246671574981E-5	6.935497233796929E-10	5.739852695132995E-7	1.2496091549834298E-8	1.2333045582449098E-9	1.9433208928915286E-11	1.384382672263116E-9	3.225442412178787E-14	2.0005081982023727E-7	1.5711964854631713E-7	4.924446885268324E-7	3.1685793239742734E-7	3.091661490314632E-7	1.9551085710496548E-8	8.682904402232922E-8	0.0	8.682904402232922E-8	1.1626110248675238E-11	4.6818930325508545E-12	9.009078450073109E-11	1.107161544346138E-6
2.4464647319761133E-7	1.1948697971782124E-8	6.526539252009556E-11	1.1821287798457855E-8	4.1630958739148403E-13	4.143769861072877E-9	4.5117224678731105E-10	3.9634826036679154E-14	8.141292864021714E-8	2.2737531197911343E-8	4.278340315812741E-8	3.7477863286378026E-10	1.9509885716285156E-12	4.36803453210199E-9	4.325736778886677E-11	8.885294417973832E-12	3.522986498105043E-14	7.561123609923825E-12	6.470335483616659E-17	2.5403859893132E-10	1.4734230442443849E-9	1.5798832215431776E-9	1.0107681838317448E-9	6.375236283587284E-10	4.447079732530359E-11	2.1680378376253418E-10	0.0	2.1680378376253418E-10	2.8031221899622252E-14	1.0382719753517215E-14	1.7852055688618598E-13	1.9873005562202682E-7
3.526296066664162E-4	1.040569105859721E-4	2.3730044989940267E-7	1.295146601159436E-4	2.4000494054832012E-9	7.2378433958073346E-6	1.1990688518272533E-6	6.62701178201817E-11	1.3052047840558583E-4	4.570419235396564E-5	8.8797891086078E-5	8.019556658271274E-7	4.746770212219917E-9	4.635865769575051E-6	3.1154893311815204E-6	1.0549512650223113E-8	8.868769809622694E-11	1.3975967772651776E-8	1.176616198328132E-13	3.582913932895738E-7	1.617315446237674E-6	2.786544913478395E-5	2.788851782428816E-6	1.654418424216914E-6	1.0161050520486188E-7	5.870480488182597E-7	0.0	5.870480488182597E-7	7.347647427052696E-11	2.5132190959872683E-11	3.262117939876179E-10	6.4261960932506655E-6
1.6648876283309827E-5	3.614858687684117E-6	2.639914014013744E-8	9.821886184377734E-6	2.226417780933136E-10	8.174177784224653E-7	1.2400902981728145E-7	2.1308023386447587E-11	4.5239175052655367E-5	8.695399806897513E-6	1.6691454585563277E-5	1.296241035733316E-7	6.572465035484873E-10	3.689283344723697E-7	7.762157635051521E-7	1.112791894679993E-9	1.2770205139617488E-11	6.969609197733165E-10	3.584170348140456E-11	8.490332983629148E-5	8.165503969583206E-8	2.7183067201231943E-7	1.1772486897312925E-7	1.93819770271126E-7	6.966254337264575E-9	5.814728820071852E-8	0.0	5.814728820071852E-8	1.3209556028910652E-11	2.978222797822233E-12	7.740848960138207E-9	1.0011348266675333E-6
7.716735671323628E-5	7.434226176953827E-6	4.434424048900733E-7	1.455722290876987E-4	5.286533015770388E-9	4.859995108513593E-4	8.173541905322351E-7	3.718349172046753E-11	7.629380741512823E-5	2.9251035702234245E-5	5.893734697415309E-5	5.307579022935673E-7	7.457906644832535E-9	4.065212774037083E-6	7.724071761268454E-8	1.361706592464082E-8	2.949453552335344E-11	1.4273566061700543E-8	6.747491626001475E-14	1.5900226116871454E-7	7.295246622665666E-7	5.29899514268379E-6	8.942461075432572E-7	1.7046105947429958E-6	1.280460599101506E-7	3.598572502260407E-7	0.0	3.598572502260407E-7	6.059258556083143E-11	1.7965313744081262E-11	1.8850673626759436E-10	1.038757042098803E-5
6.5554728372919225E-9	6.918844768426334E-10	8.001045979762005E-12	2.862777885779638E-10	3.6668730852967035E-14	5.770203608640515E-10	2.2099317361586605E-11	9.075755202392369E-14	5.382896470337433E-9	1.6425230576860328E-9	2.7665400147991374E-9	2.612033480362127E-11	1.2327589622823123E-13	8.106380252203823E-11	1.0319967565964727E-11	1.411904199457808E-13	3.0193708440903217E-15	2.6487434869868283E-13	1.2610254794565779E-17	1.3066867964435713E-11	6.315378068793461E-11	6.088818689686698E-11	7.365982609808064E-11	3.6043744228731164E-11	1.8307607540053465E-12	1.0445237587866198E-11	0.0	1.0445237587866198E-11	1.2803473638907666E-15	6.247166859871229E-16	3.5238375892912144E-14	5.114772257984385E-10
2.841366399417238E-7	1.0859694807931635E-7	7.627161905106762E-10	2.833167868423127E-8	6.750075399798069E-13	1.8885168178629598E-7	1.5100804924557031E-9	2.682049319464017E-12	1.2549551576861547E-7	3.529371069514553E-8	6.802199357760128E-8	5.901034344736623E-10	1.0493511530921076E-10	2.3655783372381803E-8	3.820531312192512E-8	2.2217904777280225E-11	3.6365839132461094E-13	1.1763122835447053E-6	4.4111387759858515E-7	5.040697660059389E-10	8.23563850684463E-9	2.3248793498602383E-8	6.817789697840378E-9	7.528429454841222E-9	6.819157314686396E-11	4.036396632801591E-10	0.0	4.036396632801591E-10	4.807592946894629E-14	1.7020731870600802E-14	1.0395939814455681E-12	7.995677421550284E-8
2.7727012748048112E-8	1.0619408533265254E-8	2.2685164240010427E-7	2.5936630045884007E-9	5.84287087827655E-14	1.9787594037125303E-8	1.3779197887339828E-10	3.5802285310046757E-13	1.1065253863908863E-8	3.0911908886786716E-9	5.9925720871074475E-9	5.176496618463059E-11	9.453315345712957E-12	2.126159352325991E-9	8.046430328453605E-11	1.9849093952949708E-12	4.289676640965839E-14	1.0465252280715697E-12	1.5724768353768044E-16	5.433661038105437E-11	9.60618681189786E-10	2.1053928722505637E-9	7.842284239796996E-10	6.751028179932553E-10	6.659247332515647E-12	3.731949554688274E-11	0.0	3.731949554688274E-11	9.496931018676761E-12	1.5025852403216506E-15	4.397194634177756E-13	7.699801045383751E-9
5.695742144644653E-5	1.992917968751641E-4	1.8110438162933086E-8	1.5742885896516054E-6	1.3365282610200925E-10	9.779684512522098E-7	1.4745099479497827E-7	3.0039072206389435E-11	4.850000103104813E-5	9.432564268492822E-6	1.8041320234121154E-5	1.409331299792049E-7	3.689585834807245E-10	3.132428464469828E-7	1.1952607264566891E-8	1.0266746137798998E-9	1.873359046731231E-11	1.7515603796661385E-9	1.403960275640413E-14	8.49750453780001E-5	2.613620168274368E-6	3.695359658551723E-7	5.424900491409039E-6	1.6380209743896914E-7	1.100733078629896E-8	7.325199347740128E-8	0.0	7.325199347740128E-8	9.23322770940638E-12	3.238919515909022E-12	3.8760385084624544E-11	6.574077549658645E-7
1.7063601833802405E-4	2.1807942953788677E-5	3.9924404021890085E-7	2.8654060801364496E-5	2.230019216604E-9	1.170717477898616E-5	9.94590497748342E-7	1.409416358185168E-9	2.3789815472054752E-4	5.9377678933979916E-5	1.1161469545698703E-4	9.509087500818908E-7	4.248500399990908E-9	1.393578264657091E-5	1.8660440717325113E-7	4.651585883809521E-8	7.518379184264691E-10	8.078796668412754E-9	2.3480712600982667E-13	1.8544017696430564E-5	1.952952920537841E-6	4.061578800235119E-6	2.1421312777168025E-6	1.3727471506587828E-6	1.1815440341694296E-7	4.804949309134593E-7	0.0	4.804949309134593E-7	6.936244345941847E-11	2.5021047391017192E-11	6.562985120551808E-10	1.3469884481470779E-5
2.1765607539674274E-4	1.119943635407765E-5	1.0077663579887816E-7	7.25326722759397E-6	5.843476661136247E-10	6.292859989598573E-5	1.6799832484826818E-5	1.599514523162723E-10	8.078843858476075E-5	2.6612274976405512E-5	5.128430218911615E-5	4.5985559683600665E-7	2.6704986653226496E-9	1.6572524010485308E-4	7.495077217366556E-8	5.630026757842007E-9	9.62772004265056E-11	8.885631023729636E-8	8.664850806620057E-14	1.5797618489896042E-6	1.5217281632131299E-5	1.5572170159086723E-6	1.417277560907713E-4	7.161443931962547E-6	7.417104264356185E-8	9.078220478542084E-6	0.0	9.078220478542084E-6	3.9258246018565317E-11	1.3978602697017293E-11	2.405506217319754E-10	4.402983165023567E-6
9.441419180342322E-5	4.085743963865466E-6	1.0158829376356207E-7	5.785904588578658E-6	8.367005184616931E-10	3.138832019864795E-6	6.21242166025706E-5	1.0826216664770513E-10	1.1818613004219779E-4	4.4559247141737113E-5	8.888077466599025E-5	8.02260187370393E-7	1.5857594402228957E-9	1.7581650647654307E-6	3.068721344862792E-8	5.073376987243418E-9	6.473003084655706E-11	2.831150241466827E-9	7.790756966425878E-14	8.592557901770909E-5	4.4230636026684256E-7	1.0362277244555357E-6	7.442216438385564E-7	2.3698764716474324E-5	3.039467581084098E-8	3.367042691594177E-5	0.0	3.367042691594177E-5	7.710705093206717E-11	2.6360647606746403E-11	2.177526451323808E-10	2.6807168085519246E-6
6.651929815199691E-5	3.821272882924863E-6	1.0610446538726472E-7	4.010179853161547E-6	9.606153470369422E-10	3.4729543546029137E-6	5.387243875571968E-5	2.2198959831066305E-10	6.136244491243492E-5	2.9494880701437257E-5	4.422542381063734E-5	4.8204213678709E-7	1.6068845721145981E-9	1.4680601501833475E-6	3.53071561067753E-8	4.736886891395984E-9	1.0463675320640364E-10	3.1003979028759448E-9	8.73220398309964E-14	2.392274638759116E-6	3.5985745816694324E-7	1.0590489016530302E-6	7.196240375009612E-7	1.7437409264435505E-5	3.007632216475437E-8	4.556198560746037E-5	0.0	4.556198560746037E-5	1.6429556162974434E-11	1.134328348393275E-11	2.441345125559302E-10	3.319513157076464E-6
7.959827276517853E-6	1.004977857065842E-6	1.9842268103479827E-8	2.4768978761987913E-6	5.4858497382277814E-11	1.875816001134901E-7	4.742041191785645E-8	1.98373131088496E-12	5.360897207345348E-6	2.1376994600520858E-6	4.119091973203874E-6	3.815471808369666E-8	1.0191290725982213E-10	1.2491926973839214E-6	1.557940656463871E-9	2.330317799135964E-9	2.4115389468566485E-12	2.3360055225810745E-10	1.1268228749494599E-13	1.3013824922323358E-8	9.438394857974727E-8	3.446245083620741E-7	9.691869059398049E-8	5.246143744138674E-8	7.240473488855173E-9	2.375969117288735E-8	0.0	2.375969117288735E-8	3.397455056842529E-12	1.2157184941050763E-12	3.15241439197151E-10	1.3106053110929028E-7
1.5900116564967206E-5	8.778101228542159E-7	2.3431851771955408E-8	9.336184011510357E-7	2.1009961449703412E-10	7.61705552139089E-7	3.423391779832507E-5	4.782106365665785E-11	1.49220654872274E-5	6.665966323203762E-6	1.0142388673942234E-5	1.0848382264169835E-7	3.548060960664113E-10	3.3609095547718026E-7	7.718160681142782E-9	1.0593581049950426E-9	2.2638458778990418E-11	7.107083933676532E-10	1.919346312758776E-14	5.163226130682529E-7	8.360551052942672E-8	2.387017990975353E-7	1.610780983971975E-7	1.2825354755851843E-5	6.818322940928868E-9	4.446908318318693E-5	4.4439277031044134E-5	2.224941157253718E-5	3.870312622689125E-12	2.551974044763366E-12	5.3648232546683645E-11	7.264677429445516E-7
4.773859876844043E-6	2.639887251808289E-7	7.0646628374666156E-9	2.8070295589170493E-7	6.305087004066618E-11	2.2953272791099448E-7	1.0270185358024751E-5	1.4360964649906704E-11	4.479632077807035E-6	2.0009315446521555E-6	3.0449832783150693E-6	3.256566982025435E-8	1.0719161465664896E-10	1.0115938178242864E-7	2.316824070393051E-9	3.1835181410240606E-10	6.79407660567954E-12	2.1332823741784324E-10	5.7615074318513994E-15	1.549034936988202E-7	2.5142172869994405E-8	7.175611886438614E-8	4.838041573458238E-8	3.847660278191099E-6	2.046706143531876E-9	8.955347503683258E-9	2.0580706595612673E-9	1.1118791152828567E-5	2.137705490049185E-9	6.760089598300657E-11	1.61041542897978E-11	2.184088011316449E-7
1.5105049162334036E-5	8.339162173264705E-7	2.2260168441767657E-8	8.869338655867379E-7	1.9959382014578778E-10	7.236173247706916E-7	3.252208933501424E-5	4.5429825283196735E-11	1.4175904426056807E-5	6.332642192592852E-6	9.635229963090103E-6	1.0305921139793598E-7	3.3706441725007607E-10	3.1928510616608154E-7	7.332222757933956E-9	1.006386097302183E-9	2.1506448170924343E-11	6.751702214281209E-10	1.823371564309387E-14	4.905044829170922E-7	7.942491123439327E-8	2.267657847521752E-7	1.5302356969041283E-7	1.1772704726484447E-4	6.477380389419362E-9	2.831572910913799E-8	0.0	2.831572910913799E-8	3.676782003480976E-12	2.4243654598157718E-12	5.0965613162576E-11	6.901415424969198E-7
6.824919890736195E-9	5.085432700760073E-10	2.8943395317549723E-10	3.672137113593478E-10	5.817843649863008E-14	8.483562213029999E-10	2.395053722075118E-11	1.1362556147624179E-14	3.2498468791897258E-9	1.9779012201824136E-9	2.930786986743355E-9	3.309801617222005E-11	2.1326390576873654E-12	1.8950401344934157E-10	4.640915051934261E-12	2.229905556681844E-13	2.1852371088459597E-15	2.345124319948884E-13	1.1743227807176867E-15	1.1743328558262161E-11	4.8689496574463024E-11	1.6427564503088616E-10	6.698431447712184E-11	7.028933091890595E-11	3.948996861648728E-12	9.448585442697562E-12	0.0	9.448585442697562E-12	1.3272202585070605E-15	6.461622691733913E-10	3.2857598387232053E-12	4.601997297741201E-10
1.5590972700437076E-9	1.1914175995830162E-10	3.8501516054963084E-12	1.4557814926099398E-10	1.5029558815148702E-14	4.833969513846272E-10	8.481024228383088E-12	1.5344518348841672E-15	8.571030061455963E-10	5.147299943012093E-10	7.708926737346864E-10	8.638828394049154E-12	4.2180384386633366E-13	1.0704150733052183E-10	4.883866190970984E-13	1.0543543647290127E-13	4.779389540897402E-16	6.023979963392137E-14	1.4283427347452542E-18	3.059635680445753E-12	1.2222123090790341E-11	1.0227759781360178E-10	1.6903943328072248E-11	3.666692683755009E-11	5.773827837838045E-13	2.6127994962676416E-12	0.0	2.6127994962676416E-12	3.264392685568851E-16	2.1506573412219258E-16	3.9885307878564E-15	2.9744887108504913E-10
3.402595587936638E-8	6.866228499505024E-8	1.4442196411616468E-11	2.2007914421187624E-9	4.170398178856703E-14	8.104351993252085E-9	6.917321700241811E-11	3.046153013815953E-14	6.544525272392474E-9	2.139344907552416E-9	4.161974424607596E-9	3.7094184883976355E-11	5.785892598070041E-12	1.8277808675571926E-9	4.953210528706485E-12	1.863419070506627E-12	6.99872909292713E-15	1.0265131510157441E-12	6.7300796078919514E-12	3.110444962564577E-11	2.738316367928043E-10	1.7320274118612899E-9	2.6468760669867306E-10	1.487235364515137E-10	9.992005268148981E-12	3.025864594491398E-11	0.0	3.025864594491398E-11	8.44556982593845E-13	1.1395434213551912E-15	1.8830963066181324E-8	1.9324996902174622E-9
2.583458004973518E-4	7.159215968786064E-6	2.2027710288245465E-7	1.666071370432014E-5	1.7193801480398075E-9	5.6828493984634455E-6	1.9900642701125842E-6	8.359726394945586E-11	7.957769886537345E-4	1.5085684695133968E-4	2.893170777644741E-4	2.2358575416893367E-6	3.549468974933886E-9	3.7914814764808735E-6	5.6341990433400196E-8	8.155196693086624E-9	6.952248683810675E-11	6.1312163313219085E-9	1.5400053468312526E-13	4.931030895247976E-7	8.018936788399113E-7	2.207529527235107E-6	1.7467011825896306E-6	2.121735200508775E-6	6.706582672994693E-8	9.937593703022352E-7	0.0	9.937593703022352E-7	1.4476279497556686E-10	5.0517578155674714E-11	4.304208407017125E-10	5.188819629776601E-6
