32
NULL,open@__open_nocancel,fstat@_fxstat,mmap@__mmap,read@__read,munmap@munmap,open@__open64,close@__close_nocancel,rt_sigprocmask@sigprocmask,exit_group@_Exit,rt_sigaction@__libc_sigaction,sched_yield@sched_yield,mremap@mremap,time@time,read@__read_nocancel,mprotect@__mprotect,madvise@madvise,lstat@__lxstat64,openat@__openat64_nocancel,write@__write_nocancel,syslog@__syslog,getpid@getpid,writev@__writev,close@close,stat@__xstat,socket@__socket,fcntl@fcntl,connect@__connect,getdents@__getdents64,lseek@llseek,getrlimit@__getrlimit,write@__libc_write
0.42239450337101	0.07555064424542993	3.4448428487902883E-4	0.09001813389850442	1.2685843824474185E-5	0.013770552478220134	0.018246537724448786	2.1477987233681691E-7	0.15194252279357942	0.04631683686564315	0.0906499885443984	8.048240272811059E-4	5.912653528492499E-6	0.03995374125314719	6.47630175363504E-5	9.009133072767555E-5	1.4574290433607237E-7	2.951548080710544E-5	1.8406715967493188E-8	0.0012410794715470728	0.006452306108686339	0.00719767529380356	0.006166189243968764	0.004275210154347912	8.531334266990399E-4	0.0019346937658254264	0.0	0.0019346937658254264	3.113696673562422E-7	9.607291970406133E-8	5.124654667277867E-5	0.009722696597614445
0.0609367472993867	0.08786923479654418	0.005145039157143605	0.056452547019531216	6.732900606557406E-6	0.015623462739248736	0.009529480716653995	0.008443047940944776	0.07103459083235339	0.018699587851074048	0.03468356958882847	3.058110661884624E-4	4.598569307686153E-6	0.0061537375176748035	0.027326958751643735	2.8263386448927746E-5	1.7494036558274877E-7	3.112790124116058E-5	1.4639351965178657E-7	0.002508697570559909	0.09128050112346703	0.004610051655029629	0.008324407384204872	0.0021183002257836084	8.464745472842811E-4	9.702204573739055E-4	0.0	9.702204573739055E-4	1.1273347841304517E-7	3.1803271599537815E-8	4.249972739673613E-5	0.009582251704767872
7.795126543941396E-4	9.058348483760026E-4	1.1885939991895325E-5	0.0015120286900848286	1.4064319122723448E-7	5.060479287090523E-4	2.240600227345031E-4	6.181513086542351E-9	0.0014430362365880033	4.825930649760815E-4	9.139612961862652E-4	8.398450352370174E-6	1.0854606901708327E-7	1.4339441503074583E-4	7.062123690262757E-7	3.808780304572765E-7	1.9560632308861984E-9	5.456411436018034E-7	9.505736563726955E-11	1.557235761306745E-5	8.190888852509468E-5	9.781351919005672E-5	1.4709601400443348E-4	5.5765269068559234E-5	1.3041842202889295E-5	2.408964773163951E-5	2.5261357516605117E-6	2.408964773163951E-5	9.503111151999785E-7	3.0618350366262766E-8	2.6243247883476356E-7	1.7604753089671136E-4
0.016454356851455933	0.019937770389928573	1.0882051053200134E-4	0.30180632521414835	3.983082051425439E-6	0.3085326292762792	0.0048703313123617965	4.795769992087104E-7	0.030262982738679237	0.008531472551392815	0.01635670785453664	1.4425515425257215E-4	1.8820275681476016E-6	0.002545399523106358	2.065486552094059E-5	0.09196500163223127	5.7646476095517184E-8	1.948799033692554E-5	1.945849668599353E-9	8.846852244460832E-4	0.008946353737845249	0.0020394347228248426	0.006345469103013207	0.0011156582260655435	3.422987474702654E-4	6.379099985427324E-4	0.0	6.379099985427324E-4	5.21667634340776E-8	1.6294888759645592E-8	5.372579810616994E-6	0.003961429205891589
3.6730784125427915E-6	1.5717923452818647E-5	3.8309812644410785E-8	2.026137822051615E-6	5.077494511100272E-10	7.556150490662826E-5	8.004044164708668E-7	8.919663676432193E-10	1.0991571065239195E-5	2.243475217895411E-6	4.22024615616679E-6	3.4304544981678246E-8	5.880172508484077E-10	5.64920386208649E-7	1.308862195383898E-8	1.6071162882231078E-9	5.2806440062676286E-11	3.825964040926774E-9	5.480517654301125E-13	1.3771253149436655E-7	1.4257970487928127E-6	7.217336311066737E-7	1.1326336488466245E-6	1.8679772111793406E-7	9.206848626221909E-8	7.882787121450006E-8	0.0	7.882787121450006E-8	9.61295172123792E-12	3.1303522220457704E-12	1.4956699445863379E-9	2.8640202370389077E-6
0.04272797718597353	0.027763798036831915	2.962955169087386E-4	0.11325401418976432	7.446546747058639E-6	0.10085942728522637	0.00848052133436678	1.2154059000191341E-6	0.05677384660667	0.016652399890777183	0.03193887950118213	2.840895086355714E-4	1.3470172174340187E-5	0.007472021709715624	6.741964818936758E-5	0.17166658476633093	7.156520787449198E-8	1.3469251777928622E-5	4.734702368124218E-9	8.09969101502878E-4	0.005659471604689389	0.007413767891196861	0.0030754975739364305	0.0018424435573819967	3.5128593076319786E-4	7.009605677496046E-4	0.0	7.009605677496046E-4	1.0400960333291197E-7	3.257029607664812E-8	1.3156374765206944E-5	0.010472553173763914
0.039661842405278286	0.01977300366502364	5.582911884184812E-4	0.00957500450705618	3.0509498661739633E-6	0.008128249468633225	0.008157384030200733	0.008442621272903128	0.030758476288051607	0.009467025529993749	0.017150937065257763	1.5856433588250172E-4	2.5569769951797085E-6	0.0026703875831858813	4.5406493322486775E-5	8.032763810954146E-6	5.031650968566471E-8	8.807686665380654E-6	4.025964972936458E-9	5.177028485513035E-4	0.0020179811207408204	0.0018633945370132047	0.00216007201868121	0.0015080193523958618	3.463953157370524E-4	3.66252574063812E-4	0.0	3.66252574063812E-4	4.811114054800913E-8	1.6960781166341728E-8	1.1205368004742289E-5	0.002757409209253486
0.005083732636472466	0.0012698008229040292	8.547289008886295E-5	5.188845030484591E-4	2.0121826349966494E-7	6.452005895319926E-4	2.6932907961661816E-4	3.908104590144266E-9	0.0025887116790712806	7.025459597717918E-4	0.0013059423881536531	1.1588363926831482E-5	1.0049057097479676E-7	1.7613545251781693E-4	1.2853407822105247E-6	4.7659438643430914E-7	3.874549092391291E-9	5.173852445623952E-7	5.08074743757116E-10	2.0559216386075464E-5	1.1403102873828066E-4	1.2291778722292539E-4	1.0594445350227E-4	6.201746649899584E-5	1.5521470797612324E-5	2.3910928053953093E-5	0.0	2.3910928053953093E-5	3.684034002209305E-9	1.2258553880226937E-9	1.4169972082941572E-6	1.675846420880806E-4
0.1541906320521099	0.07613837098457261	6.526414631934337E-4	0.05937252907094832	2.553260074648192E-5	0.019894155355455766	0.02871998721617658	4.974667996145674E-7	0.19725286767885228	0.19070580321082023	0.35024138397716303	0.0024428559168231637	9.757103499900262E-6	0.018051432539561516	1.0068102849337726E-4	5.031862627142315E-5	2.0036150447896633E-7	4.222454123866846E-5	1.9612721763943017E-8	0.002905991585294968	0.005707238358962045	0.010522086376721288	0.007764917195047533	0.006629205510503164	0.0011210834670937026	0.002113000043421272	0.0	0.002113000043421272	3.246954377124825E-7	1.1756778732519881E-7	5.45874891449258E-5	0.015648473798368943
0.13673256039273185	0.0477225052316367	4.1339063409598614E-4	0.04264546228213101	1.5719805537680345E-5	0.01294268968824272	0.015358398104288235	4.818245789483572E-7	0.1386644466776877	0.03151874653707593	0.057919683087780977	4.926145234576319E-4	6.150757444445101E-6	0.00899584814740028	7.333485984113788E-5	3.067060008499043E-5	1.692005264666231E-7	2.9832629348150994E-5	1.8336987920126534E-8	0.0028464757897882424	0.003849865743329251	0.007347124224705613	0.005173841092744294	0.0037704821070055224	8.191173677911597E-4	9.919574341871072E-4	0.0	9.919574341871072E-4	1.3989885690036278E-7	4.6410359268671554E-8	5.108968609533341E-5	0.010487077813531736
0.13407452309505632	0.05625562431303403	4.750877949402978E-4	0.046795887531248075	1.8119256881398054E-5	0.014792581022925737	0.01975542293556009	4.563628137227652E-7	0.15797959128349912	0.19515971621123468	0.15846759074420355	0.003340746685246136	7.0912726516706665E-6	0.012047667739376272	7.889410957584099E-5	3.778258646331145E-5	1.7250737347006075E-7	3.255381823483699E-5	1.7601941128202207E-8	0.0026812714905382795	0.004388103523739722	0.008069959796661185	0.005849949594379252	0.004733272932952057	8.83462468051329E-4	0.0015153502348921716	0.0	0.0015153502348921716	2.2979480296660128E-7	7.63091899583317E-8	4.901789430427167E-5	0.011767906470657279
0.0014319668130584476	5.663659238565843E-4	4.869069720811284E-6	4.8062638098062184E-4	1.8684460725613006E-7	1.5108263538134807E-4	1.9461471805543105E-4	4.914134351403471E-9	0.0015824054563270214	0.0021495352154332348	0.0016503537034598165	0.0011231213292504484	7.258925761236551E-8	1.1757944938673672E-4	8.205237737231619E-7	3.699924201884658E-7	1.8049860663040777E-9	3.3743354693470946E-7	1.8898979785196487E-10	2.893739262348427E-5	4.4452736031400454E-5	8.347089336107115E-5	5.986840725083681E-5	4.663055787921683E-5	9.161128181627524E-6	1.3570909914640117E-5	0.0	1.3570909914640117E-5	2.002074066611495E-9	6.862727707381228E-10	5.263863065643749E-7	1.2098685113357963E-4
2.9992086991451746E-6	4.696779856496239E-6	1.2933624390534765E-8	2.152265946083656E-6	4.1738378628217934E-10	6.11488477752813E-7	6.70693247706317E-7	1.3507509842035395E-11	7.045345592030635E-6	1.6620187887924342E-6	3.142197525925533E-6	2.6663455506213787E-8	3.2381534159598916E-10	6.8578164618711E-7	3.9613966958571434E-9	1.793760622215223E-9	5.205436502307597E-12	2.8582856276968093E-9	3.9603727858699526E-13	9.163979970984293E-8	4.808210212030749E-7	6.198489103952944E-7	3.3203744919585907E-7	1.484261632327032E-7	8.119375010772853E-8	6.25861389708442E-8	0.0	6.25861389708442E-8	8.345415928579933E-12	2.7065954767611875E-12	1.0742911900031174E-9	1.6472589739252825E-5
0.010425128726421061	0.05921790991672131	5.258837547369255E-5	0.037531794785798864	2.106417218439666E-6	0.002092790769843415	0.002598427507539413	3.68495983541333E-8	0.01849078427355091	0.005313108871993592	0.010246995851808738	9.049348181061642E-5	1.1084210648225347E-6	0.0016215280347339418	3.9817475339896664E-4	5.1991450673786026E-6	1.716956293744409E-8	7.660020247058614E-6	1.3311609516765858E-9	2.413339750193077E-4	0.0011686227798116875	0.004645616521305588	9.729123782076729E-4	5.714029602811918E-4	2.175583649105053E-4	2.2899800835702572E-4	0.0	2.2899800835702572E-4	3.3316097602961045E-8	1.0379879591229147E-8	3.6410391329409037E-6	0.0018350567450472794
0.0011302183887459565	0.0015675563383229826	6.497881240902372E-6	0.0028645157388528276	2.2566918250298588E-7	2.1156027522018213E-4	3.311018620860308E-4	5.415832299055954E-9	0.005596585963441363	0.001003510440936483	0.0019154467036994645	1.4736642374366444E-5	1.740798438661754E-7	1.9676813129553618E-4	4.630353835251066E-4	6.497175244449898E-7	2.1060337114477507E-9	4.055832021491029E-7	1.1472756123280204E-7	0.010220709064177278	6.285978853448738E-5	1.0317544300574153E-4	6.861277448511025E-5	6.965967447638142E-5	1.4665052294330927E-5	2.4545884946360782E-5	0.0	2.4545884946360782E-5	1.8291442604242418E-8	1.2346212607370387E-9	2.4617138122189025E-5	3.3624009732547436E-4
0.012166463008175124	0.009393477511461983	8.173191701227607E-5	0.04351084203884029	3.912610015723908E-6	0.1340672218939293	0.003770891162773557	2.9892816821399364E-8	0.0190967339577354	0.006509624069416511	0.012877337281327943	1.1616640671237316E-4	1.330372580991897E-6	0.0019501162612482995	1.1488655523560998E-5	7.883192533495253E-6	1.670138430335118E-8	4.951259506020146E-6	1.368984483733018E-9	1.5750134114880194E-4	6.598844011275332E-4	0.0012686417883252215	7.203796236901388E-4	7.817682477146906E-4	1.1935438486090497E-4	2.8950414932003463E-4	0.0	2.8950414932003463E-4	4.874631593111789E-8	1.4542317917406482E-8	3.80313371850109E-6	0.0019523574262974737
2.882593151128581E-7	1.4803196731551286E-7	2.016259446821973E-9	6.799407870273358E-8	2.555710509144626E-11	5.834326472825089E-8	3.335602597966454E-8	1.2171045159328611E-11	3.3934644036210646E-7	8.674378902029543E-8	1.5401092910751444E-7	1.3767679503977934E-9	1.62973614097738E-11	2.4126201919598232E-8	5.578750785327746E-10	5.909580819257744E-11	2.7141063435544187E-13	8.751524901180313E-11	3.162283503262006E-14	3.9096317366865454E-9	1.3420422278483736E-8	1.8991112544536518E-8	1.6710951074024278E-8	7.845218320265174E-9	2.279632019342639E-9	2.736581398838016E-9	0.0	2.736581398838016E-9	3.4842453300877206E-13	1.3038071566237714E-13	8.767733093667889E-11	5.4956415169838334E-8
1.0369396731386336E-5	2.5718633803450322E-5	7.208504559622816E-8	6.542081059299306E-6	1.2658873041961028E-9	1.741923766359897E-5	3.354515709630158E-6	6.502915839814372E-10	2.0860401057328525E-5	4.8785250053852415E-6	9.251412377596934E-6	7.820295838581651E-8	7.253822394363969E-9	3.210355890176091E-6	1.4816718508523429E-5	5.317481138449035E-9	5.072365744287129E-11	1.4371871319786026E-4	5.3890912121127896E-5	3.1783088163901394E-7	2.230106034174189E-6	4.023938728840127E-6	1.6109770845877087E-6	6.557076499391536E-7	3.373704298773329E-7	1.9358747308509104E-7	0.0	1.9358747308509104E-7	2.470872744517278E-11	7.944400658350086E-12	3.7693702788263976E-9	8.170826706332536E-6
1.0694004827231984E-6	2.7615859023338083E-6	2.771339934755453E-5	6.849236894202962E-7	1.3425090143591335E-10	1.9978672952632545E-6	3.328925719813451E-7	8.768665910017156E-11	2.2544266640891863E-6	5.230336735030277E-7	9.927834942832682E-7	8.369172066461415E-9	6.678750264856648E-10	4.375534021250073E-7	2.9598877790320756E-8	5.611240000901157E-10	6.347387618875436E-12	1.0111139672752393E-9	4.951445954977311E-13	3.346543819934254E-8	2.494870494010544E-7	3.875190816363416E-7	1.8306453526657025E-7	6.552453272038197E-8	3.346731108049428E-8	2.0570301124787883E-8	0.0	2.0570301124787883E-8	3.040433936103177E-8	8.477682206227242E-13	1.3738668819787284E-9	8.347510455853009E-7
0.0015767552703046949	0.025681567337467327	6.921630961480866E-6	8.092326334049882E-4	2.253807890785364E-7	2.9176099433704343E-4	3.3490441066127784E-4	9.024987840754637E-9	0.006573339327297124	0.001184636265275593	0.002248450801941195	1.737484969069994E-5	1.4364043206568265E-7	2.152402531168385E-4	1.80611279333692E-6	7.400983563929108E-7	3.1818869422374074E-9	1.2480702698604783E-6	2.0492849421412018E-10	0.0102502114309963	4.786459290679518E-4	2.734883620069291E-4	7.58441350499421E-4	7.585400964722377E-5	3.4779364923776886E-5	3.2430974265041926E-5	0.0	3.2430974265041926E-5	4.546557570375308E-9	1.442101450242703E-9	5.590485483940238E-7	2.6920400946458975E-4
0.011238891575573666	0.007405364739069842	7.439934256977314E-5	0.004959985183242998	1.948176652490247E-6	0.0019313161057801745	0.0021041306498429317	2.019016876824456E-7	0.025339242404652705	0.0056518108955701096	0.010449712197865085	8.811259888030215E-5	8.123649271487306E-7	0.0020605467656561794	1.374236888488188E-5	1.0671725391893195E-5	5.950793672759659E-8	3.626660141702351E-6	1.2360015848098548E-9	0.00233805645986361	5.942976549918027E-4	9.703596183920804E-4	6.636289050389922E-4	4.5909244541088523E-4	9.97991394056149E-5	1.6054502241891961E-4	0.0	1.6054502241891961E-4	2.4637665062576204E-8	8.287466526995937E-9	3.431092868246671E-6	0.0018810683093126578
0.007202489264027484	0.00825497604757718	3.686545470892698E-5	0.003956823852522762	1.1603628458567892E-6	0.006903844969502335	0.0032401348378936962	4.5915087321842995E-8	0.013648488470396151	0.003990782178492717	0.007614662201516891	6.786222447790207E-5	8.853546163791114E-7	0.020894788529419644	1.1038303879541364E-5	3.7286001132173136E-6	1.5334081512072742E-8	3.2138087084958334E-5	8.88985617481427E-10	2.8578187931579567E-4	0.002067610476672972	0.0010932651384815081	0.013349396439763059	9.390109622704482E-4	4.331425163055343E-4	9.566637878567325E-4	0.0	9.566637878567325E-4	2.3968341503680098E-8	7.704112276264221E-9	2.4378772914516226E-6	0.001473561573072417
0.0053524268455003065	0.004153086628819685	3.042636171979396E-5	0.0027520493754321705	1.0935682715717957E-6	0.0010758179982121156	0.00890848998043031	2.5815888281238508E-8	0.011829487196060891	0.004010717655405034	0.007918048902379451	7.143138657224116E-5	4.5289995085501625E-7	0.001025610466837497	4.598416312116796E-6	3.293670376296982E-6	1.1004365218709963E-8	1.9082528551192692E-6	6.410710039698336E-10	0.010394586792421183	3.131844440577204E-4	4.770733075636859E-4	3.7568310297288676E-4	0.0030627364556445	5.124110363372535E-5	0.004160433788858169	0.0	0.004160433788858169	2.8873059169010842E-8	8.888101087959828E-9	1.7797397993290538E-6	7.527637437519031E-4
0.004447047123683319	0.003207980905587728	2.6958815631501068E-5	0.001846009595316761	1.0309640031597143E-6	0.001083434259287204	0.007520068902777549	3.8250376331018255E-8	0.007227059727962748	0.002610806468858188	0.0041945025839695985	4.264625160670985E-5	3.84895604917177E-7	7.185602639462585E-4	4.287236257815191E-6	2.266354034407706E-6	1.2099076812927532E-8	1.6121140835505171E-6	5.063591689768722E-10	3.362778083658678E-4	2.3822260043265041E-4	3.945874743624689E-4	3.036121874757039E-4	0.0022252578035414057	4.10326832998962E-5	0.005518115524280487	0.0	0.005518115524280487	8.20994062169818E-9	4.007388542458103E-9	1.4058659442469096E-6	6.721982153644933E-4
2.1009598976483375E-4	2.521772907330851E-4	2.0381503275657563E-6	2.41041443183736E-4	3.970684247334254E-8	4.00525954410304E-5	5.463503267464083E-5	6.875457781180457E-10	3.8825351406642834E-4	1.3032498220471615E-4	2.455167259797505E-4	2.2634575208526527E-6	1.936830763865165E-8	1.0927624086134221E-4	1.855389439579122E-7	2.3406790445236758E-7	3.61054281553443E-10	1.1496666766899085E-7	3.6788859511238257E-10	4.382143561636005E-6	2.1738734669769025E-5	5.202305617607663E-5	1.966599114478865E-5	1.2401953512881418E-5	3.7101578464423454E-6	5.191493757738358E-6	0.0	5.191493757738358E-6	8.425513941340366E-10	2.6385413242493447E-10	1.0282097876782085E-6	3.156813595192951E-5
9.950763783179663E-4	7.404310204137222E-4	5.96198479289339E-6	4.1842440762468496E-4	2.2677829050098504E-7	2.3900451951438953E-4	0.004340214318033223	8.326444807829254E-9	0.0017702326653277816	5.971377538965764E-4	9.715357904901362E-4	9.683107231356963E-6	8.624043465978083E-8	1.606758383264731E-4	9.498860323481467E-7	5.047609166291047E-7	2.6507620255920714E-9	3.770784867308096E-7	1.1408663360852042E-10	7.306089290442586E-5	5.5992834477105616E-5	9.180014224742268E-5	6.857438904580729E-5	0.001556041211190005	9.72818377856542E-6	0.005355077766609001	0.00534200058048292	0.0026840734980356847	1.9052678186457314E-9	9.029342919423684E-10	3.164990282186273E-7	1.507391758857037E-4
2.9870231465465983E-4	2.223694935497715E-4	1.7932091771563837E-6	1.256685256935259E-4	6.806519525060153E-8	7.181525331983039E-5	0.0013021163715647682	2.501709501449134E-9	5.314329824169934E-4	1.7925759861451402E-4	2.9168803873844465E-4	2.906971061994784E-6	2.5941484361434586E-8	4.8264401295501424E-5	2.852907713332472E-7	1.5156771209528749E-7	7.957026068564887E-10	1.1322140642594691E-7	3.4248228062482085E-11	2.1922027887653867E-5	1.6818172518313963E-5	2.7572967461130637E-5	2.0590441448774824E-5	4.6682350815024573E-4	2.9236154160864116E-6	3.928212476527153E-6	2.514346247606998E-7	0.0013394303467631845	2.615939008180564E-7	8.43631822208019E-9	9.501097735297646E-8	4.528185286091363E-5
9.453187058947319E-4	7.034066020188011E-4	5.663862465018872E-6	3.975015668637898E-4	2.154384977601272E-7	2.2705336797587946E-4	0.004123186794328588	7.910090322660552E-9	0.0016817141767036413	5.672785537413515E-4	9.229552386209709E-4	9.198914371235661E-6	8.192807895428988E-8	1.5264142418100693E-4	9.023880522263805E-7	4.795209160734315E-7	2.5182136590392325E-9	3.582231021297642E-7	1.0838186011911461E-10	6.940756532545903E-5	5.319297591683147E-5	8.720977963216816E-5	6.514540403409153E-5	0.014165451682154207	9.241736916521413E-6	1.2423276177401126E-5	0.0	1.2423276177401126E-5	1.8099970494220121E-9	8.577840806650012E-10	3.0067285114165294E-7	1.4320163334274077E-4
3.6336369724177016E-7	3.281677371965231E-7	3.6474330989668934E-8	1.7006613776061484E-7	7.943363209707941E-11	1.3795111055754783E-7	9.815111547076638E-8	3.53363452369454E-12	4.898276730636177E-7	2.0476744495150138E-7	3.282053106039209E-7	3.424358517849268E-9	2.6040238238613685E-10	6.901649208612393E-8	1.5734993027709533E-9	1.3819450528700688E-10	6.090519132476965E-13	1.6065933831332504E-10	3.716507563828643E-12	6.229459229020904E-9	2.57311041633784E-8	4.774327172438724E-8	2.943897010599435E-8	2.03373041553458E-8	2.5325025610308346E-8	5.048065153724459E-9	0.0	5.048065153724459E-9	1.1667972035384636E-12	7.894192431563778E-8	1.0397608918236394E-8	7.96949805448863E-8
8.827135417197426E-8	9.115573142452906E-8	5.318544425621288E-10	4.572947523197885E-8	1.860489139257116E-11	4.319566536658812E-8	2.683149317570109E-8	3.8715849242072947E-13	1.224828737948541E-7	4.883170657558362E-8	7.916029953647065E-8	8.145235986180969E-10	3.181461193727758E-11	2.1233456189785612E-8	8.121543297687799E-11	3.749726017105414E-11	1.2334510964768604E-13	4.866219646602357E-11	1.0554807642052987E-14	1.7583237220133868E-9	7.402538739682458E-9	1.8937850557823152E-8	7.113470672184891E-9	5.352192652964748E-9	1.578789575408436E-9	1.2610065733687729E-9	0.0	1.2610065733687729E-9	1.7338568218441913E-13	8.049210055650289E-14	2.9066057267476006E-11	3.197909136355186E-8
5.919493977784466E-5	2.2854666043854182E-4	8.231881569472946E-8	1.2356294612699804E-5	2.7408052763656524E-9	5.950620984591966E-6	4.1835103690539506E-6	7.900801391191938E-11	4.0757641279694294E-5	1.028042818668023E-5	1.947879445492753E-5	1.6816738819168798E-7	2.401479289321116E-9	4.964703504974612E-6	1.932474175992579E-8	1.1485568825781735E-8	3.93751618270075E-11	8.478452516149037E-9	2.1165580790941043E-8	3.124210948477634E-7	1.5996537705192146E-6	2.183627622600473E-6	1.6612559217875991E-6	9.392991388465948E-7	1.4930429267822362E-6	3.7523999622555466E-7	0.0	3.7523999622555466E-7	2.7003743580439286E-9	1.7749239831805082E-11	5.922185130280952E-5	3.2512204966488155E-6
0.009264825346367129	0.005872406181522398	4.6479669165939755E-5	0.004576528206584394	1.666333045552109E-6	0.0014420293248747454	0.002278826775926608	2.8549590371863143E-8	0.06249289559119837	0.01061511902654557	0.020225654159544745	1.521769462374683E-4	6.915697508653774E-7	0.0014829950028785689	7.205746952257635E-6	4.303612746761089E-6	1.3533138691093287E-8	3.0377831205138412E-6	1.1768835584788168E-9	1.6160799564267546E-4	4.366623093706092E-4	7.200170842060825E-4	5.835492049832716E-4	5.415276420096736E-4	7.744977428249059E-5	2.348492822365309E-4	0.0	2.348492822365309E-4	3.7950739887312963E-8	1.1907935063261376E-8	3.2725635676576837E-6	0.0011209895897295022
