32
NULL,getrlimit@__getrlimit,open@__open_nocancel,read@__read_nocancel,stat@__xstat,open@__open64,close@__close_nocancel,munmap@munmap,rt_sigprocmask@sigprocmask,exit_group@_Exit,rt_sigaction@__libc_sigaction,sched_yield@sched_yield,time@time,mmap@__mmap,mprotect@__mprotect,write@__write_nocancel,syslog@__syslog,getpid@getpid,writev@__writev,close@close,fstat@_fxstat,read@__read,mremap@mremap,socket@__socket,fcntl@fcntl,connect@__connect,lstat@__lxstat64,openat@__openat64_nocancel,getdents@__getdents64,lseek@llseek,madvise@madvise,write@__libc_write
0.8983384178946325	4.4351704839695835E-6	7.28044801476825E-6	3.2929023584202826E-8	3.070381596467629E-7	4.566655814900556E-7	1.8970335410179136E-10	3.931395949473196E-6	7.384127978770609E-5	1.712862258273644E-5	3.21889241954995E-5	2.694147040653679E-7	1.2905312440864082E-6	4.517167009077422E-6	2.885558407670657E-9	1.8223011005562266E-7	9.239677638258424E-7	1.070527227733979E-6	7.37747492777337E-7	6.071401769293436E-7	6.910537381308536E-8	2.8431928523646506E-10	1.1678605012125474E-9	2.2016570369291712E-7	0.0	2.2016570369291712E-7	3.0151943542691213E-9	1.5896659367861226E-9	1.8417287425905071E-9	7.726829729074743E-12	3.7549796179940994E-11	1.74416873725917E-6
2.342901557657912E-6	1.001643678022059E-6	3.582698900252505E-6	8.680613116229553E-11	6.16536848853015E-11	2.8841858588458075E-9	7.305334827890292E-13	2.6809483796896793E-8	1.8184091592920558E-7	6.45190394238915E-8	1.283343530936169E-7	1.1511867810491466E-9	4.423933947288127E-8	9.291591430778066E-8	8.643370280887002E-11	1.0784919832839376E-9	7.670853350921641E-9	8.5525023753338E-9	6.948838554871181E-9	4.145716740827059E-9	3.993388461252515E-10	1.510338017197743E-12	1.0177101454340502E-11	1.3738630147552467E-9	0.0	1.3738630147552467E-9	2.5247531717148395E-11	3.5802482360505405E-10	5.447339228156278E-11	4.2336177922877865E-14	3.4918604948230574E-13	1.5065387129722256E-8
2.5301631604809395E-6	4.157004566100905E-7	2.0441882768074503E-6	3.084651933883893E-6	3.6899010384599542E-9	1.9541998454296877E-8	5.39907143569392E-9	4.649776578576273E-7	1.8786090514904331E-6	5.082374895649429E-7	9.495551739007766E-7	8.30544564930326E-9	1.2676726461592452E-7	1.3326184800101312E-6	4.325764605662431E-10	8.302729128447387E-8	3.7190569404248867E-6	1.2750386423680136E-7	7.182366445526449E-8	3.507250314893697E-8	6.931873774294509E-8	2.1266620207979364E-11	1.0198129108308852E-10	8.883810018417679E-9	0.0	8.883810018417679E-9	4.161447831090551E-10	2.323237336867286E-9	3.505485422410119E-10	2.5611602924665227E-13	9.354285197227692E-12	1.9507942090954632E-7
1.0282929535736403E-6	4.101308557594557E-7	1.0859469316609438E-7	5.802651459708323E-9	6.008729839265186E-11	2.3382588577066707E-9	1.1825060786606536E-12	1.6569046116178724E-8	3.0604076403385196E-7	7.059081526932574E-8	1.373237225228678E-7	1.1298688731725928E-9	2.5987721669681054E-8	9.865048022706604E-8	4.50412105130495E-11	4.3350058640971266E-7	5.400966396569085E-9	7.951761880759977E-9	4.596391343105389E-9	3.5850734403513958E-9	3.8095313690369225E-10	1.5866269762466875E-12	9.079305550713116E-12	1.0963572774773587E-9	0.0	1.0963572774773587E-9	2.4224084305166228E-11	1.902653272768361E-9	2.45863946320202E-10	3.4437907831731584E-14	2.5256267069063106E-13	1.3858627807036729E-8
6.019664336621726E-8	1.6232651172986328E-8	1.3832971435587952E-8	1.4270848372723378E-11	3.526865226543167E-11	4.520176086694143E-10	1.3291824031131126E-13	1.8607905474281819E-9	2.9082759894468373E-8	1.1334897703163973E-8	2.1757883744610985E-8	2.0171444038352394E-10	7.3265236914679624E-9	1.5179094015819753E-8	1.3851949298466905E-11	2.162090025801693E-10	1.249019017089909E-9	3.012859677723942E-9	1.0061897504000725E-9	5.487228990916156E-10	1.2675367848048688E-10	3.4009821694226464E-13	1.003164095739029E-12	2.2236348140769187E-10	0.0	2.2236348140769187E-10	5.411626768493839E-12	5.811117415116785E-12	2.3207545878784775E-12	7.24646543487202E-15	4.911775092908488E-14	1.4378063660026836E-9
2.8082460985436787E-7	6.59617463984656E-10	9.873587521703674E-8	3.0789572170896833E-10	2.9370579609209744E-9	1.2708930029415614E-8	5.321625409652753E-9	2.7554584163567097E-7	2.619948570187438E-7	1.1950207062602802E-7	1.888051823397575E-7	1.9885098046196074E-9	3.696010623402827E-8	4.420137592275619E-8	3.8278485845534045E-11	9.735850856531185E-9	9.971182270084843E-9	5.0988906230613624E-8	8.926097826039928E-9	9.252526898296592E-8	2.3122892092460677E-8	3.835833880173885E-12	2.0888573517312158E-10	1.2594368513344427E-9	0.0	1.2594368513344427E-9	4.154946142598763E-11	2.9885401982560266E-13	8.989258177364189E-12	5.687696161137266E-14	6.610844333176601E-13	7.338033336644999E-8
2.2137339595766335E-9	7.298561363185293E-10	4.0395792524829675E-10	2.7071644327006194E-12	2.581160098617102E-13	1.178849820015747E-11	5.814895183611699E-15	2.546916279863967E-10	7.051804995913101E-10	2.8602904725704846E-10	5.29442820936169E-10	5.031162890202871E-12	6.420161621526296E-11	1.4744540857622027E-10	1.1393236770768581E-13	4.986183361641266E-12	3.272108066265262E-11	4.841921832879455E-11	2.7456985162759844E-11	2.6509433486688512E-11	3.1966662885424868E-9	6.7759786437984074E-15	7.913570798417869E-14	5.06071729418855E-12	0.0	5.06071729418855E-12	1.152064029990236E-13	2.610439140749071E-13	6.875320314447172E-14	1.7406088842884694E-16	1.2716264173135837E-15	7.624032692111715E-11
2.6095610739235472E-6	3.178077074980601E-9	5.493769343996912E-7	4.130062884895946E-9	1.0855405699025248E-9	2.1102048822354104E-8	2.5800245386927783E-10	2.1783984489492542E-6	1.7263246878755654E-6	5.078033420310239E-7	9.6053816061145E-7	8.5149800551791E-9	1.7992601464429253E-7	2.3079492619755895E-6	3.645988319728407E-6	2.134915821160658E-8	1.990110799537248E-7	2.7002337894927904E-7	6.683468050620733E-8	3.5721689639818365E-8	7.593033810194945E-9	3.1701180248583484E-11	5.358301420507195E-10	9.758426039300548E-9	0.0	9.758426039300548E-9	2.545845209079362E-10	1.4480215998004734E-12	7.04448343882473E-11	2.775962959474036E-13	3.2890354171573763E-12	3.4222913846565473E-7
3.512038601681354E-5	3.132611300782423E-8	1.4591193864443276E-6	6.473279293132356E-9	7.080382548166402E-9	1.8343043858171562E-7	1.0159643919524779E-10	5.311026106808034E-7	1.3283819335145777E-5	1.889712783497764E-5	3.419449317824932E-5	2.423155224324429E-7	5.395466600374136E-7	1.8874472217115985E-6	1.0930119049938884E-9	1.1684754878464614E-7	1.566385210680712E-7	4.7567440370393955E-7	2.677902980144901E-7	2.581762317120076E-7	3.311363063774911E-8	1.937365047662517E-10	3.715707342284959E-10	8.438619404319851E-8	0.0	8.438619404319851E-8	1.1612048849114352E-9	1.2467161652388522E-11	6.573824528968672E-10	3.4845369059515575E-12	1.2972891408423004E-11	5.83687925779079E-7
3.571099250382706E-5	2.9811672900427645E-8	6.767859972796765E-7	3.2934736405875045E-9	2.552715410454342E-9	4.666879792191862E-8	9.24874877858304E-11	2.343603210545349E-7	3.699479249017487E-6	9.091848093064371E-7	1.6507744105210786E-6	1.4272428202992749E-8	1.5635345359817353E-7	1.1403942938068337E-6	4.067750091873967E-10	9.770823929987612E-8	7.224212916191616E-8	2.1340654249055085E-7	1.1773640819845087E-7	8.274507723311537E-8	1.2639933403304758E-8	6.979366522371931E-11	1.4778471718996322E-10	1.548307766756959E-8	0.0	1.548307766756959E-8	5.318130289258193E-10	1.1331629812010997E-11	1.1065982227370002E-10	3.999562682574489E-13	8.763868140102174E-12	2.647191307468448E-7
3.323188694521328E-5	2.858853342070749E-8	9.690113051735844E-7	4.332769263152667E-9	3.965384688050247E-9	1.1472962566034274E-7	9.035902820881919E-11	3.375870284152205E-7	8.042267620004589E-6	1.8235156396993976E-5	1.349322486170365E-5	3.1383701437260405E-7	2.936403956613916E-7	1.372799245516953E-6	6.92341649481304E-10	9.871670222936649E-8	1.0430108006363395E-7	2.962996547260275E-7	1.6646331777973166E-7	1.516318047338022E-7	1.9186574240230215E-8	1.0770142126167289E-10	2.1986858185658522E-10	5.100900123805267E-8	0.0	5.100900123805267E-8	7.327175292963948E-10	1.1095658125830899E-11	3.9206472848189534E-10	1.7850872735913783E-12	1.0168658029738146E-11	3.64316479815025E-7
3.60997276270258E-7	3.073795606585696E-10	9.228837111793141E-9	4.2808712461898673E-11	3.887132071878185E-11	9.090499187657426E-10	9.664692505500351E-13	3.2565423339843345E-9	6.731162688101957E-8	1.9868481789344176E-7	1.3442916538540754E-7	1.1151383093551923E-7	2.709734038827218E-9	1.380269901802847E-8	6.229938295045963E-12	1.0481329302519408E-9	9.886995138213093E-10	2.9270930296597282E-9	1.6323017440911467E-9	1.36660765655281E-9	1.8733982964653837E-10	1.0617697633904091E-12	2.147595487154017E-12	3.778078623036204E-10	0.0	3.778078623036204E-10	7.230367846920798E-12	1.1850209220366483E-13	2.871591479993667E-12	1.3515294385315971E-14	1.0197727900745797E-13	3.6108012856501055E-9
6.749389876036619E-7	2.851998508764756E-9	1.168266419290447E-6	1.909242656333637E-8	4.322357569089479E-10	1.24456893326783E-8	5.150116327975473E-12	6.676729713253545E-8	7.595131000576514E-7	2.553245147075986E-7	4.902270521198076E-7	4.431678247054644E-9	4.236009545926176E-8	8.286336917406832E-7	9.467690960096412E-11	9.74908412332222E-9	5.0934781777138454E-8	2.1042190486544654E-7	3.8024262932829696E-8	1.7715103216189883E-8	2.1804894802276603E-9	1.1907525689302988E-11	4.2173240169765144E-11	5.988676404235369E-9	0.0	5.988676404235369E-9	3.1599849818500054E-10	1.6121713143761752E-12	3.7569639619845786E-11	1.537989669898416E-13	1.8356416862727215E-12	6.215134684106724E-8
8.610155211003114E-7	9.441087158815116E-10	5.271152857038001E-7	7.858009463720063E-10	6.227012800127964E-10	4.38656385099213E-8	2.5740787038090557E-11	7.505976851042694E-6	8.640571341162684E-7	2.559177902470043E-7	4.909224116658932E-7	4.329126138960196E-9	4.1752853972277766E-8	6.375604264484694E-6	1.953236644898229E-6	3.338169154135544E-8	3.695732065824522E-7	7.140101791616626E-8	3.262527908287956E-7	3.011436627524453E-8	3.3409634405094734E-9	1.7674399732853836E-11	5.1943276982416494E-11	2.2948324546751104E-8	0.0	2.2948324546751104E-8	3.416215601935423E-10	7.059408595848995E-13	3.8209129066597485E-11	1.4456327947432536E-13	2.8447393402415777E-12	1.1432004798961541E-7
4.1298641651729373E-7	4.3222350605489597E-10	7.828627819246208E-8	4.055431758553175E-10	6.215945939165997E-10	6.914639386842173E-9	1.3602394905384585E-12	2.8339047851284834E-6	4.0197743685914623E-7	1.5573758577189865E-7	3.134073157037741E-7	2.8352769454174074E-9	2.5888132535486582E-8	8.628052407403717E-7	9.107707599203297E-11	1.8473893700966232E-9	8.045598017703186E-9	3.400487952854707E-8	8.029508397526555E-9	1.0978017294299602E-8	2.425137466005792E-9	1.85576581293404E-11	2.924696714244457E-11	3.2290291851249998E-9	0.0	3.2290291851249998E-9	7.647585096416283E-11	2.059433665244309E-13	3.242791815305442E-11	1.0865354087733686E-13	4.326933387443022E-13	4.2820196504365714E-8
1.1450317825093338E-7	1.3786508568471975E-10	1.082549902705737E-6	8.759244279315554E-11	3.3533220972885696E-11	1.6997081096700604E-9	1.6252606047404134E-12	9.33762770584707E-9	2.646029927705513E-7	5.142868680480496E-8	9.821006447169213E-8	7.698308863936209E-10	4.097492280117006E-9	2.165941304570544E-8	1.1761467150660462E-11	4.3440534778528334E-7	2.0770418925672844E-8	1.284307313726351E-8	3.1587981492025394E-8	2.226737492563926E-9	2.22622316526166E-10	8.15636940928214E-13	5.0888435963414084E-12	8.201932670692233E-10	0.0	8.201932670692233E-10	5.1568496186707085E-11	1.524178373455234E-13	4.636992035101766E-12	2.007862304637507E-14	1.8045049840563188E-13	8.330394573358396E-9
8.097207874578678E-7	8.862516596633061E-10	1.8005384656458754E-7	9.148231090867517E-10	5.704722488316229E-10	7.747904283035684E-9	4.8879862329156376E-11	5.121130936694381E-8	1.08107606039876E-6	2.693542276517528E-7	5.036820963825771E-7	4.31155418657109E-9	7.853264029312845E-8	1.626014105098747E-7	2.6662355011848757E-10	9.646426768122433E-8	1.7701914585384623E-8	3.906264925790143E-8	1.6383104388717404E-8	1.0557154446467248E-8	2.5147463161708188E-9	1.0363575418943915E-11	2.312252936590155E-11	3.731053029791707E-9	0.0	3.731053029791707E-9	8.74485897223823E-11	4.364836924685726E-13	2.9532261843643484E-11	1.2788488664375818E-13	4.637263924577984E-12	5.9587755705665824E-8
6.923193893488144E-7	4.238731139315744E-10	2.129899335703575E-7	4.704574324602927E-10	1.3365894185806737E-10	9.085024425966393E-8	6.6170283246329515E-12	3.3867892977743764E-7	4.2216854931381624E-7	1.3492623992455234E-7	2.5967923274613907E-7	2.3223265624931263E-9	8.515404268841953E-7	7.193797388933405E-8	4.781543400283655E-11	1.1573678784717165E-8	9.759026621564405E-8	3.447871367676599E-8	7.529537035401168E-7	4.1430994963787195E-8	9.016358894095796E-10	3.2025507433080914E-12	2.0210930075180256E-11	4.8916635515773E-8	0.0	4.8916635515773E-8	4.071694236273547E-10	4.0593237748418673E-13	1.792335318446442E-11	7.950249925774148E-14	7.725990371324095E-13	3.320281191733291E-8
4.1283404809928745E-7	4.2935403964869327E-10	4.964932178415963E-8	1.7995895200990157E-10	1.5526558699781168E-10	3.1929426592639666E-7	3.697505122727426E-12	1.685764491419095E-8	5.392202213088785E-7	2.050767264378014E-7	4.0956884821261335E-7	3.708491148354077E-9	1.4744417705796371E-8	4.215961980703813E-8	4.1367845979420256E-11	4.387774175782052E-7	5.350200592311632E-9	1.1690670760502633E-8	6.635694364940663E-9	1.2334494029512046E-7	7.695035095041634E-10	4.123037371264706E-12	8.931436658969837E-12	1.7297642940372454E-7	0.0	1.7297642940372454E-7	3.0723901505455183E-11	1.9308742946667925E-13	3.1494879472745816E-11	1.3914196927024885E-13	4.973706622865032E-13	1.484239126365762E-8
3.069908275733385E-7	3.179213594953953E-10	4.2497212687493724E-8	1.9315195483004964E-10	1.6418802753245177E-10	2.75304521075323E-7	6.866138412778941E-12	1.8604148947607366E-8	2.7690160851861885E-7	1.3475790019322534E-7	2.0112810751649625E-7	2.208296464166092E-9	1.2033489158361713E-8	2.954376614692513E-8	3.344697783110426E-11	1.2920162423793632E-8	4.318272046021771E-9	1.1186048234290045E-8	6.118773054721089E-9	9.036450027231593E-8	7.728940573679737E-10	4.5949112256154686E-12	8.742408737582479E-12	2.3254188817154747E-7	0.0	2.3254188817154747E-7	2.937524673768687E-11	1.4728846888711558E-13	7.914106135460535E-12	5.899863544153172E-14	6.735066301390215E-13	1.6568192674014472E-8
3.0769807806092826E-8	3.6196088900998965E-11	1.168393313037929E-8	1.4886978759116017E-11	1.2439203710688277E-11	6.77683609179658E-10	2.2624500897274265E-13	1.0209052691538716E-8	3.5528191054214016E-8	1.4521738683688596E-8	2.7067191759028988E-8	2.5658766019350066E-10	1.5243320253502385E-9	1.66302056708056E-8	3.0947635494833805E-12	2.364052176808075E-10	1.218172039951985E-9	1.7445769120853226E-9	2.160321677724495E-9	1.7470422132820154E-9	3.110859194047509E-10	3.2727746149051537E-13	2.091534137011087E-12	3.289339053965789E-10	7.275073397743113E-11	3.289339053965789E-10	5.49390808675695E-12	2.180085801402777E-14	2.915477700270919E-11	8.623834133885225E-13	4.0827716979381065E-14	3.235091646597848E-9
3.849327926825798E-11	5.605496479418613E-14	1.0211667567273031E-10	4.94431703079438E-14	1.3183455266833186E-14	6.213099680189341E-13	1.0292960488695368E-15	5.408956230278639E-10	6.431639480044121E-11	1.5239201828681853E-11	2.8085134736187978E-11	2.3864601798143493E-13	1.7272563210546E-12	9.692797269973627E-12	3.932527908495107E-15	7.969265000894691E-13	9.660286086134198E-12	5.276566230980152E-12	6.8694106248208825E-12	8.824227307752485E-13	1.164617262330104E-13	3.2231008237128703E-16	2.4264971539030025E-15	2.9687951539810267E-13	0.0	2.9687951539810267E-13	2.14046069020974E-14	6.202819950430686E-17	1.4524810779001658E-15	6.684324546194163E-18	3.712854086048215E-16	6.1430647586604E-12
2.460512521047581E-10	3.270503059404722E-13	2.488405013199729E-10	2.4231642744497194E-13	8.258327254155622E-14	4.275799845696057E-12	2.70394839154678E-15	2.8617433604502395E-11	3.4354571660726457E-10	9.175907355542901E-11	1.7295124512229126E-10	1.5017295360929565E-12	2.2730595358904804E-11	8.317265743296318E-11	4.928286714811202E-14	5.0777168284969526E-12	2.8307272925122005E-11	3.9633004142885304E-11	1.582784815914722E-11	6.411470858517691E-12	6.1713468822354E-13	1.9857365018796406E-15	1.6866658425435574E-14	2.018363213173903E-12	0.0	2.018363213173903E-12	1.6007479876327374E-13	4.4124797325468246E-16	1.0497253974383803E-14	4.6611227771510284E-17	3.919589468304623E-16	7.21962414491029E-10
6.941781541105205E-8	7.230859943521161E-11	1.115289982326398E-8	4.2874688494843904E-11	3.644855131203311E-11	1.7463007191537108E-7	1.4953273469742686E-12	4.2039832263415695E-9	6.874675367038856E-8	3.0688945568734896E-8	4.6584963527384056E-8	5.003567454366334E-10	2.75650337444034E-9	7.049044190985572E-9	7.566220385582302E-12	2.824189763932006E-9	1.1511429251148637E-9	2.74566292452923E-9	1.4531836471298085E-9	6.567909977310063E-8	1.7275895431407123E-10	1.0099947515501132E-12	2.011828734037604E-12	2.2670573754255072E-7	2.26463577930533E-7	1.1347377992375238E-7	7.650273674647847E-12	3.575550826812212E-14	1.8600605061530294E-12	1.3356571917892024E-14	1.477705036857488E-13	3.764452225259045E-9
2.0834236219509365E-8	2.1701879863487394E-11	3.3496653749322327E-9	1.2869227924416604E-11	1.0937629646060945E-11	5.238908902056947E-8	4.48684532340683E-13	1.2647932189275597E-9	2.0634026046770446E-8	9.210453747008324E-9	1.3982956902067644E-8	1.5017482315727532E-10	8.283387506906267E-10	2.1173225509365842E-9	2.2721222513114633E-12	8.473171415607534E-10	3.457259238870352E-10	8.246419096095755E-10	4.362650373017113E-10	1.9704007755074734E-8	5.1959677342523435E-11	3.0307906548588813E-13	6.061107365744428E-13	7.27249838488598E-11	7.241120548116599E-12	5.66887037932481E-8	2.2964767466807206E-12	1.0732366367096129E-14	8.075802451915437E-12	2.391606106101685E-13	4.4346597648166E-14	1.1310811194669626E-9
6.594665581484265E-8	6.869288944301796E-11	1.0595211641666131E-8	4.0730788034679425E-11	3.46259825967037E-11	1.6589789205165172E-7	1.4205551888591109E-12	3.99376778478655E-9	6.530914975994887E-8	2.9154379445072303E-8	4.425553494727637E-8	4.753369704960644E-10	2.618667530953846E-9	6.696564683488019E-9	7.187880065551608E-12	2.6829693388503458E-9	1.0935813209724651E-9	2.608369145518741E-9	1.3805188372114866E-9	6.002444966306187E-7	1.6412033757645894E-10	9.594911026927595E-13	1.911229506379215E-12	2.3005069363592927E-10	0.0	2.3005069363592927E-10	7.2677303646612565E-12	3.396759438884902E-14	1.7670502776226266E-12	1.2688691597678562E-14	1.4038140624918754E-13	3.576215035874672E-9
3.711932723923605E-10	5.585787924496504E-13	5.725015533632903E-10	2.0327897766545558E-10	1.2316233077034771E-13	9.234232097901346E-12	1.2204420199989562E-14	6.555215579202394E-10	4.693819191453183E-10	1.3017470274596884E-10	2.49362389521954E-10	2.1682186647086525E-12	1.059843102480696E-10	1.4057101867938933E-10	9.723024554599343E-14	5.958721045816861E-12	5.0584649319242477E-11	1.415347491983566E-10	3.5350252549920046E-11	3.725329504770711E-11	3.6558021959798056E-12	3.1444097160152137E-15	3.553173840579342E-13	2.8763475878862717E-12	0.0	2.8763475878862717E-12	4.138871447605971E-9	1.5520166010368384E-9	1.6046427145487188E-14	7.018192446270516E-17	1.6959300288590152E-15	2.9175877523321893E-10
8.855211679060793E-10	1.7492568350931335E-11	3.2055494299577064E-10	8.340102747240981E-13	3.497376553825654E-13	1.7064169141621328E-11	5.00792043895631E-15	1.1011222870275055E-10	1.0779068252921712E-9	4.160499220352105E-10	8.295123344841352E-10	7.534474120827259E-12	2.225245291412743E-9	4.4289154312491867E-10	4.13785422278254E-13	5.419836623779372E-12	3.157616817478653E-11	4.733827062572081E-11	2.715925549921561E-11	1.992092794475207E-11	7.999008659129121E-10	9.35621473522981E-15	5.395520102399974E-14	8.43340733215841E-12	0.0	8.43340733215841E-12	1.1231982371124967E-13	6.430341124939295E-15	5.040501417068567E-10	2.8302917359340153E-16	1.6179839095571783E-15	6.072022308319895E-11
1.2586214865635366E-9	1.7475939209777524E-10	1.7316670502595105E-10	3.817504680118942E-13	4.972477518004184E-13	6.754791886103828E-12	3.3581048655109134E-15	9.348480049361136E-11	6.176377931016247E-10	4.212223442837547E-10	6.005921901840112E-10	7.041051886513661E-12	4.35349405748625E-11	1.0430603799261497E-10	6.656646013442384E-14	4.744851077657752E-12	1.556839959351876E-11	3.3631263817608895E-11	2.1277933106412038E-11	1.516800012590222E-11	3.2293366507779486E-12	1.3799915974199863E-14	3.3038224717426926E-14	2.9311122537437735E-12	0.0	2.9311122537437735E-12	8.69326640751127E-14	6.255862375310824E-14	3.0364429450401005E-14	2.2736471997276986E-12	7.554796930324572E-16	4.0051654319427696E-11
3.75282632769655E-12	4.083507511196051E-15	1.0469696723120095E-12	2.286513416860748E-15	1.9253070745872805E-15	4.8035874168486977E-14	2.1525839639008827E-17	1.7106012023990353E-12	2.8331802747141376E-12	1.6752345173079123E-12	2.5173922369006225E-12	2.8187545762454147E-14	4.97789574414672E-13	6.994802893017955E-13	4.894800862794349E-16	2.6798742337760638E-14	1.1316617245165973E-13	5.831134900193837E-13	1.1060377030606983E-13	1.796972485520174E-13	1.9016842365488637E-14	5.28484805741838E-17	1.419778765645079E-15	1.597227277134279E-14	0.0	1.597227277134279E-14	6.134233945991448E-16	2.4298696425705598E-18	1.1152049029621325E-16	8.00472395970321E-19	3.519726291299398E-18	1.0765196066246039E-12
3.139833186730768E-11	3.695804596152644E-14	7.441785161777845E-12	4.5010516889916225E-14	5.9032308372902684E-15	1.752562646044937E-13	3.136560923622987E-15	2.232118990806051E-12	2.0582259999214806E-11	6.36834766791338E-12	1.0704810418455243E-11	1.0178190891408304E-13	6.312131480281178E-13	2.29201991300719E-12	1.1998549340870874E-15	1.685480617376708E-13	7.863763791472371E-13	1.1383853929886042E-12	6.313756074113329E-13	2.872061730749142E-13	5.50824437822909E-14	1.5986106069522278E-16	7.195598987737778E-16	8.199801738094048E-14	0.0	8.199801738094048E-14	4.303337991486707E-15	2.0924083044137287E-17	4.892487505990289E-16	2.782564695195504E-18	2.0410201276238425E-17	2.229798262251296E-12
8.229780338989886E-7	2.5260376981535958E-9	6.111309542011237E-8	2.4299641900169615E-10	2.2165429555715883E-10	1.0707894888618682E-8	2.64193275357159E-12	2.0919989935355095E-8	2.726020067217631E-6	5.013371905237008E-7	9.611922625683217E-7	7.363885190636984E-9	2.1708519589556837E-8	7.708508788359083E-8	4.9041387717993275E-11	3.1454966281981273E-9	6.544716843200174E-9	1.611144389926092E-8	1.0505838749498006E-8	1.1248047315936491E-8	1.1644844804012788E-9	5.915220160415884E-12	1.3313449590955667E-11	5.338767174200963E-9	0.0	5.338767174200963E-9	4.116649667101362E-11	9.511598377792097E-13	4.1160518325450217E-11	1.8406399634754365E-13	4.608082921151867E-13	2.0444444612359816E-8
