32
NULL,open@__open_nocancel,fstat@_fxstat,mmap@__mmap,read@__read,munmap@munmap,open@__open64,close@__close_nocancel,rt_sigprocmask@sigprocmask,exit_group@_Exit,rt_sigaction@__libc_sigaction,sched_yield@sched_yield,mremap@mremap,time@time,read@__read_nocancel,mprotect@__mprotect,madvise@madvise,lstat@__lxstat64,openat@__openat64_nocancel,write@__write_nocancel,syslog@__syslog,getpid@getpid,writev@__writev,close@close,stat@__xstat,socket@__socket,fcntl@fcntl,connect@__connect,getdents@__getdents64,lseek@llseek,getrlimit@__getrlimit,write@__libc_write
0.6902159919236315	0.011537613575766291	1.230942756764596E-4	0.008315755882510887	7.735413328997978E-7	0.006809474926005613	7.656700600528357E-4	6.811036685768636E-8	0.1905319870348275	0.04600009999533332	0.08611944165927084	7.237388660869372E-4	3.113244765434622E-6	0.0020104835170575213	7.252175055560172E-5	4.226551515767419E-6	7.13660148784501E-8	7.960472761137114E-6	2.310693690620691E-8	3.183502131475654E-4	0.001606287063772718	0.0020076455465535986	0.0012410856326092966	0.0010794923741339086	5.694944105758598E-4	3.6757499166568714E-4	0.0	3.6757499166568714E-4	7.147214429707081E-8	1.8506823543689655E-8	6.448541595474679E-5	0.004338538904494207
0.003086492540476091	0.006599259191400846	3.285884767563084E-4	0.004132571795328874	1.0001707468460372E-7	0.002055124562330313	5.510751964076535E-5	1.7598446306889632E-5	0.008471938374849617	0.002284524224127726	0.004259865860026889	3.6934215060685225E-5	3.717999496656824E-7	3.298023775997594E-4	0.0033268724839999662	1.1758040565935197E-6	3.227164116774993E-8	1.7925506299800478E-6	5.772745800726692E-8	2.78922792862691E-4	0.013019444716616538	3.834384269218946E-4	2.612019243242501E-4	9.393870620302766E-5	2.5745826195460108E-5	2.559580988439465E-5	0.0	2.559580988439465E-5	1.1096363547196304E-8	9.954100470707946E-10	1.057900112662499E-5	7.212575335605232E-4
8.527187780205925E-5	4.1939903642107735E-5	1.4119235061718114E-6	8.131089764358946E-5	1.4655853207932986E-9	3.7536251202150235E-5	2.2316450695483766E-6	4.943145496288173E-10	1.7618060990353917E-4	6.861966123044535E-5	1.2746759434561721E-4	1.1917174202101834E-6	9.920593804060475E-9	4.868084192612538E-6	6.059678169562038E-8	9.335410910914945E-9	1.3295660379964817E-10	2.8961978981634984E-8	4.799359590833746E-12	8.067078025790522E-7	4.496753455465561E-6	6.051249838987059E-6	9.012595075315038E-6	5.9135944089868786E-6	2.8264415212845347E-7	1.0917739758833946E-6	3.703185359344284E-7	1.0917739758833946E-6	1.3900092503322755E-7	4.380116670045786E-9	1.2786373685227493E-8	1.435787570754552E-5
0.0017782108849429654	0.002385449949912294	1.2377880895458913E-5	0.019698169126911937	9.246008154304803E-8	0.026775640242008895	1.4701131915377045E-4	5.5619284726802465E-8	0.004137253627731018	0.0011845177443242545	0.002255503285716248	1.964259769762801E-5	2.689423625823253E-7	1.4698919652698702E-4	3.3167949902379925E-6	0.005998598443071547	1.174206123097605E-8	1.8787302451448253E-6	1.2354114562463593E-10	1.198116075214645E-4	0.001348056365902786	2.708400974486335E-4	0.0011604467495381857	1.0354418924142174E-4	1.548838199024992E-5	7.689132084965147E-5	0.0	7.689132084965147E-5	2.4319436161395723E-9	5.635604305847587E-10	3.1641493440360815E-7	5.690990261864362E-4
1.638986622045625E-7	5.716513480183661E-7	5.705586845247976E-10	5.513300070373775E-8	2.306686851711757E-12	2.9983148046415975E-6	3.124622375717608E-9	3.2498318401100924E-12	4.3801464633307814E-7	1.0841814254742659E-7	1.9955806141215038E-7	1.7019263770459727E-9	1.6691347082952378E-11	8.869174118567332E-9	2.614055421868352E-10	1.8958851386069152E-11	2.1154638451624266E-12	1.5495448020305913E-10	1.1366411867504636E-14	4.051649694756259E-9	5.359474750115807E-8	2.6671679193777612E-8	3.987180357540213E-8	4.424024924335989E-9	1.1293998917686774E-9	1.5036336623140474E-9	0.0	1.5036336623140474E-9	1.575182258641972E-13	4.2795314513827917E-14	2.7615776412818962E-11	3.482106321192219E-8
0.0034302801744598853	0.0026082331312555084	2.6950878192040468E-5	0.007312117700218761	1.734598978265828E-7	0.007534158350879465	6.930219008088996E-5	1.6149516265445938E-7	0.009633197156960963	0.002726349565220261	0.005070397830667662	4.453118237932142E-5	2.7472573350564377E-6	6.506345470915369E-4	1.8278938058870612E-5	0.01119724637500446	1.4295261344345315E-8	1.433712785796949E-6	2.5975499779158255E-10	7.765250440740637E-5	7.63079911480482E-4	9.830804546175872E-4	2.8103214633286354E-4	1.3177402508269254E-4	1.4248496763127356E-5	3.14459873061822E-5	0.0	3.14459873061822E-5	4.95734611323824E-9	1.2234609774040552E-9	7.010965305312034E-7	0.0017660655879109769
6.43478427856654E-4	3.5684342066320205E-4	7.523559560842523E-5	1.5258165820329267E-4	1.609437877156763E-8	0.001116502709199409	3.45912934207961E-5	1.7560120494261217E-5	0.0012450685024134284	5.256725838915009E-4	8.468105968974266E-4	8.642607450078465E-6	8.731196010981268E-7	1.127354064863415E-4	1.1179162717814624E-6	1.1909399982436057E-7	2.354157740098843E-9	1.8907159136547014E-7	3.97812854507211E-11	3.3371788952283884E-5	3.6019425687127605E-5	1.5392350850921912E-4	3.117906549670365E-5	2.619838279640613E-4	1.1978248795112616E-5	3.7168887086443774E-6	0.0	3.7168887086443774E-6	5.905555694077824E-10	2.1814325532473206E-10	1.0718099552939205E-7	3.08247774229432E-4
1.2614308611780045E-6	8.719159088905486E-7	1.1227707540469718E-5	2.55481195650903E-7	2.1825528531806062E-11	7.346446789863236E-7	2.2625865338998312E-8	1.473013518396841E-11	2.4995783470246077E-6	9.77983097925254E-7	1.7845099669952296E-6	1.684815884136072E-8	2.4829184568357407E-10	9.06183465055439E-8	4.740941715305509E-9	1.4033972141130301E-10	3.056243038133432E-12	4.339386859343017E-10	6.799560641939831E-12	1.2492983894641049E-8	8.678426954808894E-8	1.2292626937210157E-7	7.147102534167228E-8	4.03900769533693E-8	4.286504717857739E-9	1.0477872430015708E-8	0.0	1.0477872430015708E-8	2.607209212002963E-12	4.981449234593261E-13	1.9014811831364563E-8	2.6733784888501717E-7
0.1409831255229806	0.008489436933987307	1.6138114312569204E-4	0.010561906161738285	1.3545085707107825E-6	0.0045351920302874865	8.900244730332896E-4	8.144938994897742E-8	0.12755342335937092	0.12482371907160773	0.22564152007865185	0.0016375588895704942	2.872015098041217E-6	0.002468613267073255	4.7001899391763484E-5	4.783319592114001E-6	6.616022788962636E-8	8.186524436071388E-6	6.079115826667966E-9	5.088267044029949E-4	0.0010020583198045716	0.0023083849189577442	0.0013478589819553464	0.001277929425108678	1.394152273667567E-4	4.1439788179863096E-4	0.0	4.1439788179863096E-4	7.868974784667364E-8	2.3882700467222338E-8	1.687757126154472E-5	0.004224536834751845
0.14040326034549097	0.005196502302552911	7.50988858771897E-5	0.007303790506075461	5.709620835061822E-7	0.002774482309192971	3.413373750187356E-4	6.844731744597959E-8	0.06389943934802762	0.01563023933773469	0.02902923154458356	2.4574744481381685E-4	1.5000040517216352E-6	0.001014980371808748	3.1075109064059836E-5	2.2875690328233328E-6	4.780047917370894E-8	4.547150101667249E-6	5.839413253675331E-9	4.1691966290304563E-4	6.449301140190244E-4	0.0012161937659103891	7.120339869727169E-4	5.515119316040673E-4	1.0066148181030913E-4	1.3921828801915094E-4	0.0	1.3921828801915094E-4	2.467806995702758E-8	6.25327157570637E-9	1.625359335108955E-5	0.0023611062161631928
0.13236755226759048	0.006319976033666818	1.0167589941128905E-4	0.008201085648077326	8.054480718254023E-7	0.0033323893375847456	6.044666478445315E-4	6.956546808469016E-8	0.09038160096737227	0.11765187363197468	0.10036970101257425	0.0020016351701755094	1.913056067693888E-6	0.0015125826247707477	3.5639368182068304E-5	3.2783100509081085E-6	5.34909318474298E-8	5.6405958182696365E-6	5.5968997301556045E-9	4.2692718434610426E-4	7.644253519920285E-4	0.0015460994541889382	9.109270543860436E-4	8.242632264500949E-4	1.0900615160398226E-4	2.761173186692862E-4	0.0	2.761173186692862E-4	5.227735962914754E-8	1.3938627293569796E-8	1.556076752061232E-5	0.002904257973128399
0.0014341889775474003	6.301528855407069E-5	1.0155482342547978E-6	8.423971778585979E-5	8.063462749069928E-9	3.356806394810113E-5	5.236650134345951E-6	7.36840813941495E-10	8.503217603435618E-4	0.001275877738885579	0.0010084263540380337	6.475441453056658E-4	1.9285376151592108E-8	1.4625018064812173E-5	3.6438710584830337E-7	3.099926007865028E-8	5.444773556829742E-10	5.701486526742017E-8	6.02992205992124E-11	4.5222439100276505E-6	7.668998499125011E-6	1.5582459549370994E-5	9.126132753512927E-6	7.81269823875378E-6	1.1396790104670342E-6	2.306094137161326E-6	0.0	2.306094137161326E-6	4.2674820391794903E-10	1.1811289012915944E-10	1.6770926040662447E-7	2.9499260012404335E-5
9.898570381559983E-7	1.2187840045081201E-6	2.938882271300342E-9	4.34695435101565E-7	1.3152408356792612E-11	1.959944006517345E-7	1.9810342918968607E-8	2.3858825755035735E-12	2.2452802748605386E-6	6.11945776886688E-7	1.1500466889027732E-6	9.960908094403846E-9	1.1283998614620603E-10	1.1283951641613853E-7	1.2922424286788872E-9	2.348362646425198E-10	1.9845712068148565E-12	1.096437159640437E-9	7.00897811994693E-14	2.3906985669473367E-8	1.3755665887095953E-7	1.8855169554123763E-7	8.689077143218135E-8	2.9985366564206354E-8	7.966093699656407E-9	9.403373075746811E-9	0.0	9.403373075746811E-9	1.0430435396627822E-12	2.725507431476878E-13	1.6567568512371673E-10	3.670146951043152E-6
0.001743211110928069	0.0031058690889113603	7.30713043501446E-6	0.0026112858638382397	6.021616975218163E-8	3.0487802786355924E-4	3.697904493367765E-5	3.3556258629083402E-9	0.0034974888397438773	0.001145223156655815	0.0021879042257746655	1.956709933656177E-5	1.971718902036986E-7	1.426784899125252E-4	5.737166183226241E-5	2.9276662780103804E-7	6.7984217071058275E-9	1.4247977341186879E-6	1.2812150373278877E-10	2.9963979866726513E-5	1.6397332238659318E-4	7.126470566597132E-4	1.3596407837613127E-4	5.5832262908383286E-5	1.1471808384817853E-5	1.7718467101805764E-5	0.0	1.7718467101805764E-5	2.4113367006475416E-9	5.886252317779722E-10	3.2214396361449056E-7	2.712392037625573E-4
1.918261553795346E-4	8.252883385161446E-5	5.496333849296131E-7	1.824771523386774E-4	4.45049329485836E-9	1.8716099828695178E-5	2.628128072591394E-6	4.38596629698106E-10	8.717253443541271E-4	1.7313978207985622E-4	3.308859675304845E-4	2.588262943384569E-6	1.4035364750155828E-8	8.415154284760376E-6	1.401210415870322E-5	2.30671428222192E-8	3.263213756509925E-10	2.7219051358875144E-8	4.713856376033546E-8	0.0015241946843330021	3.3515172830607138E-6	7.822922493353154E-6	3.437091468500877E-6	4.118484942870345E-6	4.1825630040286095E-7	1.233130388915645E-6	0.0	1.233130388915645E-6	6.137019433350292E-9	6.042718109131402E-11	1.0001585955270822E-5	2.099052875932461E-5
7.357526677642268E-4	2.4151812951693185E-4	8.37463578789851E-6	0.0026461418049034137	9.729156306527506E-8	0.008753562676110722	1.675072669529122E-5	9.233604945665819E-10	0.00162100484877933	5.977122773429677E-4	0.0011911798408987433	1.0661055850858823E-5	1.4674816612121174E-7	8.055437220006842E-5	1.5683748065604014E-6	2.5737557613569657E-7	1.1982833985683038E-9	3.556000955634778E-7	3.993307816683698E-11	5.001303844553423E-6	2.512103595551064E-5	1.1479149702308911E-4	2.4190491575243114E-5	3.415465734499364E-5	4.191888886754808E-6	7.427445397127731E-6	0.0	7.427445397127731E-6	1.7423093114883117E-9	3.5302342385378445E-10	1.0868670750746097E-7	2.034875677532895E-4
4.5199368849146385E-8	3.0299960503879407E-8	1.8105333085775306E-10	9.368601438992096E-9	8.310263784808919E-13	1.2796197948022547E-8	6.333425952079697E-10	1.724957246500319E-12	1.1728327383043302E-7	3.514485846187385E-8	6.00702028656696E-8	5.570239112947599E-10	3.745440670205081E-12	2.205069027002605E-9	1.9879648163158906E-10	4.051086467396316E-12	9.534438499435196E-14	2.174876177595097E-11	3.260485390596112E-15	5.827224854441902E-10	3.117827658086897E-9	4.0250603931284434E-9	2.5723228891527883E-9	1.0257176755801865E-9	1.7355359129730468E-10	2.986554800526162E-10	0.0	2.986554800526162E-10	4.1430436274621215E-14	1.3537749864409622E-14	8.588709392107869E-12	1.1328692161423782E-8
1.420280571897994E-6	2.9586829500231286E-6	1.5933129030675757E-8	7.390981740728139E-7	2.1984991994441496E-11	3.518623875676703E-6	3.964936209264877E-8	4.982627069293258E-11	3.1642743055846795E-6	8.80560661052555E-7	1.6778548146584062E-6	1.4511525014950077E-8	1.965040109763853E-9	4.6587996144755003E-7	6.8881532072194E-7	4.79554417118219E-10	9.26513525685993E-12	2.106813177476939E-5	7.900131022290388E-6	2.8428573139075103E-8	2.591357346919819E-7	5.837900464013408E-7	1.928844013258328E-7	1.5699087852363594E-7	1.2158991733604549E-8	1.3060379302870826E-8	0.0	1.3060379302870826E-8	1.6076854334643376E-12	4.09725927856209E-13	2.526054545997129E-10	1.5528095254484223E-6
1.4504288748318745E-7	3.0063739057222923E-7	4.063042833376316E-6	8.028055863496069E-8	2.0961248743543065E-12	3.690256484365007E-7	4.028396017484428E-9	6.6064344482541266E-12	3.200046976387117E-7	9.118026086644077E-8	1.7548409825192747E-7	1.5189744235778784E-9	1.7840697025606196E-10	9.604958949694665E-8	1.5250813094769972E-9	5.3045942562143256E-11	1.0024215192234399E-12	1.2080199389322612E-10	1.547719528915421E-13	3.0720519251131796E-9	2.9339818807477384E-8	5.529332072012786E-8	2.1830046892894457E-8	1.4584468775081221E-8	1.2147056339808344E-9	1.4043624610460355E-9	0.0	1.4043624610460355E-9	1.2503109033648825E-8	4.3950361282069096E-14	4.298626421319782E-10	1.5079834997148985E-7
2.875922794793193E-4	0.0037869991205525416	7.023594857235844E-7	7.511342562974397E-5	3.6467250986189607E-9	4.3292600808201E-5	5.154622127798091E-6	9.074840016015907E-10	0.0010530279548422034	2.1723708141331452E-4	4.134236095834366E-4	3.283434860441172E-6	2.2961360481464362E-8	1.295438318844473E-5	3.281044154365973E-7	3.451100460654872E-8	6.175450757705745E-10	2.3015717189806586E-7	1.8157913349826568E-11	0.0015291674524715367	7.01378456521522E-5	3.982359840452376E-5	1.1203321468330479E-4	6.881950253677254E-6	1.7102207156237708E-6	2.496629188518889E-6	0.0	2.496629188518889E-6	3.091018738015018E-10	7.818786255978265E-11	4.4514383847572544E-8	3.505058432432201E-5
0.001455220871348482	6.805181740463506E-4	8.399848687938567E-6	5.932572337178212E-4	4.986293011213888E-8	2.6950114357627794E-4	2.2772818303541503E-5	2.6905503788764035E-8	0.004819972392358037	0.0012320035748975388	0.0023009148626578	1.9663435214495273E-5	1.1291131734741628E-7	2.7422198226057296E-4	3.947100363825921E-6	8.68552611528028E-7	1.651245276250588E-8	4.1478113068313137E-7	8.475902951947541E-11	3.3838812788769806E-4	6.646950648792222E-5	1.3086521911015336E-4	5.997963677886423E-5	3.348494684750782E-5	5.118045065226639E-6	1.0881888671227655E-5	0.0	1.0881888671227655E-5	2.016525577339603E-9	5.176207482351307E-10	2.2923470814315752E-7	2.910279469411641E-4
0.0012855165436952648	8.893097779192107E-4	3.3404197971362634E-6	2.916008331551455E-4	1.5310658417186107E-8	0.0012269086751105797	3.0966233948129734E-4	4.2561689792637685E-9	0.0021281844620920634	6.561519882066025E-4	0.0012537485426631174	1.1077584296158099E-5	1.0940563982461436E-7	0.0030012906105253367	1.7833647054764085E-6	1.5729554347446311E-7	2.827538468625077E-9	2.2392491580335297E-6	8.399487397647839E-11	4.158006284836457E-5	3.4896134707439094E-4	1.389985211219531E-4	0.0025865822238814533	1.427537192845748E-4	1.7783822937245586E-5	1.6668135340051953E-4	0.0	1.6668135340051953E-4	1.272544255836381E-9	3.260574020368202E-10	2.1422375366210668E-7	1.618244726656747E-4
0.0010179224146818673	1.5548953912577967E-4	2.178698901528667E-6	1.309108314513784E-4	1.7168294201576474E-8	7.463881546160383E-5	0.001117115711021927	2.2141909210223917E-9	0.002424812799849045	8.868055369456644E-4	0.0017555757861881164	1.574178680472707E-5	3.868559262009939E-8	3.7805072257370024E-5	7.106775388181008E-7	1.0296265673543005E-7	1.5732452788817291E-9	1.253506649201285E-7	4.860709924424966E-11	0.0015439349420519565	1.7327036082513007E-5	3.307133596897581E-5	1.974259966482096E-5	4.2851047441557E-4	1.6028854599339445E-6	6.052990285504767E-4	0.0	6.052990285504767E-4	2.0343958062501323E-9	5.093685604137827E-10	1.3372009150666437E-7	6.231223985545385E-5
6.808157922155922E-4	1.3990099012865985E-4	2.2006697326753193E-6	9.366567689105259E-5	1.9181978960215242E-8	7.731831782544201E-5	9.683948446298265E-4	4.281879959138825E-9	0.0013067467116696068	5.899002284953239E-4	9.019087357422076E-4	9.572609395951326E-6	3.760038580615162E-8	3.171341059499716E-5	7.656999412748727E-7	9.41879280720983E-8	2.3208812802407177E-9	1.2139162440580956E-7	3.370303779570996E-11	4.439769561139817E-5	1.446635093117499E-5	3.2038509216594266E-5	1.8369022596793512E-5	3.154486333902212E-4	1.425670066569359E-6	8.184283880199431E-4	0.0	8.184283880199431E-4	5.167355985454733E-10	2.273830638339619E-10	9.230610548059927E-8	7.15816111885208E-5
5.9189553168277906E-5	3.7006167659864105E-5	4.108733147755205E-7	4.916340076051221E-5	1.3249422632573867E-9	6.3999134911834075E-6	1.1267518494605008E-6	7.22340207816998E-11	1.2237825293349845E-4	4.5863825264111014E-5	8.761461231586821E-5	8.026991340501513E-7	3.7139632481922336E-9	2.349041888820325E-5	5.060584815701124E-8	4.364018207234653E-8	1.4004231872184275E-10	2.2057050268974578E-8	1.440427318995315E-10	5.992911927458239E-7	3.775682898734891E-6	9.51686225439356E-6	3.092285957733628E-6	1.4007114444344112E-6	2.9885307307941753E-7	5.549185025094757E-7	0.0	5.549185025094757E-7	1.1343472772913043E-10	2.4965055994059636E-11	4.024872651945395E-7	4.96278178690871E-6
1.5532525793977405E-4	3.648858401830755E-5	4.942901958884788E-7	2.2646582792284964E-5	4.221778955057715E-9	1.756859153052296E-5	6.148402948729162E-4	9.315175408200645E-10	3.1709356918043695E-4	1.340067629785395E-4	2.078117544759996E-4	2.1662628005616503E-6	8.679818922547924E-9	7.378783257755204E-6	1.6989728600570554E-7	2.1410264081101895E-8	5.087418304142567E-10	3.2045690532324E-8	7.777760691789123E-12	9.686749896276941E-6	3.82081968484503E-6	7.947397696658014E-6	4.435570497036917E-6	2.308680746272226E-4	3.5346809716807E-7	7.983130869349737E-4	7.976011468795902E-4	3.9951191950010205E-4	1.2166489291376334E-10	5.148223261240818E-11	2.1169991952563443E-8	1.6229041240360685E-5
4.662948495420311E-5	1.0965687007088331E-5	1.4894159438538773E-7	6.80698033350656E-6	1.2670249768798603E-9	5.290147871433644E-6	1.8445238674810938E-4	2.79733604070219E-10	9.519426111835794E-5	4.0225912769882906E-5	6.23904529883863E-5	6.503002077787871E-7	2.618217385153E-9	2.2199884910290746E-6	5.100236275909141E-8	6.4335766448282896E-9	1.5269671633488773E-10	9.622840047504918E-9	2.3350618746630235E-12	2.90629266442098E-6	1.1481683514476687E-6	2.3881164196581327E-6	1.3322450822164152E-6	6.9261588632556E-5	1.0621540742458246E-7	2.1387956272774382E-7	3.685902551491936E-8	1.996144632801641E-4	3.8300969284968505E-8	1.2124332783727613E-9	6.355628028911395E-9	4.878153146556217E-6
1.4755839353416332E-4	3.4664013512634797E-5	4.6957377191848257E-7	2.151416595209331E-5	4.010673658151607E-9	1.6690093918318517E-5	5.840958991144673E-4	8.849380564080541E-10	3.0123766275296784E-4	1.2730590587844897E-4	1.9742036198571326E-4	2.0579412715196417E-6	8.245794363175733E-9	7.00981551998009E-6	1.6140176376553495E-7	2.03396679642056E-8	4.833027687529411E-10	3.0443281906386085E-8	7.388842537242502E-12	9.202374888803153E-6	3.6297639041941724E-6	7.549997034936027E-6	4.2137747951081885E-6	0.0021136216002216913	3.3579332347815227E-7	6.763402955747535E-7	0.0	6.763402955747535E-7	1.1558117711172204E-10	4.890792161301026E-11	2.011141037256579E-8	1.5417526330172566E-5
8.964558760751549E-8	2.099504932096588E-8	5.2922428154628065E-9	1.1382451889976709E-8	1.5602763611604067E-12	1.985082555277047E-8	7.345666622480758E-10	2.429789921886524E-13	1.0203825193653259E-7	5.420534776438268E-8	8.224674386530929E-8	8.961973378292156E-10	4.0909038028156425E-11	4.753124828175004E-9	1.0424241772197676E-10	6.262502155260053E-12	7.998682445708088E-14	1.371780937371158E-11	1.5165527180995884E-12	4.601921791477539E-10	2.1364186026275888E-9	4.9597482817731424E-9	2.333995824808071E-9	1.8533288575713906E-9	8.920218936834645E-10	3.073591388585815E-10	0.0	3.073591388585815E-10	2.3939588306035294E-13	1.1572453473016596E-8	4.24308755556693E-9	1.0775040826302936E-8
1.3292302910918703E-8	5.128267870248731E-9	7.746840115010303E-11	3.3726333736159664E-9	3.0698968565050297E-13	9.125472000572381E-9	1.9782330016753022E-10	3.3626685145862074E-14	2.020259744774004E-8	1.0588007668521497E-8	1.629210234804347E-8	1.758104135719541E-10	7.834849448305983E-12	2.0622007716151054E-9	1.1698565891520508E-11	2.174748124033897E-12	1.6529991741746653E-14	3.895655381347417E-12	6.862123830802376E-16	1.1400652495628505E-10	5.533161952405128E-10	2.3288561157323885E-9	5.187399108401271E-10	7.366467147185589E-10	5.139452949879036E-11	6.811071312513948E-11	0.0	6.811071312513948E-11	1.0460858150404342E-14	4.401960389832886E-15	1.8316357013268643E-12	5.721745310944528E-9
3.83813991165589E-5	8.997786150640771E-5	1.9696368289274743E-8	2.9589650069382663E-6	1.0460920868081817E-10	1.5681269088291915E-6	1.208676136869907E-7	1.0371758361402996E-11	1.984645532058998E-5	5.438551819242473E-6	1.0340845845125816E-5	8.919768791016658E-8	7.291782323988994E-10	1.2406305078275125E-6	7.866177229106098E-9	2.371766214129585E-9	1.3295164626882288E-11	1.715142017067526E-9	8.709399404060476E-9	5.320877759263442E-8	3.4479327951283535E-7	4.311580577118058E-7	3.348050591729384E-7	1.773263761830795E-7	1.5110517497528538E-7	5.7676067213095726E-8	0.0	5.7676067213095726E-8	1.0982517459118508E-9	2.4925397910861156E-12	2.4369119364483077E-5	8.193899208078473E-7
0.0029318751112346916	2.771824506182935E-4	4.725112723925827E-6	3.553969965481889E-4	3.5388747804002094E-8	1.4133915895286106E-4	4.023105004928632E-5	1.9880746446503835E-9	0.01504158307154496	0.002927339555882183	0.00559388554468674	4.343097335933376E-5	8.455310187624034E-8	8.096363752646844E-5	1.3739630772735214E-6	1.7202258687437116E-7	1.9549492652192414E-9	2.4107034151243804E-7	1.466564910746731E-10	1.2143872224748193E-5	3.186040870199578E-5	6.554857895404862E-5	4.344604771100394E-5	4.4695270153996855E-5	3.5266262460834734E-6	1.9990802000075102E-5	0.0	1.9990802000075102E-5	3.902028864395571E-9	9.942139997232517E-10	4.063076821642897E-7	1.2222316631446304E-4
