32
NULL,time@time,open@__open_nocancel,read@__read_nocancel,mmap@mmap,munmap@munmap,mprotect@mprotect,rt_sigprocmask@__sigprocmask,exit_group@_exit,rt_sigaction@__libc_sigaction,sched_yield@sched_yield,write@__write_nocancel,syslog@syslog,getpid@__getpid,writev@__libc_writev,close@close,open@__libc_open,fstat@__fxstat64,read@read,close@__close_nocancel,mremap@mremap,stat@_xstat,socket@__socket,fcntl@fcntl,connect@__connect_internal,madvise@madvise,lstat@__lxstat64,openat@__openat64_nocancel,getdents@__getdents,lseek@llseek,getrlimit@__getrlimit,write@write
0.6895667816085398	0.030086497167473292	0.0501084570447639	1.586993637180153E-5	0.06427610725612491	0.012933436483896074	6.584581493599837E-5	0.05761719342305107	0.019044081379287384	0.03803497404239702	3.431358711604581E-4	9.519042220065652E-4	0.0050600193423346535	0.006017432835439106	0.004568818346590187	0.003571613637044243	0.003341066458505403	3.3165979119667495E-4	5.457591702505665E-7	6.487589362405745E-8	2.8511995677189E-6	6.160326694860495E-4	0.001687543647141203	0.0	0.001687543647141203	1.1663875065891857E-7	1.0399000718000796E-5	1.0168055744010896E-10	9.260756190995644E-8	3.1922289309793E-8	2.813654734862257E-7	0.004364146412603468
0.00826738468399927	0.0013825580605363588	0.0395481191481616	9.983613138914347E-5	0.02496502603489306	0.0011378079265493021	4.145769616094577E-6	0.00779384847261963	0.0021841313155369062	0.004258873317286757	3.7615985380096886E-5	1.809239276917155E-4	8.501776256662272E-4	0.0030005325571926863	6.835244393844817E-4	5.239147403343037E-4	3.7700121999154415E-4	5.5336738884434486E-5	8.321425680621083E-8	1.2677859503365212E-8	6.41755330586774E-7	1.6753086505793394E-4	1.8477219738580002E-4	0.0	1.8477219738580002E-4	1.0343166010886061E-8	2.862790368365895E-6	1.4604266956889596E-11	9.15272122510037E-9	3.2237917553451E-9	3.987493518368099E-8	9.76905936767727E-4
0.029012578489006666	0.00402894413996756	0.04740069472354168	0.01604516119811129	0.03591636641520252	0.004044515821029728	1.827039538244515E-5	0.021303159825640253	0.005094167232853518	0.009366558785459679	8.182984051905315E-5	0.0014505350625663715	0.05148119782796986	0.0031081730270340574	0.0016067227998641887	0.0015465312412536953	7.100643654782234E-4	7.076668340119373E-4	2.1170499091232314E-7	6.1412992492424E-5	2.670490458549045E-6	4.1963073741796745E-4	3.200623921426351E-4	0.0	3.200623921426351E-4	8.407200873406968E-8	5.682248120790555E-6	1.30455407372642E-9	1.5233999086162338E-8	5.923657023373884E-9	3.5332106763742744E-7	0.004742871109956927
0.0010030647074277229	1.821200970978285E-4	9.008524233819719E-4	3.2066966483798495E-4	0.0019402564005554313	1.4533342093813476E-4	5.366214658024427E-7	0.0028996889374526434	4.800648266931976E-4	9.204961885185738E-4	6.923706982656218E-6	0.005732179733826261	4.84244395971787E-5	1.0168915434036386E-4	5.182536549349661E-5	8.377447414374269E-5	4.5050947719106735E-5	8.326899986722713E-6	9.270042621115026E-9	1.62279067147997E-9	1.337094622839529E-7	1.2826825100906856E-5	2.0951400226735467E-5	0.0	2.0951400226735467E-5	1.3613424166103373E-9	1.4514273457613914E-7	1.0320735299185772E-9	1.2626111975710822E-9	3.991535536579857E-10	2.2612815087834517E-7	2.1241890698604697E-4
0.015771036747458958	0.002218766591611711	0.009056228726755959	6.046026251119375E-6	0.1985237340600504	0.18983320045369828	0.06036960838271901	0.0123662381095241	0.0034974153397295117	0.006783835200880946	6.0195207357656255E-5	5.567726185192948E-4	0.005195017534576676	0.0015237113939483	0.005316766446228735	9.56153186206765E-4	0.0010759812518811988	1.060455733205388E-4	1.5609318803287678E-7	8.277564265963114E-8	8.647486252749327E-7	2.913274488889813E-4	5.491720258134917E-4	0.0	5.491720258134917E-4	2.9004294026183192E-8	3.259681239434414E-6	2.7444017874884732E-11	1.4517950667737495E-8	5.138320926618237E-9	7.60523341801902E-8	0.0015452013729489666
0.04087135786165209	0.004900957240457113	0.010413951076559978	1.4561185531812791E-5	0.07332434695630335	0.06005639613610289	0.11268708525168322	0.01725072699121937	0.005313948583643507	0.010474698237679122	9.386444920562582E-5	4.7190341526199983E-4	0.0030356990487171442	0.004413944894203328	0.0016774916303783228	0.001199615718533663	9.610748709425141E-4	2.1185287704014166E-4	2.499991246775266E-7	2.4874256837662593E-7	4.835134273860934E-6	1.9875034732193557E-4	4.775923557903598E-4	0.0	4.775923557903598E-4	3.2428061726629147E-8	3.2430842684798916E-6	6.808604944163975E-11	2.4345824969166E-8	8.427907196787376E-9	1.8972255400535154E-7	0.0035809455246445586
0.014895704749012348	0.0019491014012618247	0.00492965649613657	3.0989734470826444E-6	0.029554855582076586	0.08761641687875653	6.742380451806833E-6	0.008514678750084001	0.0030072705530333034	0.006038472480610915	5.495705367647063E-5	1.3196902162934045E-4	5.093282399593018E-4	0.001093997075603315	5.576863933827796E-4	6.163055973168484E-4	5.473764611985605E-4	7.327012920689956E-5	1.5991847435893436E-7	9.61641047626532E-9	5.67517739700827E-7	9.709388372822896E-5	2.748449885708075E-4	0.0	2.748449885708075E-4	1.2350664911499672E-8	1.6267878282529276E-6	1.6400389685490727E-11	1.5456083260131097E-8	5.236302048053763E-9	4.553049236871291E-8	8.516577939939422E-4
0.06928846850730033	0.009423868106249452	0.022086570301762525	1.6303167510186904E-5	0.02473041289998562	0.005090829035520541	2.501621494638137E-5	0.049094478618134145	0.0528284737205251	0.09760406115805138	6.646541047817729E-4	0.001387128881147192	0.002326877339984459	0.0053607542386266815	0.0034053897600558446	0.0026206020659983796	0.001940454567470454	3.560787061475796E-4	5.706401084231866E-7	9.268295836112362E-8	2.5070595896923863E-6	5.112411040315614E-4	9.598836368317427E-4	0.0	9.598836368317427E-4	7.961373379391458E-8	7.843482915299916E-6	1.1733247258932597E-10	4.8589029405206E-8	2.0312343738710414E-8	3.2626191882839757E-7	0.003991234919162001
0.053360776154473814	0.004944282510579118	0.015675985960825235	1.2856669231423386E-5	0.0173697139215709	0.0036001485329552533	1.636031364595172E-5	0.04028153396292735	0.008232003118168376	0.015088282639438236	1.257314951785104E-4	0.0014629564744329509	0.001653304523758153	0.0039441557833359165	0.002488258789418746	0.0013591798682386683	9.361091680757491E-4	2.4819188056649096E-4	2.979693823543376E-7	9.489469317743142E-8	1.6492372324864152E-6	3.936481040207072E-4	4.580782991098004E-4	0.0	4.580782991098004E-4	7.039738050953923E-8	5.585059039156636E-6	8.29011069047698E-11	2.0314776677717306E-8	8.09053897035624E-9	2.303488038882666E-7	0.0027996050619633374
0.05524345340417014	0.006407195092540614	0.017426514140136084	1.321892917233979E-5	0.019243544537957034	0.003909794237023161	1.9345740736780956E-5	0.042350860961905365	0.05621062453525968	0.042901008723975384	9.671128485507698E-4	0.0013320822314768525	0.0018333492962509285	0.00420556449591008	0.0026741377630148423	0.00181969549128847	0.0014029324463373626	2.7081725432513703E-4	3.731992350873097E-7	8.749945956750606E-8	1.8551402198307167E-6	4.11847211592097E-4	6.961537004226522E-4	0.0	6.961537004226522E-4	6.988145416309074E-8	6.068196292823702E-6	8.96437908424925E-11	3.438344078600325E-8	1.327053660200589E-8	2.4914583957154493E-7	0.0030504333425876297
5.816078223152328E-4	6.282092436504829E-5	1.7677024162960817E-4	1.390963790900606E-7	1.96340346094437E-4	4.048338540600025E-5	1.908599089498542E-7	4.328948121838454E-4	6.234194136410526E-4	4.524126193062812E-4	3.394381696616705E-4	1.44843950476013E-5	1.8630103914274073E-5	4.373375896174259E-5	2.767824136522338E-5	1.743481653317491E-5	1.2564304106013975E-5	2.804605428619238E-6	3.770357855072556E-9	9.474517155587644E-10	1.9047433696269885E-8	4.298007983153875E-6	6.187706626019497E-6	0.0	6.187706626019497E-6	7.35677459492643E-10	6.268691475425083E-8	9.318083451515767E-13	2.938662968228388E-10	1.1849300227659706E-10	2.589769785096263E-9	3.1571528483598104E-5
0.001114210491367101	1.965333446144077E-4	0.014488289066474447	5.316698469721124E-7	6.019824162927474E-4	1.5500661002818255E-4	6.194281725128601E-7	0.0033721539918815904	5.593195287205304E-4	0.001065303409005861	8.041275557848501E-6	0.005752960994486768	3.0251120549183697E-4	2.2122864735079828E-4	4.363933782613896E-4	7.556506645550124E-5	5.309609587106419E-5	8.091029053488342E-6	9.56177994920339E-9	2.686177185666005E-9	9.55878267406392E-8	2.6980537516892476E-5	2.5882538322037978E-5	0.0	2.5882538322037978E-5	1.9855381361689967E-9	4.74195852939534E-7	2.310026834522092E-12	1.2655325613312687E-9	4.557577223886066E-10	6.29259769332955E-9	1.5308102095272434E-4
0.012087670682294722	0.0019926911849644947	0.004401596286171208	3.5061720813088306E-6	0.004245736813596234	8.052041426340839E-4	8.147551784309931E-6	0.012370300446372866	0.002668363880455236	0.00497498345299786	4.187123654611446E-5	0.0013505423219118328	4.629738098566272E-4	8.813567677766992E-4	5.079354519122547E-4	3.8847246102942476E-4	2.954061312653392E-4	6.586616603873121E-5	9.266216902708538E-8	4.55769772003361E-8	4.085508168455158E-7	8.270814232643794E-5	1.462520985263284E-4	0.0	1.462520985263284E-4	3.304914380975993E-8	1.3274214500950459E-6	1.6427692708167272E-11	7.617277266482541E-9	2.911952350749683E-9	4.560350626002184E-8	8.33203989792985E-4
0.0044781155874584685	0.011872448191865654	0.0035898372901586395	3.0530823884549686E-6	0.0024234947756841987	0.005328012044993536	2.624505120244175E-6	0.004731307207407872	0.0013312935497364398	0.0025549576797961808	2.2764891980274484E-5	2.0663067799649919E-4	0.0015919474537109985	6.734641618483489E-4	0.011647132721684465	9.005819888671959E-4	0.001546542583002617	4.153867675704046E-5	4.0319506968162174E-8	1.4544577622293394E-8	4.45175844628643E-7	4.1976941941327447E-4	8.094357637142808E-4	0.0	8.094357637142808E-4	8.974334327070934E-9	2.895163192549149E-6	1.0221175174676529E-11	5.241954270453346E-9	1.9076512729442028E-9	2.8177638193599577E-8	6.537007290578627E-4
0.00541977851797045	0.001045668111140444	0.0023566669229582093	1.392768682589219E-6	0.002345402815646278	5.347591475816174E-4	3.0841463760030543E-6	0.005217594112184159	0.0018279423546589924	0.00363133869966158	3.318418461252713E-5	0.00585843530690141	2.447634234335039E-4	4.5580518471212514E-4	3.0610048590566516E-4	0.0021609536828435514	0.004809751332232914	3.160900113455187E-5	5.3375721292672305E-8	9.19880044421618E-9	2.2926897350659073E-7	4.3092411296744506E-5	0.0025432053151110212	0.0	0.0025432053151110212	7.836171754701188E-9	7.092528901142958E-7	9.99046393067875E-12	8.933717244346086E-9	3.1103616103288592E-9	2.7769903926347708E-8	3.684001719166605E-4
0.005001231972335721	7.239407549512766E-4	0.0017116673800627773	1.3917389783396944E-6	0.0015397446881006722	5.98212281383187E-4	1.910524380770744E-6	0.0031526611786501773	0.001160371862658054	0.001844570684268378	1.9164709498201555E-5	2.2134201502676545E-4	1.7994232628067044E-4	3.756631798461308E-4	2.5034412907931186E-4	0.0015437735883637995	0.0040250632273236085	2.835033708453004E-5	5.0605990799741834E-8	1.359373460086553E-8	1.9599347301206537E-7	3.492358270265588E-5	0.003311614666140577	0.0	0.003311614666140577	7.927106621967799E-9	5.884744347998866E-7	8.920782728856202E-12	2.2493146646044476E-9	1.3273092817718123E-9	2.4820469488626855E-8	3.437743290938472E-4
0.004410336968146411	0.0011478936583161816	0.002393593338487394	2.396080298224405E-6	0.001761989720965048	0.003933127267661777	1.9424939140886524E-6	0.003140117203238724	0.0010903310132694293	0.0018246059518642532	1.8228087873121342E-5	1.741970130479431E-4	2.716908408894112E-4	0.0011208204560824377	2.794636449362511E-4	0.002169982799950425	2.985201028692918E-4	3.7480073785140785E-4	4.3935587958190386E-8	6.129450798603723E-5	2.681145752427606E-6	8.067337328725731E-5	5.602301063337379E-5	0.0	5.602301063337379E-5	8.030085169102522E-9	6.655949153895867E-7	1.4464443801937668E-11	2.7023022253792242E-9	1.3404109387597686E-9	4.029024147747947E-8	0.0010505360374560137
3.6014799718923267E-4	7.474424264598097E-5	3.370345228647081E-4	2.119065576922261E-7	2.4799986163971644E-4	2.3339884546057303E-4	1.8868190391658742E-7	3.781854312355261E-4	1.2067638326105234E-4	2.283614178509644E-4	2.103387236868523E-6	7.436169936440188E-6	3.432505336710888E-5	4.4322402241141843E-5	4.532336642469895E-5	3.766004469645672E-5	2.0208608513785093E-5	5.352964900315016E-6	3.686116313067232E-9	3.256636825775492E-9	3.18889031762029E-8	5.04624178138944E-6	9.944318567659843E-6	5.66720721051874E-7	9.944318567659843E-6	9.59694979111898E-10	7.747796877846716E-8	1.4281424278605507E-12	2.1300172846977584E-7	6.8282731077051E-9	3.972815429158402E-9	5.931455278621019E-5
1.5910482366694852E-7	3.5339845739227766E-8	5.520136225491042E-7	4.694386032686513E-10	9.51928145289048E-8	2.773686849608716E-6	9.168458894115488E-11	3.1990524967543004E-7	6.202216221873712E-8	1.1659834782740188E-7	9.428126295174002E-10	7.878230140543402E-9	5.4315494110789334E-8	3.733990168977555E-8	5.009581290836165E-8	1.3478443814403048E-8	8.846966734356491E-9	3.9948155787322496E-9	1.4612112173577834E-12	1.1712550050539937E-11	2.136381035802262E-11	4.599178844255245E-9	4.287686023752688E-9	0.0	4.287686023752688E-9	1.8009876583702766E-12	8.477865553550284E-11	1.6475661846511318E-15	1.6306771688015767E-13	6.128406822173558E-14	4.581618355300501E-12	7.683901032845153E-8
5.7842699960059824E-6	1.2217191285244854E-6	6.590509756858719E-6	2.180114452581575E-8	2.703229341056977E-6	4.349352328158167E-6	2.9110937087262237E-9	6.023374970852423E-6	1.8872302372143777E-6	3.512452347109636E-6	3.2512738711190333E-8	1.3133972690927936E-7	6.63515657756907E-7	8.237258462694096E-7	6.780077406181166E-7	3.9725623867664206E-7	2.8595885406547017E-7	4.1325048505854574E-5	5.928301114638109E-11	8.001184198003985E-11	5.899587344558273E-10	8.131492649330924E-8	1.4040210514089639E-7	0.0	1.4040210514089639E-7	2.0206229098007598E-11	1.339886100284403E-9	8.019101822903766E-13	7.1087708489244325E-12	2.705581154808637E-12	2.2433605983064724E-9	1.0056154052573782E-6
7.375804804882896E-7	2.341538229757671E-7	9.987484575316423E-7	4.0957930406575735E-10	6.20181978633683E-7	1.2098848731569274E-7	5.853911226217581E-10	1.1525860528016263E-6	2.680064041713149E-7	5.136470471293831E-7	4.364805170883573E-9	2.354226660697781E-8	1.1907702823787607E-7	1.6710862992906417E-7	7.414600157316223E-8	5.845727532457527E-8	3.90032249486699E-8	5.892627356812421E-9	6.901871710322805E-12	1.5423735009537142E-12	7.911099547827678E-11	2.0662914246044675E-8	1.885971828282634E-8	0.0	1.885971828282634E-8	1.227436686439833E-12	3.590478192450965E-10	2.2216425572699676E-15	9.229169780563515E-13	3.3473969645749394E-13	6.085823643895118E-12	5.762905589388385E-6
2.584889756284905E-4	1.1962571779309023E-4	2.0488122851387605E-4	8.128956159480241E-8	2.500794001752894E-4	2.8538737429411474E-5	2.616794172708492E-7	2.453733869707914E-4	8.223304679224396E-5	1.5895686522530088E-4	1.4615988950006103E-6	4.655550082786962E-6	2.1547260248734003E-5	4.711301980672193E-5	1.9727711511971895E-5	1.6190375117909505E-5	1.3569416918873543E-5	2.371998970086519E-6	3.172346299187158E-9	3.1834221676663083E-10	1.5160627607903896E-8	3.839518960956734E-6	6.779972981674705E-6	0.0	6.779972981674705E-6	3.624718173141245E-10	5.667514210515374E-8	3.611200291400867E-12	3.6196335757377854E-10	1.3080458624564723E-10	1.0086307670283618E-8	2.2500644239717507E-5
0.0011200391718539859	1.618382615814443E-4	3.825469669538628E-4	3.104818768551808E-7	3.4464923610470213E-4	1.3360729376475885E-4	4.2747337239959823E-7	7.043629504757281E-4	2.596854028267529E-4	4.1266106858617367E-4	4.2895895647522375E-6	4.951008827904421E-5	4.0211482281111875E-5	8.399703477507799E-5	5.549860478283486E-5	0.0010664014345596537	0.0025338933380878773	6.328856914579967E-6	1.1335892392072723E-8	3.0245509836592593E-9	4.3849170723088475E-8	7.807399035138287E-6	0.0032031363656934426	0.0031925793342386173	0.0016068443209742253	1.7748131897975063E-9	1.315456389978189E-7	1.995478501169543E-12	5.030260637976335E-10	2.971158099740425E-10	5.55211955226162E-9	7.68495031030413E-5
3.3606741774793055E-4	4.8572319106897016E-5	1.1480981883536642E-4	9.320490892730507E-8	1.0343367640398657E-4	4.011441148460984E-5	1.2828483298451583E-7	2.1136686040986515E-4	7.792473404826538E-5	1.2383612956529518E-4	1.2872194545914117E-6	1.4854044411947598E-5	1.206827119347693E-5	2.5211647079961014E-5	1.66543907321331E-5	3.1992555121253507E-4	7.601700289147854E-4	1.9000498220592863E-6	3.4013166505554007E-9	9.077360564245379E-10	1.3175751839597548E-8	2.3438873110171176E-6	3.1687897117244386E-6	5.640758290597824E-8	8.013148120713311E-4	5.325591202776433E-10	3.947466546538402E-8	5.987869217111481E-13	5.870933481041162E-8	1.920969239601681E-9	1.6660337347808932E-9	2.3070227258182478E-5
0.001064032875826232	1.5374572177165877E-4	3.6341813716456796E-4	2.949565806482451E-7	3.274154396196488E-4	1.2692641167233172E-4	4.060980483571679E-7	6.691420752539919E-4	2.4670012703436494E-4	3.9202641709616345E-4	4.07509347475977E-6	4.703439213359026E-5	3.820075244509831E-5	7.979685775155521E-5	5.272345962121544E-5	0.008595433536730247	0.002407188858492941	6.012389559881526E-6	1.0769053873382095E-8	2.8733117216775033E-9	4.1656542377756816E-8	7.416998848647526E-6	1.0029138999190306E-5	0.0	1.0029138999190306E-5	1.6860656572114576E-9	1.2496784762765031E-7	1.8956968484720507E-12	4.778728126018803E-10	2.8225886887225276E-10	5.274492073652343E-9	7.300673034246879E-5
2.9469721026416136E-7	1.582826599723252E-8	6.311546429697392E-8	1.156679713054707E-10	3.6468514716072E-8	1.287223142112083E-8	3.568605262375344E-11	9.933552879446025E-8	2.5286147836927433E-8	4.420892415386436E-8	4.027881335668159E-10	2.3866625957839416E-9	7.288834773029419E-9	1.209634344451625E-8	9.457965574500869E-9	5.045576639866136E-9	3.0900994201887723E-9	1.3876714311244004E-9	8.108883261515822E-13	2.5829672986034197E-12	6.741860944953782E-12	1.3784769689730308E-9	1.4961912848871176E-9	0.0	1.4961912848871176E-9	1.0995060060050246E-13	2.4625066519819682E-11	4.347796120928063E-16	6.043254028729352E-14	2.7516831784910787E-14	1.2087807025457808E-12	2.0122022887788477E-8
2.0296797606679982E-6	1.34910735994015E-6	4.22948912480826E-6	3.569580048096851E-6	1.6896738214270284E-6	5.32583197101832E-6	1.6232685101993498E-9	2.9166769444233616E-6	6.949433085622695E-7	1.3325513168361612E-6	1.1398307026521433E-8	7.097834424183112E-8	4.464723745464091E-7	1.5804212419370459E-6	3.753282334298178E-7	5.316223869813917E-7	1.4498178257734202E-7	5.936814411147319E-8	1.8629933861880175E-11	6.184360883803986E-11	2.6842316451291003E-9	8.894204454952631E-8	5.41592754610335E-8	0.0	5.41592754610335E-8	1.104052882060575E-11	3.2240922447046587E-5	1.2090045357770612E-5	2.4460326183887983E-12	8.863785869328079E-13	3.1313634832022285E-11	2.3059910085464807E-6
2.1610937297699064E-7	1.2917427762586212E-7	4.92801233657284E-7	7.04610967378052E-9	1.7228405576467291E-7	5.737118139845346E-7	1.6570037637035512E-10	3.308071400060422E-7	7.562202099557665E-8	1.4450577000790663E-7	1.223680494005502E-9	8.108438374396644E-9	5.1961056805974186E-8	1.5028326612504576E-7	4.4387875588618756E-8	5.051141849324592E-8	1.4878620605545914E-8	6.221774429181019E-6	1.9826682271120004E-12	8.210757260608465E-12	2.455924981119177E-10	8.958043726936641E-9	5.761644718669002E-9	0.0	5.761644718669002E-9	1.386894527001828E-12	9.368488018414221E-11	4.580167013216026E-15	2.732625411759781E-10	9.247744665989162E-14	1.2783622388159883E-11	2.24464504769213E-7
1.1649264788826545E-7	2.4343232767273486E-8	5.703734752379376E-8	3.412190145359197E-10	4.714427024029459E-8	3.445887164775523E-8	4.2643963613123525E-11	6.836136435398146E-8	2.9977215467647694E-8	4.779629401809361E-8	5.098055861951414E-10	1.6766149954513557E-9	6.200777427756877E-9	1.6998422461480077E-8	7.834766629878813E-9	7.817781167010842E-9	3.248902395316836E-9	8.790486991122682E-9	1.2972518268924806E-12	3.5994092769267147E-13	6.301119921559117E-11	9.046064368527183E-9	1.4450394474604081E-9	0.0	1.4450394474604081E-9	1.4122962291098268E-13	1.864276074983012E-11	3.386503883426349E-14	7.145553197004928E-14	1.771002525119568E-8	9.47504086228231E-11	1.8383451260615952E-8
2.9801762788879197E-8	8.58363317929813E-9	1.3463116594803554E-8	1.0672808662999096E-11	1.323285636673901E-8	1.5191699543374628E-8	1.2114787054658374E-11	1.6640393561012445E-8	7.547783627805365E-9	1.2053896877774875E-8	1.2906100552693553E-10	4.1702755067180466E-10	1.5383865892440196E-9	7.426221913027071E-9	1.7869447500620846E-9	2.812649772349397E-9	8.960519690349162E-10	2.95615809769632E-10	3.2950867239432904E-13	5.149212941488351E-14	1.1083353685492875E-11	4.3696270405010214E-10	3.6409778587396044E-10	0.0	3.6409778587396044E-10	3.163719926246133E-14	4.624525866592222E-12	6.001120802506482E-17	1.7441375057745156E-14	9.646462178375399E-15	1.6667666176294014E-13	9.143156274587762E-9
1.8616490416326517E-7	1.1234558732133783E-7	2.2419953549080665E-6	1.463884828430418E-10	1.670185126715353E-7	2.6906655764022257E-7	1.5301866795950862E-10	2.5828685534790416E-7	6.264262993158709E-8	1.2025439766368567E-7	1.0330491745213778E-9	7.3046969026784076E-9	3.9869722333045205E-8	1.4150807719222366E-7	2.8474208320126362E-8	2.2639621187872984E-8	1.1228251677085078E-8	2.59364187327907E-9	1.6913453484320325E-12	1.0758671381231642E-12	1.6281883155454909E-10	2.591865042661369E-8	5.12955256938365E-9	0.0	5.12955256938365E-9	4.198782277804077E-13	1.1809582058903557E-10	1.9353483364283917E-10	2.4417788540156437E-11	8.121961921288606E-14	5.415161914011122E-7	7.953070018733745E-8
0.004984867844346239	8.952891743585261E-4	0.0020170548647368333	1.4378800952516276E-6	0.0022545648001987165	4.0744777366057144E-4	2.471598625324596E-6	0.021004376230803746	0.0033038190203455975	0.006318748367653979	4.6450665319657397E-5	8.59550154388763E-5	2.0717698439832565E-4	4.198487084579247E-4	2.9270496487423533E-4	2.753684237470316E-4	2.5518418451037637E-4	2.8702560984770204E-5	4.5756199836512226E-8	6.054988894643306E-9	2.0573001250332415E-7	3.995677631008858E-5	1.2905271432021265E-4	0.0	1.2905271432021265E-4	6.053707931967873E-9	6.398162357877484E-7	9.008223350418027E-12	6.977772790742357E-9	2.4690772050544576E-9	2.5038197173417862E-8	3.2022732290777845E-4
