32
NULL,munmap@munmap,madvise@madvise,mmap@mmap,lstat@__lxstat64,openat@__openat64_nocancel,fstat@__fxstat64,time@time,open@__open_nocancel,read@__read_nocancel,mprotect@mprotect,rt_sigprocmask@__sigprocmask,exit_group@_exit,rt_sigaction@__libc_sigaction,sched_yield@sched_yield,write@__write_nocancel,syslog@syslog,getpid@__getpid,writev@__libc_writev,close@close,open@__libc_open,read@read,close@__close_nocancel,mremap@mremap,stat@_xstat,socket@__socket,fcntl@fcntl,connect@__connect_internal,getdents@__getdents,lseek@llseek,getrlimit@__getrlimit,write@write
0.9143246735997365	0.038304613223294835	1.004170894711695E-7	0.0022763410014984393	1.3852972384412017E-6	5.224437489750201E-12	6.692091985960048E-5	6.347464867537698E-4	0.022483970160463045	9.330519272034047E-5	9.41058587957039E-7	0.005890764376441799	0.0012949702929809805	0.0024806430886643166	2.075645569802776E-5	2.9260553602691256E-4	0.0025125026041920746	0.0018784794079147946	0.004038345069617134	6.948537446324958E-4	7.283127680739595E-4	3.650341657833229E-8	8.570039812970528E-11	2.1041014873615456E-7	5.495498609555681E-4	3.685963118012831E-4	0.0	3.685963118012831E-4	3.2869596315686746E-9	1.1891767650406754E-9	1.417874298485087E-8	3.352942884449842E-4
0.03917220870827534	0.002489785124868974	7.697466339003729E-9	0.0019736942227332223	9.003836055716236E-8	1.6140372528588189E-12	1.7874310291604567E-5	4.0297413534098474E-4	3.622125127662992E-4	4.0153881086328465E-6	0.0030334904626043106	6.429933346999252E-4	2.1898085246802664E-4	4.2897193650194934E-4	3.9316661157689645E-6	4.864825267858469E-5	3.924523413003673E-4	6.435360024600173E-4	2.2817026203928925E-4	1.2108150395456467E-4	1.0865472109622104E-4	1.4711639347191988E-8	1.893914734124587E-10	2.3460906274872103E-7	2.7338926137633094E-5	5.437832464495204E-5	0.0	5.437832464495204E-5	7.997906858557851E-10	2.781818255789289E-10	4.502676179689254E-9	1.0976881827580563E-4
2.1309304124005208E-7	1.2026157520764393E-8	1.3209172763099915E-13	7.795088186553127E-9	3.9048619210612085E-12	3.614174597130195E-17	3.8291832191103554E-10	3.9273761695341516E-9	2.341457589711208E-8	2.2773055464636674E-11	4.156380627569204E-12	2.0909190495628643E-8	7.468594694341797E-9	1.2233038509488015E-8	1.2441325384088542E-10	9.917108425973609E-10	2.8473351531780667E-9	7.34772837535923E-9	3.003454762626939E-9	2.6833878646078735E-9	1.7045775717315323E-9	3.174618405451218E-13	2.3029271241008728E-15	9.054629399647472E-13	2.231527929080514E-10	8.295088667973506E-10	0.0	8.295088667973506E-10	1.29960107065934E-14	6.903472096140731E-15	9.999381345247373E-14	1.568980404357922E-9
0.0035687234081587323	0.005345799116278076	6.083396175733175E-9	0.005346053032997744	6.523352542747435E-8	5.502744152334352E-13	1.044132178691739E-5	1.0399036908550287E-4	3.051582199192472E-4	1.168621409038529E-6	0.0016251240816149298	5.912487078833018E-4	1.540893374472308E-4	2.972465180261273E-4	2.596882509635452E-6	6.91793988603669E-5	7.123519843594469E-4	1.536534763650604E-4	1.0671877196593858E-4	7.290921075925521E-5	6.043392224905268E-5	8.920690815893753E-9	4.9789292957464747E-11	2.8309457235931663E-8	4.920224486205606E-6	2.9996190976039557E-5	0.0	2.9996190976039557E-5	4.659074332258426E-10	1.6457011546290604E-10	1.5270462311446413E-9	4.7910956789988235E-5
2.9622594290234663E-7	1.5200921179147372E-7	6.81463129437425E-13	5.38525485940925E-8	1.8014932160642404E-6	6.755559540930036E-7	3.7668494078480315E-9	8.609199814560259E-8	1.01526118724022E-7	1.9059482774088287E-8	3.965154762496093E-11	5.830714582121445E-8	2.1203620391103925E-8	4.1421504367651513E-8	3.8442262572434987E-10	3.1093487655562227E-9	1.204469017740982E-8	1.3115974852342018E-7	8.652094307223906E-9	4.4842229933863554E-8	1.2015513457625978E-8	7.535783430281805E-13	3.666849592422161E-14	8.365331751840404E-11	6.601596157467172E-10	4.455011027363744E-9	0.0	4.455011027363744E-9	7.71112596614946E-14	2.7490586768600105E-14	3.0151724553441037E-13	8.626516002595445E-8
8.952243029400928E-9	1.3759024613217301E-8	6.185487775653972E-14	4.8632603617030776E-9	1.1510119310590797E-12	1.86130882165019E-16	3.4764503489580765E-7	7.7870809900872E-9	9.109868172301382E-9	3.6724509266110383E-11	3.5864984341178887E-12	5.288325459441306E-9	1.918466125019548E-9	3.748186602564338E-9	3.47701174534366E-11	2.8171459734756536E-10	1.0935291517604874E-9	1.1818295368241463E-8	7.846008421202702E-10	4.030276152730666E-9	1.0847442510892927E-9	6.809146857944496E-14	4.985124312905506E-15	7.526245564456382E-12	2.9239294503354376E-11	4.027966308726911E-10	0.0	4.027966308726911E-10	1.4920430556178816E-11	2.4854252010026784E-15	5.204282583341042E-13	7.775505789204048E-9
3.943401886816105E-5	1.4226508446573077E-5	3.2837266268814714E-10	1.8451262921129753E-5	4.386080072211666E-9	1.0121061305632269E-13	1.0121100074406863E-6	9.302973064980925E-6	2.200168775363333E-5	6.2249962983066595E-9	1.2201672396096299E-8	4.1874163211391856E-5	1.830556669670192E-5	3.4602529665230944E-5	3.357635152960547E-7	1.6257931504789244E-6	2.398344687076419E-6	1.1546206423101676E-5	6.182419417316794E-6	1.0444537632531553E-5	7.297352479640661E-6	6.77079076566642E-10	3.5462780434684233E-12	2.6347486477968655E-9	2.3435650048369957E-7	3.6526714706946643E-6	3.166667670639696E-8	3.6526714706946643E-6	1.1938733118621663E-8	3.9544377543202904E-10	2.8233859222118163E-10	4.744606474909849E-6
0.0010993773714013083	1.1629767829656056E-4	7.942283570804715E-9	9.61214728954825E-4	2.2473867056273563E-7	1.4094130865931545E-12	1.5851913281238414E-5	1.7606505249221822E-4	0.0023324888177537638	9.003227434376116E-7	2.486947560301802E-7	9.117741761748728E-4	3.2270319913459E-4	6.30281260196473E-4	5.82389353694604E-6	4.922889718546401E-5	1.696065145528315E-4	6.730070614807593E-4	1.1127793142926966E-4	1.4499719650552033E-4	1.3207742900839476E-4	1.2628897069854632E-8	1.5865198441717348E-11	4.2506950216610527E-8	4.670046238520691E-6	6.652614053266346E-5	0.0	6.652614053266346E-5	1.1638377342749048E-9	4.1379671562989303E-10	3.8698941289767955E-9	7.367970529388875E-5
0.009007314136476078	5.417900934583402E-4	3.983862809819132E-8	0.0038924283811884995	3.064937229775309E-7	7.056537257605609E-11	7.754324189486453E-5	3.4894989480524697E-4	0.0029403028810302987	0.002042620641992763	7.488726450353021E-7	0.002002233571759212	4.6195234177640303E-4	8.80604878608541E-4	7.4914169450309226E-6	2.527842426492368E-4	0.009020059299716452	5.556598965890436E-4	1.4719083990022186E-4	1.879086578663371E-4	1.4189579352765695E-4	1.8809269617224613E-8	1.0594668068645396E-5	8.071436758574589E-8	1.757578685214265E-5	6.98765261054242E-5	0.0	6.98765261054242E-5	1.2138586209274796E-9	4.380013783948238E-10	1.7351044273002807E-8	1.5506038203872514E-4
1.488994829926673E-4	1.3854978636465881E-5	9.367622787734243E-10	7.035589716188962E-5	8.907245036045615E-9	5.647110967804336E-11	1.8832777487367099E-6	1.9407648062850907E-5	5.4494246713345104E-5	1.8482014963802884E-6	2.832547915162186E-8	4.659659299634107E-4	7.694572102985995E-5	1.47948745807848E-4	1.111329820422362E-6	0.001011836512186352	4.691621706008426E-6	2.4515111423726655E-5	1.0743518096997162E-5	1.693347000375901E-5	1.579514877212817E-5	1.4516441086047248E-9	1.8237948930959627E-12	4.9523162734291035E-9	5.526789314752511E-7	7.959120799477513E-6	0.0	7.959120799477513E-6	1.4903223813624723E-10	4.971845898169729E-11	1.2612595918464692E-8	8.836167092182536E-6
2.074231186153744E-4	0.002369904734275111	2.1319507948598303E-9	7.543655280467277E-4	3.950631146177845E-8	3.6892703898917474E-13	8.496229254568897E-6	7.814656495217489E-5	1.2920711352671317E-4	3.996014075840305E-8	1.1405348712204424E-7	2.206055005365761E-4	9.025513587002704E-5	1.8214247338842968E-4	1.6921355987647077E-6	8.023714397362353E-6	1.4231098315366534E-5	1.1412864741938372E-4	2.5103574194885215E-5	4.5965530828797366E-5	4.16396228140954E-5	8.56207991382208E-9	3.015774613797831E-12	1.6299479473567614E-8	2.5951930085928987E-6	2.089612930194221E-5	0.0	2.089612930194221E-5	3.8831330487839283E-10	1.292214043300985E-10	1.0278963757100463E-9	2.5871326410829413E-5
0.005554800034446599	4.883725943196759E-4	3.0357049850287305E-8	0.001001005479921767	3.08120188644354E-7	5.962744178869029E-12	6.345385186958296E-5	6.484495302607828E-4	0.0012950091482320457	7.101373527830337E-7	7.222895598360841E-7	0.0025075649064064663	0.0037508044964055377	0.006895409751837172	4.763298763085794E-5	2.1488695655238238E-4	1.4483975959097545E-4	8.722911144650078E-4	4.27590378565555E-4	4.1014178942090504E-4	3.2716325794784114E-4	5.2521646383218E-8	6.969263591211803E-11	1.1535352439430224E-7	1.997398864981276E-5	1.6330977610679143E-4	0.0	1.6330977610679143E-4	2.7215867019904175E-9	1.1726927860734049E-9	1.6631398375416146E-8	1.8819861599857112E-4
0.0059373991393745	4.189647884747497E-4	2.573126884089358E-8	6.82629946381416E-4	1.7803373522964734E-7	3.249255191083474E-12	3.423010802673257E-5	3.393523745257531E-4	8.007422715816708E-4	6.944954243871919E-7	3.8348821573915233E-7	0.0015642268391471376	3.537670745597871E-4	6.456487969697161E-4	5.574705621657018E-6	2.1860161557825473E-4	9.09092075664719E-5	5.275048881903383E-4	2.686978442523143E-4	1.4561507817338734E-4	1.0852434274025383E-4	2.6030893358695337E-8	6.754499602219725E-11	6.231801077246497E-8	1.2458432068098405E-5	5.365272129408619E-5	0.0	5.365272129408619E-5	7.613667739623388E-10	2.9736771904301216E-10	9.055952152582075E-9	1.0373717625544462E-4
0.005371576061683102	4.149814830553474E-4	2.6263017024489735E-8	7.667098708830505E-4	2.1394961622403878E-7	3.9956107490714585E-12	4.2412206986588297E-5	4.3200575580444524E-4	9.585489679339457E-4	6.502211472319357E-7	5.144692207289913E-7	0.0019429585366721814	0.003908193182276451	0.002809172017882155	6.793611115052934E-5	2.0155932762614792E-4	1.0767997885428763E-4	6.167845583235363E-4	3.07254373198045E-4	2.5231207714324907E-4	2.1710182202039412E-4	3.338866854754826E-8	6.359112328119248E-11	7.771634689128935E-8	1.421564628760995E-5	1.089462720774176E-4	0.0	1.089462720774176E-4	1.7843361810012597E-9	6.835891388652895E-10	1.113954313975967E-8	1.2828194826631443E-4
5.853907601178405E-5	4.408199294462822E-6	2.728501226599993E-10	7.796657071616243E-6	2.162900954953176E-9	4.039158410644093E-14	4.2748709283873357E-7	4.301032823059039E-6	9.51695829169492E-6	7.020103760072588E-9	4.880597281250985E-9	1.8658379950679656E-5	4.315937987356144E-5	2.9062934447759816E-5	2.453555743960957E-5	2.1849994932479723E-6	1.073632937350365E-6	6.288255955561751E-6	3.1537751753016424E-6	2.2548168556470275E-6	1.7774564976452542E-6	3.3661288556304795E-10	6.847501260682038E-13	7.787269064658638E-10	1.4651199138719136E-7	8.849725865300136E-7	0.0	8.849725865300136E-7	1.3867727794867178E-11	5.64161574934283E-12	1.1260922580429878E-10	1.2858589348281695E-6
2.6221001831772865E-4	2.10153595113353E-5	1.4056841368017048E-9	7.278988185284636E-5	3.753051800571302E-8	2.1626060383707664E-13	2.250313473747097E-6	2.483796823771928E-5	0.0025889427815016953	3.712266491248E-8	3.836573265658924E-8	5.183458755763091E-4	8.839399273975705E-5	1.6956564850189164E-4	1.2930938148557823E-6	0.0010172871897968767	5.7573577282482667E-5	6.171423172602282E-5	7.449044646544919E-5	2.0841645389679988E-5	1.9147626918326264E-5	1.6834901726371559E-9	3.1852580824177133E-12	6.148569696465249E-9	7.08950895303946E-7	9.640700840907612E-6	0.0	9.640700840907612E-6	1.6881314705246388E-10	5.980728394156211E-11	5.922330981185389E-10	1.1048480463689303E-5
0.0036274605764738815	2.363527006171871E-4	1.9428069247424573E-8	5.085478803560641E-4	8.250286208612523E-8	1.1314689615243728E-12	1.544407135075545E-5	3.061697991944864E-4	5.204339091054481E-4	4.0121916335055774E-7	5.771174147558396E-7	0.0018046530026547584	3.968249986379448E-4	7.695697566215913E-4	6.403278149168532E-6	2.457952193755129E-4	5.675727279528996E-5	2.3133639945392695E-4	9.29746480354159E-5	1.1900807482755161E-4	1.1825260697892602E-4	1.2979419616241277E-8	4.0504059733394415E-11	2.8706399969538115E-8	6.30996943291801E-6	5.998291351892363E-5	0.0	5.998291351892363E-5	1.0652584872028402E-9	3.753729952348017E-10	3.148668834800673E-9	4.945497049270063E-5
0.006536272827085811	1.2143133187057003E-4	2.0640854754780168E-9	1.390262036445803E-4	3.4272079555675503E-8	3.4511846121810165E-13	4.140388055141282E-6	0.001986410093013526	1.429145013862137E-4	2.646296480701826E-6	6.12280043671693E-8	1.8334657436687308E-4	7.268588000451187E-5	1.3807823574943942E-4	1.3179494919686654E-6	1.0490118767758667E-5	5.041818200071478E-5	5.5543631407351005E-5	2.3781954543046214E-4	5.401079687896974E-5	5.433515662070161E-5	2.7083823382136925E-9	6.129379796148784E-12	1.6332341396053836E-8	5.121027305237203E-6	2.7598827854768443E-5	0.0	2.7598827854768443E-5	2.490391599434048E-10	9.280787371060551E-11	9.596320102917644E-10	3.081052277336245E-5
8.273468641081651E-4	8.862050645587408E-5	6.858851264834297E-9	2.2741046910010465E-4	6.9399977927525E-8	1.3042878039277466E-12	1.4179109721139434E-5	1.551737111472945E-4	3.371936453248723E-4	1.1401648140606204E-7	2.3214283690164932E-7	8.482470973935889E-4	3.4644830681025647E-4	6.932649251454516E-4	6.467280983508465E-6	0.001047345455751278	3.6964199153406325E-5	1.8751393760034992E-4	8.826369977170512E-5	4.7497170683729467E-4	9.486677588233932E-4	1.143457226573828E-8	1.361514657288835E-11	2.68454790489537E-8	4.077027789073395E-6	4.978932841331127E-4	0.0	4.978932841331127E-4	1.4062314849876549E-9	4.874787162078892E-10	3.6369468607546964E-9	4.419420336583296E-5
8.262534433927778E-4	7.78157102081041E-5	4.552942210992174E-9	1.3738377866697737E-4	5.332209463316737E-8	1.0674588825317502E-12	1.151609846259993E-5	1.1550695647065722E-4	1.884237227496619E-4	1.0799769811020463E-7	1.111977426011514E-7	4.168958544905053E-4	2.050392680912704E-4	3.0775270273873255E-4	3.458016794654606E-6	4.79785285159419E-5	2.1202133415146377E-5	1.4738149191405808E-4	7.047288068279096E-5	3.131416653937681E-4	7.305425191997568E-4	1.0423884160778064E-8	1.5726688755779152E-11	2.0511603870939163E-8	3.6154683269981254E-6	5.924149719991797E-4	0.0	5.924149719991797E-4	2.671995871952605E-10	1.8647455745606726E-10	2.97940357096105E-9	3.3260250480809044E-5
7.528414127367265E-4	4.113996233224245E-4	4.442739184479776E-9	1.7478685718060754E-4	5.729622461892285E-8	1.4122323509143137E-12	9.432190167866833E-5	1.9516330509077544E-4	3.151069037685046E-4	1.1033934779105013E-7	1.250501817582714E-7	4.1916353689338366E-4	1.9929570465122633E-4	3.2155665409515827E-4	3.4469737271895087E-6	3.9094956984548235E-5	3.4274259958875855E-5	2.882260064914724E-4	6.842019627010532E-5	7.102377447247319E-4	1.0523419504244502E-4	9.384126616525448E-9	1.0594577482026244E-5	2.243819797933244E-7	9.475989526504935E-6	2.3317928019403745E-5	0.0	2.3317928019403745E-5	3.8565803950268676E-10	2.0443376355798313E-10	3.94106823255179E-9	8.972356638082609E-5
8.663034531659239E-10	1.7103332547591587E-7	5.239649163915151E-15	1.9013711265004662E-10	8.718871683967107E-14	3.7349209916385095E-18	1.7884642401006206E-11	1.080184559013816E-10	8.102819943037863E-10	2.5648302021567495E-13	1.4366627102233603E-13	5.340357280499153E-10	1.8320271342776302E-10	3.5144355435643456E-10	3.260177641526297E-12	2.4596473545215667E-11	8.52003663112875E-11	1.778982882817104E-10	9.108855671801995E-11	9.512242333547862E-11	7.302602532068622E-11	6.262407166280777E-15	7.695996971523397E-15	4.569719121323408E-14	2.6984196400612027E-12	3.6064263078306825E-11	0.0	3.6064263078306825E-11	6.132346056518139E-16	2.24494659490026E-16	1.0425763205860454E-14	1.0703402595875645E-10
5.431438314729773E-7	8.359129357462861E-8	4.585938744729583E-12	1.834156753336295E-7	6.105236919820037E-11	4.4197246908398204E-14	7.192307637370326E-6	1.3775252427270644E-7	2.760015948845429E-7	1.9135471596367434E-10	1.634771206333636E-10	5.309864830964287E-7	2.6127067851550556E-7	4.790741729717328E-7	4.797325455386392E-9	2.3033989882545495E-8	3.0488229620965225E-8	1.7336328226714562E-7	7.676640593042574E-8	1.0876277430014462E-7	9.621509189771902E-8	1.041384873953817E-11	8.266972411155281E-14	3.069830594256143E-11	3.5384181938389997E-9	4.842022635520535E-8	0.0	4.842022635520535E-8	8.597323076390269E-13	3.3756097914141654E-13	1.2365470156098055E-10	4.5667803093335264E-8
8.41940773595347E-8	7.624887089552551E-9	5.287975583640058E-13	4.0657605025869394E-8	1.6962335432699305E-11	1.1628549662629916E-16	8.895566481854383E-10	1.4679073362363741E-8	1.231165988565658E-7	1.3303754264104048E-11	2.373615685241903E-11	8.327622409041603E-8	2.1114778193540593E-8	4.017989050418214E-8	3.5094510464760666E-10	3.6462436904754577E-9	1.4717764967260677E-8	2.6900821544230682E-8	6.119767651962003E-9	8.28882541635101E-9	6.72717040471976E-9	6.440906507844758E-13	1.061606387198282E-15	3.0549000205675376E-12	2.595842300205457E-10	3.343769641994277E-9	0.0	3.343769641994277E-9	5.817171461442401E-14	2.1456236768966092E-14	3.193849833163582E-13	3.1367307189413036E-7
4.6377333910651685E-5	5.837428535573037E-6	6.024725054049059E-10	4.7093796941823085E-5	6.443339566533334E-9	2.5075757352268067E-13	1.0511083472179135E-6	2.634654374528202E-5	4.715044006338243E-5	7.157189833281615E-9	4.364422581793078E-8	4.7512370409130324E-5	1.937638308758859E-5	3.767479687627519E-5	3.566922069490153E-7	1.9709369300150424E-6	5.054076863797859E-6	1.812346659179908E-5	6.060786315154707E-6	8.196202604562839E-6	7.98881051684547E-6	8.582000052474737E-10	6.700404642906706E-13	1.9422284823064485E-9	3.135581130812576E-7	4.048146466561747E-6	0.0	4.048146466561747E-6	7.223819854974838E-11	2.5991125400924002E-11	6.999994347630872E-10	3.100674546438973E-6
1.8708727295862045E-4	1.7619657883566148E-5	1.0309150837541485E-9	3.110745680299073E-5	1.2073624194462944E-8	2.4170307081894E-13	2.6075687764928305E-6	2.6153276639008798E-5	4.2664345711768644E-5	2.4453738252033576E-8	2.5178290877376796E-8	9.439696375840747E-5	4.6426705017062795E-5	6.968390229693541E-5	7.829929876841293E-7	1.0863703698484304E-5	4.800743300254458E-6	3.337007066775838E-5	1.595704613267712E-5	2.004202225295886E-4	4.5296143722148904E-4	2.3602615364891155E-9	3.5609706116382017E-12	4.644403723216259E-9	8.186436994556642E-7	5.665235443862899E-4	5.626493795653915E-4	2.851984355834323E-4	6.050138313122466E-11	4.2223100278554386E-11	6.74621768993171E-10	7.5310613786193734E-6
5.612883911335985E-5	5.286923312682476E-6	3.092989609214345E-10	9.333690628131425E-6	3.62235661610334E-9	7.251500944683733E-14	7.823736801940901E-7	7.847130112019122E-6	1.2801038948064891E-5	7.3366319970689764E-9	7.554839954792949E-9	2.8321577232714652E-5	1.3929046638384298E-5	2.090724709317493E-5	2.3491729189713646E-7	3.259201359180186E-6	1.4404156903994618E-6	1.0012251443540153E-5	4.787407335124329E-6	6.0126585400502995E-5	1.3588864790294703E-4	7.081135536958841E-10	1.0685087396512513E-12	1.3940957155716821E-9	2.456062139570063E-7	1.16248639209154E-6	3.151888796932475E-9	1.4182504079352054E-4	3.290221238748204E-9	1.1502413361757525E-10	2.023979084908352E-10	2.25989648990725E-6
1.7773218480130024E-4	1.6738606755951287E-5	9.7936533727105E-10	2.9551963496899437E-5	1.1469896228731484E-8	2.2961698126486154E-13	2.477180239664026E-6	2.484551152654802E-5	4.053096320532602E-5	2.3230956640510473E-8	2.3919278828702555E-8	8.967675001121923E-5	4.410518997533902E-5	6.619943732599052E-5	7.438403061013014E-7	1.0320476443058957E-5	4.560687544005991E-6	3.1701437906288136E-5	1.5159132031194456E-5	0.0015266872548123458	4.3031161123353564E-4	2.2422393193761894E-9	3.3829082909325633E-12	4.412165551256351E-9	7.777083442242249E-7	3.680441576862425E-6	0.0	3.680441576862425E-6	5.747607967855423E-11	4.0111781752528226E-11	6.408880680205011E-10	7.154479145092689E-6
7.392493468309624E-9	1.129397767010828E-9	2.7809135086641005E-14	1.391769988344104E-9	4.963725833465543E-13	1.856657828563481E-15	5.436178621522552E-10	1.3381628589703417E-9	2.045399833024237E-9	2.2302019398966127E-12	9.964678700646296E-13	2.4840986595634248E-9	1.6976611036483658E-9	2.5305070247347832E-9	2.959101221300123E-11	1.7016859889625882E-10	2.310502643527871E-10	1.7842679840766897E-9	6.26590055241037E-10	7.645827090144495E-10	3.5179279099981776E-10	9.008033305745288E-14	1.9105937458120768E-16	3.022325117952347E-12	3.5372661476901387E-11	1.6254042132845705E-10	0.0	1.6254042132845705E-10	2.8067419050632355E-15	9.895833987683323E-10	5.194905581216331E-12	6.414149204767158E-10
1.2106821577384656E-9	7.010084750555352E-10	8.337927608863425E-15	4.771808199292436E-10	1.5335586386211312E-13	2.5828030832920327E-18	3.767393524999921E-11	5.642114346572309E-10	7.320905603604107E-10	1.8896848347534949E-13	3.3991651702070405E-13	7.176464046877191E-10	4.590396427700292E-10	6.970953467277642E-10	8.009730340192201E-12	4.898820979827528E-11	8.540812787730077E-11	8.021015206291141E-10	1.7325970989462803E-10	3.0677149534762695E-10	1.0983999116753515E-10	2.3898090102082834E-14	2.4352549021105813E-17	3.668379365673373E-13	8.007112727003388E-12	4.7057977851213207E-11	0.0	4.7057977851213207E-11	7.50380146903783E-16	4.668936154713268E-16	7.197203198188124E-15	4.0081543930790814E-10
2.0407286667196405E-8	1.157942470645014E-8	7.976482549873131E-14	6.682236558560701E-9	2.698301408021808E-12	1.0638872399330433E-11	1.365438201120189E-10	7.386670950625251E-9	1.2417349430730988E-7	2.117551730548408E-12	4.222576051281396E-12	7.652848187821945E-9	2.420538694364249E-9	4.685831951730968E-9	4.262255186246776E-11	5.308930466194793E-10	2.3516158220973774E-9	1.2578603938373656E-8	9.92930710052791E-10	1.3806655751639716E-9	9.68016679072169E-10	8.339282818669348E-14	4.1024422711039744E-16	4.442892559432608E-12	4.897814383172074E-11	4.71647647568906E-10	0.0	4.71647647568906E-10	1.3380143254792835E-12	2.9037750846654237E-15	2.976788120655628E-8	1.8841996941999763E-9
2.542864073045039E-4	2.6258512777359956E-5	1.8738334665292687E-9	7.192567327682034E-5	2.0198234699707297E-8	3.727692736241215E-13	4.170277999320246E-6	4.589658578791312E-5	9.526971780443945E-5	3.6898985892612555E-8	5.942063048920549E-8	0.0011089338426436349	1.8376956173339395E-4	3.5231345811827155E-4	2.65377072581139E-6	1.0205580387307338E-5	1.0410294889462284E-5	5.428982845986521E-5	2.9609938110154012E-5	3.726243050387464E-5	3.7432728401773864E-5	3.1875169890129967E-9	3.658179879698374E-12	7.844895333948338E-9	1.1614954285059105E-6	1.903667505761453E-5	0.0	1.903667505761453E-5	3.341550587763759E-10	1.1826362868308731E-10	1.0393883398961174E-9	1.304174501880096E-5
