32
NULL,rt_sigprocmask@__sigprocmask,exit_group@_exit,rt_sigaction@__libc_sigaction,sched_yield@sched_yield,time@time,open@__open_nocancel,read@__read_nocancel,mmap@mmap,munmap@munmap,mprotect@mprotect,write@__write_nocancel,syslog@syslog,getpid@__getpid,writev@__libc_writev,close@close,open@__libc_open,fstat@__fxstat64,read@read,close@__close_nocancel,mremap@mremap,stat@_xstat,socket@__socket,fcntl@fcntl,connect@__connect_internal,madvise@madvise,lstat@__lxstat64,openat@__openat64_nocancel,getdents@__getdents,lseek@llseek,getrlimit@__getrlimit,write@write
0.17292508271807605	0.4784042989774674	0.09626326375415482	0.18604798714824097	0.001503854237157257	0.008644255504611576	0.02115005264121212	6.542618835935518E-6	0.02027316636395022	0.0022903854199774185	2.262893690633251E-5	5.318410362281166E-4	0.002262044099207309	0.0029543001915702965	0.0018778748129384183	0.0015195817706729585	0.0012741484036542308	1.1280358835593061E-4	1.8266588458717074E-7	3.360429299278498E-8	1.490852475758623E-6	3.3020167311845276E-4	6.344648608660306E-4	0.0	6.344648608660306E-4	1.810224679007387E-8	6.608619325959351E-6	4.612412723100257E-11	3.379665033819272E-8	1.1942787429349903E-8	1.268364976658287E-7	0.0023369783030715878
0.28696903070437807	0.24773063633366232	0.2379471328204748	0.43227913711087557	0.0032388053201045566	0.0086670443719404	0.015560649927881868	1.0040387708694602E-5	0.021289464033792293	0.002755647366389194	2.33835783880757E-5	7.718831597270506E-4	0.001615984339650506	0.0027100573073149618	0.002387526431208284	0.0019378192020406988	0.0014218822700220503	1.6811417447682505E-4	3.6507012188807576E-7	5.476644687620037E-8	1.7203727358384787E-6	3.186657485134166E-4	7.019899488074002E-4	0.0	7.019899488074002E-4	2.5329433681920206E-8	5.190146598156092E-6	8.293624624300673E-11	3.6643700459714854E-8	1.6043565852291174E-8	2.3082844243291533E-7	0.002739473295261044
0.2914612791218063	0.17172217669904638	0.03624128989714475	0.06898053349958023	5.703943526499588E-4	0.0035099986855231385	0.010206290874011915	5.6541445088627995E-6	0.011005683389396052	0.0014824868930931765	1.1741156929699507E-5	6.596666235928879E-4	0.0010808452730977434	0.0017555575138288016	0.0012709174917213864	7.327714019694854E-4	5.416156718415296E-4	8.550166197819559E-5	1.017571023314646E-7	4.5341254871489644E-8	8.816926110836693E-7	2.755022065446387E-4	2.661201325090113E-4	0.0	2.661201325090113E-4	1.731576929958517E-8	3.419551656293114E-6	3.800000277285285E-11	1.2555909006671125E-8	4.549756671671419E-9	1.052424964089005E-7	0.0014854663285826916
0.26931513867685625	0.19923613352801478	0.2263624076204042	0.19613638044407436	0.0039191572264492824	0.005232797524444921	0.011745730060438855	6.794795898022124E-6	0.014212992036910345	0.0018294588872519854	1.6042686013836283E-5	6.523762414104339E-4	0.001227101968494284	0.00197108544182702	0.0015919291794392893	0.0011838530628538132	9.613247403369929E-4	1.0925359524538852E-4	1.83219007940847E-7	4.559934190705135E-8	1.1111958484007546E-6	2.7129524064784156E-4	4.7852297843080664E-4	0.0	4.7852297843080664E-4	1.9537227959995697E-8	3.7864160054728593E-6	5.08862721505152E-11	2.484291109822033E-8	9.401354913196907E-9	1.4132080746583227E-7	0.0018160432439367584
0.002917500215127433	0.0019644173211018855	0.002457583668472183	0.0019782575481867557	0.001246939307532118	5.022333721593464E-5	1.1847771030420296E-4	6.931774720663851E-8	1.4052190860709284E-4	1.8532570092172872E-5	1.5290759993645687E-7	6.9509988168965445E-6	1.2446707464209898E-5	2.0371493923399077E-5	1.5984199948086935E-5	1.0928261813786426E-5	8.199429381214538E-6	1.09584943491346E-6	1.7654164037134158E-9	4.828944305530658E-10	1.1244660417143358E-8	2.892708257027667E-6	4.046722480324036E-6	0.0	4.046722480324036E-6	1.9793777122070166E-10	3.939166511759516E-8	5.094725694722804E-13	2.026819863521365E-10	8.03442404455742E-11	1.41421232277055E-9	1.8492276172649872E-5
0.0035859905440640246	0.006177430359963619	0.0018592589652950734	0.0036195026852643315	3.245234602766072E-5	1.8080029948370764E-4	0.01563328334253723	4.027854998902555E-5	0.01044253958721164	1.4587319772501405E-4	7.2383502125486E-7	1.3718312317523353E-5	7.232647725130788E-5	7.591720111632631E-4	9.243300963111355E-5	5.657476863476496E-5	3.888379994370832E-5	4.622672124178736E-6	1.3137577725165077E-8	1.3019242738731673E-9	7.157612994094562E-8	1.0052786493854565E-5	1.905336533260257E-5	0.0	1.905336533260257E-5	8.277366906857107E-10	2.2431563103849322E-7	1.5821443895389276E-12	9.203502943869023E-10	3.183896190303359E-10	4.36596776199387E-9	1.0465388548241664E-4
0.008219396434189749	0.015120512280409353	0.004499109291644523	0.007998943498607506	7.492441298208499E-5	8.174308973008385E-4	0.016624527966697607	0.006798686235815772	0.013253552006405267	0.0010695481179276286	6.339510273814753E-6	4.740849235140082E-4	0.02039282590503249	3.6560492459021635E-4	2.9770651548518217E-4	3.6801830996825496E-4	9.808761264017448E-5	2.615034758311101E-4	3.934035482220186E-8	2.49035305732133E-5	8.095869338062398E-7	5.128468024194952E-5	3.6527499479043904E-5	0.0	3.6527499479043904E-5	1.610105544937706E-8	5.621263443747648E-7	5.263215197393844E-10	1.648463773247975E-9	6.39949508965116E-10	1.2182504429699283E-7	0.0015304834536963446
3.692551120850886E-4	0.001418635841768499	2.980538534658123E-4	5.743658500896537E-4	4.715955872368017E-6	3.3390473443270364E-5	2.653690791349388E-4	1.505842026097199E-4	7.816796150200209E-4	3.789798556117179E-5	1.1329664380232703E-7	0.0023195026191878197	6.017087629494876E-6	1.3579872826611429E-5	6.201538069675005E-6	2.1654193480333513E-5	5.524595250556276E-6	1.9337063385088717E-6	1.2594379666004893E-9	4.010324875440517E-10	4.80027229004578E-8	1.639954099068681E-6	1.9813087679735235E-6	0.0	1.9813087679735235E-6	1.3346108938585494E-10	1.406732592986216E-8	4.225619362766014E-10	1.627845821668435E-10	3.8456555714413895E-11	9.127467881480178E-8	7.701461050559366E-5
0.005047308579003487	0.009606155582082757	0.003195362912084143	0.006142436510911235	5.650684140029833E-5	3.495086046286798E-4	0.0016876615763855207	1.914154639710337E-6	0.0912898237939109	0.08750360171064109	0.02823267371881065	1.63915696534307E-4	0.0018880938334438814	1.674356512926938E-4	0.0019464290090041594	1.9284156455666776E-4	2.734946095068228E-4	1.4684655353873537E-5	3.035241219909435E-8	4.68963046458135E-8	1.729842839749626E-7	4.193598193400667E-5	1.4115791076174412E-4	0.0	1.4115791076174412E-4	6.042489735731818E-9	5.885829478110337E-7	7.430899854279257E-12	1.612157588886604E-9	5.621882338250837E-10	2.0739397116719547E-8	4.294064881181098E-4
0.007558711793431039	0.014769037362237124	0.005102092628004851	0.010001187983924256	9.170767772864413E-5	0.0011786013470863619	0.0019089585237699314	5.074126521451678E-6	0.03203609501375647	0.027384895537502073	0.0527002296968773	1.1947697283194114E-4	9.815662724798836E-4	0.00122903516677579	4.3164746231525103E-4	2.073810534526609E-4	1.3327501986789493E-4	5.610599634744977E-5	5.0346322522206595E-8	1.0882616949227715E-7	1.7570069950233952E-6	2.0127770686203043E-5	6.435782293481961E-5	0.0	6.435782293481961E-5	5.179844461107242E-9	5.060758035603727E-7	2.1022443552819754E-11	2.7890455516140298E-9	9.454276064277533E-10	5.87530212650994E-8	0.0011765796734543909
0.004149563576297139	0.007885321190166543	0.002961412008304418	0.005919274448998834	5.448227827658117E-5	3.050856745743106E-4	8.033689867614566E-4	5.795950196611878E-7	0.01253334780332256	0.040616586777624246	1.6408031005064705E-6	1.4309823653852243E-5	7.937052837743724E-5	1.3723284209031324E-4	8.077429278263189E-5	8.413721334079898E-5	6.16087236305606E-5	8.070718818174133E-6	3.412318120828829E-8	1.2902926763012078E-9	1.0924802874156835E-7	8.984483551008402E-6	3.0112735783244183E-5	0.0	3.0112735783244183E-5	1.0761348784237783E-9	2.625708908357896E-7	2.0156372796391937E-12	1.7814235619574195E-9	5.868178702914223E-10	5.6084571785189895E-9	1.6621626848537795E-4
6.16577592515045E-4	0.001793892939130394	3.595643199380084E-4	6.875383702376794E-4	5.576484046170383E-6	2.1397783070798087E-5	0.0054857303207840255	1.0260169462279448E-7	7.665789668723832E-5	1.1822422426163339E-5	9.833540432215986E-8	0.0023219743782961844	7.854476198449456E-5	1.3697807025922605E-5	1.5087847904784348E-4	6.213954761848738E-6	4.766901590787533E-6	6.230633858751978E-7	8.581058424739105E-10	4.929026038353622E-10	7.056729741859948E-9	1.3875693615648352E-6	2.3504380381671993E-6	0.0	2.3504380381671993E-6	1.7565181984781205E-10	3.119332098251584E-8	2.23264214123158E-13	1.1998814985171324E-10	4.320879650427895E-11	6.142841953329515E-10	1.296713927615197E-5
0.002490536087617991	0.006343236624606046	0.0017831856611245423	0.0031593214753300376	2.9269946730395658E-5	2.7173021775487417E-4	5.703574228952741E-4	8.902766184705163E-7	5.665194971326153E-4	1.0117795636810463E-4	2.423271939355142E-6	5.114310045070832E-4	5.7641686728779425E-5	8.391141821479384E-5	8.119244085807424E-5	4.198546092145065E-5	2.553049550955576E-5	1.1389791978699006E-5	1.4291890028145369E-8	1.7062766035318395E-8	5.938906409449268E-8	5.772666059634123E-6	1.2305238399595758E-5	0.0	1.2305238399595758E-5	5.829220534981647E-9	1.419199258143843E-7	3.037661161175702E-12	5.878021175048242E-10	2.421975023650956E-10	8.476301429776392E-9	1.8213363844368555E-4
0.0021919901171778976	0.0032012791221304286	0.0010560672220807285	0.0020014823127339	1.8518424013255643E-5	0.0045833336868042465	3.338912510869228E-4	8.620725017919676E-7	4.047356068110476E-4	0.0019826445721172654	5.184525035789092E-7	5.4519615161684644E-5	5.221798194965042E-4	5.298545400172544E-5	0.004631355884099931	2.772960366297788E-4	5.638556340982091E-4	6.2673413424475E-6	4.183070306653132E-9	3.7943725275071885E-9	7.337814876933983E-8	7.969800091091828E-5	2.965092821062849E-4	0.0	2.965092821062849E-4	1.2245900030426828E-9	7.518133910461396E-7	1.547979117051098E-12	4.850780571996959E-10	1.7967979672294381E-10	4.307139458969279E-9	1.1312811813648454E-4
0.001811068266589442	0.0034618153846728093	0.00143630122553458	0.0028345770152195435	2.6650149237814364E-5	1.1431131061431084E-4	2.3250534251117492E-4	1.5335946485956105E-7	2.588140819568231E-4	7.559472926221937E-5	4.361574851774804E-7	0.002351449328486555	2.3047464455596976E-5	2.800300958880753E-5	3.138528164274112E-5	7.841041128701043E-4	0.0018557880937071715	2.400626207756852E-6	4.560989235002451E-9	1.5986915846553754E-9	1.9682427628455577E-8	2.552829059881133E-6	9.80441431479116E-4	0.0	9.80441431479116E-4	7.443696557197356E-10	5.1606945595199126E-8	1.0057986916592369E-12	8.144550466875401E-10	2.8698142016112066E-10	2.804046629451102E-9	3.649405617174457E-5
0.0013692361703815648	0.0018880132353573606	0.0010338745744502772	0.001543672429246044	1.759539480961317E-5	9.840862981611297E-5	2.5855379312134525E-4	2.274338560418788E-7	2.1495453026310467E-4	1.4361685003103065E-4	4.512933221110419E-7	7.27872334307512E-5	2.5527035417332544E-5	2.930870524358588E-5	3.6101013580862155E-5	5.795331851725907E-4	0.0016056634506346813	3.1094278988600523E-6	5.705211007196313E-9	3.230778134135627E-9	2.2458920973943924E-8	2.380904584345265E-6	0.0013282438383736851	0.0	0.0013282438383736851	1.3315009855341599E-9	5.7083685883919755E-8	1.199826304752906E-12	2.0614374540191257E-10	1.4024316487426424E-10	3.347471863974271E-9	4.944209095769851E-5
0.0013392242970962636	0.0019847723433208068	9.500071391675204E-4	0.0015099526172121912	1.631166401715975E-5	2.8271486531891964E-4	4.5107996427280723E-4	6.982171625660856E-7	3.1275491610714326E-4	0.0015138694373216422	4.4355490755473155E-7	5.2388765040615135E-5	5.359008959922718E-5	3.2845273208615246E-4	4.6749382736256434E-5	8.176884879065989E-4	8.500044454376881E-5	1.5524968673486525E-4	4.8477211023379576E-9	2.485659014724651E-5	1.0405488201217166E-6	1.8790474084871086E-5	5.57720133188E-6	0.0	5.57720133188E-6	1.5088557055367164E-9	6.012904368313764E-8	3.864134887729757E-12	2.5042068730875125E-10	1.3736372544055766E-10	1.0800156523586962E-8	3.450795490865194E-4
1.3977767313619793E-4	2.454719645306374E-4	9.531376728696983E-5	1.7728639221601547E-4	1.7029098240297991E-6	9.397175808784878E-6	7.643259328224606E-5	3.392576285204131E-8	5.304789208588563E-5	9.213336720131466E-5	2.4401919435198116E-8	7.858034123242828E-7	7.208613606908692E-6	3.6118230702694593E-6	1.0856288745158133E-5	8.197280280932474E-6	2.359072433137452E-6	1.229763440396381E-6	3.073348529286541E-10	4.600101328818951E-10	6.202611033541773E-9	3.859035192237914E-7	1.1220999050152561E-6	2.3209194672521068E-7	1.1220999050152561E-6	2.7274380917040505E-10	5.8194258852788684E-9	2.863702491937034E-13	8.707811160083917E-8	2.739402173416028E-9	7.998435302559349E-10	1.0919209700387434E-5
9.225648545075434E-8	2.074047633381278E-7	4.6828805345596413E-8	8.809670439195852E-8	7.479232461787456E-10	4.503954015365504E-9	1.6697870728096009E-7	1.9565583506789571E-10	1.4941914346966637E-8	1.121922633232667E-6	1.323969914815817E-11	9.946054741432038E-10	1.5386839499153977E-8	2.6616231046075858E-9	1.3370875201307813E-8	1.4680278577505877E-9	9.822749631012456E-10	5.841720354442029E-10	1.552949692889084E-13	6.4993797815253895E-12	4.473421824940674E-12	2.6721794147049915E-10	4.809254883854625E-10	0.0	4.809254883854625E-10	6.790576350451279E-13	9.122127083948263E-12	7.725352931273085E-16	1.64276082326463E-14	6.096024861752892E-15	2.1598352006756538E-12	3.1889005933143746E-8
2.283900879736276E-6	3.921956377431011E-6	1.5027204338715886E-6	2.7392387036353927E-6	2.6540969735049407E-8	1.6481026604517392E-7	1.7266092154756829E-6	7.994720424839074E-9	3.480919397437846E-7	1.7972028215340552E-6	3.800707430813124E-10	1.5002483317488108E-8	1.6168996422660277E-7	9.272095981218393E-8	1.4762199293305078E-7	4.82303737374847E-8	2.784878442084358E-8	1.8078538598140177E-5	5.075437555390606E-12	1.4407338243836138E-11	1.269665293060132E-10	5.515475352406468E-9	1.326030946483344E-8	0.0	1.326030946483344E-8	6.6501954641026256E-12	1.0150562659220211E-10	3.228650601507924E-13	6.765791243466386E-13	2.5446451559698086E-13	9.03360066294325E-10	1.718041997571536E-7
4.321680258855418E-7	8.101443115545238E-7	2.1558600975829049E-7	4.119893080915071E-7	3.6274725793384664E-9	5.3654362510244384E-8	9.215458725171914E-8	8.805978701425678E-11	1.3410536110248176E-7	1.1833601212509625E-8	1.2796162502335993E-10	1.9843209841816865E-9	1.3401960515902455E-8	1.135327839206402E-8	7.487470548877334E-9	5.758706284093066E-9	3.657975376574443E-9	4.905940876546472E-10	6.526380902515962E-13	2.191870154059432E-13	8.614870060838619E-12	1.1234255562865265E-9	1.7524936950500838E-9	0.0	1.7524936950500838E-9	9.613112681293456E-14	2.378108227744123E-11	4.007246422194031E-16	9.038095848519269E-14	3.301187938322799E-14	1.113168666711713E-12	2.325596608365658E-6
4.767020078927306E-5	7.412064212726238E-5	2.906661709335063E-5	5.20098486656647E-5	5.108543666500264E-7	9.830318242890217E-6	1.1067630821616115E-5	4.480184192935098E-9	1.985916312614626E-5	1.4364407012709197E-6	2.0185768890559398E-8	1.8983126941046785E-7	1.1336820437917935E-6	5.4619465693767425E-6	1.2153572354951674E-6	6.674942401084155E-7	4.748296362788455E-7	1.3647884241509344E-7	1.6935245332471572E-10	1.5369033937060456E-11	6.986589146376344E-10	1.4382188613558775E-7	2.3321645270997697E-7	0.0	2.3321645270997697E-7	1.0937904179144297E-11	2.189858417746282E-9	1.3036193930616505E-12	1.176897845728828E-11	4.8070512902305145E-12	3.64692579225883E-9	1.0078755350404691E-6
3.089172679186395E-4	4.2595992206346655E-4	2.3325540165014077E-4	3.4827231532399576E-4	3.969747361349075E-6	2.220192045033902E-5	5.833304262916777E-5	5.1311933812139496E-8	4.849645838989026E-5	3.240178491111233E-5	1.0181754737948781E-7	1.642173044550346E-5	5.7592228247955686E-6	6.611878810814072E-6	8.144843606066575E-6	4.2650778825336223E-4	0.0010238173765493859	7.015251453842149E-7	1.2871678156067542E-9	7.28904861966277E-10	5.067016066519735E-9	5.371618075776254E-7	0.0012956095042133827	0.0012945853554080064	6.483158623967648E-4	3.004036642200476E-10	1.2878811620062694E-8	2.7069622983042957E-13	4.650865668948346E-11	3.1640659203220304E-11	7.552326619454702E-10	1.1154767958626123E-5
9.269754252635878E-5	1.2782790085164071E-4	6.999183343863947E-5	1.0451164262395408E-4	1.1912026441118261E-6	6.665789931333494E-6	1.7508279610523228E-5	1.5415276583548527E-8	1.4557186673597437E-5	9.732129037435613E-6	3.055392580924581E-8	4.926607739977138E-6	1.7286203130812471E-6	1.9865722959680063E-6	2.444230645895873E-6	1.2795324705795503E-4	3.0714498903843863E-4	2.1089102627051002E-7	3.8619750739031056E-10	2.1888680891445918E-10	1.5277689067100298E-9	1.6140471367778102E-7	3.0740033018129797E-7	2.310087709941677E-8	3.239542212384915E-4	9.014320005740618E-11	3.864497052762016E-9	8.124377136570498E-14	2.3995647000986233E-8	7.596825170858189E-10	2.2666727090365118E-10	3.3516507448185698E-6
2.9347020821759556E-4	4.046602763987916E-4	2.215917282687302E-4	3.308573508473337E-4	3.771244620139507E-6	2.109173844923267E-5	5.5416164598660174E-5	4.87461384122498E-8	4.607144766425115E-5	3.078157018723302E-5	9.672627571448314E-8	1.56005803288549E-5	5.471239380536753E-6	6.281259265280561E-6	7.737569884250174E-6	0.003479813012322465	9.726225429129259E-4	6.664461714066657E-7	1.2228044401732496E-9	6.924567961296348E-10	4.813645640796902E-9	5.103016369996646E-7	9.729373990166402E-7	0.0	9.729373990166402E-7	2.853823176734971E-10	1.2234821164903015E-8	2.5716037004761076E-13	4.4183043746774704E-11	3.0058503712251575E-11	7.174681041535032E-10	1.0596986363025674E-5
2.484099322962282E-8	4.65276262691169E-8	1.368581539493969E-8	2.3753337922404195E-8	2.2473554622804635E-10	1.99758735133593E-9	4.359363420467668E-9	4.0334510793703777E-11	3.2327758106969206E-9	2.1778767658168883E-9	4.402926464370992E-12	4.2933189480876155E-10	5.128100577989017E-10	7.464604958701562E-10	2.1810775887653174E-9	5.601382769723278E-10	3.823851851755974E-10	4.730685829903643E-10	5.2086627891305314E-14	1.0716690044728698E-12	8.666220016713977E-13	7.05365206853308E-11	1.9214531646392726E-10	0.0	1.9214531646392726E-10	7.985799979680745E-15	1.787626802969032E-12	1.304975960926503E-16	4.0551976370106634E-15	1.8285789168182053E-15	3.647876307662344E-13	5.520051405790404E-9
1.081599724299836E-6	2.0584574351462726E-6	5.625490769392685E-7	1.0748228034110823E-6	9.524175580489568E-9	4.381483002572652E-7	1.0617438190106567E-6	1.4775786525285764E-6	3.999325611920175E-7	2.144452336704526E-6	3.7083950617773324E-10	8.260481607680081E-9	1.0756979087426162E-7	5.189551137842426E-7	8.646702603629886E-8	1.6959109924802233E-7	2.562559979882467E-8	1.6634173265282743E-8	1.9532865926963875E-12	4.044212819383773E-11	1.066522266584494E-9	1.1892816658097798E-8	5.70220610659674E-9	0.0	5.70220610659674E-9	3.58530843708664E-12	1.3203519176444354E-5	4.951296219030656E-6	2.4119781891091367E-13	8.763478016295774E-14	1.4451406533792281E-11	9.37924318297233E-7
1.174992037115827E-7	2.3229128501330485E-7	6.11145250375014E-8	1.164551900322843E-7	1.0239848345056878E-9	4.056741851388306E-8	1.2949025299307087E-7	2.9324801213653752E-9	3.9314742346304314E-8	2.3153216240359017E-7	3.633637565651935E-11	9.558252521121022E-10	1.3054702176550766E-8	4.729774380356755E-8	1.054024535724447E-8	1.5513378517528657E-8	2.5008720634719E-9	2.547095697036616E-6	2.1156813038756218E-13	5.43222490208326E-12	9.692322263800549E-11	1.1212929558218014E-9	6.076003822821207E-10	0.0	6.076003822821207E-10	4.722640377978868E-13	9.175386506337961E-12	1.984382222654753E-15	1.1193896875079076E-10	9.235603829309264E-15	5.550437995225769E-12	9.304378926809016E-8
4.599249582090852E-8	4.322484068302828E-8	2.6646453406274186E-8	3.9962222614999814E-8	4.6012680391201025E-10	4.153937521870279E-9	7.694656013518197E-9	1.320897122403136E-10	6.742448337169067E-9	1.0161445633306737E-8	6.215932751153161E-12	1.566330906160724E-10	8.165131885857947E-10	2.9695892220359782E-9	1.0665311710375805E-9	1.3572382279927635E-9	3.532714571691152E-10	3.2999200855573454E-9	1.2204436272206184E-13	1.6838194118811955E-13	2.3157210697716658E-11	1.7587055537724284E-9	1.3126584016916312E-10	0.0	1.3126584016916312E-10	1.886743071558762E-14	1.476749375242176E-12	1.3796420399885217E-14	7.47596733280496E-15	7.252862816399103E-9	3.8602517398935464E-11	4.871584730727673E-9
9.66336517200294E-9	1.1111388963452998E-8	6.8822741325638075E-9	1.0394179796718945E-8	1.1922558373594032E-10	2.109499002934161E-9	1.7115194441845724E-9	2.311733226217177E-12	2.3621184493561938E-9	5.475516840762884E-9	2.202676798446779E-12	4.217299059937215E-11	2.1630922470956043E-10	2.109263107182671E-9	2.402979805878391E-10	7.334618364877225E-10	1.268930758495235E-10	6.470117916575214E-11	3.181951408290069E-14	1.8458922239939582E-14	4.164100669049802E-12	5.263261238007889E-11	3.417834784757737E-11	0.0	3.417834784757737E-11	3.0957965055085965E-15	3.7743178452244485E-13	8.761315681751974E-18	1.5527598166836256E-15	9.91763935924544E-16	2.443741946398187E-14	3.129681198799659E-9
1.427589338071637E-7	1.9722166610545343E-7	5.0969294313143E-8	9.7956346436047E-8	8.540031856211233E-10	3.439390378659494E-8	8.149518042897099E-7	3.8008406291220144E-11	3.348719991969462E-8	9.828513815151914E-8	3.2000998748319824E-11	5.864897766990156E-10	4.5890172513377036E-9	3.9423339389060464E-8	4.283264475984745E-9	3.602619338349067E-9	1.2817976090215522E-9	4.0227170215130825E-10	1.4757185406204852E-13	4.607755014737187E-13	5.910490510565934E-11	4.560274593808787E-9	5.328893250998385E-10	0.0	5.328893250998385E-10	5.907333395413549E-14	7.553601437502817E-12	7.920092382371601E-11	9.922232329168756E-12	7.744358380181436E-15	2.216065438038783E-7	2.1182917732177723E-8
0.002026517490267026	0.009631157790240501	0.0018834653420402763	0.0036251041703943706	2.9065412988944282E-5	9.832161714871106E-5	1.749806059075852E-4	1.8618462432719978E-7	2.8553934947225486E-4	2.8669367585569394E-5	2.7503750116839846E-7	5.953542807166802E-6	1.612060985771945E-5	2.480140938323953E-5	3.1662586230128104E-5	2.5361051139756997E-5	2.3333802007740674E-5	2.0454356008577398E-6	3.3977285724299726E-9	5.228121310737513E-10	1.709835664685392E-8	2.514262683022185E-6	1.1805118564220583E-5	0.0	1.1805118564220583E-5	2.5844237501153966E-10	4.6311509559569814E-8	7.97249012655885E-13	6.288030140821639E-10	2.2385537848072622E-10	2.220937278077472E-9	2.716954504686834E-5
