32
NULL,lstat@__lxstat64,openat@__openat64_nocancel,fstat@__fxstat64,time@time,open@__open_nocancel,read@__read_nocancel,mmap@mmap,munmap@munmap,mprotect@mprotect,rt_sigprocmask@__sigprocmask,exit_group@_exit,rt_sigaction@__libc_sigaction,sched_yield@sched_yield,write@__write_nocancel,syslog@syslog,getpid@__getpid,writev@__libc_writev,close@close,open@__libc_open,read@read,close@__close_nocancel,mremap@mremap,stat@_xstat,socket@__socket,fcntl@fcntl,connect@__connect_internal,getdents@__getdents,lseek@llseek,getrlimit@__getrlimit,write@write,madvise@madvise
0.4622456005041606	1.330288079016576E-4	6.351812917393292E-10	5.296902077699131E-4	0.0190710542039092	0.0645221623338585	5.225323506776788E-5	0.06535911720473746	0.07353099903330085	4.254798697076579E-5	0.08603235878845003	0.042067160757750445	0.05078757849622969	4.5283155929434944E-4	0.001323312350678253	0.007623403694344735	0.025741228212005807	0.007638551705540114	0.006129426119888573	0.0030534116794465713	7.359924852817388E-7	4.87995190247432E-7	6.350371675328249E-5	0.0014463413831278184	0.0013608047510109598	0.0	0.0013608047510109598	3.698932226770202E-7	1.3006029613629269E-7	1.7291543249648538E-6	0.08319766782192603	1.1644760204810068E-7
1.775186096188465E-5	2.7731271657727337E-4	1.0398388137960829E-4	1.4056806767113033E-7	5.911252250489681E-6	2.9044430595699154E-5	2.899896131507318E-5	1.6747233169307458E-5	5.491979657752922E-5	1.057883759806495E-8	2.3092597478991665E-5	1.1153927629313129E-5	1.3300669450002438E-5	1.1855812939133673E-7	3.0500863684107045E-7	2.989719071689288E-6	5.531170018415348E-6	2.8816434590225928E-6	1.524730754029543E-6	7.877337038328565E-7	1.993959037662722E-10	2.2435398815184085E-9	3.413361165721444E-8	2.878816788688459E-7	3.556733843027422E-7	0.0	3.556733843027422E-7	9.451665119615549E-11	3.3534430527365714E-11	1.1294997413478813E-9	2.4197777456150902E-5	1.0217494998705808E-10
1.8919475792117088E-6	2.4971673983224723E-9	7.986347878553692E-14	5.347249693711168E-5	5.6236316020985E-7	3.2127579286366764E-6	5.6968234243268874E-8	1.6569148006911737E-6	5.8720845569999905E-6	1.0327683467096941E-9	2.4823437537944933E-6	1.1734879412587513E-6	1.371150716033616E-6	1.2131768479460149E-8	3.292287877426901E-8	3.439115408285892E-7	5.523393923762304E-7	3.244892770301405E-7	1.4572697402434842E-7	8.050280134752002E-8	2.02417899302796E-11	3.0662276953489124E-10	3.0987454262827467E-9	3.0362628337279135E-8	3.679897165940253E-8	0.0	3.679897165940253E-8	2.483209036108773E-9	3.3742618037307142E-12	2.2268249906139544E-10	2.2982435037905145E-6	1.2579635921306571E-11
4.558635478258286E-4	4.980300751571271E-7	9.504573815179149E-12	1.7241539498954215E-5	8.447482709251392E-5	3.7281135876512256E-4	4.321787982007019E-7	8.167873040231742E-4	4.329206443050416E-4	2.0761643965809555E-7	6.56868517423134E-4	3.4700808477274394E-4	5.026732804543906E-4	4.881778597694013E-6	7.290706448944247E-6	3.5790687206496035E-5	7.032000464614457E-5	5.850545217673311E-5	4.452614468648937E-5	2.4907686639045214E-5	8.924168760549002E-9	5.3098871640882404E-9	1.670259132127859E-7	4.972625377777749E-6	1.2313591139685425E-5	4.874243091253984E-6	1.2313591139685425E-5	1.831458778531074E-6	5.8588163651639616E-8	2.6457387286367232E-8	2.229742151654239E-4	1.2167763088882371E-9
0.008716631569375155	1.2977667221670282E-5	8.914395747001112E-11	4.3003338695237805E-5	0.0013430231118286761	0.03767914138849515	2.6228213933657344E-4	0.028547310638996688	0.004487178304196637	3.88864085894277E-6	0.01111910314171838	0.005314452957956428	0.007570413145876688	6.944089477954885E-5	1.357275708994221E-4	6.263768211016978E-4	0.0038760523533199636	8.652375274872209E-4	4.714781611555024E-4	4.014782424646557E-4	1.6962374734283647E-7	4.8044554578433725E-8	2.743260425709349E-6	1.1422588657235544E-4	1.9916299568267201E-4	0.0	1.9916299568267201E-4	5.894877893419324E-8	2.0724721182179637E-8	2.4538421553877525E-7	0.0035630455954235364	1.4142923080435562E-8
0.016521859818589325	2.3755475595714604E-5	1.1687672462105185E-8	0.002213859526106919	0.0032292974903829715	0.0450933096402638	0.02110217879909288	0.04468052774110817	0.010823326096120769	1.6648322832384198E-5	0.029920640903508308	0.010932424890850865	0.014970813926311428	1.349667007690928E-4	0.0016609752608947558	0.06813323544350787	0.0031662080626955304	0.001740820040909175	8.917453624058907E-4	6.372983205371523E-4	3.928500655283952E-7	9.117630581507352E-5	6.532049133947306E-6	2.6389114840125687E-4	3.087887231194244E-4	0.0	3.087887231194244E-4	8.810966234358701E-8	3.381979552425958E-8	2.8399122779665155E-6	0.013077221385683424	1.2407647992467016E-7
7.376102543047247E-4	6.005008197693723E-7	9.346599286778392E-9	4.337955149344149E-6	1.2343030583383913E-4	7.782887847191461E-4	3.831767825099598E-4	0.0023054823768915845	2.632984920899328E-4	4.133444511003669E-7	0.003935226570835072	8.156924027282704E-4	0.0013905425213527512	1.0853516054850661E-5	0.007769404635667503	2.9283197002870343E-5	8.51038824058176E-5	4.942250670280931E-5	4.503048981016818E-5	3.9239336509534656E-5	1.7151180460593733E-8	8.27481873661957E-9	2.453278136147326E-7	5.364858916988669E-6	1.948543382286979E-5	0.0	1.948543382286979E-5	7.733966753335171E-9	2.2988533245679247E-9	2.0352976989914196E-6	3.492502628681283E-4	1.520470471772899E-9
0.07479413457563831	3.489363438434311E-5	2.2247149075050247E-10	1.292689582910714E-4	0.0035723686626169694	0.02585100578750812	2.1954599640963586E-5	0.2196643941409548	0.24537429153001217	0.06374127648886264	0.030293851185524665	0.02462643116342793	0.01713352548680312	1.526174733465671E-4	8.102742922330656E-4	0.00812650779851951	0.01490511113599029	0.0050595429790351604	0.0013132740337773764	0.0011571069431364238	3.8478636477786263E-7	3.904255889365525E-7	9.175899530306686E-6	4.662222526623224E-4	5.71403454413506E-4	0.0	5.71403454413506E-4	1.2085513307231923E-7	4.2736449489438885E-8	6.114507552042609E-7	0.013151862374385233	9.47752037812307E-8
0.021130529257285355	2.6341175645026563E-5	5.882696655064363E-10	2.3740096641123952E-4	0.006214177213814634	0.018837381431297342	5.527669815062423E-5	0.08825289070053642	0.08062385575734986	0.11897714941657057	0.04131490288826382	0.015851999455394932	0.024159844207636054	2.153731601575256E-4	6.208244271704746E-4	0.004890764144941772	0.0067887847777671605	0.0029761294480821353	0.0015362832048370133	0.0012206745581612025	5.783687064049396E-7	2.117736917453758E-6	4.0198651727755846E-5	2.47336454188858E-4	5.983979933918739E-4	0.0	5.983979933918739E-4	1.7683236170168918E-7	6.15829442974348E-8	1.639859652654326E-6	0.02741110976699017	8.400211807072018E-8
0.0065917413590503675	8.382864620606145E-6	8.89092917062536E-11	6.011803367425059E-5	0.0014150307091546962	0.0032786345989591135	7.703751557193819E-6	0.03242359104488494	0.09469358339628053	5.433221791327062E-6	0.011251582914520929	0.005453843548920688	0.009152830298774343	8.462297110815376E-5	9.717968854443678E-5	3.684628596450142E-4	0.0011290011932242963	5.798964849140816E-4	5.555281213904072E-4	4.747479315517507E-4	3.05360589002856E-7	3.916204531111531E-8	3.2659823885808446E-6	6.895995008956623E-5	2.346273630911164E-4	0.0	2.346273630911164E-4	8.076671859280496E-8	2.7072767706842396E-8	2.4746554165528926E-7	0.004402317453803804	1.2384988585314794E-8
0.15029479051359107	7.456346992364951E-5	1.33749642405932E-9	5.131153281273001E-4	0.01422554316313058	0.027727622988603144	6.6906389329125E-5	0.09710466991336304	0.028657280489169462	3.686961802636085E-5	0.12153547208003179	0.16619386610642328	0.27421539039536175	0.0019493938499284154	0.0020276114047683004	0.0031840046601964048	0.010830954746645386	0.006588338070926444	0.00478188711286602	0.003651300006050885	2.041398523496913E-6	8.072805266962622E-7	2.5214260314693222E-5	6.355757185614609E-4	0.0017914557999078962	0.0	0.0017914557999078962	5.618775486178101E-7	2.3785992476625496E-7	3.7272595061893302E-6	0.036312165306502706	1.4431234440750555E-7
0.2653606082893382	4.603782015183118E-5	7.3132650448195E-10	2.72170029607462E-4	0.005791639078400322	0.016337139897902954	4.2091122260383526E-5	0.07969444973857324	0.016879526048991605	1.902571361653164E-5	0.07755452934163956	0.03431603007010375	0.03345181021591627	2.8857535299656314E-4	0.0018888623692273137	0.0019016628266234393	0.007225042196546211	0.0037622004567420845	0.001876299960538005	0.0013497559859622771	9.425292012511277E-7	7.796784553259892E-7	1.3486056401511758E-5	3.9983697144170994E-4	6.533602671251443E-4	0.0	6.533602671251443E-4	1.780254556582036E-7	6.749591753310189E-8	2.035530547001421E-6	0.021597160921353276	1.1092970626565569E-7
0.1441854702741111	5.328071763258588E-5	8.998212038612472E-10	3.418384636654537E-4	0.00873333323163563	0.020012245055685673	4.8082564587337485E-5	0.08151471115371454	0.020029683714408362	2.589008927906957E-5	0.0949218748933432	0.16611658548241132	0.11769771270890012	0.002613590407128871	0.0018096437343605371	0.0022974734737160798	0.008063893532002642	0.0045691887453912115	0.002989744201234353	0.002444826408753231	1.2618726116992232E-6	7.366687713317779E-7	1.672678852097053E-5	4.6017826649484176E-4	0.0012064393562668532	0.0	0.0012064393562668532	3.745712866044077E-7	1.4168866474321343E-7	2.5060252258553162E-6	0.02532296420228344	1.1885946644746787E-7
0.00156666455366773	5.448666972448233E-7	9.099708775950271E-12	3.4322954248288324E-6	8.294158109068889E-5	1.9803101881162198E-4	4.94716705617763E-7	8.540820308483717E-4	2.0356579868516792E-4	2.455815725442766E-7	9.18480281922596E-4	0.0018184790913224815	0.0012039177377497579	8.97118464419161E-4	1.941709603356455E-5	2.2898190302184523E-5	8.296342408669614E-5	4.602833965072303E-5	2.7535302107888192E-5	2.078985466382007E-5	1.2616900004183892E-8	7.931202141807478E-9	1.6913968758384686E-7	4.700104570306907E-6	1.0157120716190878E-5	0.0	1.0157120716190878E-5	3.0120587923961626E-9	1.1971739046618792E-9	2.5340645569119708E-8	2.5927633750507333E-4	1.218519361607141E-9
0.0020027755162950727	1.95799966629696E-6	1.3595304752989895E-11	6.4544457264386035E-6	2.0337817311796976E-4	0.017823673119173256	1.0437404558010248E-6	0.00102236159145748	7.81821949462066E-4	5.957355670899113E-7	0.004611193846428771	0.0014925040580165947	0.001712976942517339	1.3638814514987008E-5	0.007785900083774698	2.455147201059193E-4	3.016199029557279E-4	5.644823920981646E-4	7.764410129410562E-5	7.778111809770582E-5	1.782492573953681E-8	1.3850942438678513E-8	4.390367448380394E-7	2.7921362046807084E-5	3.903187921879308E-5	0.0	3.903187921879308E-5	8.492909822210393E-9	3.0137530498841802E-9	3.740041315638981E-8	6.142411536020812E-4	2.464498068982766E-9
0.005919970594113002	6.5979382204345255E-6	1.1493765577028231E-10	5.9108783724462935E-5	0.001723689184836432	0.0032091487717819532	9.254204973470646E-6	0.005981103174023471	0.0025780200674263886	7.87325434148639E-6	0.018240105827466272	0.005272122395899648	0.008206777166327946	7.143073359474593E-5	0.0017656921762926566	3.5526407693873315E-4	9.695165378073053E-4	5.660375062111749E-4	3.6675318720061025E-4	2.9059073295977016E-4	1.7381630523053187E-7	3.825758289713418E-7	2.197684450634233E-6	5.849786106415413E-5	1.429808211030229E-4	0.0	1.429808211030229E-4	4.4713240575542776E-8	1.7176359260188215E-8	3.201881407649379E-7	0.0049207755173193745	5.117207943526675E-8
0.017452490314962703	1.8544990361375916E-5	1.057238954497638E-10	6.840510183472133E-5	0.01710641757307885	0.013999215021240947	1.1748733994695302E-5	0.008806695438998906	0.011319916563283438	5.28499042785055E-6	0.012479408778740502	0.011734351728073633	0.007478945646471477	6.74713925151682E-5	2.541373791092757E-4	0.0021870185941084944	0.0035073029571340863	0.008517681244095715	0.0010359025552581517	0.0011715825314812286	1.157379188401346E-7	1.0086458840059233E-7	6.430076804808333E-6	5.380603512015345E-4	5.929777665912218E-4	0.0	5.929777665912218E-4	5.35504517351399E-8	1.9212154981311846E-8	2.8983356391937856E-7	0.008370895754724925	1.9891982129865495E-8
0.004178707921515692	3.5729466360015504E-6	6.600563451737168E-11	2.6657046487978234E-5	8.83773909484225E-4	0.0017039980968929622	3.2948030491149493E-6	0.003972746228760614	0.001510891343279412	2.708278581781252E-6	0.008569884156801929	0.004027183950276251	0.0069439627292629475	6.462888681336893E-5	0.007915606674083182	1.8695710046385993E-4	5.049338538504417E-4	3.421333522520083E-4	0.0028687899276500237	0.006456811108772405	1.0185366838897719E-7	4.565514867209334E-8	1.2372652751792706E-6	3.0971733133642504E-5	0.003403101242845237	0.0	0.003403101242845237	5.867765336722348E-8	2.039591524345138E-8	1.8396286844839903E-7	0.0017953200487117458	9.660099691240614E-9
0.002950513407198206	3.221300047735023E-6	6.086973674411774E-11	2.4490802495329914E-5	6.431103713567019E-4	0.0013331826359915784	3.4080244455738596E-6	0.002676540832139482	0.0015146726196099232	1.8093848598072017E-6	0.004617041666739974	0.0026295888437937597	0.003427873856304833	3.771370483570454E-5	2.750729064554313E-4	1.503653242602382E-4	4.319701844060864E-4	2.9527147182526907E-4	0.0020744392376386314	0.00545156924185648	1.0064160184249645E-7	6.895998183652642E-8	1.1739478623891471E-6	2.6987057381108523E-5	0.004480297858333973	0.0	0.004480297858333973	1.4002996456302375E-8	8.80264104048156E-9	1.6972005546599314E-7	0.0018539474757187794	1.0545346799275753E-8
0.003040687079620034	3.4675381879644605E-6	8.537133441722014E-11	3.4572913116881346E-4	8.508873238664746E-4	0.0021419869052921843	5.513742046601074E-6	0.0029426138323516014	0.007686957157165983	1.8892830688562148E-6	0.004482278306998552	0.0024237235961940334	0.0031716592548396262	3.329985234061031E-5	2.0610943224431798E-4	2.837571584298308E-4	7.617770141649946E-4	3.304678591607926E-4	7.788168194564326E-4	1.7712620217643193E-4	8.228304751762605E-8	9.031880953192157E-5	6.410146999357596E-6	8.336877121666588E-5	5.566784665856677E-5	0.0	5.566784665856677E-5	1.5661504691173898E-8	8.191838976935574E-9	2.3805583541223578E-7	0.0031401180258748213	1.1500921380721867E-8
4.527282570160295E-7	5.951853903978465E-10	8.584080593342893E-15	3.409578832995936E-9	5.603540653390252E-8	9.921401006878803E-7	1.5919103227406238E-9	3.4641709029003613E-7	6.71081767057948E-6	1.4247999299292406E-10	7.949766149863256E-7	2.923058936698927E-7	3.451252122373207E-7	2.9285834597244305E-9	9.126976602466618E-9	9.682494390927981E-8	8.019189513818037E-8	9.436909627293528E-8	1.908121677383976E-8	1.7076538591461716E-8	4.781334303664977E-12	4.735868504016528E-11	1.2598603484981017E-10	6.45428792221699E-9	8.494938356498664E-9	0.0	8.494938356498664E-9	1.9052962739935105E-12	7.06800259812826E-13	2.382533259832232E-11	3.1905784853243954E-7	4.328269886736137E-12
7.114846082262577E-6	8.083195452850496E-9	7.203597148535281E-12	6.136470552288193E-5	1.4560128964025644E-6	7.598423496008443E-6	1.4982727565100557E-7	5.922741643421259E-6	1.0559989465166985E-5	3.3523401940205393E-9	1.0405866662037386E-5	5.373998378787011E-6	7.603334392621266E-6	7.290759770919505E-8	1.198300452828412E-7	7.956934309208061E-7	1.3074436132550347E-6	9.056116218011785E-7	4.791857144676629E-7	3.687682347270052E-7	1.3155817863932488E-10	2.7815309039553283E-10	4.412314245061275E-9	8.273656562556527E-8	1.807829785727051E-7	0.0	1.807829785727051E-7	5.563747383479641E-11	2.1028874034402445E-11	2.0153618313644998E-8	4.2880748501421225E-6	3.0413968281577074E-11
1.627036714434059E-5	2.5134589134205814E-8	1.3741933709871585E-13	5.7950379736567805E-8	2.7258554010030992E-6	1.0913822203482023E-5	1.4031912092680325E-8	1.1816466211838862E-5	8.161075991123593E-6	6.76978721404535E-9	2.3737860077087532E-5	9.08665755307556E-6	1.1893389804377818E-5	1.0437878134291116E-7	2.7097871126253627E-7	1.4357388679728274E-6	3.205713313555151E-6	1.3786127188862857E-6	6.443815705851494E-7	5.417768355092942E-7	1.691410015675512E-10	1.0523425997607574E-10	4.0028787295948305E-9	2.237932249572765E-7	2.6735001297051284E-7	0.0	2.6735001297051284E-7	7.41843175703592E-11	2.7298518934977135E-11	3.7561526965592276E-10	5.311783128729639E-5	2.139431756550244E-11
1.8470147555757098E-4	2.1451606469922608E-7	3.078149086914494E-11	1.705598684732573E-6	9.615193513369552E-5	1.2477679898561421E-4	1.3738191930741912E-7	2.6692531159329825E-4	7.899797699554037E-5	2.025028465753306E-7	2.7729444790800304E-4	1.4304217939373431E-4	2.166350436518442E-4	2.0713672405728085E-6	3.0106730627237623E-6	1.3598557599125846E-5	4.8116778522551355E-5	1.8462696319565742E-5	1.1610001041416552E-5	1.0462902795697414E-5	4.311661764003481E-9	1.0867742098500534E-9	5.4060631965675226E-8	2.211006172214151E-6	5.2245189996195365E-6	0.0	5.2245189996195365E-6	1.6647177151876565E-9	6.183606682393445E-10	8.606747524320589E-8	7.209859678983542E-5	3.6048959371765387E-10
6.659890402980955E-4	7.271193797257537E-7	1.374336021022971E-11	5.522355914061324E-6	1.4510521262610612E-4	3.008240407947524E-4	7.667602073653548E-7	6.042726819057873E-4	3.4180204609085665E-4	4.083999477583516E-7	0.0010415234202381675	5.936234868928214E-4	7.737496929656124E-4	8.514452845300372E-6	6.209940159937524E-5	3.393175156667903E-5	9.748764262593974E-5	6.645727044086304E-5	0.0014613069351697985	0.0034457575530340728	2.27272261359454E-8	1.5557386240928995E-8	2.650640578553331E-7	6.0906815123204705E-6	0.004344032509175362	0.004332723613416335	0.0021776674757711047	3.1600577006786906E-9	1.9873262213355978E-9	3.832002835800452E-8	4.1855986183937367E-4	2.381009016912783E-9
2.0014027303623253E-4	2.1846423809770976E-7	4.128648089263173E-12	1.6657345808702405E-6	4.365199618619053E-5	9.050789618856785E-5	2.3060219985262985E-7	1.8167066333869592E-4	1.0291183378867468E-4	1.2279381678479736E-7	3.130249749999553E-4	1.7836884458408372E-4	2.3257080535978107E-4	2.5584746920982E-6	1.863515885866099E-5	1.0207973476745693E-5	2.9305978280307228E-5	1.9972843594390355E-5	4.3841764547074356E-4	0.001033747986642136	6.824750105639617E-9	4.680328650293329E-9	7.980601184405546E-8	1.831662269484041E-6	3.403935519110175E-6	4.851494943814381E-7	0.0010865864522212373	5.045993998613357E-7	1.6352436677473875E-8	1.1511706617326396E-8	1.2578936476728526E-4	7.15291247301266E-10
6.326870091910639E-4	6.907605949155504E-7	1.3056138977532922E-11	5.246216732623968E-6	1.3784939006406506E-4	2.8578167379152716E-4	7.284192276611158E-7	5.740567077195627E-4	3.247106201324508E-4	3.8797836881124005E-7	9.894432158492961E-4	5.639400136970453E-4	7.35059211914057E-4	8.088697230183002E-6	5.899419103485187E-5	3.223503258511168E-5	9.261288296649088E-5	6.313414955809388E-5	0.011678427891012505	0.003273456331429786	2.1590776816273395E-8	1.4779456681746416E-8	2.5180982848227445E-7	5.786123850086978E-6	1.0743407176535297E-5	0.0	1.0743407176535297E-5	3.0020425780861154E-9	1.887952214200114E-9	3.6403878542942415E-8	3.976302478431875E-4	2.2619493454325132E-9
6.650741281279143E-7	5.928523858927763E-10	3.15215779635977E-13	7.039965190290987E-8	1.2577011661412678E-7	2.966014010047808E-7	2.9624377334316766E-9	4.905959665559995E-7	4.387486032577892E-7	2.412138032062585E-10	5.854727685334514E-7	4.6130013359596464E-7	5.494046681891887E-7	6.217453869469261E-9	9.155464716144383E-9	3.385413387966286E-8	9.720539224060767E-8	5.588128378893342E-8	3.7118327626331E-8	1.9704262861058324E-8	1.5736605288792886E-11	1.124450008503689E-11	7.09742413130752E-10	1.5946549521909666E-8	9.147133631327784E-9	0.0	9.147133631327784E-9	2.571912251176198E-12	1.523213268254702E-7	8.818549393303308E-10	3.4584579549119275E-7	1.0311189598263107E-12
1.4004419706186152E-7	1.5244414050105794E-10	2.4671789481376136E-15	1.2054900905728843E-9	4.2034721850493433E-8	7.523144152219391E-8	1.6201581804030368E-10	1.4003060880406876E-7	1.7812935705172207E-7	7.541005601548326E-11	1.5352004876829091E-7	1.1556939701114597E-7	1.4401405625444602E-7	1.6196475487452703E-9	2.427948975118497E-9	9.381797854711563E-9	3.0621082549226896E-8	1.4945839794954786E-8	1.1608928370537374E-8	5.473011883659521E-9	4.080869952700775E-12	1.1169102031288214E-12	1.643630130382289E-10	1.5809112862962883E-9	2.460960628061577E-9	0.0	2.460960628061577E-9	6.873180303457E-13	4.0275506614989095E-13	6.870068878990909E-12	1.3571222003046091E-7	2.482424741866787E-13
2.504271546127705E-6	3.3513196225191772E-9	1.7553700380743031E-9	8.760361746451292E-9	5.646011613866437E-7	1.8984115906995383E-5	1.763501192202993E-9	1.7138132761051406E-6	3.1945231508324055E-6	1.0843020570704308E-9	2.2450105511592815E-6	1.1443148954413335E-6	1.3209091834414023E-6	1.183684831685194E-8	3.4777281394084045E-8	2.142535572474825E-7	6.258873524471766E-7	2.1178108180520372E-7	9.369454617561603E-8	7.279353677280885E-8	1.9753246542274535E-11	2.41494527638423E-11	2.2157064214891528E-9	5.885081943111249E-8	3.546329070120278E-8	0.0	3.546329070120278E-8	2.2888673630909493E-10	3.366484049318201E-12	4.911576505110528E-6	1.1860559099480941E-6	3.8043101774849565E-12
0.03871254987141397	1.8565202252948106E-5	3.3409227726882886E-10	1.3206423991176622E-4	0.004288323903070527	0.008091075601749934	1.646042376406478E-5	0.023736015715881895	0.007233012799793763	1.22257930308408E-5	0.17904566455923077	0.035906510628603124	0.06082342472939077	4.669866758679151E-4	4.186569570791628E-4	9.000744673722346E-4	0.0027396775472378196	0.001730107721786816	0.001603532916645678	0.0015807018402843826	5.061338831707197E-7	1.643534109759689E-7	6.264039496426153E-6	1.6026197278943446E-4	7.964564236839727E-4	0.0	7.964564236839727E-4	2.7144294284394644E-7	9.510618860846356E-8	9.30968419631879E-7	0.008752736010143865	3.824824010495916E-8
1.2008216680324963E-7	1.5256350779532165E-10	4.040098099427288E-15	1.5410824597671842E-9	1.9404241025528528E-8	6.300953587546909E-8	3.532028119578748E-10	9.293258264848412E-8	5.705338708800039E-8	4.490486587697396E-11	2.6918886648174084E-7	8.796403756606109E-8	1.2447423704649162E-7	1.1264430262366077E-9	2.614841899840743E-9	7.591170108006395E-9	1.8756988484456514E-8	1.3556893440700854E-8	6.212674297167658E-9	4.691997622439341E-9	2.052083006851623E-12	2.3463397708727133E-11	4.176199666538137E-11	1.2636957439416272E-9	2.310133714352215E-9	0.0	2.310133714352215E-9	6.049443103099654E-13	2.6068249786465595E-13	1.1262741894050251E-11	1.4573976653312368E-7	1.7792595540304813E-13
