32
NULL,rt_sigprocmask@__sigprocmask,munmap@munmap,madvise@madvise,mmap@mmap,lstat@__lxstat64,openat@__openat64_nocancel,fstat@__fxstat64,time@time,open@__open_nocancel,read@__read_nocancel,mprotect@mprotect,exit_group@_exit,rt_sigaction@__libc_sigaction,sched_yield@sched_yield,write@__write_nocancel,syslog@syslog,getpid@__getpid,writev@__libc_writev,close@close,open@__libc_open,read@read,close@__close_nocancel,mremap@mremap,stat@_xstat,socket@__socket,fcntl@fcntl,connect@__connect_internal,getdents@__getdents,lseek@llseek,getrlimit@__getrlimit,write@write
0.1411168834904403	0.5421431021421321	0.10086478046867622	5.90966595057526E-7	0.012809755293496249	7.1885534344210494E-6	2.5664741113508637E-11	2.8783396339515064E-4	0.0030569765258678587	0.13858963526845292	1.0712599967457431E-5	4.493950238401394E-6	0.0067655086025383586	0.012850135434742728	1.0513749964662604E-4	0.0015516734332103005	0.013830806943339673	0.010712794403575313	0.008298144113694993	0.0025629421460263	0.0019904491894883842	1.8359414145410628E-7	0.0	9.917083988830765E-7	0.0010195475391951466	9.822319983987607E-4	0.0	9.822319983987607E-4	1.5503618148384557E-8	5.6606124644809786E-9	6.917959476450353E-8	0.0017450779234481314
0.058666567810321785	0.035250513670269955	0.036113477820053703	4.960903855234646E-7	0.014016955755333464	5.44066328015912E-6	6.647138035792442E-11	7.300871242471252E-4	0.007341933824251403	0.05943537591304183	1.4343604354130567E-5	8.41860041023578E-6	0.038452410656437896	0.07065847049486956	4.930299351681784E-4	0.002618064072662314	0.0061018180671799545	0.012205109224420339	0.007040384992638737	0.0049572601759569415	0.0038893756239350365	5.720907342748811E-7	0.0	1.488019129301462E-6	0.0010090722646881806	0.0019337308934369143	0.0	0.0019337308934369143	3.160286512237926E-8	1.3255352250789426E-8	1.845798644379718E-7	0.002436715386748818
0.13877896855041796	0.006380535550184758	0.017085927443479254	8.142754112780026E-8	0.01854288115011909	8.764166339536983E-7	1.5225411511949024E-11	1.6888143514739792E-4	0.0038468051978707406	0.005545237344710217	3.4310173346756564E-6	0.028260438117733547	0.0021214416490361785	0.0041349117038407945	3.75935324724329E-5	4.7240929343934945E-4	0.003854268305638784	0.006275677099704416	0.001182973832606392	0.0010942405534433994	9.030507232562466E-4	1.405607517157721E-7	0.0	2.2243368096317507E-6	1.8661895008341444E-4	4.483985904852092E-4	0.0	4.483985904852092E-4	7.506163245874746E-9	2.616662345672702E-9	4.2437521713112706E-8	0.0010440431477501603
1.8268846519497826E-6	2.109463146316185E-7	3.9021820901822895E-8	1.4494205308817065E-12	7.977822778084238E-8	3.991367017972505E-11	3.591205930956609E-16	3.960021816918138E-9	3.93304339431034E-8	2.6383003587372345E-7	8.068208246000191E-11	4.128688012344114E-11	7.509387753956806E-8	1.232809141492127E-7	1.2423356089671953E-9	1.0182609596298157E-8	3.1303651650800703E-8	7.558948008735396E-8	3.0001937957947573E-8	2.768555254645301E-8	1.7204492205837133E-8	3.155110070885045E-12	0.0	9.381335884548069E-12	6.67142489920788E-9	8.336329162952377E-9	0.0	8.336329162952377E-9	1.3091450970665767E-13	6.871633477869635E-14	9.93072614913526E-13	1.5852137627956365E-8
0.010865200631575613	0.0073739945967525025	0.0527437618045643	7.431978832114279E-8	0.0503744643897555	1.2999892804852424E-6	7.715484959675467E-12	1.4145748658969944E-4	0.0012942367046874443	0.004380342082584425	1.9492336973145144E-6	0.015140344771899572	0.0020600342957788143	0.003985156768852928	3.5103171881525654E-5	7.992439449346547E-4	0.007744579722153011	0.001956055317625686	0.008800640042587451	0.0014023952593405747	0.0017202301672975993	1.041159794223583E-7	0.0	3.6576515347942856E-7	6.127911444000899E-4	8.798920046668815E-4	0.0	8.798920046668815E-4	6.477210347547997E-9	2.2859846727405E-9	2.140702067565742E-8	5.754428009395035E-4
5.961679964280322E-7	5.91744110913687E-7	1.4198236878274229E-6	6.98509504098282E-12	5.358609539708682E-7	1.7081995555118393E-5	6.405707031693667E-6	3.800579520494321E-8	8.625527557412529E-7	1.1450667532144895E-6	1.796815280705707E-6	3.859740492125309E-10	2.166986549048352E-7	4.211334157046515E-7	3.89899859591067E-9	3.190773864885538E-8	1.2330774936392802E-7	1.2680042652899835E-6	1.0720102623153979E-7	4.48862930439231E-7	1.22883027443755E-7	7.719446119157854E-12	0.0	8.017768294621754E-10	5.9271817931832275E-8	4.631937084651154E-8	0.0	4.631937084651154E-8	7.728072020688942E-13	2.765194676373753E-13	3.0748999241452156E-12	8.223420531230838E-7
5.2800830071980975E-8	5.179955560953734E-8	1.2758755350385086E-7	6.113678155343187E-13	4.762826327304608E-8	1.1529321393106256E-11	1.7677973062957872E-15	3.2965887948071683E-6	7.468390248549277E-8	9.030644966935496E-8	3.3839414441206672E-9	3.451309592448845E-11	1.9027652643555568E-8	3.704038249229658E-8	3.428110300987122E-10	2.8266073233631258E-9	1.1013272258254267E-8	1.1379315100602318E-7	9.224665485084093E-9	3.956531282380312E-8	1.087634274187942E-8	6.756981065848886E-13	0.0	7.144270231323211E-11	5.160116286932776E-9	4.0781980729321395E-9	0.0	4.0781980729321395E-9	1.414319671768668E-10	2.4380973279904953E-14	4.9426400378380774E-12	7.381637251563843E-8
2.986484679803868E-4	4.0966330201418016E-4	1.272294630916297E-4	3.2840263858824477E-9	1.797546928128077E-4	4.4061121445472887E-8	9.842597814226866E-13	1.0139598810962422E-5	9.119901525857804E-5	2.2591129832200878E-4	1.3455333125648497E-7	1.1758172806088203E-7	1.8017472010323056E-4	3.3966378088840746E-4	3.2828970365514593E-6	1.6258413560187526E-5	2.5316809881230926E-5	1.1552844287801646E-4	6.710528606902776E-5	1.0365764844677094E-4	7.250504076567713E-5	6.639062110440293E-9	0.0	2.612919869931843E-8	1.0190795141272956E-5	3.6240848522426576E-5	3.002674351651689E-7	3.6240848522426576E-5	1.1321980943875227E-7	3.755441595489711E-9	2.7453077964166445E-9	4.629408578180925E-5
0.007749228605038701	0.009046273443167671	9.865246265626116E-4	8.045696834609321E-8	0.009226041771782984	2.244115548378303E-6	1.4148371373052239E-11	1.675178986623282E-4	0.0017605768899873165	0.022870788798324104	7.24070107653074E-5	2.4354940342668183E-6	0.003221099538098696	0.006269057367500894	5.7728438631807986E-5	4.975997068119622E-4	0.0017397585946703842	0.0066327064035226965	0.0014089953410861573	0.00151178095926687	0.0013524609656737495	1.2507122906733441E-7	0.0	4.438457205618439E-7	3.648372889075406E-4	6.792284586556393E-4	0.0	6.792284586556393E-4	1.1446433913229253E-8	4.075154025764873E-9	3.88566209649611E-8	7.438335171689015E-4
0.07563450835059288	0.019946508575360046	0.002299342413491322	3.976483439531408E-7	0.03809939511052532	3.1447019145970143E-6	6.700736979345359E-10	7.631083807978444E-4	0.0034937216024661447	0.030372431770455868	0.02046473984828061	7.264851759566951E-6	0.0046662657019074655	0.00887361997151976	7.533320007690183E-5	0.0024829507438582595	0.08678754095140796	0.005704539737437157	0.00187997861465751	0.001979412786217985	0.0014842299486303825	1.8766561856586444E-7	1.0143609625476456E-4	8.288945510678513E-7	5.903374651806693E-4	7.29643479691618E-4	0.0	7.29643479691618E-4	1.2179729295679523E-8	4.397377124436615E-9	1.677195243361652E-7	0.001539538195526353
0.0011614989685275183	0.004481992890527107	8.97610293617144E-5	9.326752437681816E-9	6.708373116364457E-4	8.935367917609444E-8	5.353536307920954E-10	1.8934188648863446E-5	1.9144352763820365E-4	5.648021937678335E-4	7.907190264582893E-5	2.7182437900894436E-7	7.501371309659888E-4	0.0014383510486186207	1.0792916407268801E-5	0.009690131936676769	4.981256049137594E-5	2.4536639060808245E-4	1.1080316379065049E-4	1.6886808961797723E-4	1.5570458120014755E-4	1.4217855905576029E-8	0.0	4.913225053068902E-8	2.053476558391234E-5	7.833919653935831E-5	0.0	7.833919653935831E-5	1.4458604121883913E-9	4.833770976998094E-10	1.1974211782487477E-7	8.584127018099113E-5
0.0014580158358457826	0.002110172532161096	0.02204264068564513	2.078831446344195E-8	0.007053139992167966	3.832424964795762E-7	3.562288134060569E-12	8.344339625309226E-5	7.51459609934661E-4	0.0013070700241465548	1.2719555404269037E-6	1.0700255549010964E-6	8.675440103736553E-4	0.0017438745196062871	1.6149466293632572E-5	7.865922245412303E-5	1.4595271832819437E-4	0.0011102801077646468	2.603347354412695E-4	4.519652012060456E-4	4.014032300869237E-4	8.180361030578829E-8	0.0	1.6001803026064445E-7	8.337992982222802E-5	2.0090307786912158E-4	0.0	2.0090307786912158E-4	3.6763418881812384E-9	1.225027870942713E-9	9.923081987533437E-9	2.50266670926711E-4
0.04997633089948147	0.015131836140200765	0.0019555810534272436	2.523979644287468E-7	0.006635925607405223	1.774749127382729E-6	3.130939026677702E-11	3.404752846621172E-4	0.003300736577051943	0.008792123802139768	7.3818367931764354E-6	3.6568062228831206E-6	0.0034705227045005015	0.006324276390421537	5.4464089838938005E-5	0.002112326243446052	9.880282389621924E-4	0.005212363247896793	0.0026286796758163357	0.0014776656959359505	0.0010708828200424703	2.519661191678137E-7	0.0	6.260986614284374E-7	4.061300311028462E-4	5.270739109905255E-4	0.0	5.270739109905255E-4	7.453846473352228E-9	2.9061973580040512E-9	8.723722377359386E-8	0.0010211124865491332
0.045070226064159	0.018921808924115296	0.0021793918333731462	2.595684713311919E-7	0.007494002143444678	2.139444026941897E-6	3.88047573221359E-11	4.2445662369762477E-4	0.004220752951445637	0.010361405961833143	8.109242020184362E-6	4.932709415203741E-6	0.03753206793643645	0.027265948689954675	6.496483444172685E-4	0.0019639599616513453	0.001160715219530021	0.0061315618803307916	0.0030642150424782374	0.0025399345290429585	0.0021432217704550685	3.251609975357337E-7	0.0	7.836535747368418E-7	4.769441698618028E-4	0.0010724805749859042	0.0	0.0010724805749859042	1.7380991831460636E-8	6.654011767489718E-9	1.0816003352627108E-7	0.001269363403284179
4.924061730851542E-4	1.8185265189260119E-4	2.2469603694734096E-5	2.696270083928772E-9	7.624291509132866E-5	2.1640758157075584E-8	3.9209956640213903E-13	4.277960217870546E-6	4.205131193603549E-5	1.0362509072473205E-4	8.423018851839257E-8	4.685298463728024E-8	4.1425631613920395E-4	2.820480636797857E-4	2.334604275788517E-4	2.1271182195242437E-5	1.1630998997521448E-5	6.250949564768046E-5	3.13235959996463E-5	2.281363248457143E-5	1.762390358861159E-5	3.2779591998302165E-9	0.0	7.8570120844282E-9	4.86295892907362E-6	8.746400295050236E-6	0.0	8.746400295050236E-6	1.3587188798147423E-10	5.513871182501246E-11	1.0928810728566855E-9	1.272698064276069E-5
0.002019317389920387	0.0050267993665308415	1.5125266704661813E-4	1.4311233443989736E-8	7.35851867740118E-4	3.795096073763095E-7	2.1885678204559324E-12	2.4174726128261763E-5	2.511921663791308E-4	0.025030819773053565	6.172489544109434E-7	3.7925144168204146E-7	8.731885381015607E-4	0.0016704398938906036	1.275062807185256E-5	0.009746262898630878	5.822988674726882E-4	6.283252633412158E-4	7.862334451661423E-4	2.2047669106895455E-4	1.9856409477613015E-4	1.687933922650377E-8	0.0	6.530127710171112E-8	5.765024794623834E-5	9.966331211077212E-5	0.0	9.966331211077212E-5	1.6729938704434564E-9	5.93507180513588E-10	5.994424165549907E-9	1.1300214843991501E-4
0.030962832188462956	0.01751047531702012	9.843421140228988E-4	1.9121044505303483E-7	0.004971634237991161	8.375328338749914E-7	1.1141838818552532E-11	1.5542559387340116E-4	0.002976676946959479	0.00570428112154794	2.4810762747151876E-6	5.5271610803129554E-6	0.003899487329281634	0.007541515283129699	6.261939173283641E-5	0.0023685267382254705	6.162737964167118E-4	0.0023288152745659196	9.173954921455399E-4	0.0011944407476330015	0.0011643023078542379	1.2700991881461246E-7	0.0	2.916059226295063E-7	1.7815904611724332E-4	5.892390424146652E-4	0.0	5.892390424146652E-4	1.038532271175945E-8	3.6614589766383875E-9	3.099327188579317E-8	4.920772304955381E-4
0.007538090992461558	0.005954233631042425	0.00906441259384172	5.7399660618443255E-8	0.0026249482410675884	1.9856371420907197E-6	9.337659020680526E-12	1.3621724931834047E-4	0.01974507409886891	0.004546269883583668	3.150299916619296E-6	1.6500018853935724E-6	0.002115142933463029	0.004106339029702496	3.784654128077051E-5	4.3304112185905003E-4	0.0027413827554617636	0.0016622501013568477	0.021656481305609286	0.002230602206511966	0.003355690674192943	7.21539470314376E-8	0.0	3.787901278297217E-7	0.0012764368964259143	0.0017382358813653673	0.0	0.0017382358813653673	7.425937951683465E-9	2.660959556967851E-9	2.5931439696432455E-8	5.791293472002169E-4
0.006714768334784452	0.008279801202654796	6.143108747687524E-4	6.827930439230064E-8	0.002231442872945138	6.953572307460503E-7	1.2787949568450321E-11	1.4281919268041495E-4	0.0015193617544268113	0.0035146698620485166	2.0998653063801337E-6	2.227511815167986E-6	0.003403736486758885	0.00678689409981607	6.311125692987611E-5	0.010040001425746183	3.8915376212603756E-4	0.0018772539087765102	9.123228281602442E-4	0.004610717742904787	0.009126997036553355	1.1208259478914056E-7	0.0	2.712047198958085E-7	1.4574839086059965E-4	0.004786388964668674	0.0	0.004786388964668674	1.3626232257392963E-8	4.728464262432556E-9	3.565259265908345E-8	4.390930800181595E-4
0.006808432434394515	0.00408302260731649	4.856013536548678E-4	4.534111522110496E-8	0.0013549129095641482	5.320022424248306E-7	1.0426874572153593E-11	1.1552465395015463E-4	0.0011320736043968483	0.0020244444386634205	1.68421668075143E-6	1.0724485417313978E-6	0.002018801605272808	0.0030335571110178365	3.383602353407988E-5	4.6720164302427146E-4	2.2819140844167608E-4	0.0014718498066713555	7.108691051001311E-4	0.0030369821743795973	0.007013354174206079	1.0181013526332261E-7	0.0	2.06544330575546E-7	1.1375850728110473E-4	0.005679487884795441	0.0	0.005679487884795441	2.6349601105469372E-9	1.8198297523586288E-9	2.9097654297041804E-8	3.292972355718502E-4
0.006093019267561794	0.004115678180023904	0.0036975837825359553	4.4365287699384526E-8	0.0017235789564523725	5.734272031039834E-7	1.3782136470978645E-11	9.08931487155804E-4	0.001893962092394923	0.0032547155458516326	2.6731755956604356E-6	1.2077224990529782E-6	0.0019655155851112283	0.0031717391840122037	3.37791182739906E-5	3.827768991468859E-4	3.582831767753792E-4	0.002821281148977205	7.082696176388177E-4	0.00685456687216061	0.0010297038484457515	9.185125949996593E-8	1.0143609625476456E-4	2.1423570474276895E-6	1.860381418824358E-4	2.3280783989157208E-4	0.0	2.3280783989157208E-4	3.785270394272676E-9	1.996233103248838E-9	3.8455953730468824E-8	8.664017275666192E-4
2.9072895538813677E-9	3.517050597605505E-9	1.624441699106447E-6	3.012877825912432E-14	1.3923656843619335E-9	6.232586909568828E-13	2.6286931142960344E-17	1.3547933622270544E-10	8.50731650242242E-10	3.4786244126847463E-9	1.1910703573879813E-12	1.1001984218584177E-12	1.4623937349383169E-9	2.8231711206272233E-9	2.674048380958369E-11	1.7119393516837492E-10	5.059393867782202E-10	1.3362882491569177E-9	1.6345537501834317E-9	8.865945886533921E-10	7.597785267091041E-10	5.164558113840348E-14	0.0	3.7509185066723327E-13	1.8049144058761398E-10	3.782781895895934E-10	0.0	3.782781895895934E-10	5.330533908329541E-15	1.9328169403555675E-15	7.339931096470586E-14	6.202269505315622E-10
4.250563664801334E-6	5.1833758085792025E-6	6.335945283312398E-7	4.565654246037066E-11	1.7953119545738203E-6	6.065982654364964E-10	4.194187265220095E-13	6.880236123774151E-5	1.3452298213840627E-6	2.8178038635882234E-6	1.0798898112264817E-8	1.5700353852780356E-9	2.5654836653246925E-6	4.692982903709483E-6	4.679443954810103E-8	2.2883682021999585E-7	3.154573346847468E-7	1.7228216115620555E-6	7.915370728976427E-7	1.0845298283345072E-6	9.488867108860645E-7	1.0180260878042347E-10	0.0	3.042085332449104E-10	1.3107307391918708E-7	4.7667493390286454E-7	0.0	4.7667493390286454E-7	8.340091664417057E-12	3.2751937256372397E-12	1.1734393241983146E-9	4.455884778240833E-7
6.01645674455682E-7	8.174231889970225E-7	6.292242769234133E-8	5.361794342846579E-12	4.0140184878543985E-7	1.6902406916009007E-10	1.1540066675269075E-15	9.591075649108537E-9	1.4496757522850154E-7	1.2340480402224482E-6	2.7734175661869103E-10	2.3054872538782358E-10	2.1041938288274945E-7	3.993284808567118E-7	3.4815526261867244E-9	3.676725539780731E-8	1.4981463296271463E-7	2.7049242376494416E-7	8.576540823972432E-8	8.77723412793104E-8	7.044087766759935E-8	6.430475569367038E-12	0.0	3.178552786638163E-11	2.5550690750495962E-8	3.4919733150791494E-8	0.0	3.4919733150791494E-8	5.756883553291407E-13	2.1242690932089825E-13	3.1698576299408005E-12	2.9764136376511623E-6
3.5428875279995434E-4	4.6815849375940265E-4	4.666830822515093E-5	6.036819090638113E-9	4.5774878797924507E-4	6.479254832168248E-8	2.4115931410143346E-12	1.0684083971396066E-5	2.5598695948496743E-4	4.7870232343846125E-4	1.6762318902318296E-7	4.206414755282588E-7	1.9189548171714009E-4	3.719288963802136E-4	3.508215257472466E-6	1.984590488537E-5	5.206100411857036E-5	1.8103949978979896E-4	6.681821988199375E-5	8.318178663628525E-5	7.978265978703928E-5	8.434923647025348E-9	0.0	1.9934607014429706E-8	1.3400329254602763E-5	4.033838412477775E-5	0.0	4.033838412477775E-5	7.056438653598287E-10	2.540769871316954E-10	6.7312608811950625E-9	3.1167839934433585E-5
0.0015430615583313077	9.253740866199389E-4	1.1005623063239174E-4	1.0276093547316082E-8	3.070757704950606E-4	1.205727053072274E-7	2.3631443720324044E-12	2.618244404928326E-5	2.5656533807748814E-4	4.5881812737314E-4	3.8170946575918225E-7	2.430590709815403E-7	4.575405187412031E-4	6.875240027357146E-4	7.668584228288089E-6	1.0588646397009322E-4	5.171701179890465E-5	3.335672429594764E-4	1.6111097728131008E-4	0.0019308580341504868	0.004342861209669703	2.3074201175168078E-8	0.0	4.681108659506888E-8	2.578215020637815E-5	0.005426191411146057	0.005387473797385333	0.002732450500256396	5.971847124649879E-10	4.1244533364013266E-10	6.594685514731775E-9	7.463178806204277E-5
4.6293592857762195E-4	2.7763661720149813E-4	3.3026169358691105E-5	3.08307187223721E-9	9.213695777820798E-5	3.617456575756803E-8	7.089840986407931E-13	7.855770964821642E-6	7.698071899277401E-5	1.3766348949748305E-4	1.1453708349465168E-7	7.29307059379626E-8	1.3727233782010788E-4	2.0627754140154644E-4	2.300764641398206E-6	3.176685141077395E-5	1.5517139282760863E-5	1.00082353794695E-4	4.833647041233553E-5	5.792627266895766E-4	0.0013028605868024852	6.922605156070247E-9	0.0	1.4050834407372108E-8	7.73615722534136E-6	1.161761763457437E-5	2.98866083661239E-8	0.0013584880730794014	3.120534579797557E-8	1.0942978659124403E-9	1.9785191367035176E-9	2.2395139000281152E-5
0.0014659025047940107	8.791017987089186E-4	1.045529928998277E-4	9.762249075013191E-9	2.9172079279653126E-4	1.1454360311509067E-7	2.244978001978319E-12	2.4873220453355793E-5	2.4373607760524622E-4	4.3587544419713584E-4	3.6262251427290704E-7	2.3090517616812052E-7	4.3466172094442995E-4	6.53145140111057E-4	7.285125319710503E-6	1.0059173071837586E-4	4.913096093098201E-5	3.168875890475271E-4	1.5305480450299392E-4	0.014629524823216533	0.004125701331132955	2.1920401759848242E-8	0.0	4.4470350985898526E-8	2.4492942852763676E-5	3.6781583135842306E-5	0.0	3.6781583135842306E-5	5.673231641994919E-10	3.918214697328739E-10	6.264925700584698E-9	7.089990964178663E-5
3.259336591382587E-8	2.6782280060747692E-8	1.1077644958808162E-8	2.9996146018622846E-13	1.5452925873782968E-8	5.596855643444132E-12	1.761607473556839E-14	5.498740397160643E-9	1.3883803520492222E-8	2.6139198547176445E-8	1.6893507468731572E-10	1.0579112908122255E-11	1.7387852062509826E-8	2.6271163905329368E-8	3.0109232644483225E-10	1.8306287165834287E-9	3.0126231230949456E-9	1.9204175930518672E-8	7.029911771313502E-9	9.296213102650496E-9	3.948816940445835E-9	9.024388725880643E-13	0.0	2.989206414241721E-11	8.902300525096035E-9	1.7803045138552479E-9	0.0	1.7803045138552479E-9	2.9770836262293805E-14	9.383356233939176E-9	4.9289268932797214E-11	6.8163139962152984E-9
8.806839084471825E-9	7.0828173731196544E-9	6.400433186067135E-9	8.361976457580437E-14	4.6730510825405686E-9	1.5278135381526356E-12	2.528966978917136E-17	3.763952545404564E-10	5.440670017013958E-9	7.550561677520278E-9	5.179150019783456E-12	3.275284545120849E-12	4.502969656067432E-9	6.854489736966394E-9	7.804645491800064E-11	4.877636623789234E-10	8.907337547971237E-10	7.805741590585475E-9	1.8156043375175107E-9	3.0355719324768635E-9	1.101032554014659E-9	2.321370122728954E-13	0.0	3.502970628118206E-12	4.4527862600189244E-10	4.729448212261009E-10	0.0	4.729448212261009E-10	7.37249036833026E-15	4.5356317550912716E-15	7.045969512502159E-14	3.836739948118746E-9
8.777764868516874E-8	8.185745938476402E-8	1.1181653493762706E-7	8.582267246006858E-13	6.98613849215586E-8	2.834052201122259E-11	1.0088065994521762E-10	2.1153327816278794E-9	7.30320497988261E-8	1.1977436175730058E-6	4.949941295831725E-11	4.3172198089248866E-11	2.6185325271806722E-8	5.0420423968211165E-8	4.579048451378892E-10	5.686090433320826E-9	2.5224763861915273E-8	1.2535879675183865E-7	1.6275152465862212E-8	1.850243114262316E-8	1.1345951616809808E-8	9.062294301702738E-13	0.0	4.38477724018128E-11	2.2290669315690858E-8	5.402336319714849E-9	0.0	5.402336319714849E-9	1.2696534718750622E-11	3.0957333208285484E-14	2.8226708430086913E-7	1.963170456903183E-8
0.002059925610040142	0.010555420606749433	1.766802372127553E-4	1.853447307734288E-8	6.981740452589209E-4	2.0051833515383812E-7	3.6211829168652173E-12	4.158382130323883E-5	4.4551221262692064E-4	9.875622691100485E-4	8.468410906046606E-7	5.661996160001528E-7	0.0017729953619647079	0.0033897752118691496	2.5506039682155354E-5	1.0039315322401038E-4	1.0900534056355574E-4	5.384717377897259E-4	3.001289695081999E-4	3.6860926718888223E-4	3.6538414140076475E-4	3.09707506508944E-8	0.0	7.851028063466432E-8	4.196632154833698E-5	1.8548610653901985E-4	0.0	1.8548610653901985E-4	3.2127361253022785E-9	1.1380154535922274E-9	1.0095146294581005E-8	1.2835076095800267E-4
