32
NULL,munmap@munmap,madvise@madvise,mmap@mmap,lstat@__lxstat64,openat@__openat64_nocancel,fstat@__fxstat64,time@time,open@__open_nocancel,read@__read_nocancel,mprotect@mprotect,rt_sigprocmask@__sigprocmask,exit_group@_exit,rt_sigaction@__libc_sigaction,sched_yield@sched_yield,write@__write_nocancel,syslog@syslog,getpid@__getpid,writev@__libc_writev,close@close,open@__libc_open,read@read,close@__close_nocancel,mremap@mremap,stat@_xstat,socket@__socket,fcntl@fcntl,connect@__connect_internal,getdents@__getdents,lseek@llseek,getrlimit@__getrlimit,write@write
0.08677520188826125	0.16644014575795515	9.64240135120767E-7	0.02040348548586139	1.1438729502277595E-5	4.085604352080106E-11	4.576366834125335E-4	0.00488040030039765	0.22510321919723492	1.699541963972521E-5	7.174227572086029E-6	0.05284512690138193	0.010800702006542299	0.020565138007210278	1.6847982650446076E-4	0.0024602746854425557	0.022388519971926205	0.017056002145554118	0.013416244484134235	0.0040716951845738945	0.0031758481188524645	2.9309404296982793E-7	0.0	1.5774708469766074E-6	0.0016150031436565162	0.0015684968699927527	0.0	0.0015684968699927527	2.478936680193188E-8	9.04741494427706E-9	1.1013060188719706E-7	0.002777647035581484
0.15100393016871885	0.015094668860513968	6.94577262904479E-8	0.017606280482947417	7.271210612725976E-7	1.4162843947568187E-11	1.5660426077330605E-4	0.00364016964654826	0.0033386278856986484	3.1086303147893532E-6	0.027158296843922004	0.005621572847850565	0.0019067491637748987	0.003731054663799462	3.417567482121049E-5	4.278022348867936E-4	0.003501554782218534	0.005853206551743794	0.0010084230395852433	0.0010009321184040153	8.293766993015755E-4	1.3154227056851282E-7	0.0	2.1202439053570273E-6	1.6211361005884884E-4	4.121123007665088E-4	0.0	4.121123007665088E-4	6.9114601805620126E-9	2.4042552680412454E-9	3.951213146584656E-8	9.735447195302703E-4
1.9835935490567005E-6	1.9723356494854636E-8	1.2496663850933842E-12	7.205663972487686E-8	3.574070977570094E-11	3.342963638965968E-16	3.6764077771369614E-9	3.654986321818276E-8	2.1911813181406978E-7	7.350883913564121E-11	3.796139960544675E-11	1.9327571315271007E-7	6.922425548570894E-8	1.1332047526433278E-7	1.152817610867468E-9	9.180245800641749E-9	2.6428068252927127E-8	6.862874489196067E-8	2.6584584178440632E-8	2.5502004992031134E-8	1.5754605513548715E-8	2.951729504123204E-12	0.0	8.623545542132003E-12	6.0083810338589995E-9	7.6328121920917E-9	0.0	7.6328121920917E-9	1.1989074811420358E-13	6.375333081705568E-14	9.250108558255085E-13	1.4561418883032383E-8
0.011712284380718708	0.05058995028674275	6.971322284882381E-8	0.04835114750269553	1.2165757225106052E-6	7.245183285392891E-12	1.336396794341021E-4	0.0012234920397344471	0.003870462421154091	1.821511305104562E-6	0.014549895889645538	0.006964115888962234	0.0019283707218553416	0.0037406284652016135	3.304335811089317E-5	7.598179272625656E-4	0.007404524045371343	0.001826418674646348	0.008420694944099034	0.001325875983882866	0.0016370069007225927	9.872110939477801E-8	0.0	3.4569232552909626E-7	5.810225076720775E-4	8.380126887686413E-4	0.0	8.380126887686413E-4	6.110405181119441E-9	2.1549298785771327E-9	2.010922333965736E-8	5.437569653725736E-4
6.258299485359387E-7	1.357781765164137E-6	6.490876038764126E-12	5.040806350435487E-7	1.641585042679741E-5	6.155906367071936E-6	3.609853560646481E-8	8.264687488913881E-7	1.0485830684372365E-6	1.7268693091426218E-6	3.6683656702260373E-10	5.512737060871304E-7	2.016160265206279E-7	3.9299352906781416E-7	3.6531622687269614E-9	2.9282536708842883E-8	1.1230540849983169E-7	1.210403960494677E-6	9.889252466590115E-8	4.267258757143688E-7	1.1598002651926468E-7	7.232315730118152E-12	0.0	7.697762344285242E-10	5.5876989729208644E-8	4.353468558199797E-8	0.0	4.353468558199797E-8	7.270979987569646E-13	2.600006888367773E-13	2.88593902141991E-12	7.887886799997368E-7
5.5420351695563444E-8	1.220220800429322E-7	5.679356137336786E-13	4.480220685571598E-8	1.0569392224481643E-11	1.6975709806914611E-15	3.167995339115788E-6	7.15554247447632E-8	8.216214171297769E-8	3.25125385042783E-9	3.2804754077666596E-11	4.82346190583543E-8	1.7699392663218507E-8	3.4559245412847174E-8	3.211411788318075E-10	2.593511337368924E-9	1.0031700840930203E-8	1.0863160783632777E-7	8.498263158688351E-9	3.760977083270851E-8	1.0265046350913812E-8	6.329062401911125E-13	0.0	6.859178238037846E-11	4.862929373363412E-9	3.83245599794882E-9	0.0	3.83245599794882E-9	1.3591522470684343E-10	2.2922434268469225E-14	4.746471229758976E-12	7.08059818903574E-8
3.167567045248658E-4	1.1873089509106478E-4	3.062868822355584E-9	1.6935054034802953E-4	4.067134180507293E-8	9.330551327636305E-13	9.584570251914642E-6	8.61933009498641E-5	2.0192982535171438E-4	1.2615408770578518E-7	1.1111720964075636E-7	3.8623472948795697E-4	1.6922975068855165E-4	3.197531186287578E-4	3.102971139227989E-6	1.5145190189805389E-5	2.263807979096776E-5	1.0795849368292459E-4	6.291216167816418E-5	9.808229888017011E-5	6.860275038669997E-5	6.278076558700181E-9	0.0	2.4745000336293667E-8	9.489425611111353E-6	3.431092099267112E-5	2.885580322078094E-7	3.431092099267112E-5	1.087959803285515E-7	3.605764415461298E-9	2.6029056781730362E-9	4.390453582642442E-5
0.008123559572629092	8.480236703222785E-4	7.446023603357698E-8	0.008720869331229186	2.0666897077375443E-6	1.3226621316262156E-11	1.5655370702978674E-4	0.001650303474591228	0.021223684847818534	6.94892243675987E-5	2.281356890012633E-6	0.008433191803006638	0.0029981117030853616	0.005852187453684198	5.410787868663039E-5	4.570931027403154E-4	0.0015848493318462087	0.006237418078767386	0.0013012431044111517	0.0014118416603558224	0.0012698432783206832	1.1757484760432605E-7	0.0	4.1299605552394275E-7	3.361867637074638E-4	6.383356351066748E-4	0.0	6.383356351066748E-4	1.0772099417552398E-8	3.832819481483741E-9	3.633846164569363E-8	6.916994044767519E-4
0.08081292603662009	0.0014391707371052432	3.693228814188187E-7	0.03578506248410929	2.812209972658511E-6	6.431635016877083E-10	7.22854769323402E-4	0.0032575854814047814	0.026972060877296658	0.019667565465184455	6.814916518380072E-6	0.01847495059883045	0.004277229461940833	0.008155599059089778	6.940500696877098E-5	0.002330161159127179	0.08303838769624071	0.005160428793939702	0.0016585015344300225	0.001816875519616154	0.0013649734262704137	1.740494975715308E-7	9.748043544587534E-5	7.654571390811539E-7	5.348619811910479E-4	6.713727565476435E-4	0.0	6.713727565476435E-4	1.1239874669393033E-8	4.0535099207671265E-9	1.5907305113804566E-7	0.001425601044467504
0.0012434734720787911	7.377784582197418E-5	8.71672203447908E-9	6.369299688303476E-4	8.205893080661398E-8	5.14472485130257E-10	1.7837014404847102E-5	1.8063348685548082E-4	5.045992498975673E-4	7.613502265107984E-5	2.567943275445254E-7	0.004288705306340792	7.092815235247552E-4	0.0013633642150798079	1.024323216807735E-5	0.009311051697999099	4.369697382977238E-5	2.2873861273618365E-4	1.0270239205641548E-4	1.5908199735040646E-4	1.4710849404600537E-4	1.343008745299515E-8	0.0	4.642325257111261E-8	1.9051905372422908E-5	7.406174016015327E-5	0.0	7.406174016015327E-5	1.368911036864178E-9	4.57068619637471E-10	1.1506208538726528E-7	8.122842635163919E-5
0.0015430582162922109	0.021165568097153465	1.9447864627725066E-8	0.006759804690007638	3.594393101258433E-7	3.362794359926093E-12	7.93142486188355E-5	7.14640095550951E-4	0.0011711238642205897	1.2051837118374706E-6	1.0183739929820084E-6	0.0019884149202419156	8.141412705578767E-4	0.0016417960046650364	1.5253532962067133E-5	7.310673617716636E-5	1.307715953958455E-4	0.0010507616687341391	2.4130456684911438E-4	4.2669579032947704E-4	3.7994294932348297E-4	7.810216166382349E-8	0.0	1.5187555904309054E-7	7.845982275078654E-5	1.9027454322292065E-4	0.0	1.9027454322292065E-4	3.4858116323468954E-9	1.1602305108918817E-9	9.369476877018417E-9	2.374972250339458E-4
0.049398297860215976	0.0023118176156440746	2.812539838283188E-7	0.009147888179685986	2.825182776041841E-6	5.481635740753976E-11	5.983570612525549E-4	0.005975517597800383	0.01196217411013985	1.014658475095897E-5	6.527010932851434E-6	0.02294473189847182	0.03434564421173571	0.06312244486013498	4.3617748111047405E-4	0.001981672243648146	0.001346014355527919	0.008099197472137895	0.004013953952068111	0.003856853604361816	0.003035871508796268	4.836499805896121E-7	0.0	1.0888567604153072E-6	6.23979999174283E-4	0.0015125526609708006	0.0	0.0015125526609708006	2.4889697912116913E-8	1.072796361433781E-8	1.5289692906596598E-7	0.0017449974775970776
0.05421896864054078	0.0013883563420223294	2.3780447721008602E-7	0.006238771706884445	1.6259388222893382E-6	2.9760626140713615E-11	3.225091866177909E-4	0.0031297276311517304	0.007436580849497556	6.9827201629412604E-6	3.457898362651971E-6	0.014250595298347298	0.0032329902649320887	0.005900228264490094	5.0964994111685564E-5	0.0020113052765265062	8.420749072827696E-4	0.004882872415218146	0.0024568034694764486	0.001381414111256319	0.0010020953872416987	2.394279261763026E-7	0.0	5.888476020413461E-7	3.7724212403174914E-4	4.934919548307731E-4	0.0	4.934919548307731E-4	6.955102478480238E-9	2.714601144878544E-9	8.294625838583595E-8	9.598877506767038E-4
0.048555418639129884	0.0016351807277863977	2.4295206403464625E-7	0.007004529905353059	1.9575555591696204E-6	3.666926968093102E-11	3.997870413509768E-4	0.003980542086738988	0.008866153864035022	7.6192024849870474E-6	4.642222664402592E-6	0.017742755201016258	0.03575497385640545	0.025717624219462564	6.213832858168135E-4	0.0018562435068398054	9.982991325528118E-4	0.005717118185266228	0.0028509710969788224	0.0023755600445901754	0.0020097591760934734	3.072719137366798E-7	0.0	7.33822051078945E-7	4.4120782840263544E-4	0.001006400043322545	0.0	0.001006400043322545	1.6305119055525294E-8	6.247176839727272E-9	1.02233508406403E-7	0.0011881674276660358
5.308536300664316E-4	1.6609581154478517E-5	2.524153704662928E-9	7.126559058212551E-5	1.9788637001268445E-8	3.706084905137436E-13	4.029983063240721E-6	3.965797727900421E-5	8.819842188678858E-5	7.9186742109043E-8	4.405589399287839E-8	1.7031972701384953E-4	3.948292673568828E-4	2.660480693512349E-4	2.2432696957598808E-4	2.0121031604119284E-5	9.958420833860463E-6	5.8288557483014404E-5	2.914699180040417E-5	2.128903864461556E-5	1.645957660857637E-5	3.0982832489977797E-9	0.0	7.356360396755103E-9	4.498509360863937E-6	8.173063535163197E-6	0.0	8.173063535163197E-6	1.267931458478852E-10	5.1577489230948035E-11	1.0332467005746082E-9	1.1910664644207265E-5
0.0017129931293179941	9.924043167454794E-4	1.3773817487974722E-8	3.613746450537208E-4	1.4076444268299492E-7	1.5974750025915869E-12	1.7811403395568617E-5	1.873739594208878E-4	0.020226287566352093	3.3665686348926005E-7	2.700886981742836E-7	0.004559262745918327	7.595399613947749E-4	0.0014579744125695143	1.0995864336689324E-5	0.009324073423090424	1.7160326730530676E-4	3.02939982473723E-4	1.8294240943063768E-4	1.6119749730661727E-4	1.5879910265055916E-4	1.3590266109478193E-8	0.0	3.778745486341492E-8	2.514964967594145E-5	8.047964970614838E-5	0.0	8.047964970614838E-5	1.399274553853372E-9	4.932773525441987E-10	4.431651788791491E-9	6.272758151712414E-5
0.033548575647839446	6.389833573204954E-4	1.8013385841982556E-7	0.00467990383580228	7.535006259672664E-7	1.043017212543427E-11	1.4582606238241973E-4	0.002826089526390166	0.004813446765092068	2.2961550299723315E-6	5.26624987597061E-6	0.01661009203590346	0.0036567857927931437	0.007091364586160144	5.899634079948851E-5	0.0022629936863558064	5.219764389791745E-4	0.002150682733933045	8.272701799061774E-4	0.0011170338544040485	0.0010950285087473035	1.1976103800609182E-7	0.0	2.710084875944766E-7	1.6280616769150992E-4	5.546850507039589E-4	0.0	5.546850507039589E-4	9.789281455741499E-9	3.448715862067678E-9	2.9026572641908267E-8	4.5760570913883655E-4
0.008030973342661427	0.008616285056225073	5.3391584211761525E-8	0.0024410231028167656	1.8720226129575287E-6	8.772118715692444E-12	1.281382984308335E-4	0.01895127766179208	0.0040435731494481725	2.9356709635042247E-6	1.552568966760656E-6	0.005586384115000672	0.0019749045831212	0.0038450442225752557	3.5564068074255455E-5	4.066362337244579E-4	0.002591532477396451	0.0015385864662394435	0.020758726452756397	0.002114610787799438	0.0032031899322012506	6.776470239186639E-8	0.0	3.56890804690128E-7	0.001214602203021938	0.0016605728087956775	0.0	0.0016605728087956775	7.000019843191358E-9	2.5069914149151884E-9	2.4368432815458883E-8	5.453476230754797E-4
0.007158241193546801	5.147469099582807E-4	6.381048631451677E-8	0.0020832742129922536	6.393330542422641E-7	1.206461684966871E-11	1.343797542340644E-4	0.0014329298124487765	0.0031034044631223206	1.9616158576249187E-6	2.104510402440172E-6	0.007812252103575286	0.0031963472319927683	0.006393248659918444	5.96436832478741E-5	0.009639727822425196	3.438394536689923E-4	0.0017495971465313076	8.478599889003087E-4	0.004395976957099766	0.008745425780043363	1.0579629990219471E-7	0.0	2.5422911519870793E-7	1.3487104734584405E-4	0.0045893774880273715	0.0	0.0045893774880273715	1.2918821349052405E-8	4.479945668915341E-9	3.3642690733410326E-8	4.115848107967182E-4
0.00732656081497837	3.9514153829920816E-4	4.2422869099031985E-8	0.0012647356643387601	4.92572186752771E-7	9.882324969872129E-12	1.0918339667065893E-4	0.0010714749807563056	0.0017550154266424488	1.5821608531336555E-6	1.0121394546134956E-6	0.003847418506764776	0.0018966730837777042	0.0028466785571623836	3.197967455694208E-5	4.4355243220634845E-4	1.9860345488387365E-4	0.0013797056994227892	6.645814427950169E-4	0.0028987066528920573	0.006728104757625159	9.660439993519852E-8	0.0	1.9447989018075413E-7	1.0594384085875675E-4	0.005453864077856149	0.0	0.005453864077856149	2.4658760574173403E-9	1.7194901337806823E-9	2.758281115635923E-8	3.1001049952343417E-4
0.006524975923213194	0.0034800294900836568	4.138573408856213E-8	0.0016074059576821696	5.288529590822018E-7	1.3090423511960254E-11	8.688456245124704E-4	0.0018008492781460413	0.0029104358577972432	2.514347957183321E-6	1.138737694645576E-6	0.0038671740365818267	0.0018432578268054	0.002973291407390241	3.1871374316261364E-5	3.6167709166546653E-4	3.191209509749517E-4	0.0026690974151360506	6.602283132122925E-4	0.00653779378550369	9.773367631117455E-4	8.69848711891488E-8	9.748043544587534E-5	2.049521067608261E-6	1.7480665651053553E-4	2.1858365570539095E-4	0.0	2.1858365570539095E-4	3.5541806259091637E-9	1.8842459026182995E-9	3.653184924452361E-8	8.239412151439455E-4
3.069836941279929E-9	1.5610573300652522E-6	2.7990341630533866E-14	1.2961153327800682E-9	5.758797760643661E-13	2.497905626309045E-17	1.2834029482197498E-10	8.023683458107881E-10	3.1422210079613006E-9	1.1083192495376788E-12	1.0368388704563454E-12	3.2970414236186237E-9	1.3681633023285912E-9	2.6484841645396572E-9	2.5185502796512995E-11	1.5860281604219792E-10	4.6333721142049375E-10	1.2455944451703604E-9	1.5524426128874413E-9	8.357880171203534E-10	7.189696578120017E-10	4.8634450548102334E-14	0.0	3.555314934490834E-13	1.6911062673785145E-10	3.5821151022112973E-10	0.0	3.5821151022112973E-10	5.036720839240317E-15	1.825619136713286E-15	6.975363173529339E-14	5.879026165769164E-10
4.512869778148893E-6	5.594282257656401E-7	4.258756365798201E-11	1.6794153499368714E-6	5.607996662495569E-10	4.0310426123899487E-13	6.600068059408176E-5	1.272532604839995E-6	2.5064370832132403E-6	1.0337169760375755E-8	1.4830627804571881E-9	4.879994809155411E-6	2.410338356313234E-6	4.4172262760754984E-6	4.424635085120872E-8	2.1342050362134222E-7	2.8075538384348246E-7	1.614278573558964E-6	7.393518201006957E-7	1.0229071594965646E-6	8.973782788864876E-7	9.637964417024774E-11	0.0	2.874609023067319E-10	1.2192726957757983E-7	4.511027953699427E-7	0.0	4.511027953699427E-7	7.897768408834749E-12	3.1029702407349695E-12	1.1278020362412207E-9	4.202821456928682E-7
6.298858604357343E-7	5.2782945926823314E-8	4.940725311487592E-12	3.737418615167057E-7	1.5529267565291978E-10	1.0826620996475355E-15	8.905716060005107E-9	1.363741054512936E-7	1.125157024620464E-6	2.5600568533369886E-10	2.1728768766529485E-10	7.664494959818737E-7	1.955123850947022E-7	3.7193236849275034E-7	3.252421754061443E-9	3.3691188068865745E-8	1.367817253520831E-7	2.4934270553876436E-7	7.840578221961043E-8	8.150372486591238E-8	6.569291920595651E-8	5.999077972249344E-12	0.0	2.95289112885859E-11	2.3433195269062952E-8	3.2593348086984465E-8	0.0	3.2593348086984465E-8	5.383164282601514E-13	1.9862635586817378E-13	2.9751485328818202E-12	2.858590998917473E-6
3.7371479010672867E-4	4.04903002459554E-5	5.653493169261011E-9	4.3472881324841805E-4	5.947979559446158E-8	2.303121118199181E-12	1.0067502070569224E-5	2.4410863554730875E-4	4.3276692602687097E-4	1.5643797741985288E-7	4.0175702031211E-7	4.3975240880995406E-4	1.79770612590056E-4	3.493716329368034E-4	3.3082430171907468E-6	1.8354978007965992E-5	4.700376631300538E-5	1.6926327546025187E-4	6.15739191869303E-5	7.81703244696963E-5	7.532489142788175E-5	7.97899490024825E-9	0.0	1.8647615208115008E-8	1.240627770895273E-5	3.811610105201639E-5	0.0	3.811610105201639E-5	6.674028663923849E-10	2.4023567927501996E-10	6.429338079753432E-9	2.9114261975699905E-5
0.0016586719425686503	8.945639778819849E-5	9.604175839686269E-9	2.863242399943579E-4	1.1151406515069095E-7	2.2372754201119108E-12	2.4718169984555694E-5	2.4256569018600487E-4	3.973194039104051E-4	3.581869931618136E-7	2.2913948493491384E-7	8.710221302485068E-4	4.293906784494158E-4	6.444635044938092E-4	7.2399259765412635E-6	1.0041654292734036E-4	4.49619386679222E-5	3.1234184872839496E-4	1.5045544490770605E-4	0.0018476170894586915	0.004169113840551531	2.1870402419357637E-8	0.0	4.402854682939473E-8	2.398474852743252E-5	0.005213609779772601	0.005177380746232117	0.002624915550921515	5.582517228773216E-10	3.8927770600221874E-10	6.244516976176103E-9	7.018371937451883E-5
4.976200315986481E-4	2.6845650788695406E-5	2.881480608965363E-9	8.591070815203133E-5	3.345674900284815E-8	6.712210745663946E-13	7.416438370257215E-6	7.27803030389673E-5	1.192120577960733E-4	1.0747918725914016E-7	6.875420206753279E-8	2.61329589422056E-4	1.2882675294036377E-4	1.933581879948117E-4	2.1721565657036125E-6	3.0125807491962544E-5	1.3490412865059267E-5	9.371405805409483E-5	4.513957567647744E-5	5.542901403343294E-4	0.0012507362205126827	6.561445890967728E-9	0.0	1.3215765853629556E-8	7.1968559080906006E-6	1.0870918892443326E-5	2.8721132861944643E-8	0.001305218033317986	2.998375003113196E-8	1.0494986864247437E-9	1.873462095544053E-9	2.106046256603568E-5
0.001575731922109669	8.498323147223009E-5	9.123929854816206E-9	2.7200691918271024E-4	1.0593793004663937E-7	2.125402985090733E-12	2.348216576237494E-5	2.304364663230159E-4	3.774518950659216E-4	3.4027625639793285E-7	2.1768162332845845E-7	8.274676506380544E-4	4.0791948167958415E-4	6.122378335362319E-4	6.8779016405620045E-6	9.539532691043712E-5	4.271366761607214E-5	2.967235467249191E-4	1.4293209001241223E-4	0.014051476542438357	0.003960642003320307	2.0776797603628623E-8	0.0	4.182694898410043E-8	2.2785418218337087E-5	3.4417441563830353E-5	0.0	3.4417441563830353E-5	5.303369748621088E-10	3.6981231319521816E-10	5.9322669450105405E-9	6.667426161411596E-5
3.4603361275126494E-8	1.0270909214717397E-8	2.789757961366961E-13	1.448729857132599E-8	5.191816682416608E-12	1.6937956833585248E-14	5.26939903874669E-9	1.319920787564945E-8	2.3441873319991026E-8	1.6211738400973968E-10	9.99587008051877E-12	2.5058908884048274E-8	1.632784236554853E-8	2.4636569381761133E-8	2.845476973507618E-10	1.7078783204839346E-9	2.7050851445906353E-9	1.8128821018146373E-8	6.587123961238166E-9	8.791310638577757E-9	3.7123084630934774E-9	8.563514936816585E-13	0.0	2.8770327676143704E-11	8.513285996031434E-9	1.6716609864885187E-9	0.0	1.6716609864885187E-9	2.7987743288272934E-14	9.017437166163311E-9	4.7391975147004645E-11	6.492210928470166E-9
9.341735033587366E-9	6.050576431001431E-9	7.777982200736674E-14	4.387082739305232E-9	1.4156744384914514E-12	2.396447252678441E-17	3.5680343835279225E-10	5.190433448449931E-9	6.783683680959921E-9	4.873457606155012E-12	3.100617239800674E-12	6.61970804516566E-9	4.2258917016970614E-9	6.424019580426052E-9	7.371509526235773E-11	4.5449246947417373E-10	8.017813403488224E-10	7.4118490792815165E-9	1.699288988358782E-9	2.8755553048502816E-9	1.0355320888828291E-9	2.2017679352337818E-13	0.0	3.3566831654084737E-12	4.180543389859244E-10	4.4383828230996274E-10	0.0	4.4383828230996274E-10	6.915164692478309E-15	4.2863096504296074E-15	6.678063109078115E-14	3.6704724240554164E-9
9.231803317313271E-8	1.075451893775489E-7	7.954729095524468E-13	6.56006441032545E-8	2.6284208419035027E-11	9.700485262921309E-11	1.989044486729489E-9	7.036590620150003E-8	1.142710688994738E-6	4.635416286431293E-11	4.095298030558507E-11	7.607183882504612E-8	2.4285656249429484E-8	4.689396338079615E-8	4.2767092193333476E-10	5.238181185131796E-9	2.326878384455958E-8	1.2002300457636447E-7	1.5064174365395463E-8	1.7387971877539134E-8	1.0636053912433142E-8	8.469147880570554E-13	0.0	4.24541698537332E-11	2.1203103426161504E-8	5.06291355638523E-9	0.0	5.06291355638523E-9	1.2206701527685998E-11	2.901827955849773E-14	2.7142246061044707E-7	1.8762385289022603E-8
0.002193656296342375	1.4687152704409413E-4	1.728359596390369E-8	6.533121323749514E-4	1.844229802563234E-7	3.4163571649673725E-12	3.914814219569225E-5	4.2049646912498725E-4	8.703354420493171E-4	7.984659512060739E-7	5.340253803995817E-7	0.01010280694661746	0.0016769862347237655	0.003214026899367681	2.4216006036268324E-5	9.380367804464904E-5	9.610683528018006E-5	5.018825935569715E-4	2.8025177641136106E-4	3.470462841966986E-4	3.453691653979499E-4	2.922647796687159E-8	0.0	7.363344268954579E-8	3.883777666302114E-5	1.7546071726014457E-4	0.0	1.7546071726014457E-4	3.040378203764984E-9	1.0765342344831636E-9	9.526071675786407E-9	1.2039564803649566E-4
