32
NULL,rt_sigprocmask@__sigprocmask,exit_group@_exit,rt_sigaction@__libc_sigaction,sched_yield@sched_yield,open@__open_nocancel,mmap@mmap,munmap@munmap,write@__write_nocancel,read@__read_nocancel,syslog@syslog,time@time,getpid@__getpid,writev@__libc_writev,close@close,open@__libc_open,mprotect@mprotect,fstat@__fxstat64,read@read,close@__close_nocancel,mremap@mremap,stat@_xstat,socket@__socket,fcntl@fcntl,connect@__connect_internal,lstat@__lxstat64,openat@__openat64_nocancel,getdents@__getdents,lseek@llseek,getrlimit@__getrlimit,write@write,madvise@madvise
0.754333557988607	0.03727142245249448	0.010128381734509806	0.019742868061848187	1.731929578878224E-4	0.0848896778971794	0.02163906219936064	0.011042781630098131	0.001170795655019098	1.1416587812173057E-5	0.008483301014762332	0.008873759481542658	0.007685260996627843	0.005993212463369627	0.0030913178952534544	0.0026410821639482724	1.8426736811827967E-5	3.388205800330481E-4	2.7936518474139417E-7	3.610012164663184E-8	0.0014178872430167645	0.0010188609823412569	0.0013225268375799577	0.0	0.0013225268375799577	7.689285565402322E-6	4.838224863671416E-11	3.5972982174302104E-8	1.2742427230913159E-8	1.3275780306218382E-7	0.002628347712591464	7.603658075570664E-8
0.044378416643586424	0.020853192197694503	0.026685491673120548	0.04920849510152242	3.347394843639894E-4	0.010896614298232141	0.008872108519188484	0.0021309800507952567	0.001120236293089924	7.595890048524295E-6	0.0011768124578041077	0.004132781874999878	0.004185615678499252	0.0024249221327870573	0.002029065763172498	0.0015662527108495276	7.756901853834134E-6	3.035994863140899E-4	3.0101151546215675E-7	3.678267015013351E-8	1.3882224512269256E-5	3.4010462726620066E-4	7.807696463831086E-4	0.0	7.807696463831086E-4	2.7502552347862026E-6	4.9527821282908266E-11	2.0440542929545312E-8	8.685442343100044E-9	1.3798015619855573E-7	0.0016021414806798085	3.6065755273669197E-8
0.03708071217836075	0.015763010675579663	0.0033229907845985897	0.00605290850530397	5.111803363901939E-5	0.007182000857893534	0.0063136360423485275	0.0013386889611779174	0.0011850509314567513	5.785953268367482E-6	7.831913445307557E-4	0.00228756075821843	0.0029178348996101353	0.0017032296301914209	9.151943121510186E-4	6.537774288131277E-4	4.753139057308582E-6	2.0115545799151318E-4	1.5895259636208032E-7	3.799773581609716E-8	5.3059834456888145E-6	2.370263537207472E-4	3.226475380953661E-4	0.0	3.226475380953661E-4	1.8074595687842872E-6	3.298876706005169E-11	7.227803202047721E-9	2.8967011381370435E-9	9.185687387808585E-8	0.0010630457964468968	3.224835360173232E-8
0.03713415146773349	0.017471745741183205	0.028368134241514624	0.020804014126416796	4.901950657204769E-4	0.008359792257868323	0.006969462195712822	0.0015517979759919534	0.0010785200204494578	6.05412700193834E-6	9.049222376191939E-4	0.0028642688428885846	0.00319961114375689	0.0018624794826262142	0.00135164211156306	0.0011012272719976204	5.872374382213758E-6	2.2538189443829662E-4	1.9823542439988958E-7	3.494415879398466E-8	8.252864464141222E-6	2.5962156734917635E-4	5.511754898516967E-4	0.0	5.511754898516967E-4	2.048863472118617E-6	3.676368900153632E-11	1.4093911448024712E-8	5.4451162869538215E-9	1.0238262513710415E-7	0.0011955112940926613	3.212939520923781E-8
3.9355952746850933E-4	1.746070821273906E-4	3.143167583356128E-4	2.1794018931765733E-4	1.7574286370168287E-4	8.337030251223477E-5	7.106054986108498E-5	1.575404217212611E-5	1.1724393277559414E-5	6.335803910166207E-8	9.054406502106805E-6	2.8384898523253235E-5	3.2997247731378694E-5	1.9211296598093467E-5	1.2547621701470929E-5	9.454115596296735E-6	5.697459980283316E-8	2.3167752336792694E-6	2.0022235943096513E-9	3.7848086745651305E-10	7.822027946296214E-8	2.6801990486960804E-6	4.696233599872542E-6	0.0	4.696233599872542E-6	2.0907213383704322E-8	3.79021092280175E-13	1.1478059449169248E-10	4.6772409687289616E-11	1.0555633829300716E-9	1.224573266982143E-5	3.3629106491963726E-10
0.03862945746200754	0.012847672389136765	0.0029802994624019146	0.005524965377478894	4.7664183421593665E-5	0.021889707179322013	0.02219911750459403	0.0019286105486097898	0.0012947191991033874	0.011461125459421243	0.045220101569451075	0.0022051820994695953	0.002748439589788573	0.0012275204199664288	0.0010975719172731037	6.494473478401306E-4	6.808058115675759E-6	4.8528986259892466E-4	1.2015354167170537E-7	5.333396833471706E-5	5.667714505815864E-6	2.7768111775757176E-4	3.100484886707733E-4	0.0	3.100484886707733E-4	2.554405582650933E-6	5.812728157190104E-10	7.823761111943508E-9	2.9903799734750604E-9	1.5808373466019195E-7	0.0017730573404927655	4.64738257864408E-8
0.009418576937523382	0.005682498201613767	0.001536528974790296	0.00296722305179442	2.611872102721569E-5	0.004403830298109858	0.061429123189700674	0.061298591334511335	4.4282164456130486E-4	2.5028457617898085E-6	0.00424015287133142	8.973161570171761E-4	0.0010852414651422852	0.0046194111706561475	7.220401413002163E-4	8.772645795782226E-4	0.01863895301041836	7.704865559314586E-5	7.23889579782031E-8	3.9133634599254966E-8	2.5942463048397386E-6	2.3274915261525334E-4	4.5028217276355594E-4	0.0	4.5028217276355594E-4	1.2248115695839666E-6	1.0949874815878469E-11	5.334851537776128E-9	1.8935309864835583E-9	3.0417978586899733E-8	6.422889086913253E-4	1.3097190379919935E-8
0.01946991978482104	0.006730852298813173	0.0020455375098744595	0.0039920362930533325	3.5854748568561276E-5	0.004549443113189358	0.022538695280584463	0.019124611174227615	3.5014455610355094E-4	6.804369095593451E-6	0.0021920012818986874	0.002584992864441571	0.0034990635621646223	0.001106310131066924	7.682724223909941E-4	6.209918143550329E-4	0.034791539022908255	1.7013870930905075E-4	1.0991333106985208E-7	1.0857009193360313E-7	5.167228588155837E-6	1.1665291030076789E-4	3.0985675793486007E-4	0.0	3.0985675793486007E-4	1.0492545505622079E-6	2.6858516473951308E-11	7.869304930299363E-9	2.7505564801740195E-9	7.493258691655968E-8	0.0014518169085446949	1.3238328436640057E-8
0.0012915300337568148	0.002728823799799494	4.519787253278557E-4	8.630545567900034E-4	6.503828131829776E-6	0.012912261574363225	4.111602986689794E-4	1.020884217506855E-4	0.0050793111933972014	3.6034968825645246E-7	2.842083005517856E-4	1.301271466901632E-4	2.525143101602832E-4	3.9232085132031723E-4	8.497457672662914E-5	6.885999114330516E-5	3.018758644798409E-7	9.498668469298078E-6	7.609684170653215E-9	1.4204778244082298E-9	4.268825843733963E-7	2.210057444264726E-5	3.4278465993679705E-5	0.0	3.4278465993679705E-5	2.6679377436687083E-7	1.4448757004953444E-12	9.014496334510887E-10	3.221909710517982E-10	3.948736419163771E-9	8.464263788226697E-5	1.3843855936922156E-9
8.960425371200615E-4	0.0023822195809838796	3.8417425162602263E-4	7.364203472501873E-4	5.473516749773258E-6	4.291431603927317E-4	6.730294199126155E-4	6.214214922223807E-5	0.005054827779043868	9.528510350821451E-5	3.105976026722558E-5	1.029832261797352E-4	9.510643841784305E-5	4.804793473803305E-5	7.037650021742452E-5	5.392079829303047E-5	2.3128437167784176E-7	7.604430262514922E-6	6.630099482982726E-9	7.919504252598717E-10	3.413658619966928E-7	8.69264647679327E-6	2.6643785058482068E-5	0.0	2.6643785058482068E-5	6.428214990137604E-8	4.598692272969548E-10	8.097006469561368E-10	2.6443515632167073E-10	1.0129983218542677E-7	7.741452435890165E-5	8.621467156463451E-10
0.01665176999609624	0.009466730485216835	0.0020057368065415325	0.0038039592462759428	3.158249172236931E-5	0.003115895895507866	0.0027234677930577256	4.743536687797429E-4	0.0012116725215382787	2.070863428604706E-6	3.3091874978799453E-4	0.0014667772395468052	9.213190249104928E-4	4.621414116373731E-4	4.3678070773160883E-4	3.8210115974309894E-4	3.881918433999636E-6	7.358502750552686E-5	6.534757952397326E-8	2.061021653971337E-8	2.8850424886347185E-6	7.222549067246508E-5	1.9238641392541845E-4	0.0	1.9238641392541845E-4	6.160106827109313E-7	8.96577561685815E-12	5.304280720859531E-9	1.9505348399730984E-9	2.4938294579008455E-8	4.1486490308175275E-4	1.9308202196186567E-8
0.006726938283046111	0.005274638029544829	0.0016282094608155774	0.003175341637301368	2.8618705143834168E-5	0.01707793168533944	0.008839259033813785	7.545790928503453E-4	2.0589510151061376E-4	5.1580430033769734E-5	8.34749463356006E-4	8.979535035229438E-4	0.0029801271558067754	6.497593614066702E-4	5.774656040411519E-4	4.7050377552209423E-4	1.9414630789714173E-6	6.36717587977001E-5	5.93166787852301E-8	6.552967698941285E-9	2.8080904959293796E-6	1.396941151616866E-4	2.3469913667290937E-4	0.0	2.3469913667290937E-4	1.5885638319290477E-6	8.9272165628312E-12	6.215286722609034E-9	2.2014815830838986E-9	2.444003836170136E-8	5.365608336117823E-4	7.659011482451325E-9
0.005204488046711769	0.003359169735615791	0.0010419912781944635	0.0020153018311969916	1.825712746557462E-5	0.0029172619587858484	0.0015503110509300698	0.004818919196139261	2.0281801419462896E-4	1.947116874742389E-6	0.0014395679824806872	0.010287111801419868	6.726935156022594E-4	0.0109088800371223	9.311936780716387E-4	0.0015359642284367909	1.2715018992661122E-6	4.864948062678344E-5	3.1907134723567955E-8	7.036870210963282E-9	1.887035164467399E-6	4.169323868080742E-4	8.021147057172424E-4	0.0	8.021147057172424E-4	1.477399893784967E-6	6.064250024295985E-12	3.856757923860685E-9	1.3900474399763025E-9	1.6792920474384704E-8	3.758752890157228E-4	6.688012744596406E-9
0.005873273312455924	0.004272236278050091	0.0015943541262864373	0.0031796268946007503	2.9298298948107574E-5	0.0021323191731394205	0.0014288087229809244	4.3972946906381874E-4	0.00519864905642069	1.1037127247382626E-6	2.254050073918385E-4	7.396551851039273E-4	6.226816134517507E-4	3.6849934282803587E-4	0.002094925879359897	0.004443601918932757	1.6819553895526625E-6	4.691061087846821E-5	4.6996104232857655E-8	5.052222804622567E-9	2.758407494998219E-6	5.021699085430487E-5	0.0023440789425627157	0.0	0.0023440789425627157	4.413613545014184E-7	7.2643943033409215E-12	7.008034433071809E-9	2.4325873357213553E-9	2.022626720063344E-8	2.5438941217278656E-4	6.058062736608267E-9
0.005505309289018445	0.0023139986336126817	9.43209402875186E-4	0.0014557802901507407	1.5649021518945055E-5	0.0014220838195367696	8.72914502432956E-4	4.983480175044103E-4	2.1731582074250048E-4	1.0179729133025593E-6	1.513584718961791E-4	5.117458777153517E-4	4.8035478770476383E-4	2.941361545864994E-4	0.0014371678603858282	0.0035867665187337442	8.693961051829621E-7	4.008403829859465E-5	4.198712055494243E-8	6.220014961216515E-9	2.0245308142181402E-6	3.934085435967697E-5	0.002935944519725159	0.0	0.002935944519725159	3.4121801506743407E-7	5.999634921297169E-12	1.4327098121950121E-9	9.334694918643417E-10	1.671947021227792E-8	2.0847128748953796E-4	5.170398452519481E-9
0.004940556977973558	0.0023405136455406806	9.122564388031903E-4	0.0015005440138880044	1.5441709819659698E-5	0.002097762003760196	0.0010835466480572933	0.0027390030444810437	1.7520477209618027E-4	1.660271324538641E-6	2.293535908209672E-4	9.478358310279355E-4	0.001239965945028977	3.094386831374821E-4	0.0028086727574283417	3.879908298569352E-4	9.447841104884472E-7	3.992766576729899E-4	3.7509335598754196E-8	5.328408569249656E-5	3.335132093053815E-6	7.512136686016902E-5	7.679678277988936E-5	0.0	7.679678277988936E-5	3.8550653171683507E-7	9.067522774146438E-12	1.9464442210693852E-9	1.0011504041039494E-9	2.52795197495283E-8	6.313941995286589E-4	5.377024784724492E-9
0.004766174240163767	0.002460161812542565	9.270730155959247E-4	0.0018658170955393458	1.7138207915079116E-5	0.0015835084563543284	0.008763144624509422	0.027041919938652344	6.324684045139191E-5	1.0940911020181483E-6	1.680131018234085E-4	6.024016222995975E-4	6.651293865992771E-4	2.309524426578989E-4	3.2580726349312636E-4	2.920885726677143E-4	1.5601317194472263E-6	4.749240465738053E-5	6.48916304706276E-8	2.3567163639213308E-9	1.6698089464706864E-6	5.265530679353413E-5	1.468968492238873E-4	0.0	1.468968492238873E-4	4.3845332226116534E-7	4.4221976273366436E-12	4.3030973960858154E-9	1.4445884312703556E-9	1.2302517335567273E-8	2.638656801254511E-4	3.704348450197801E-9
3.837517095008479E-4	2.945964219752942E-4	1.0081733078718106E-4	1.906861879518892E-4	1.7797439747926214E-6	3.313322478095126E-4	1.4538098076171625E-4	2.1933330143243454E-4	1.0094326028336414E-5	1.660723881938851E-7	3.409576180717421E-5	5.530205914249527E-5	5.637431792344226E-5	5.059973673430681E-5	4.436190004111773E-5	2.8154414435703476E-5	1.0259368949447663E-7	6.410854809303686E-6	3.1669427122820694E-9	1.2952103818333343E-9	1.8396866173409E-7	5.0148223166857425E-6	1.4035129119498524E-5	2.552474154064883E-7	1.4035129119498524E-5	4.643587963903822E-8	7.973878602441822E-13	9.607849798085151E-8	3.1294896932821672E-9	2.218025134827644E-9	3.6247688606061055E-5	8.799554360878858E-10
1.1329142523802085E-7	1.3506733864845214E-7	2.7133277753330915E-8	5.0932847853604246E-8	4.173599176396394E-10	2.99171028949121E-7	3.929318051376249E-8	1.433090146511785E-6	5.4044688779530126E-9	1.8844188935135135E-10	2.9840631309399835E-8	1.5968725054514657E-8	2.5233737419695123E-8	2.941425690129323E-8	8.710235942995764E-9	6.363979616058395E-9	2.6056584559460215E-11	2.957828109159723E-9	6.750355448916587E-13	4.681414530776685E-12	3.7900994124100445E-11	2.2119468727049657E-9	3.157706071929796E-9	0.0	3.157706071929796E-9	2.8723353696513543E-11	6.484208784776197E-16	6.422160078551738E-14	2.4231176639403773E-14	1.8050284236703321E-12	2.8907209812325675E-8	9.051275938958407E-13
6.4230329411251865E-6	4.662940668398131E-6	1.585153228814987E-6	2.93622621514249E-6	2.767112335037372E-8	6.581848021763176E-6	1.7431088201814655E-6	4.055068079175014E-6	1.8285751539712147E-7	1.0879085872068488E-8	6.691078858834259E-7	9.256986278697018E-7	1.013278804259239E-6	8.388508894321699E-7	5.095581884991234E-7	4.100632599851799E-7	1.5650663959396923E-9	3.565880859052611E-5	5.1685107612063186E-11	3.162414273368693E-11	2.922771692735553E-9	8.095795469965187E-8	2.0525237559511325E-7	0.0	2.0525237559511325E-7	8.224815120546484E-10	3.5933284775253016E-13	5.286130105856195E-12	2.040336295753883E-12	1.0051855585299158E-9	5.244375875579214E-7	1.8637483156884077E-11
9.272949142342135E-4	1.3333997256271044E-4	3.0192168575582555E-5	5.7130062969063E-5	4.846584917322146E-7	1.3840839489766518E-4	5.2700011501896874E-5	1.1142204601959969E-5	3.834527602246921E-6	3.851464323702601E-8	1.6601128651104725E-5	1.8716613003471594E-5	2.6739069130809834E-5	9.982473194094199E-6	8.947828877152242E-6	6.54802786124061E-6	3.869785686442868E-8	9.72974512455479E-7	7.693707943393879E-10	1.1721509274540545E-10	4.3912449729830855E-8	2.8036456908959056E-6	3.2196641075830405E-6	0.0	3.2196641075830405E-6	2.862862206351614E-8	1.4369245197862768E-13	8.35686488166261E-11	3.1097980411340244E-11	3.918740047206257E-10	1.2241052264050516E-5	1.2551152962154115E-10
2.8189980269964027E-4	2.104708749126901E-4	7.69992252521117E-5	1.4924146416430613E-4	1.391087847566062E-6	2.1206828166293518E-4	2.1289673079141728E-4	2.4186159738922253E-5	6.429061897418498E-6	7.307541090050634E-8	2.2580372037933545E-5	1.0949772032424539E-4	6.099609044428545E-5	2.3585808946569248E-5	2.4004067223502348E-5	2.1808978138918635E-5	2.0846309266359215E-7	3.4351883753679312E-6	3.2995246827798955E-9	2.1455271376060072E-10	1.37489557339338E-7	4.278372981558692E-6	1.1006128561418228E-5	0.0	1.1006128561418228E-5	3.676806094081026E-8	1.7707144484600908E-12	3.0792921402103015E-10	1.1103504414657225E-10	4.9438805987135E-9	1.6202461793838448E-5	3.769636521572009E-10
0.001237262625142403	5.198663316147868E-4	2.1196257438235163E-4	3.271283630877289E-4	3.516783899944071E-6	3.194203859587301E-4	1.9615582221021958E-4	1.1193335723251233E-4	4.882378690973054E-5	2.2865339569879141E-7	3.3996405578200315E-5	1.1494980290395186E-4	1.0792639457836664E-4	6.597534546070879E-5	9.610214465955398E-4	0.0022439375346190696	1.953853511469626E-7	9.004913363292432E-6	9.43691870440727E-9	1.3971228321873348E-9	4.547818788712881E-7	8.839538780729171E-6	0.0028267387103069704	0.0028134313085012596	0.0014200209608181964	7.665713185272016E-8	1.3483026913476366E-12	3.219019006578628E-10	2.0977650388924705E-10	3.757391383128036E-9	4.684386998704877E-5	1.1620103072074568E-9
3.712078863643997E-4	1.559835372653846E-4	6.359715445344146E-5	9.81551593245013E-5	1.055187641801784E-6	9.58478487232954E-5	5.886086428809049E-5	3.359346387912242E-5	1.4647778529521826E-5	6.862076493251937E-8	1.0201237843508675E-5	3.449403578383372E-5	3.238616694998939E-5	1.9795210948494823E-5	2.883097736082512E-4	6.731825643834361E-4	5.862962672552832E-8	2.702215371253596E-6	2.8313249161552315E-9	4.193138410095625E-10	1.364556096564458E-7	2.652715286451668E-6	3.993493485152373E-6	2.5405617284214775E-8	7.073523682295405E-4	2.300058138973932E-8	4.045481426893506E-13	2.6470909601301443E-8	8.87977868821526E-10	1.1273769072720747E-9	1.4059249631520704E-5	3.4865398436978184E-10
0.0011753947024936793	4.938710018129854E-4	2.0136362482238868E-4	3.107706781044089E-4	3.3409310859394634E-6	3.034481296815751E-4	1.8634727147168742E-4	1.063362559006298E-4	4.6382408490495374E-5	2.1721984043655878E-7	3.2296453645679375E-5	1.0920186760708703E-4	1.0252965689645256E-4	6.267632269323764E-5	0.007594848724614456	0.0021317319680730007	1.8561532694529997E-7	8.554632822930595E-6	8.965036224016846E-9	1.3272612801158141E-9	4.320410237510495E-7	8.397527609920872E-6	1.2641980181524353E-5	0.0	1.2641980181524353E-5	7.28239783996356E-8	1.2808823353777306E-12	3.058055590359008E-10	1.992868663196601E-10	3.5695072631938496E-9	4.450149508132332E-5	1.1039052918756826E-9
1.1271216314645573E-6	1.1208044400634133E-6	2.832994319692864E-7	5.440638863986043E-7	4.723610172558364E-9	2.046002079052037E-6	6.380380160395925E-7	2.2437786982985033E-6	3.8999329374991385E-8	1.5271706811409137E-6	2.141941443166747E-7	7.0640935591712E-7	1.0070069190555798E-6	1.7537652239703876E-7	3.3262142625974245E-7	9.437209885148703E-8	4.994656261484743E-10	3.309915915713745E-8	8.019675247518449E-12	3.095510433865893E-11	1.3118994069418209E-9	4.12108393085813E-8	3.6309499670612284E-8	0.0	3.6309499670612284E-8	1.4520984975465233E-5	5.445279685362047E-6	9.103343215463122E-13	3.2948980835004455E-13	1.365308864965692E-11	9.371371139993738E-7	4.703179302035241E-12
1.19042474459517E-7	1.2682845088396572E-7	3.043660476603363E-8	5.8265097472926937E-8	4.997595441687403E-10	2.3253928483522818E-7	6.437794274359104E-8	2.421764238691573E-7	4.335105445194568E-9	2.9956130689804155E-9	2.4661693564015087E-8	6.539255297427658E-8	9.499205009653816E-8	2.0141314152682525E-8	3.112291606668465E-8	9.491729542924671E-9	4.958122760187051E-11	2.8027808470286676E-6	8.401204583076636E-13	4.169581404206006E-12	1.243731839633833E-10	4.053630185221807E-9	3.76031334408179E-9	0.0	3.76031334408179E-9	2.8356048998527534E-11	2.040287514479579E-15	1.2168441786546685E-10	3.3814253803084964E-14	5.69977579683486E-12	9.184870371590146E-8	5.903409824687705E-13
5.8295101702323035E-8	2.533939629789699E-8	1.2852134209727086E-8	1.991154805590331E-8	2.2022031962327178E-10	2.7336533672814137E-8	1.498358055324736E-8	1.4174653732478635E-8	1.0848935688255379E-9	1.4424074827265479E-10	2.9723039225485946E-9	9.925774290631992E-9	1.1067494344506603E-8	4.528260533661914E-9	5.102048004731089E-9	2.1241148495464063E-9	1.1862343332257912E-11	4.171184748608765E-9	5.8224534438371E-13	1.5448111824543313E-13	5.285075134357706E-11	4.633113577870145E-9	9.537917977406128E-10	0.0	9.537917977406128E-10	5.770533556729373E-12	1.5052148794389168E-14	2.524077432194773E-14	7.976480110188247E-9	4.211502659676709E-11	6.799447354706749E-9	6.069015286417784E-14
1.499919273717688E-8	6.178345963377233E-9	3.2551349341696028E-9	5.055492983730877E-9	5.6088761135555366E-11	6.320981310962561E-9	4.394548862393845E-9	6.254697273826196E-9	2.752738957510084E-10	4.17951499322774E-12	7.260077062887247E-10	3.9876084191052086E-9	4.91389355249826E-9	1.0818714117241395E-9	1.8353153169685798E-9	5.969979280410806E-10	3.55066207538901E-12	2.0271521924016037E-10	1.4851653964396344E-13	1.7538448417875732E-14	1.0680782979336578E-11	2.379486130510206E-10	2.4723924867619306E-10	0.0	2.4723924867619306E-10	1.4701350650930275E-12	2.2436474967365306E-17	6.1321279623542056E-15	3.640378334651959E-15	6.243231941633781E-14	3.5856771725083135E-9	1.1781860589748903E-14
1.014871386855591E-7	8.64463702947694E-8	2.3166263402673936E-8	4.456512998735696E-8	3.9219607884652245E-10	1.0209648599109538E-6	6.23575355350861E-8	1.113085086010582E-7	4.063342455487311E-9	5.2014836802697704E-11	2.024392180430173E-8	5.569596077310362E-8	8.717832843576472E-8	1.3392054545204258E-8	1.2226119098585155E-8	6.807768177907875E-9	4.608677665860899E-11	1.3704791926790551E-9	6.781186551514435E-13	3.798383585013523E-13	8.477447511641975E-11	1.2335480997367306E-8	3.1981359780555413E-9	0.0	3.1981359780555413E-9	3.322811794033033E-11	8.612324134312692E-11	1.0843862118827022E-11	2.8131378800429484E-14	2.409753850694451E-7	2.4324344474530995E-8	1.8010155573662745E-13
0.0026980901142025218	0.00914215124156563	0.001454099356067584	0.002782606898185923	2.0561225481742583E-5	9.122897227979311E-4	7.136637715816806E-4	1.59433461933209E-4	5.987743374874509E-5	5.923760121801351E-7	9.629488603908417E-5	3.382458225088398E-4	2.920416862478196E-4	1.8715700651089634E-4	1.9901900024552508E-4	1.9308809515482803E-4	6.966909720777409E-7	2.1822363463760115E-5	2.096231551627026E-8	2.0736476669489037E-9	1.1513302222142373E-6	2.3567375249704888E-5	9.817898012351667E-5	0.0	9.817898012351667E-5	2.031385634132671E-7	3.3839922806982797E-12	2.737246662736408E-9	9.681662496151807E-10	9.42295695115284E-9	1.1759586449363177E-4	2.4757078271906097E-9
1.706621797776134E-7	4.2705538877087956E-8	1.1486146445918819E-8	1.9829891455927446E-8	1.8442795780780577E-10	3.534654988960232E-8	1.3349224997174417E-8	6.423609863272171E-9	1.8725050424086867E-9	5.718354968050214E-11	4.0969178451096335E-9	7.292486570568561E-9	8.445653204779528E-9	7.299072836126651E-9	3.5726229554473476E-9	2.366027857860703E-9	1.0292516892058166E-11	1.2527538060068022E-9	3.845162172903962E-13	1.1189666833710742E-12	2.0320266679596633E-11	7.214059738851295E-10	1.1674792188642085E-9	0.0	1.1674792188642085E-9	8.303758595655376E-12	1.8053237833613134E-16	2.35145050541647E-14	1.104599642545866E-14	5.026942670383498E-13	7.96057920218949E-9	4.475698059987157E-14
