32
NULL,munmap@__munmap,madvise@madvise,mmap@__mmap,lstat@_lxstat,openat@__openat_nocancel,fstat@_fxstat,time@time,open@__open_nocancel,read@__read_nocancel,mprotect@__mprotect,rt_sigprocmask@sigprocmask,exit_group@_exit,rt_sigaction@__libc_sigaction,sched_yield@__sched_yield,write@__write_nocancel,syslog@syslog,getpid@__getpid,writev@writev,close@close,open@__open,read@__libc_read,close@__close_nocancel,mremap@__mremap,stat@_xstat,socket@socket,fcntl@__fcntl,connect@connect,getdents@__getdents,lseek@lseek,getrlimit@getrlimit,write@__libc_write
0.7831215578318826	0.06259393884119244	3.735454720342199E-7	0.008659789035916339	4.396678862460156E-6	1.542901655522057E-11	1.9321794246397929E-4	0.002017506040288559	0.09143335081725333	6.9665886450768646E-6	2.9480005310745176E-6	0.021233996991772853	0.0045268281807991926	0.008537103800950085	6.927227751678945E-5	0.0010697207228441247	0.009191031549501242	0.007289916409931972	0.005637970058910241	0.0015978405739211483	0.00124497161597356	1.1728654689456323E-7	0.0	5.892423793255373E-7	6.78559384012571E-4	6.111725303629747E-4	0.0	6.111725303629747E-4	9.244618876075278E-9	3.374976818191617E-9	4.155961791356676E-8	0.0010453437968630773
0.06457612124006334	0.03021643573790394	1.6109691993987276E-7	0.022688557698188432	1.7211298294763684E-6	1.8667301518555656E-11	2.319709689342859E-4	0.004825260927844841	0.022737942532170936	5.062483518649142E-6	0.032112880054051475	0.011272804992320112	0.0033360372454217563	0.006414189264560666	5.633608053753147E-5	7.489349243476872E-4	0.006119061395878428	0.008629191487384945	0.0022512442221057694	0.0014814449094708727	0.0012105010123778842	1.7628644981461224E-7	0.0	2.4144891456697157E-6	3.400645786947799E-4	5.973962282196089E-4	0.0	5.973962282196089E-4	9.549030414665742E-9	3.356543523443966E-9	5.176609230543999E-8	0.0012775217584513317
8.411811791244458E-7	1.8644818595284649E-7	2.6593445928335443E-12	1.1799350312299975E-7	5.488743595892319E-11	4.3100449888453552E-16	5.325408352949669E-9	5.267356954709385E-8	5.396604765090818E-7	1.1077168073510204E-10	5.674086797980908E-11	3.057513011626519E-7	1.0404510268528515E-7	1.728476630015599E-7	1.6813349448695712E-9	1.5288754532882102E-8	6.043317264093662E-8	1.1095222918216899E-7	4.6621978992620075E-8	3.562178675150351E-8	2.279710819206821E-8	3.944012343878861E-12	0.0	1.170121802865881E-11	9.763415249154395E-9	1.1003553465962838E-8	0.0	1.1003553465962838E-8	1.670557842725121E-13	8.381909848239665E-14	1.1890109914768955E-12	2.0010154944808033E-8
0.005091075095588421	0.06019051510216851	9.444013307928829E-8	0.05748886606985099	1.4916232889817525E-6	8.648497089431579E-12	1.742810471343367E-4	0.0015759831840896688	0.006696671959504209	2.324123356615273E-6	0.01720408948208419	0.009125878159731628	0.0025993287429887024	0.004985711525303234	4.347066145543705E-5	9.618349816487397E-4	0.009165824354968018	0.0024749509339558736	0.01036832846928325	0.001641377763585941	0.0020129256544214385	1.2019545926888804E-7	0.0	4.049524530294498E-7	7.517847216933294E-4	0.001026361307837549	0.0	0.001026361307837549	7.189544425194334E-9	2.5440843718866224E-9	2.3975259936847346E-8	6.43305576898088E-4
2.690861631296973E-7	1.5047857075479383E-6	8.093903677209892E-12	6.138879839487865E-7	1.7805942274570148E-5	6.67718395279849E-6	4.2383817175951046E-8	9.262274926105918E-7	1.3767180747309274E-6	1.8883542529368052E-6	4.1049664950792224E-10	7.034036543456872E-7	2.5200408288835324E-7	4.847656581895639E-7	4.416581453855669E-9	3.8235070742585805E-8	1.500209679376961E-7	1.3841632416330777E-6	1.1438221884918418E-7	4.695142175798909E-7	1.3067142861451355E-7	8.321362146873236E-12	0.0	7.894986820941437E-10	6.526087968614328E-8	4.832743922297511E-8	0.0	4.832743922297511E-8	7.754649802600402E-13	2.783586632937094E-13	3.1199881967893438E-12	8.409764633585832E-7
2.387513395749293E-8	1.3519254359174574E-7	7.109554095762749E-13	5.464574507735098E-8	1.23497540580823E-11	1.83028216890931E-15	3.4365493062114317E-6	8.020373956953724E-8	1.1106601112913349E-7	3.5575529045292234E-9	3.6728099854987245E-11	6.180051670292603E-8	2.2192145978455493E-8	4.274953170356509E-8	3.8936524427412056E-10	3.3929157498011286E-9	1.3401504835948076E-8	1.2423542650367185E-7	9.898020029511027E-9	4.1432049835669394E-8	1.1588723035642119E-8	7.307549114660997E-13	0.0	7.03709475738997E-11	5.682098285288644E-9	4.265223690012986E-9	0.0	4.265223690012986E-9	1.467057264425651E-10	2.4599458489257573E-14	5.117170533792336E-12	7.55083856347608E-8
1.4563133156936733E-4	1.721895301147226E-4	4.2294092673543915E-9	2.1540936521971443E-4	5.16327621924036E-8	1.0983209630973676E-12	1.2352787763484842E-5	1.1144214836938681E-4	3.26652870886129E-4	1.5968309336754412E-7	1.4178952641395353E-7	5.067324870648353E-4	2.2505229766037223E-4	4.2103319168605117E-4	4.020564331545926E-6	2.084642533388452E-5	3.633674449838429E-5	1.4655810868712923E-4	7.694912076440931E-5	1.2072981895572373E-4	8.332513491213464E-5	7.751251359132702E-9	0.0	2.9242350355231087E-8	1.2860431933497941E-5	4.1429087662141224E-5	3.129929123722904E-7	4.1429087662141224E-5	1.1805351316514777E-7	3.928174908998647E-9	3.0624188565293434E-9	5.24610431985521E-5
0.003847753210644894	0.0017940715541506815	1.0389554330299197E-7	0.010953273619726363	2.5730120490496266E-6	1.581469412208699E-11	2.082648414538246E-4	0.0021646261174106964	0.028945333856988206	7.890865693919548E-5	2.9617938139041726E-6	0.011632861455513397	0.004102879928946237	0.007914541785919741	7.181267018643941E-5	6.464837996103981E-4	0.0023035932321589132	0.008120466620999928	0.0016449937648819254	0.0017534753105903614	0.001566675887595532	1.4679291426993544E-7	0.0	4.9201150625698E-7	4.5514826497853483E-4	7.832129300768266E-4	0.0	7.832129300768266E-4	1.2691266748206084E-8	4.525410057988133E-9	4.34066910744941E-8	8.31085747843102E-4
0.03674660697738959	0.008961025617531565	5.285441653371272E-7	0.04773621146607176	4.1416205314456845E-6	6.984737472198759E-10	9.204752581684946E-4	0.0045138800759691065	0.04775259455265694	0.023717003373473208	9.063322646688952E-6	0.026994252943980397	0.006437080838815885	0.012142174665569924	1.0196869154898603E-4	0.0031433820685147548	0.1025505739940401	0.008144638399162163	0.002827801466394791	0.00251717092856275	0.0018938634418836908	2.4114960599562705E-7	1.1760103090252571E-4	1.0026071024936538E-6	8.207880187741645E-4	9.260136452428158E-4	0.0	9.260136452428158E-4	1.4749326765952242E-8	5.343392814563233E-9	1.8318720718616344E-7	0.0018664486442264267
5.5685320713408E-4	1.9881133238997553E-4	1.208085545830751E-8	7.963173568646333E-4	1.0869776684298354E-7	5.554091556064795E-10	2.357640179963208E-5	2.3621743112816983E-4	8.541574969678184E-4	8.958338449601828E-5	3.300380555058428E-7	0.005291500163747466	9.192613296735244E-4	0.0017494006719424248	1.3082724921402684E-5	0.011250028245736106	7.916011302073416E-5	3.173606348980138E-4	1.320464756341149E-4	1.9705181884793367E-4	1.805003399236045E-4	1.6705851914762105E-8	0.0	5.5494118077685784E-8	2.6604121280587865E-5	9.037092441713467E-5	0.0	9.037092441713467E-5	1.5977434042368763E-9	5.369183369288968E-10	1.244415094607909E-7	9.798941470055257E-5
7.021536398204262E-4	0.025165949077171818	2.594597721458868E-8	0.008073689237958879	4.2498815259563247E-7	3.868305756781341E-12	9.897916140118887E-5	8.911872113556657E-4	0.0018322110729116106	1.4272071245001432E-6	1.2457686078312673E-6	0.0025758726871909256	0.001065900047743294	0.0021213874295986706	1.9438106701129468E-5	9.982614215968885E-5	2.0357754098146246E-4	0.0013412096740808164	2.976519103686082E-4	5.088814204781977E-4	4.5203728593106026E-4	9.1073268219879E-8	0.0	1.7091151088802753E-7	1.0124040985704647E-4	2.2523785373186576E-4	0.0	2.2523785373186576E-4	3.955372701195788E-9	1.322397159441615E-9	1.0769315346597405E-8	2.684854068135929E-4
0.02190170206063619	0.007099520196055851	3.9480241282388775E-7	0.012171238695529898	3.7604402000274495E-6	6.427198066562395E-11	7.882264805894452E-4	0.007822613706400519	0.02347170624446759	1.2768778752189823E-5	8.533568512951931E-6	0.03142409099567568	0.043677021439855766	0.07953119770564168	5.474068430333965E-4	0.002690622844693162	0.002578913167341143	0.011207326856289817	0.005050394352930885	0.004827542360708548	0.0037894188995586777	6.003205661486085E-7	0.0	1.3144085082604413E-6	8.798794095775654E-4	0.0018768365077710496	0.0	0.0018768365077710496	2.9863902117823994E-8	1.2763454046761416E-8	1.79097462835847E-7	0.002123311397163452
0.022950326811059275	0.00609463466498348	3.252166739446783E-7	0.008059777139115458	2.2585198000801394E-6	3.417033772122963E-11	4.167729295672016E-4	0.004038267324960697	0.016886349872232684	8.5395365495629E-6	4.4906834789344066E-6	0.019638436231463517	0.004571091750533067	0.008306396279715857	7.044972249138451E-5	0.002630689057561214	0.0018368961793262988	0.006750663231656111	0.003136561840116641	0.0017678591604886325	0.0012821723170406566	2.945058278947255E-7	0.0	7.106402629308044E-7	5.371943981195392E-4	6.272838309965831E-4	0.0	6.272838309965831E-4	8.75958040947165E-9	3.3927713239033315E-9	9.50859350782619E-8	0.0011696322858831074
0.02111739436688783	0.006090845884951315	3.385344346974426E-7	0.009258210955126883	2.6842962155900353E-6	4.297679097818965E-11	5.267828091651085E-4	0.005220941116731528	0.0186846205936069	9.542231598735798E-6	6.084997020002374E-6	0.024439905877287556	0.044561595361876837	0.03354761598057614	7.613728682169689E-4	0.002487983523568668	0.002040701769635215	0.00798306588092297	0.003650135868611192	0.0030105296419796848	0.0025281683169632507	3.834763053706392E-7	0.0	8.934021526538774E-7	6.309181352429923E-4	0.0012584240398465936	0.0	0.0012584240398465936	1.9755596250859245E-8	7.544959634344542E-9	1.1966846198983004E-7	0.001459185693897832
2.3034782690604252E-4	6.491296802674156E-5	3.524683763158495E-9	9.425506614550788E-5	2.7352945307309227E-8	4.345670390519275E-13	5.314796905976672E-6	5.212685557700102E-5	1.9165825300857057E-4	9.907787891155637E-8	5.813422689815427E-8	2.3712885228311038E-4	4.911154011291035E-4	3.471530595113209E-4	2.6883568675917707E-4	2.6928228669107755E-5	2.09206127319458E-5	8.160916220113382E-5	3.746054930014283E-5	2.7286012220789626E-5	2.1079773715442483E-5	3.872335214664085E-9	0.0	8.988008556460388E-9	6.459587455038676E-6	1.040441657864203E-5	0.0	1.040441657864203E-5	1.5748561040393553E-10	6.342620719117826E-11	1.2099621303615092E-9	1.4683694094004677E-5
0.0010078373590394103	3.522235462247636E-4	1.924348241455239E-8	9.622803783020343E-4	4.5383885210352835E-7	2.5209033253199943E-12	3.113806568916708E-5	3.197403923020891E-4	0.02993786762361822	7.786317799500354E-7	4.759930328264199E-7	0.006068107951649985	0.0010961948786713468	0.002081042244055296	1.583846078375866E-5	0.011326208476772372	7.713891465339987E-4	8.309364955267044E-4	9.773991238122216E-4	2.641115548773606E-4	2.3638582463620088E-4	2.0603058565727166E-8	0.0	7.549904466814228E-8	7.499252445048436E-5	1.180464270613518E-4	0.0	1.180464270613518E-4	1.899980668003445E-9	6.756048777206444E-10	6.898133791782103E-9	1.3165098017438851E-4
0.014391631414849896	0.0035854135651592735	2.426037324312702E-7	0.0062562687070852625	1.1266811251476958E-6	1.2922529525635458E-11	2.0834500620772796E-4	0.003648742633293202	0.010859607562495394	3.2512231394417337E-6	6.597016698549863E-6	0.021613628024788115	0.004973643419551247	0.009538616190206099	7.869221501996697E-5	0.0028230048102759996	0.0011522818334116257	0.0032164709805408273	0.0012653139572750135	0.0014445618525718968	0.0013861239117123547	1.6005919942093988E-7	0.0	3.4872277397522303E-7	2.5719955277647916E-4	6.977199574886838E-4	0.0	6.977199574886838E-4	1.1777487874022916E-8	4.163369250690833E-9	3.588168766397639E-8	5.857742132668723E-4
0.0036383287525515624	0.011203642887916027	7.437682816984399E-8	0.003299388241413689	2.2630004403669297E-6	1.0349740636279045E-11	1.6954563787478354E-4	0.022988172412407935	0.006756431566675651	3.7127938885349823E-6	2.0026210117132875E-6	0.007877671369946871	0.0027043718744831978	0.005208211715999301	4.7069028607145555E-5	5.435658102492988E-4	0.003375636734154156	0.002146824733362255	0.025338090609916444	0.0026071001150090958	0.003917445598301712	8.499148610542319E-8	0.0	4.209805514518436E-7	0.0015578643002269147	0.002024026663175764	0.0	0.002024026663175764	8.203094184081635E-9	2.937914366959537E-9	2.8716682672102498E-8	6.482101882760308E-4
0.003043096167476487	0.0011901931797943708	8.23173280455422E-8	0.002609130318332073	7.822743151474239E-7	1.3339002059953443E-11	1.6654807355631355E-4	0.0017550624922456981	0.005056302356240678	2.3521039801054636E-6	2.5279790815775816E-6	0.009611420585311593	0.003996125758972228	0.007891267957569005	7.263891452999664E-5	0.011658123458790885	5.546812817984736E-4	0.002265893488179503	9.992223272641699E-4	0.005035757260774417	0.009924308284357234	1.2343618909974185E-7	0.0	2.859999790741068E-7	1.7681875365730407E-4	0.005195566356886584	0.0	0.005195566356886584	1.4046952939929287E-8	4.886269656437333E-9	3.7167009916284016E-8	4.6600831365851714E-4
0.003021601789350845	0.0010434504718658292	5.507661097367226E-8	0.0016168624421808275	6.002762867004713E-7	1.0855585932563598E-11	1.3456975325717063E-4	0.0013116929602678866	0.003224863281718609	1.8823285200449595E-6	1.2314645652178875E-6	0.0048003336440347	0.0023903168545465468	0.0036001126180980414	3.932012238201626E-5	5.332843339258103E-4	3.557398026715579E-4	0.0017762867370863327	7.788951212314378E-4	0.0033284692675787284	0.007645784529954006	1.1142847155703068E-7	0.0	2.1841688590975494E-7	1.3848346625344344E-4	0.006181172325623729	0.0	0.006181172325623729	2.831780626564566E-9	1.9125069665920605E-9	3.027570711906184E-8	3.5027423108938567E-4
0.0027396118636751	0.004396812418974977	5.419215253056201E-8	0.0020611555438029778	6.477190236542103E-7	1.4408742771108476E-11	0.0010579062265044742	0.002149854268163658	0.004635264148298647	3.0080562876039802E-6	1.3834888612729995E-6	0.0049006637505984	0.0023417914155130174	0.0037782317974579195	3.9464195901151245E-5	4.437131766716675E-4	5.055232652906479E-4	0.003271952583607205	7.792581695122642E-4	0.007541007858022653	0.0011731152126582397	1.0118707601472556E-7	1.1760103090252571E-4	2.2025904026159984E-6	2.2191344989186927E-4	2.562273409307596E-4	0.0	2.562273409307596E-4	4.03127323058096E-9	2.10279170987678E-9	4.0185532377400866E-8	9.027898830153865E-4
1.3504104897490746E-9	1.7770991390309273E-6	3.693072262297794E-14	1.653287620697948E-9	6.798010208319138E-13	2.8534255165273363E-17	1.5900233466961174E-10	9.865857125950646E-10	4.508818511603722E-9	1.3515166237544164E-12	1.2589709953279367E-12	4.183362484486846E-9	1.7445275357504433E-9	3.337188649736869E-9	3.123014895240109E-11	2.082026725382175E-10	6.319276184463719E-10	1.5983938105093076E-9	1.8081744384174059E-9	9.78008455369479E-10	8.330796829296808E-10	5.768586049231661E-14	0.0	3.9873670120969625E-13	2.114177444909965E-10	4.124520379048857E-10	0.0	4.124520379048857E-10	5.5655794473478845E-15	2.0229259465579126E-15	7.967024909564242E-14	6.717434995187279E-10
2.0698173677052105E-6	1.074171192451332E-6	5.886614641012875E-11	2.2196011733947807E-6	7.118338596889511E-10	4.355494543264351E-13	7.967352067921479E-5	1.6389264476657012E-6	4.1597883837480795E-6	1.1590343114732801E-8	1.8960460662609033E-9	6.441268192625622E-6	3.206774787310885E-6	5.825871447248164E-6	5.7331932658428136E-8	2.9314464417209296E-7	4.616005695678171E-7	2.1697078942369314E-6	9.054929362503441E-7	1.2491755368995677E-6	1.089869951583863E-6	1.1867132892399725E-10	0.0	3.305176265866546E-10	1.6623150796909734E-7	5.449786703903176E-7	0.0	5.449786703903176E-7	9.17257161253419E-12	3.6058242028370523E-12	1.218546497542292E-9	4.93782565018171E-7
2.8314916970082637E-7	1.1775688069744373E-7	6.637587663087452E-12	5.665038859623332E-7	1.8113389763328766E-10	1.2382078331270228E-15	1.1614395982061097E-8	1.6613981973461893E-7	1.5167528526774649E-6	3.165910648362132E-10	2.5848421812600123E-10	9.779549130095687E-7	2.58090388186978E-7	4.847131912371528E-7	4.19122158532273E-9	4.509686933989601E-8	1.8303674969872033E-7	3.2477891106936866E-7	9.836502209507332E-8	9.832992459770461E-8	7.900730760160608E-8	7.46360114316464E-12	0.0	3.3655728512461265E-11	2.9971935618126893E-8	3.89763520440143E-8	0.0	3.89763520440143E-8	6.177511161307565E-13	2.2944084122443484E-13	3.4014856265136304E-12	3.0890738736101464E-6
1.762020941753007E-4	8.712653888393854E-5	7.662458138957814E-9	5.491769063597867E-4	7.662172652898126E-8	2.566107295378752E-12	1.4433031634860085E-5	3.118272195297955E-4	6.596530630891722E-4	2.1187895915837308E-7	4.971197098996432E-7	5.908755869050451E-4	2.4300418258591715E-4	4.6688289258192846E-4	4.350521567304137E-6	2.6002511366544706E-5	7.184237126496706E-5	2.3987479701568937E-4	7.967669275497955E-5	9.776123527301617E-5	9.267070838450952E-5	1.0854827050420633E-8	0.0	2.2917114407040517E-8	1.809337895301988E-5	4.661534484144697E-5	0.0	4.661534484144697E-5	7.832640912759449E-10	2.825270903427962E-10	7.160043738947851E-9	3.560267023926422E-5
6.866344057900386E-4	2.371157550414371E-4	1.2515716286532437E-8	3.6741926723645764E-4	1.3640806062857322E-7	2.4668468674086537E-12	3.057992103365685E-5	2.980719324065281E-4	7.328245450840253E-4	4.2774436852874217E-7	2.7984054877583456E-7	0.0010908370552106246	5.431806443143418E-4	8.180970893256549E-4	8.935188069695183E-6	1.2118449606372062E-4	8.083904481348391E-5	4.036472006142731E-4	1.7699779688785258E-4	0.0021155082354499333	0.00473280427870232	2.5321246602842326E-8	0.0	4.9633522203762947E-8	3.1469278998082524E-5	0.005904183236170688	0.005861338187090921	0.002973509777528654	6.434996753943524E-10	4.3460216621753635E-10	6.879917290606005E-9	7.959706512154037E-5
2.0599804705167973E-4	7.114563451823609E-5	3.75499411162503E-9	1.102413639324922E-4	4.092535204082735E-8	7.400947935491459E-13	9.175100897603492E-6	8.9433559746237E-5	2.1987024642327842E-4	1.2834893003569007E-7	8.396600439735085E-8	3.272785076654234E-4	1.6296567329359337E-4	2.454518415810375E-4	2.6807655414729557E-6	3.635641708062549E-5	2.425427944250198E-5	1.2110775862169265E-4	5.310267725074003E-5	6.346579533718697E-4	0.0014198434520569202	7.596737782404132E-9	0.0	1.4897586847976323E-8	9.442444750737844E-6	1.285591576417167E-5	3.115321709189821E-8	0.0014781926450851879	3.253414281918533E-8	1.142077148620653E-9	2.0640884492391365E-9	2.3884833788207724E-5
6.523000264576952E-4	2.2525904904095576E-4	1.1889882004162973E-8	3.490468810161759E-4	1.2958712934677725E-7	2.343494970990124E-12	2.9050806558953792E-5	2.8316718148045856E-4	6.961804799122307E-4	4.063554936304017E-7	2.6584743763368984E-7	0.0010362909781024077	5.160195085911518E-4	7.77189066717505E-4	8.488394064029592E-6	1.1512480196455414E-4	7.679677951759202E-5	3.834632774297324E-4	1.681472216063178E-4	0.015930366813508554	0.0044961457366303765	2.4055086214288116E-8	0.0	4.715165388406593E-8	2.989569318105326E-5	4.070263070513715E-5	0.0	4.070263070513715E-5	6.11322199624247E-10	4.1287037487742415E-10	6.535894783083939E-9	7.561690361990442E-5
1.4336666459715157E-8	1.3880349041366023E-8	3.524229189727924E-13	1.7292802282854117E-8	5.862154957135294E-12	1.8252199602120237E-14	5.8165894572346225E-9	1.5177690386208715E-8	3.388332521014347E-8	1.7739821899405272E-10	1.1531400118169016E-11	3.068480613196547E-8	1.9684065779836702E-8	2.9788564908831495E-8	3.3399842051604896E-10	2.1093825270737873E-9	3.861793819280448E-9	2.1529061086428942E-8	7.188896086782544E-9	9.737035471409014E-9	4.161420852546734E-9	9.450785145396222E-13	0.0	3.0624079818015615E-11	9.600137190363333E-9	1.8555830905159721E-9	0.0	1.8555830905159721E-9	3.021216433781606E-14	9.781026604346128E-9	5.106905491571308E-11	6.8963622466268996E-9
3.88456648795657E-9	7.260848494986484E-9	9.808350854668488E-14	5.2863384594265475E-9	1.6135746870525967E-12	2.516321102720018E-17	4.184289239416327E-10	5.908363277113714E-9	9.80597412173424E-9	5.507549017865094E-12	3.5483132103593904E-12	8.205669737480685E-9	5.116247123468739E-9	7.80293691510415E-9	8.684085739214282E-11	5.64530005851884E-10	1.1409435039196688E-9	8.650809563973794E-9	1.8666691866648086E-9	3.1741357146006256E-9	1.1653832092519388E-9	2.4336081190609623E-13	0.0	3.4572536530140645E-12	4.996212979766504E-10	4.944002647733158E-10	0.0	4.944002647733158E-10	7.484583774621706E-15	4.543102106858794E-15	7.007111795792949E-14	3.914962273189183E-9
3.8842184288177884E-8	1.1980431651441022E-7	9.927696370933303E-13	7.645069508213406E-8	2.860628987693422E-11	1.045496254009886E-10	2.345398837125698E-9	7.752406167474736E-8	1.267629754792303E-6	5.299748211554272E-11	4.579432657808124E-11	9.557457442026337E-8	3.016715605810269E-8	5.758757487731441E-8	5.144023922022736E-10	6.562442464442508E-9	2.901897674748007E-8	1.3540511049572375E-7	1.7189287621428565E-8	1.9167702373899875E-8	1.1847659215598289E-8	9.71568907255851E-13	0.0	4.160728444604694E-11	2.400187413509307E-8	5.603603328532531E-9	0.0	5.603603328532531E-9	1.315504902741037E-11	3.094692168173892E-14	2.9253295889612255E-7	1.8974955795959622E-8
8.950860275515136E-4	3.3745369621313113E-4	2.1596755625019914E-8	7.789013243936218E-4	2.1718270010284416E-7	3.6163005190558447E-12	4.6511233065821114E-5	4.948776622468346E-4	0.001381125381410806	8.972569016902514E-7	6.177691886312453E-7	0.011121372139944175	0.0019391935189871166	0.0036795937355710976	2.7592897879959737E-5	1.1633727789425601E-4	1.509297267809957E-4	6.231111732512795E-4	3.1348482264595114E-4	3.8433056192146455E-4	3.776296832494104E-4	3.270778881358615E-8	0.0	7.949094627618147E-8	4.8855809005496273E-5	1.9086696804949954E-4	0.0	1.9086696804949954E-4	3.1781016541691778E-9	1.128078640498764E-9	1.0075216762331489E-8	1.3093856983739088E-4
