32
NULL,open@__open_nocancel,fstat@_fxstat,mmap@__mmap,read@__libc_read,munmap@__munmap,open@__open,close@__close_nocancel,rt_sigprocmask@sigprocmask,exit_group@_exit,rt_sigaction@__libc_sigaction,sched_yield@__sched_yield,mremap@__mremap,time@time,read@__read_nocancel,mprotect@__mprotect,write@__write_nocancel,syslog@syslog,getpid@__getpid,writev@writev,close@close,stat@_xstat,socket@socket,fcntl@__fcntl,connect@connect,lstat@_lxstat,openat@__openat_nocancel,getdents@__getdents,lseek@lseek,getrlimit@getrlimit,write@__libc_write,madvise@madvise
0.9223848044526564	0.016198629143344117	1.1993476135457125E-4	0.004784890412429609	1.3399108254548549E-6	0.008144997050921525	7.737020576791913E-4	2.543041529534909E-8	0.009209148569717895	0.0033480472147397913	0.006152007518120525	5.851768796867087E-5	1.3373442077889958E-6	0.0017107712107734606	1.1636492196552065E-4	2.9665163666790284E-6	3.428804478593943E-4	0.0016960571068652534	0.002524217303293277	0.0013833848580983702	0.0010439963872040398	3.152767790269483E-4	3.728273943218032E-4	0.0	3.728273943218032E-4	5.4371232798143505E-6	3.604193391503418E-11	2.8413758891093184E-8	1.1166543361847677E-8	9.930945733940139E-8	0.001972172915642485	7.182992473874072E-8
0.005761788228391278	0.0021059139240004834	1.7675862082299862E-4	0.002971187083684022	1.6006407684688374E-7	4.318722674915023E-4	5.981515138709004E-5	8.376864719302382E-6	0.0014393880962987186	3.2015744407902556E-4	5.932460942502225E-4	5.0175470813798975E-6	1.6120886956923626E-7	2.4311769484457833E-4	0.0014754128934508699	7.104751461089269E-7	1.6062622062960717E-4	0.006363155387077158	2.4662250740805855E-4	1.1598728110048256E-4	9.577029570764267E-5	3.8612784073082443E-5	2.7886397530058354E-5	0.0	2.7886397530058354E-5	4.7515020210104945E-7	1.6541881550666276E-10	2.075900593582729E-9	7.848473726570533E-10	4.0954955626249774E-8	3.029712998496863E-4	2.4862766170157984E-8
6.789271913978863E-5	2.453225962954547E-5	7.567950041305299E-7	4.8957204931194965E-5	5.174418150390318E-9	2.1883477150459064E-5	3.6784327769478994E-6	1.4744368407546608E-10	3.227394632104886E-5	1.3133627847802985E-5	2.473676537379646E-5	2.3643938964058322E-7	5.2340424581856935E-9	6.382401054122402E-6	7.880227314080919E-8	1.0843011740513055E-8	8.946389241500856E-7	2.8612477485414732E-6	6.445569890308126E-6	7.070798897805427E-6	5.719563641681734E-6	6.240264457095219E-7	1.806543345213064E-6	9.796893090847351E-8	1.806543345213064E-6	1.3552658158717572E-8	1.9650107995182133E-13	3.68655052592711E-8	1.197129466771864E-9	5.478804479958699E-10	7.429233917154216E-6	1.8993160454759688E-10
0.0013672409624504432	5.697606152753248E-4	8.000069745256846E-6	0.006613707672329858	1.0330348315716929E-7	0.007856786232594818	9.890936426922532E-5	1.058336711332841E-8	6.365747510334893E-4	1.6414820457381438E-4	3.1372472235872517E-4	2.7249382770330807E-6	7.61097044790231E-8	9.714402964999138E-5	1.2232237539684999E-6	0.0019992737748753195	5.572493131952423E-5	5.891870437102822E-4	1.1864799483106161E-4	5.882536935487938E-4	7.70703975654338E-5	2.4626160912734144E-5	5.0328764721759586E-5	0.0	5.0328764721759586E-5	7.038079323792499E-7	1.821331144174806E-12	1.3717904746322361E-9	4.892173366854728E-10	5.058132867873036E-9	1.2143230962528808E-4	5.6445899464500976E-9
2.514442267321558E-7	3.8345243151745046E-7	6.568517056384991E-10	3.820211417649179E-8	6.145879650538766E-12	2.192674588663477E-6	3.6800651086388913E-9	1.868552459297665E-12	1.0099445595693238E-7	2.037615886947325E-8	3.7940414157483423E-8	3.10078304102045E-10	8.869235740433953E-12	9.56966443796106E-9	2.762126420148179E-10	1.7353841949630237E-11	2.771320285393192E-9	3.664258742547318E-8	1.6913019149795808E-8	2.6577675830365477E-8	5.4840917796257234E-9	1.691784409855116E-9	1.7361333006209807E-9	0.0	1.7361333006209807E-9	4.0348536051971535E-11	2.541946696272144E-16	1.187145888011009E-13	4.544763484416949E-14	6.992817188286464E-13	1.5606472641267636E-8	1.7328822195056883E-12
0.009178666786898689	6.38396937318259E-4	1.2929704651012744E-5	0.0024615216681775263	1.559095609388901E-7	0.0023658829843807403	5.3516399212242074E-5	3.705309040292468E-8	7.334494998344248E-4	2.0748454305690096E-4	4.016573376004666E-4	3.5438994939925822E-6	5.669725418843667E-7	3.0576391288888267E-4	1.5127916015912117E-6	0.0037318563073035316	3.4820056540440355E-5	3.1088750607295354E-4	4.496442065928756E-4	9.942978117189801E-5	7.50165719231914E-5	1.1958239922625427E-5	2.5515398656142693E-5	0.0	2.5515398656142693E-5	2.656486591631223E-7	6.0326184336091796E-12	1.9356446325446904E-9	6.740761879435552E-10	1.6844064555820782E-8	3.5348121657536555E-4	6.3901069159334555E-9
5.842910502871416E-4	1.8692003573622166E-4	4.3972676269199E-5	1.2373091616673483E-4	4.753436061780228E-8	4.3939596178284497E-4	3.498052221705207E-5	8.359380738428533E-6	2.2307890326601126E-4	9.284644127055983E-5	1.4713421887221003E-4	1.5512593634615012E-6	2.9998909069352115E-7	9.308329293057672E-5	4.1008000618471655E-7	8.175406920678117E-8	1.949390457839439E-5	2.1930927338933326E-5	1.2102562373031936E-4	2.7122619873193342E-5	2.2034944623584892E-4	8.419658215550558E-6	5.920354745587423E-6	0.0	5.920354745587423E-6	7.741899559661113E-8	1.7875200488805274E-12	4.329297357937033E-10	2.48908615506785E-10	4.990196282414052E-9	1.1611541814637646E-4	1.9944127029834787E-9
9.215547404628746E-7	4.181917774151809E-7	5.065936062111651E-6	1.973433744212732E-7	7.230725521375847E-11	3.1683773515259263E-7	3.927246353675497E-8	4.4913912188787195E-12	3.9619002117844245E-7	1.7114619492758332E-7	3.1162099246256187E-7	3.0588678386683005E-9	8.737974645722597E-11	9.323650205411591E-8	1.5458441220716286E-9	1.3996966190433099E-10	1.191724417272496E-8	4.315571549829747E-8	1.0181542158294418E-7	5.193896861795097E-8	5.31941847413369E-8	7.596894845256535E-9	1.895102164173581E-8	0.0	1.895102164173581E-8	1.4927636497051658E-10	1.0346425684982216E-13	1.520793378367667E-12	6.015627918188884E-13	2.8946787078354974E-10	1.0486651752586273E-7	2.881199520752481E-12
0.005929045874899594	0.0011901793986415787	3.61884868318582E-5	0.0013986090126866942	5.147982853568457E-7	6.898574923880512E-4	1.6169393876374542E-4	1.0981919212591923E-8	0.002324405672440483	0.0037820822839890866	0.0069495128834587945	4.605617494099231E-5	2.4763462933950013E-7	4.4885095981231067E-4	4.982332860595485E-6	7.179753388674009E-7	1.4127409546725836E-4	1.2544087751712528E-4	4.826460039482398E-4	2.689087557328266E-4	2.2393203577272155E-4	3.524467777396369E-5	7.81629038816821E-5	0.0	7.81629038816821E-5	7.813601590790009E-7	1.1877112284453648E-11	5.905199468675819E-9	2.5794931422141124E-9	3.313924933520562E-8	3.930291708757931E-4	1.9016585224690614E-8
0.00481578962693436	7.3057176413076E-4	2.368452205187481E-5	0.0012482433459487907	3.3965585462705156E-7	4.204802339389359E-4	6.355068956839235E-5	1.2379384701272122E-8	0.0017866984568256855	3.644432790671826E-4	6.570177198161101E-4	5.469350031234446E-6	1.615915779085736E-7	2.631588558884369E-4	3.742618525459762E-6	4.6011947171139995E-7	1.5797520435342386E-4	7.775714764620141E-5	3.3754992347714076E-4	1.8746104046097183E-4	1.0128748872488618E-4	2.4694713157426082E-5	2.9871936635078483E-5	0.0	2.9871936635078483E-5	5.51206191998466E-7	8.149283641898211E-12	1.9057115658910607E-9	7.55351052610314E-10	2.2738019221692472E-8	2.7893905461817995E-4	1.7765139443823412E-8
0.004993763137717696	8.883942273932738E-4	2.6538782796993173E-5	0.001231469138049624	3.7478496523439226E-7	4.988338030652569E-4	1.1294793136136545E-4	1.1004790181462045E-8	0.0019745465730949476	0.004088453073397511	0.0028105665375189963	7.042224917976482E-5	1.8270044725879744E-7	3.16953361122035E-4	4.183300292455869E-6	5.539400711232766E-7	1.4068424924215358E-4	9.393594550115444E-5	3.6878152940495655E-4	2.0499066435308836E-4	1.4891406129088035E-4	2.7259255163894867E-5	5.481362331925648E-5	0.0	5.481362331925648E-5	6.017165179156312E-7	8.888677855494528E-12	4.056163051912907E-9	1.5660712765766198E-9	2.479694816983248E-8	3.0223607924142126E-4	1.7340432463569883E-8
5.192800399489046E-5	8.755627023575951E-6	2.745654077476891E-7	1.304091851908759E-5	3.918092453278998E-9	5.0282748957408335E-6	9.539238807136033E-7	1.2076205456873104E-10	1.9753995984258004E-5	4.556437876051557E-5	2.9794648945134286E-5	2.6238588800582992E-5	1.877733107636509E-9	3.193802562019421E-6	4.172010944483908E-8	5.434189462616083E-9	1.544059431893859E-6	9.280566810789481E-7	3.822536022627157E-6	2.1250985849557523E-6	1.3906499778004364E-6	2.799908308469673E-7	4.562204933472035E-7	0.0	4.562204933472035E-7	6.226004306019094E-9	9.276228545034485E-14	3.213472495881058E-11	1.3199436903400063E-11	2.588166601537176E-10	3.1413872925660443E-6	1.8328562340438152E-10
4.089922819808554E-7	2.0539329783042214E-7	1.6378144234111783E-9	1.117175426842548E-7	1.673426100822423E-11	5.4711336267230194E-8	9.905084053910868E-9	4.3134298978421046E-13	2.1874628811856611E-7	5.151119387489094E-8	9.57871799219214E-8	8.226086933573145E-10	2.3244065389256368E-11	3.5682624297734703E-8	6.370911062109546E-10	6.631110777064955E-11	5.439910811611989E-9	2.5532165209633355E-8	3.845097844435673E-8	1.68504371071696E-8	1.4499708681229416E-8	4.008515354604649E-9	4.695021596041369E-9	0.0	4.695021596041369E-9	8.50975671499558E-11	5.471696781191191E-16	3.4871957697618256E-13	1.3412467991475408E-13	1.5054623071630334E-12	7.548016376972849E-7	9.483402847684918E-13
0.0013223942306264571	0.0016303521777839456	6.9064294929981406E-6	9.545519248269304E-4	8.507710401835058E-8	1.8915357448305798E-4	4.6307955332410546E-5	1.228259268031116E-9	5.141417275805027E-4	1.7619009706443766E-4	3.391522985297252E-4	3.1174604012320176E-6	7.673101217596627E-8	9.866668006451666E-5	2.9841554336874678E-6	1.7927857441962646E-7	1.685427700621067E-5	6.722770916094466E-5	3.408717332983972E-4	6.54029348159106E-5	5.8878074676576996E-5	1.3539649857364603E-5	2.253602658712406E-5	0.0	2.253602658712406E-5	2.8215035973288864E-7	1.814074031540751E-12	1.7300153106238087E-9	6.234406732158048E-10	5.00142815979921E-9	1.0769858640623303E-4	3.391131323915807E-9
1.2505273118796319E-4	4.4504586977152816E-5	7.779246333134652E-7	7.650241240196733E-5	9.629177366378184E-9	1.643039246719268E-5	5.304872659226985E-6	2.1407180006043647E-10	3.199058072331492E-4	4.883273312242899E-5	9.311614773178131E-5	6.692869391689078E-7	7.479487450471468E-9	9.938340396765295E-6	2.849110142038134E-6	2.0158453584929944E-8	7.182262088589808E-4	3.106469021280774E-6	9.932089715980009E-6	4.84535403466154E-6	6.380433473411614E-6	1.6449025729765768E-6	2.594986458681105E-6	0.0	2.594986458681105E-6	1.5803392930333835E-8	1.3214434052941508E-10	2.2880224261388766E-10	7.428578766001116E-11	2.9039405018352153E-8	1.1562139942487163E-5	4.1735448202241887E-10
4.0658606416674403E-4	1.4140297641300882E-4	5.504877749314245E-6	9.274507837820302E-4	9.182873852989588E-8	0.002943713415497197	2.362426069045935E-5	4.391600710103196E-10	2.0591107128887262E-4	8.024196397645803E-5	1.6142227968635788E-4	1.481653718902687E-6	3.935651630728007E-8	5.798195410324765E-5	5.167457526333792E-7	1.2900083318465803E-7	5.050120600412986E-6	1.4998817104473277E-5	7.301189286626661E-5	2.030472232411712E-5	2.9475432725441235E-5	4.946762741782149E-6	1.1470239979265548E-5	0.0	1.1470239979265548E-5	1.1325468436811277E-7	7.484120928291726E-13	9.795510450530343E-10	3.233309020703479E-10	2.0842524182741184E-9	5.790308946113601E-5	1.4244218633803817E-9
2.630903272973275E-4	0.0017826408898410564	9.928364163584747E-7	5.0184180462130576E-5	1.097545441290729E-8	3.050691099505002E-5	6.8011787006353124E-6	3.6062958289659074E-10	3.499585601720252E-4	5.602070433031227E-5	1.0597682882279167E-4	7.822938901540655E-7	1.104580867499726E-8	1.4308362368219306E-5	3.4917854002175197E-7	2.8730143051070484E-8	7.203023502468806E-4	3.373955302164717E-5	2.182192371076649E-5	5.515418316159695E-5	8.675102466366928E-6	2.075623631326029E-6	3.298375349923189E-6	0.0	3.298375349923189E-6	4.747066354807514E-8	3.0170614846976114E-13	2.522708551153759E-10	9.154964101773302E-11	8.306258872553854E-10	1.7457944983135897E-5	6.570510074312393E-10
0.0022979464275986058	3.480614037905238E-4	7.52712237719059E-6	3.6172765302638454E-4	8.236439619599247E-8	1.4948737625824522E-4	3.8206603906468364E-5	6.857882731520247E-9	0.0012091648736646731	2.3843621952069824E-4	4.543915666753433E-4	3.646090146740363E-6	4.732313276522332E-8	1.7999218397407403E-4	9.60149123291287E-7	4.3777409818534253E-7	1.6571301522209152E-4	3.5782239155220025E-5	1.0100299070208804E-4	4.3802279385357885E-5	4.3886667296547445E-5	7.233277860136687E-6	1.884820042446634E-5	0.0	1.884820042446634E-5	1.4221817586577478E-7	1.8872925017757976E-12	1.5369060485101966E-9	5.519951094464692E-10	5.2583842209929935E-9	9.360737564303907E-5	1.0865696890959727E-8
9.791859157853673E-4	3.151104871469606E-4	4.9561965239400866E-6	2.055467503147115E-4	4.471459944214803E-8	6.831253696674644E-4	1.9056651582170526E-4	1.761150778856449E-9	3.9121942889927454E-4	1.2093554465479162E-4	2.3111329438344616E-4	2.0911970553703406E-6	5.443637896054427E-8	0.0014463288638472307	1.0236034262368425E-6	1.2592287042636816E-7	2.352096697471913E-5	1.797705912461994E-4	7.305631215162586E-5	0.00139823621092414	1.0939573465796029E-4	4.4971670190028975E-5	9.912441841970067E-5	0.0	9.912441841970067E-5	1.3759307971005833E-6	1.2636625446833826E-12	1.0977335344977711E-9	4.015799918608375E-10	3.502665016234096E-9	7.529981735498616E-5	2.8197579834568327E-9
8.228196453518839E-4	2.059418761698062E-4	4.497899705151876E-6	1.5148307347685372E-4	5.8796330089036105E-8	1.0403657167833143E-4	5.762125849156138E-4	1.0779828869294887E-9	4.3083149649411406E-4	1.6620413412375828E-4	3.320471546607905E-4	3.0538143818048307E-6	3.255276272137358E-8	6.517415014895398E-5	8.494409249020951E-7	1.334677703972019E-7	7.336460829399785E-4	2.144424561434187E-5	6.0419205623101213E-5	3.3388359309134156E-5	2.658739087041813E-4	4.746550476259229E-6	3.027823516590673E-4	0.0	3.027823516590673E-4	9.97057693883542E-8	1.3959360988233398E-12	1.902489628170968E-9	6.571966128333511E-10	3.890185778843899E-9	4.9657308659067444E-5	2.524275841722658E-9
6.021597373220215E-4	1.1256363668040504E-4	3.7676923443325575E-6	9.106046371126096E-5	5.5839086680367736E-8	7.569488591244861E-5	4.73466395362473E-4	1.3206372520627428E-9	2.326057515058838E-4	1.019202326902464E-4	1.513376804677737E-4	1.6699829193761517E-6	2.542250501196294E-8	4.709288900229387E-5	3.018189451839537E-7	7.041732050281172E-8	2.554766343051457E-5	1.1785155139001012E-5	4.6480576878195795E-5	2.5550595178804202E-5	1.8584371622945562E-4	3.1974096974054044E-6	3.8810334796809015E-4	0.0	3.8810334796809015E-4	7.395126037064918E-8	1.2213112588286615E-12	3.1826900516979944E-10	2.4594243895964847E-10	3.4098722899295263E-9	4.0947629522241545E-5	2.025348216016912E-9
5.023316639115676E-5	2.3940941496501276E-5	4.704016085259364E-7	3.0351706128390617E-5	3.983755625050482E-9	7.4575033970303506E-6	2.391578519504406E-6	5.080669406802857E-11	2.3934433775173724E-5	9.363690393027376E-6	1.8006493611382488E-5	1.6924044461440212E-7	2.5883027191413844E-9	1.5357813044063182E-5	6.195382787792255E-8	2.736577408222943E-8	6.581396363583599E-7	2.472688814109558E-6	7.700547768414246E-6	2.7593312760246846E-6	2.6825663649036244E-6	4.780601200155093E-7	1.1839713261567114E-6	0.0	1.1839713261567114E-6	8.321240036962356E-9	4.884706964643499E-13	9.591134729150185E-11	3.488038765880533E-11	1.365048255318955E-9	3.6832607417621007E-6	2.205860360241881E-10
1.364721552856228E-4	2.5511187140381594E-5	8.539021786592451E-7	2.0637758194109742E-5	1.2655258080942549E-8	1.715533164294575E-5	2.990011185510388E-4	2.9930606061662846E-10	5.271723219065052E-5	2.309899030249175E-5	3.4298852883508266E-5	3.7848150069721106E-7	5.761704822014163E-9	1.0673037143546505E-5	6.840361513773897E-8	1.5959228572802408E-8	5.790059703194511E-6	2.670962942716967E-6	1.0534263447509579E-5	5.790735236883658E-6	1.2862440145719445E-4	7.24654411947293E-7	3.7616666838610107E-4	3.7513102038207294E-4	1.8860087882488003E-4	1.676016282625514E-8	2.767955101614619E-13	7.2131809973223E-11	5.573989540632575E-11	7.728065501931215E-10	9.280285625595564E-6	4.590202388556121E-10
4.095569939671917E-5	7.660225545030018E-6	2.564049034191523E-7	6.196178177078834E-6	3.797499428692539E-9	5.1519642293924995E-6	8.970086447128725E-5	8.992606871881843E-11	1.5821946135711908E-5	6.932216091311975E-6	1.029463615997757E-5	1.1359023303965604E-7	1.7315445894673393E-9	3.2044124110286805E-6	2.0539392192350577E-8	4.791779325120131E-9	1.737192805354741E-6	8.020088692746234E-7	3.162215053622034E-6	1.7379687958566043E-6	3.8588184185800947E-5	2.1760631533630903E-7	3.110337537952403E-7	9.751170880261292E-9	9.409392853440581E-5	5.030318373695035E-9	8.306546924564747E-14	1.0144638586146794E-8	3.333951546086138E-10	2.3191651867004985E-10	2.786376050218469E-6	1.3775702418413122E-10
1.2964801902276294E-4	2.4235528989391574E-5	8.112037629265414E-7	1.960579036314962E-5	1.202244616846659E-8	1.629749862549984E-5	2.8404990471940104E-4	2.8433959850080064E-10	5.008116642971273E-5	2.194395133480802E-5	3.258377741447228E-5	3.5955595996456944E-7	5.4735972682827005E-9	1.0139343954238464E-5	6.498316948276125E-8	1.516120534086182E-8	5.500534295597647E-6	2.537404452078329E-6	1.0007509480414855E-5	5.501176049986277E-6	0.0010131265518801677	6.884188850717836E-7	9.838615932028387E-7	0.0	9.838615932028387E-7	1.5922089779964406E-8	2.6295466274217416E-13	6.852494013875912E-11	5.295268477911586E-11	7.341632299325816E-10	8.816235405718986E-6	4.360674493227925E-10
9.296436458927654E-7	7.172942140240253E-7	8.281106041605619E-9	2.4871938542052106E-7	3.251521402336388E-11	8.003299216218344E-7	2.50300972596528E-8	2.41124421715238E-11	3.365648694758504E-7	8.929407987463622E-8	1.6632713839741296E-7	1.4733770893507445E-9	3.541582062474201E-10	1.6348727710054597E-7	8.180482011002847E-8	1.5041500649290923E-10	1.1171946984810604E-8	7.637336631136919E-8	2.2020705191767082E-7	5.877793576975026E-8	7.373249755864147E-8	6.302771175385391E-8	9.511929604035619E-9	0.0	9.511929604035619E-9	5.573527666807212E-6	2.0900044312844197E-6	6.707596214077148E-13	2.565589434792627E-13	5.264027617490624E-12	3.2214823196380533E-7	3.2624494114419477E-12
7.829446367837732E-8	7.525460404615788E-8	1.075127751461639E-6	2.246777585206933E-8	2.863996713704353E-12	8.283127638168271E-8	2.1917410652097033E-9	3.2710695180857187E-12	3.413255559981073E-8	8.350038708130737E-9	1.568259452169101E-8	1.3547915752586498E-10	3.082870764515335E-11	1.4373434689946757E-8	2.6768033672475393E-10	1.332267227212444E-11	1.0429967866463106E-9	7.84278209770534E-9	1.9358841424341143E-8	5.69177241839033E-9	6.190748973969606E-9	1.0972723481567585E-9	8.489578338294529E-10	0.0	8.489578338294529E-10	1.762265772909987E-11	6.105489001977293E-16	3.5008013327068804E-11	2.2978574994083604E-14	1.703586126476368E-12	2.9952963475302455E-8	3.4546045160822796E-13
2.1545621244087977E-8	7.630436432332984E-9	1.5272876456020406E-9	4.7688415554435395E-9	2.2572935500071865E-12	6.4082718131462425E-9	5.231559293648724E-10	1.0926612611518666E-13	6.531981149340031E-9	3.9958446523329214E-9	5.901454250427167E-9	6.8115027968445E-11	1.0332906091453027E-11	2.5945031296369928E-9	2.4745727784464253E-11	2.8538651284100366E-12	2.888804515864681E-10	8.136517107369764E-10	2.8085323259360255E-9	1.3060350937254643E-9	1.2428547093419218E-9	1.050245327859333E-9	2.2563850306131665E-10	0.0	2.2563850306131665E-10	3.7179932249819864E-12	4.3720891759434885E-15	1.6066953944722494E-14	3.061533981604153E-9	1.2232697998454327E-11	2.8969821575782118E-9	5.480838226574665E-14
5.772620591192239E-9	2.145205628760013E-9	5.524471330903398E-11	1.4611441502241098E-9	5.788412317546091E-13	2.3438154575846586E-9	1.4933647766067564E-10	8.689761016011719E-15	1.7096534827532266E-9	1.0264629312968008E-9	1.5257976165078465E-9	1.7506926374084162E-11	1.4854566072652599E-12	9.661271256446495E-10	5.71434039283815E-12	9.18756827786446E-13	8.101229902180452E-11	2.4245940141911563E-10	1.1415854127634175E-9	3.2972032877651255E-10	4.234896882946109E-10	6.101055126732325E-11	5.975186455724182E-11	0.0	5.975186455724182E-11	1.0950498960906697E-12	1.3355161432373043E-17	4.112310492124858E-15	2.822804000727012E-15	3.716899486335273E-14	1.3519564490964488E-9	1.4456208775548146E-14
5.44668574053461E-8	2.743007106789948E-7	2.7402368312053447E-10	1.60016195241723E-8	1.9845651564379406E-12	3.5018407862514814E-8	1.3585138910912314E-9	1.2813251407347344E-13	1.6165693538404785E-8	5.0620909070617535E-9	9.509167280358826E-9	8.701439236089653E-11	1.9649670498749583E-11	1.2115111731624751E-8	8.227936708245388E-11	1.1149576521878376E-11	6.668748152018163E-10	3.6144316180194596E-9	1.5688908312255297E-8	2.8478127436438904E-9	2.3843372056720684E-9	2.115323296606886E-9	6.180626319210775E-10	0.0	6.180626319210775E-10	1.1595249652324824E-11	2.48647182253146E-11	3.151754635842412E-12	1.6375398918506617E-14	6.957221949717885E-8	8.976690775058212E-9	1.3779585534949385E-13
8.228021811146254E-4	1.9370779354935193E-4	4.6027429190773285E-6	1.8044294827729962E-4	5.973752548121685E-8	1.012316399122077E-4	3.859275328986233E-5	1.053183787962312E-9	0.002475883747865194	3.7378297306008863E-4	7.120326720312818E-4	5.090442709734802E-6	3.236347406059193E-8	6.413431644213091E-5	9.344050243363723E-7	1.1778514153157707E-7	1.3137731133883237E-5	2.0143004430003975E-5	6.106707807797366E-5	3.622197400838182E-5	4.002607025230432E-5	4.839344197542763E-6	1.9304982877303072E-5	0.0	1.9304982877303072E-5	1.05364476048716E-7	1.4164765624182843E-12	1.566780414476619E-9	5.5133493459635E-10	3.948430109748582E-9	4.9410290443872427E-5	2.3431115857282905E-9
1.2099833096495842E-7	1.1019652706595548E-8	1.5243426375826155E-10	5.031242056991337E-9	1.7601086158823083E-12	5.28564652642335E-9	5.481802238314281E-10	4.115525157709617E-13	1.3480783052841451E-8	4.074932265004401E-9	6.692173919678952E-9	6.517869277904307E-11	1.4162652315308693E-12	1.879395660240549E-9	3.012342706822221E-11	2.7270025347420516E-12	3.459341018367786E-10	1.2771937804389735E-9	2.3514868102819455E-9	1.289473962566585E-9	9.839999404052305E-10	2.0586072372896192E-10	2.532458626037426E-10	0.0	2.532458626037426E-10	4.865793784454858E-12	7.176367350074642E-17	1.7795075224269483E-14	9.719170791901692E-15	1.9970617886367143E-13	3.1883411527276398E-9	6.031362238115271E-14
