18
0.30136318895905934	0.0	0.0	0.0	2.7411577709747362E-42	0.0	0.6986368110409413	0.0	0.0	0.0	0.0	0.0	8.70930477904435E-52	9.913740541719163E-55	0.0	0.0	0.0	0.0
1.865924333606598E-262	4.600230768032229E-6	5.510407918381064E-26	5.979853232174933E-39	4.756339562251E-311	4.490683487167602E-29	0.0	0.004015231813767094	1.0779777787951172E-28	1.9104195664973943E-208	1.2755367520701218E-68	0.0690617849242978	6.907804284578289E-89	8.279009629334745E-155	7.494475600282838E-170	0.9269183830311676	1.8892089147336942E-24	9.008682049619586E-129
2.3798688910801753E-122	3.521717296619272E-12	0.43427504469930833	0.08741792721826372	0.0	0.28491749882332673	0.0	4.4074258957927E-27	0.19338899250251854	4.8980270492042483E-11	6.816872074320413E-101	1.6458476034048637E-45	6.844890998866986E-108	1.1068692087358792E-174	5.366971339877906E-7	6.247065340733425E-59	6.94830169868171E-12	5.080402054633241E-124
3.6585398865107725E-91	1.2283050829763801E-74	0.15029272785793915	0.5553021501514487	0.0	0.0023666879969210437	5.805315629436322E-293	9.577761154980117E-74	0.011947794605403558	0.1982615936891082	1.7635964312871687E-158	2.0743660084590362E-103	1.1856166144870455E-166	2.7919307592986936E-233	0.08182904569917558	8.918444094681101E-118	3.979334618691498E-15	1.686831743368942E-126
2.285679204604354E-185	1.282207236076568E-4	4.610167180664049E-10	6.488952570030226E-69	0.6713102456991152	1.178946603475572E-6	3.225373052864831E-124	7.504631144880722E-15	3.0850318028971443E-6	1.6730082948641342E-228	5.9805882169638034E-95	4.426858800338389E-18	0.1334260063116474	0.19498154385207733	1.405024497717775E-250	3.5129192305703373E-54	1.2013805024633692E-15	1.4971897412102556E-4
6.117647714552482E-102	0.029513107872399455	0.1387083590878254	0.20320608920454963	6.5361E-319	0.34237645925004817	1.468225954176799E-306	3.144407797710199E-15	0.2808297628116578	4.089163944065408E-20	1.2583003517768213E-87	1.7771087952899054E-30	1.4631559270273772E-95	1.4276882249228726E-161	0.005366221667740658	8.385211161312257E-48	1.0577522281737321E-10	3.9044474196626613E-122
1.4372781396126518E-40	1.8743815758046346E-124	0.0	0.0	0.29513013833770146	0.0	0.7048698616562696	4.093918718215251E-133	3.4293472937924074E-289	0.0	5.722700703218497E-254	4.504866452596618E-131	1.0888622844615541E-12	4.939370474863481E-12	0.0	1.6507432900736306E-181	0.0	1.1795321855474842E-128
0.0	0.2994906449017706	1.423648792169983E-7	1.8109753632745622E-23	8.833632388793867E-85	2.6861988504124264E-8	5.508341518279761E-200	0.6612313471104168	3.1887076449082697E-7	2.3048509257453454E-131	1.422797711119741E-62	1.651768664863056E-6	8.080125290424377E-75	1.1095357881816111E-82	1.4054715087681282E-168	0.039275867934144934	3.9004148295139155E-15	1.873674872989305E-10
3.049334538212073E-123	1.5715751695499924E-5	0.0486572025735054	0.07542401688074368	6.574804245445216E-297	0.7281149402537371	0.0	2.023796809131574E-20	0.14777980980869712	5.442283521218508E-25	1.8823552798278878E-90	9.089453316666809E-34	1.0841412455121304E-97	1.7008941288134101E-164	8.31464572160316E-6	3.329941305786055E-48	8.589820701997204E-11	1.1432024901531016E-118
2.2947594575916244E-146	0.24840243061448117	3.962039375831413E-22	0.08602035401543974	0.0	4.0098352903618303E-44	0.0	4.343620153938959E-188	6.319597245931231E-63	0.6560232613084245	2.2761311668461004E-247	0.0	0.0	0.0	0.009553954061654981	5.686318767623128E-104	3.885111703274587E-130	6.6028151355481065E-236
2.0578729676129143E-196	0.7857142854895302	1.4514304617153744E-73	2.262497177666862E-31	3.01654567979977E-282	2.4825794078990315E-69	0.0	2.2481797757000891E-10	9.595049806712035E-69	0.21428571428565185	2.1555223657982948E-82	7.06054407380615E-25	9.592477146699138E-89	3.143160888560681E-151	2.192849590096607E-123	5.996931364202271E-41	6.195759634449983E-21	4.3692579996075435E-87
0.0	9.26928542183149E-19	1.3750006168841203E-28	7.940222923957437E-44	6.524578127842422E-99	3.597973871471002E-30	2.7597010587137714E-223	2.6856150656071865E-14	7.952567670813835E-29	4.46340569619885E-221	0.9999999999440775	5.5882069120631856E-11	1.4730660175962701E-85	1.484498643565956E-96	4.4140691124622744E-153	1.397415274508944E-14	8.802279282313395E-34	5.464835762175213E-89
0.0	0.1825675922600598	2.402581132814001E-5	3.712586585691021E-64	9.105556665488889E-5	0.015966900393923775	1.0509245830379935E-132	2.3206204747659507E-11	0.03398641994906975	9.139078448230369E-223	2.5901609202467897E-88	5.1862877232867996E-14	0.2236526383580579	0.5094171315038777	8.461368430567918E-245	7.764734959324704E-47	2.7695417749172682E-11	0.03429423610607257
0.0	0.17944953459795446	1.2735506770766146E-5	1.2707169796061674E-64	0.001196178449794163	0.008676572863368698	6.839713451865936E-131	6.385137726598641E-13	0.04936036101853753	2.0216184895216866E-223	1.2715584793024763E-90	8.61729705956569E-15	0.39170044683026106	0.16866108205796926	9.331802222171404E-246	2.7522697666069183E-50	3.570208184278446E-11	0.20094308863899438
1.0	1.0416885730374913E-204	5.743869234212502E-144	3.5302826924657215E-122	0.0	2.228426000343037E-157	2.4363154716636597E-207	8.56837671071715E-219	2.627894979352636E-159	1.518089465245377E-109	1.5536175865303915E-290	6.2175627003599515E-236	4.296473508134959E-302	0.0	6.979152462099222E-122	2.7015851486561245E-230	5.93209824715366E-172	4.119177221173223E-277
0.0	0.28326155272068276	4.815470695855252E-9	2.1317912458577043E-64	9.41356592332327E-277	3.9091772940123685E-4	0.0	0.07702987205878371	0.10169032827272369	4.406757285868979E-221	2.2560337119355784E-68	3.6086009850204344E-25	1.5130150705252868E-84	5.202338671942528E-144	2.1722839091665374E-201	6.395653387181177E-27	6.061784632301347E-17	0.537627324402938
5.3883184498530534E-107	5.708248925971688E-28	0.8203265096240363	0.16786331516534017	0.0	0.007670598049157366	1.80327325706876E-310	3.7562526019714806E-30	0.004139577161046167	8.179403033280456E-102	4.992522638783967E-91	2.4966040902347444E-28	3.293035390308018E-114	1.119844675096022E-178	3.630836723827429E-96	8.544921934497242E-30	4.203398710372364E-13	2.264329588518252E-124
0.0	5.1602763691083063E-20	2.057077060202638E-5	1.9288514571072695E-67	1.2800160202591452E-169	0.025961959777986328	2.1434591761740235E-295	4.394624628799274E-18	0.04984185505546345	4.1128259976788023E-140	0.03418803419039912	3.508640568962871E-32	5.237933069168483E-91	7.043670865516229E-149	0.07692307591401673	6.47309016256367E-42	0.8130645042915325	9.234739681950023E-114
0.5133971640181909	3.641326925023278E-136	0.0	1.9926949024015487E-136	1.3963058244468356E-238	5.097974136289672E-191	6.8349182856427585E-223	0.0	4.903421401327244E-305	1.0333367905471725E-190	5.25669106324348E-116	7.924707514966836E-255	5.089192523691825E-5	0.48655194405657276	0.0	0.0	0.0	3.978439852227946E-149
8.049349823798449E-119	4.557167888138586E-26	9.532987436127144E-118	2.113067509542284E-28	0.8467857998562075	1.7761626188209707E-28	0.15321420014379278	3.319834934209078E-22	8.633028757804343E-47	5.652116022574886E-42	2.490159400352718E-37	7.78837340090189E-33	0.0	0.0	5.2200003325040235E-30	0.0	3.3207904544241065E-246	2.2956584217696884E-21
7.041824636601852E-100	1.5091532882258945E-24	2.310824922919354E-91	4.2814202769631495E-12	2.3775248271065105E-23	0.7028884486248818	6.935781507739826E-214	3.570446518215895E-117	1.3450406213064042E-267	0.29711155137083833	1.241139324702421E-71	1.9155566055128413E-32	0.0	0.0	2.3356864804482293E-28	1.3542264036343988E-83	2.677647116295E-312	2.3602064721669683E-43
6.558884993184218E-89	0.005016227669712606	0.0	1.4672237619250746E-8	3.1878970592856685E-30	4.5399918260122543E-7	2.0210413681954078E-36	0.0	6.188862526202585E-136	0.9949833036588686	7.839196942256167E-227	1.0867631941212426E-60	0.0	0.0	1.7371296188055031E-59	1.2497314029611107E-185	1.5830323332653032E-270	7.253384259232028E-26
0.0	0.0	0.0	0.0	1.8025078993166975E-36	1.0535720518449886E-64	0.0	0.0	0.0	6.176509673009818E-91	0.9999999999998817	1.4766846659682198E-56	1.1752363697740408E-13	0.0	1.1606871424169669E-38	3.422691939974932E-296	0.0	0.0
4.537699180380286E-105	1.1566690053069944E-23	9.183220853821228E-49	4.080464374004875E-10	2.389848578908666E-20	0.9989504634354148	4.4591671965157144E-271	2.2688351328476525E-61	2.73788818970582E-292	0.0010495361565386943	2.500734521507906E-46	8.015050913551135E-32	0.0	0.0	1.1316194015890658E-27	1.334954801061957E-39	1.5521061284067595E-285	1.5343901214375659E-52
1.7960624904663748E-23	0.0	0.0	0.0	3.2478931375913787E-226	0.0	0.0	0.0	0.0	0.0	1.1080455155916118E-11	1.8050344500659766E-233	0.9941114079362723	0.005888592052647166	4.934632299804277E-251	0.0	0.0	0.0
3.8878490165786833E-208	4.746460488908031E-85	1.287321781622793E-68	2.782166738669535E-120	0.9982382443127594	2.2153964363448385E-9	9.089151145897552E-191	4.524648054468208E-35	4.972999935393964E-35	1.6448077451358765E-35	2.984132199281826E-11	0.0017617534420037708	0.0	0.0	3.0518213346325842E-18	5.013725408017815E-187	6.100489749364214E-219	3.262335327079016E-182
8.917513112837369E-103	5.541098527367318E-30	2.156201374257492E-43	2.271845906938593E-11	8.84857251486169E-20	0.9999412617726511	7.979928017397291E-280	8.545418812258609E-43	1.327931427138651E-282	5.8738204630340415E-5	8.251209384655234E-29	1.2737139331254252E-29	0.0	0.0	2.511961232032996E-16	1.915139490100899E-39	4.145958492660021E-292	5.866566279166813E-54
1.2573481849115314E-84	0.7225441018619505	0.0	2.37772436001518E-14	4.0221067320343085E-44	3.3737702337492598E-25	7.917584332270883E-9	0.0	3.717127125902879E-107	5.544193007296688E-12	0.0	1.1239199217919726E-184	0.0	0.0	1.7149064325210424E-135	0.0	0.0	0.27745589021489775
0.0	4.644571973E-315	0.9999999999778154	6.724668922224538E-20	2.2184810167079946E-11	5.3149375902277085E-42	0.0	1.1221212610919911E-263	0.0	8.924441932433247E-151	1.4065476188264564E-93	1.172794704934352E-17	0.0	0.0	1.0057975505548832E-120	1.479687120594409E-138	2.6960643049755907E-288	0.0
3.636830656324723E-267	1.1641233707043372E-143	8.245217607713062E-34	1.2955583617135222E-191	4.537258143644535E-6	1.4085376780869747E-67	2.7258650082240642E-188	1.3526373770642971E-105	1.1839571472272525E-31	6.417244972529779E-157	1.1413916519814506E-32	4.888234087303709E-22	0.0	0.0	9.719748432219016E-46	0.0	0.9999954627418568	4.362979396510091E-255
0.0	0.0	0.0	0.0	5.592811086860273E-13	6.787253531054695E-29	0.0	0.0	0.0	7.134984588057425E-55	0.9999999999994392	8.673952333289648E-31	2.091226443513516E-42	0.0	7.896223775915705E-18	2.468307302269305E-227	1.1002761711033555E-269	0.0
0.0	0.0	0.0	0.0	4.323029223943551E-20	1.421096697248475E-28	0.0	0.0	0.0	4.79158078649184E-56	0.9999999999999989	2.686021807205018E-29	1.1554564063519482E-45	0.0	1.4431825880481106E-16	5.801890230818942E-237	1.1852569791216176E-273	0.0
7.00791413921308E-91	3.4288400654867036E-16	1.2514451183970116E-18	1.0000000000000002	1.1878761973693657E-26	4.171247906549209E-22	3.8411005975251324E-30	0.0	2.439528528295508E-122	2.5758636666030497E-19	0.0	7.939268050236444E-158	0.0	0.0	2.3041529140582086E-187	0.0	0.0	1.8426656813347934E-24
4.2850698012585365E-260	1.2164754088970563E-202	9.662840208902403E-64	3.484488802387084E-185	2.665376152844192E-6	2.807832844750851E-32	4.825431136194129E-171	3.55637329982418E-114	0.1329649553730873	2.047350646817959E-41	1.389701565681373E-27	0.8670323792507608	0.0	0.0	3.8571257324687573E-39	5.977018621379363E-280	2.082499759042502E-222	3.9664526431583125E-231
4.92875920022765E-194	1.7812337649721038E-124	6.892455289299008E-13	1.1668992029333083E-9	0.653689989497624	0.3161396867424868	0.0	3.4879697110813667E-150	1.241633564362644E-230	9.715402659021666E-29	3.2568713990693527E-99	4.353670029604624E-33	0.0	0.0	3.890484233896798E-29	0.030170322592301103	0.0	1.161274496774532E-151
0.0	8.311449233097084E-174	1.8991696343320363E-308	1.9673453734948994E-218	1.6180855876919964E-16	2.2271529917409138E-12	0.0	0.12903225806422888	0.0	2.3075027315470493E-40	1.435744895976157E-17	2.3701591149094493E-36	0.0	0.0	0.8709677419335428	1.6279711341178402E-218	4.523120102485411E-42	0.0
0.14142673565877595	0.049781984567038806	0.12905300144893608	0.01852164760460761	0.12593632304624033	0.06964619553996514	0.23857326434369608	0.010357101940830551	0.0362444090230874	4.080276152167359E-114	6.478599415768989E-64	0.005000000003354517	0.043940168063964356	0.045123508882123624	0.0	0.04486107955506886	0.021534580322244548	0.020000000000066086
