32
NULL,time@time,open@__open_nocancel,read@__read_nocancel,mmap@mmap,munmap@munmap,mprotect@mprotect,madvise@madvise,lstat@__lxstat64,openat@__openat64_nocancel,fstat@__fxstat64,rt_sigprocmask@__sigprocmask,exit_group@_exit,rt_sigaction@__libc_sigaction,sched_yield@sched_yield,write@__write_nocancel,syslog@syslog,getpid@__getpid,writev@__libc_writev,close@close,open@__libc_open,read@read,close@__close_nocancel,mremap@mremap,stat@_xstat,socket@__socket,fcntl@fcntl,connect@__connect_internal,getdents@__getdents,lseek@llseek,getrlimit@__getrlimit,write@write
0.2547756522641969	0.01310249520546655	0.03844364029539156	8.270320405084046E-6	0.025374609921943597	0.020698818401819228	2.3857190185257756E-5	2.606355196872304E-7	5.099733274705992E-6	4.4985149796896505E-11	2.800048357674085E-4	0.5960789575712833	0.009114053256728236	0.01758074970581976	1.614612267614341E-4	6.984369936084849E-4	0.003877726903384331	0.006806133364272272	0.003121940141334488	0.0022674520287378898	0.0019598630722541927	3.321938029656092E-7	2.3780710160651726E-8	1.508591353375205E-6	4.781281591064119E-4	9.782878483317757E-4	0.0	9.782878483317757E-4	3.499818181046162E-8	1.2667878556897622E-8	1.2436888482385357E-7	0.002157287174785345
0.002107686212919134	8.193228737551333E-4	0.01760622290155481	4.420355793349895E-5	0.010174722993324775	5.63786052819753E-4	1.9872075027464835E-6	1.1046990316682645E-8	1.4054759982682681E-6	7.731575142703388E-12	4.708740468688438E-5	0.008048427815778521	0.0013760004276823967	0.0026778096212995103	2.400919049988209E-5	1.48812607388623E-4	6.193447482285659E-4	0.0022741229109400885	4.6445333668077E-4	4.026359911053635E-4	3.1548222416294993E-4	4.872975669753959E-8	5.105357017925285E-9	2.8651112764293083E-7	1.2571392345112433E-4	1.556672898106444E-4	0.0	1.556672898106444E-4	5.201290769630441E-9	1.8497827386370359E-9	2.1150665757289013E-8	4.6528725523128743E-4
0.01511241768491559	0.001964166654826818	0.021381188434922083	0.009721844840793858	0.019810494028066058	0.0016197448520048766	7.386689412737419E-6	9.158929845360484E-8	2.3098053127091645E-6	5.522830618831757E-10	3.9153992908525523E-4	0.026809538472010182	0.002542398726098204	0.004756438688115636	4.079043597423459E-5	9.958210512139368E-4	0.03582353238825526	0.002089417478806154	8.165963089963601E-4	8.647303388207412E-4	4.6269365308630826E-4	9.793418089984942E-8	4.2352754805961004E-5	9.289368696816989E-7	2.590917957937004E-4	2.1369604447788468E-4	0.0	2.1369604447788468E-4	7.0062910771807415E-9	2.629942851176078E-9	1.4500826414607245E-7	0.0017721449224032371
2.861578681026532E-4	9.869417027467813E-5	4.115784543276651E-4	1.2077559976566237E-4	7.849869866725409E-4	5.972234542095585E-5	2.4450802749584435E-7	1.5196411064355459E-9	5.958556857796867E-8	4.3854911422535625E-10	6.138381608562923E-6	0.0023559982394797912	3.1299855613350073E-4	5.99971599729584E-4	4.483069212990433E-6	0.0040024650625964	2.5929668023895144E-5	7.352083035042282E-5	3.159414138322939E-5	5.4172460786823596E-5	3.626781010214757E-5	5.4847843747343455E-9	5.825048439820736E-10	4.837216080682522E-8	8.037479520424918E-6	1.7422758555778395E-5	0.0	1.7422758555778395E-5	6.865474531728142E-10	2.229051771643593E-10	9.655798964446756E-8	8.306355108559116E-5
0.0036473158838857536	9.572027249660758E-4	0.0038422797508507146	2.112599490111018E-6	0.07547089212380056	0.0730125926278737	0.022940657314930658	2.1408413052725963E-8	1.1845010523495752E-6	9.98333611163267E-12	6.717141301404997E-5	0.010772219384568814	0.001564385777564527	0.003017460643452746	2.6929974410156206E-5	3.592209505652407E-4	0.0033933499932618724	9.141143523452868E-4	0.003637231884545272	5.86048250479042E-4	7.061102151827918E-4	6.85390008558229E-8	2.6086726920833213E-8	3.124996272339281E-7	2.1540400588618595E-4	3.610551325754023E-4	0.0	3.610551325754023E-4	5.639580349699737E-9	2.0201130761269423E-9	2.7703846786951208E-8	5.634776072698377E-4
0.02680237019716394	0.002364983058885178	0.0042915354334747005	5.0421216197607535E-6	0.027690933789739646	0.02301993648983062	0.04282124380580032	2.5033730305436002E-8	1.0371941473349497E-6	2.4703133800181122E-11	1.1135293197802337E-4	0.03110859391337344	0.0021880075717627652	0.004262799981887043	3.881539140820125E-5	2.636958075565702E-4	0.0018061146978444345	0.0028261870428114687	7.326789675688994E-4	6.267552048693844E-4	5.11233855517376E-4	1.0547862020079812E-7	8.191067574599431E-8	1.935399537435496E-6	1.0643861062606202E-4	2.533759428552838E-4	0.0	2.533759428552838E-4	8.691891276972022E-9	3.0719024435160435E-9	6.889409056823034E-8	0.0012956568108029474
0.002061048955836077	7.730543276268388E-4	0.0018425802096063947	1.1041085167633305E-6	0.011065544930286582	0.03326545288345013	2.16196208364112E-6	8.369681635150786E-9	5.128942117476991E-7	5.868011289479509E-12	4.739815077305058E-5	0.007065023098976501	0.0012104012349294466	0.0023908823107677266	2.223601818515828E-5	7.000551167275329E-5	1.9418245249589215E-4	6.331304740866625E-4	2.3597378072842947E-4	3.2035886857639416E-4	2.879241865766878E-4	6.709982884545182E-8	2.5179140715266236E-9	1.8291775506310034E-7	5.282675702203969E-5	1.4422063853476377E-4	0.0	1.4422063853476377E-4	5.366489372857634E-9	1.8650931201044647E-9	1.6321419256957204E-8	2.8642595780010007E-4
3.125926212777516E-7	1.178247214380005E-8	6.633892959356815E-8	5.050477667285944E-11	2.8220178267783386E-8	1.0843350809674762E-8	2.3561889532071543E-11	1.6270669825087985E-13	1.7408723279930654E-11	2.144485860682648E-16	9.716639944568482E-10	3.4494710456178465E-7	2.2001508281450903E-8	3.753906607982119E-8	3.559131525670698E-10	2.2337651756255143E-9	7.812034014898178E-9	1.4804136660000418E-8	6.740100307985531E-9	5.169624127964059E-9	3.079390165396282E-9	7.786659226188021E-13	8.825252728109762E-13	4.2513795498821556E-12	1.5274344737148173E-9	1.4701409545223674E-9	0.0	1.4701409545223674E-9	4.491742257142045E-14	2.1784324288047836E-14	5.945394478491454E-13	1.0166098899166867E-8
3.898884368237904E-7	6.149787778086684E-7	1.5947573130056017E-6	1.5169893803614748E-6	6.10495633611451E-7	1.9250195751016966E-6	5.100487540144468E-10	4.657853196643934E-12	1.380944360164489E-5	5.178459427455624E-6	3.0185621093588364E-8	1.5681429666285233E-6	2.511270962453415E-7	4.824286009363415E-7	4.202868999220195E-9	3.1469099106214845E-8	1.6940745749368306E-7	8.185690841338046E-7	1.3904130497887807E-7	2.6965946236546317E-7	7.291119523727106E-8	6.934004404096039E-12	1.9128148791115063E-11	9.07041322935311E-10	4.2572442245020686E-8	2.6432073902350748E-8	0.0	2.6432073902350748E-8	8.251145430588497E-13	2.993539749998977E-13	9.846184455821703E-12	8.528855115069762E-7
4.066234403155801E-8	5.7402310668574944E-8	1.8061500400167415E-7	2.9491661152217798E-9	6.075744793880482E-8	2.0455518026316666E-7	5.0909690628119505E-11	5.61341746390831E-13	2.5545124358114722E-11	1.792363431538179E-15	2.6653547057714974E-6	1.6972411337537925E-7	2.653811998644706E-8	5.0829058262592545E-8	4.381110622864797E-10	3.5014243625472585E-9	1.9305921609211648E-8	7.689863722386939E-8	1.6046385196143284E-8	2.5171855306448515E-8	7.270234902338712E-9	7.161559909766625E-13	2.563775121597404E-12	8.246468510267753E-11	4.15809291006704E-9	2.7254314904449917E-9	0.0	2.7254314904449917E-9	1.1582359895345694E-10	3.037511490518755E-14	5.006786928863679E-12	8.17220194586201E-8
9.032147206041157E-5	4.259766980049168E-5	1.5745874090709774E-4	9.799483756653992E-8	1.2195866520550162E-4	1.0189168711938819E-4	9.277998590265973E-8	6.369126290510245E-10	3.1084722006328296E-8	6.955777833284223E-13	3.4824024363940358E-6	3.6144852806020635E-4	7.370453122634599E-5	1.3977648974823972E-4	1.3124964961112255E-6	5.075538778124719E-6	1.6450724198958285E-5	3.323759986816984E-5	2.4376861363001974E-5	2.848028476765874E-5	1.643658602196824E-5	2.3727319862784556E-9	1.366437872097251E-9	1.483807754441329E-8	3.3848256811570023E-6	8.11133028160444E-6	2.4274013761026377E-7	8.11133028160444E-6	9.130229230199775E-8	2.9513266765196786E-9	1.938067840095713E-9	2.8886829053458416E-5
0.6600688517757116	0.004673947782749159	0.03486701264644779	8.705434890463912E-6	0.011988573586909818	0.02218630608321959	1.07761148819788E-5	1.614899478697595E-7	4.870758643747604E-6	5.385320095291536E-11	2.910832810278556E-4	0.35605556837878066	0.02650430147283151	0.049052273574540575	3.3646419879287514E-4	0.0011415878596421028	0.003514138208825469	0.004987937510434914	0.0032162207570452257	0.0019093562572159797	0.0014169286904348816	3.107494709656886E-7	3.5457054444977405E-8	1.2434679335942985E-6	4.783710467736816E-4	6.965974146224105E-4	0.0	6.965974146224105E-4	2.3256029455819805E-8	9.57670136791387E-9	1.4924937680277535E-7	0.002068507549036405
0.014253079956830495	0.0020368377828715177	0.006790999102033537	4.850908994545304E-6	0.006450239761468574	0.0013834106438253284	5.571682895760762E-6	6.960481579243496E-8	1.821080408106737E-6	3.0980592023715894E-11	1.5704318454940792E-4	0.03527488144600878	0.003284932433412697	0.006046011915721588	5.017189526550799E-5	9.70204151264804E-4	7.297327618604914E-4	0.002346750769968533	0.0012163758480456639	7.032942083258118E-4	5.02657112591934E-4	1.392576122262365E-7	2.937307862950781E-8	5.435836289725564E-7	2.173978498505825E-4	2.45957087834389E-4	0.0	2.45957087834389E-4	7.2737399783748114E-9	2.8559470294800873E-9	8.619757295329344E-8	9.649726421806872E-4
0.013710571651049691	0.0027252127515782765	0.007710922778504804	5.10930406132152E-6	0.007306297338388804	0.0015408134989647784	6.887730392860543E-6	6.755224861722173E-8	2.0575051198114853E-6	3.4590462994211755E-11	1.7991561221603332E-4	0.03698089901420463	0.026680822911115332	0.01976551953281122	4.606402175875159E-4	8.794826516049295E-4	8.262934114496718E-4	0.002602615320870345	0.001329400121881627	0.0010278679802755344	8.305701727724591E-4	1.7892709164384505E-7	2.7166501218577796E-8	6.406056650613066E-7	2.3550080675339936E-4	4.1255203470362924E-4	0.0	4.1255203470362924E-4	1.3703854040126738E-8	5.246485833628193E-9	9.626447909645761E-8	0.001096125639639007
1.469387349968267E-4	2.63343975411916E-5	7.7740826362729E-5	5.348872673049543E-8	7.356164276163542E-5	1.5861837230662104E-5	6.68698983154911E-8	7.150226030252671E-10	2.1062801643070862E-8	3.5656317802488657E-13	1.8430975527850496E-6	3.822130944017266E-4	2.957060056850502E-4	2.074333488823667E-4	1.6454628701151526E-4	9.57436398488269E-6	8.347588133642185E-6	2.6824406885687045E-5	1.3716393458498635E-5	9.5952204156948E-6	7.1928588781991835E-6	1.7999034572187124E-9	2.9385775606026975E-10	6.506878619789364E-9	2.4394813423948118E-6	3.5434480576642775E-6	0.0	3.5434480576642775E-6	1.1312134550576908E-10	4.541925004825202E-11	9.923060140314195E-10	1.1230154707671195E-5
4.1587621276952414E-4	1.1636029411254877E-4	0.010161359619519965	2.6478648874586984E-7	3.6039014011522366E-4	7.939704735746533E-5	3.053192005557113E-7	2.3717930080316697E-9	2.3474274187333373E-7	1.1994086580737843E-12	6.804881388472127E-6	0.0027789407599439916	3.65231087883348E-4	6.984217768024265E-4	5.251998923576641E-6	0.004019939357946041	2.1776846204077507E-4	1.8425917352021752E-4	2.996310858659714E-4	5.8069796010692246E-5	4.505806251336409E-5	6.065079765291377E-9	1.0369621584085002E-9	4.2956572482859385E-8	2.0064014368876785E-5	2.2148535351571154E-5	0.0	2.2148535351571154E-5	7.391218753188099E-10	2.634693481977448E-10	3.27219191068479E-9	7.30494836467081E-5
0.006343797118889015	0.0013133802378351093	0.0025589521461651557	1.474512882608045E-6	0.002582357896842932	4.300686804294276E-4	3.9612818881935284E-6	3.7978173891157934E-8	5.484989132802902E-7	7.466998038116011E-12	5.182528668580992E-5	0.014781193673187507	0.0016694297153461754	0.003179562717692669	2.6436932426700093E-5	9.464803904144002E-4	2.7050990886143066E-4	6.865833945767863E-4	2.9253779190044197E-4	2.9610925653235484E-4	2.568933827612451E-4	5.4295944330116944E-8	1.546963175808489E-8	1.7147329906259204E-7	6.0272166960842295E-5	1.2840985050068158E-4	0.0	1.2840985050068158E-4	4.600469513769487E-9	1.6811353981288873E-9	2.075237381961874E-8	3.4468590389163007E-4
0.001654296840725815	0.00820420562334557	0.0021491989105893363	1.3775633009775959E-6	0.0013703238308342	0.003731743830029438	1.2814908873667577E-6	9.788744523014296E-9	1.3236516028501917E-6	5.218476084524038E-12	3.5966114953853234E-5	0.005154497240167681	8.522718775983885E-4	0.0016537374476083251	1.4774650644364593E-5	1.518647657445209E-4	0.0011105110102935971	5.062823916592268E-4	0.008550135681490918	6.958115317007202E-4	0.0011710687081834727	2.5256707765347414E-8	5.493676559598857E-9	2.116318285211696E-7	3.7867570614920826E-4	6.110137803864792E-4	0.0	6.110137803864792E-4	3.1373375589560155E-9	1.1241997780524427E-9	1.4435434065368498E-8	3.165482112328943E-4
0.0015458477205445727	6.318568456215257E-4	0.001407331210584818	7.247922504823637E-7	0.0012850787815536211	2.715578593871922E-4	1.5678445876572613E-6	8.873424200603525E-9	3.3991234323667615E-7	5.443345247508126E-12	2.981631123075225E-5	0.005673711953026163	0.0011770572560815342	0.0023485213855598203	2.1597402248142496E-5	0.00409686465951327	1.4878366081242904E-4	4.034626341847458E-4	2.0276858592574828E-4	0.0014877903669483917	0.0032248044927928217	3.48109934671011E-8	3.58480800747908E-9	1.1329106510447559E-7	3.472822413703756E-5	0.0017005916101079652	0.0	0.0017005916101079652	5.231975986460458E-9	1.8161333561124086E-9	1.515152675648516E-8	1.8673019389338764E-4
0.0015570977462818103	3.787935645639112E-4	9.036904234233932E-4	6.662176157547029E-7	6.937559776709233E-4	2.6546449626762045E-4	8.348681102539427E-7	7.779966329536585E-9	2.6528215163504937E-7	4.539350767875674E-12	2.474701063857131E-5	0.004026188732245141	7.001135670333471E-4	0.0010922018515596482	1.1632239384983863E-5	1.5066304532254445E-4	9.720320769902275E-5	3.189695624514149E-4	1.5319056008826165E-4	0.0010376948684255208	0.0026472217022663297	3.1934493079381375E-8	4.929275003778078E-9	9.160402167315469E-8	2.6944011217952506E-5	0.00217121802290547	0.0	0.00217121802290547	1.1357024118345004E-9	7.10658190669275E-10	1.2647450101589408E-8	1.6064245759798236E-4
0.0013851043693012812	6.960806355166709E-4	0.0013732398523840456	1.1550545361761892E-6	8.702729684115704E-4	0.0020644858698386243	8.789670221336731E-7	7.456502059246104E-9	2.9967554411107575E-7	7.1643526401152585E-12	2.928813274840647E-4	0.0037929423514576842	6.693343877684105E-4	0.0011083205217809482	1.131934885625369E-5	1.1969053128556357E-4	1.5370752317395763E-4	8.522601788055762E-4	1.7027367197557664E-4	0.0018097826383601473	2.543592698425997E-4	2.8045644169331694E-8	4.2313800203053965E-5	1.3318460279177527E-6	5.801742984799344E-5	4.458674396906947E-5	0.0	4.458674396906947E-5	1.4728771531695165E-9	7.459170013562137E-10	1.997307009582607E-8	5.107152638755895E-4
2.6988440602527045E-8	1.1153573326439438E-8	1.8898546810505265E-7	1.4844764922077005E-10	2.7985490216558597E-8	1.2293434281108813E-6	2.4048417523444497E-11	6.5360371253075E-13	2.103237395371782E-11	5.230259001086644E-16	1.7595896093107748E-9	1.3777789192932313E-7	1.9277096457272502E-8	3.630054047174637E-8	2.954082172528264E-10	3.141524331039695E-9	1.8783518071161455E-8	1.5265764697997662E-8	1.7238838625091516E-8	5.104713995819591E-9	3.5900720458635043E-9	4.580291954116637E-13	3.813062544776062E-12	5.338193102236271E-12	1.6946342227134745E-9	1.7593926961555132E-9	0.0	1.7593926961555132E-9	4.606793041312823E-14	1.7277249145255988E-14	1.4567326877443314E-12	2.3112181507639683E-8
1.397463401749205E-6	6.555407109644841E-7	2.7593570907574327E-6	9.316413075908106E-9	1.2874246921155293E-6	1.506085580306392E-6	1.3480936719109256E-9	1.1264514167266794E-11	4.918283675180066E-10	3.418816782280486E-13	2.8277955263440826E-5	5.392414449050184E-6	1.0969913105680714E-6	2.0357920155587436E-6	1.9423659469578095E-8	8.082941712311707E-8	2.8388418530035154E-7	5.568297644456077E-7	3.177640738354949E-7	2.7945552213876803E-7	2.216167209599568E-7	3.721138475015729E-11	3.2958414573930935E-11	2.2474646036979243E-10	4.849177692447643E-8	1.0983409066265436E-7	0.0	1.0983409066265436E-7	3.8753479494706214E-12	1.488142089569226E-12	9.564982228641442E-10	4.1668772424949907E-7
1.7924121549159097E-7	9.97737832733498E-8	5.426178394234296E-7	1.5201503792077032E-10	2.9266039371258645E-7	4.553258572235347E-8	2.155716613797157E-10	1.0140978757013448E-12	1.3146828863009747E-10	8.798433072760374E-16	3.6897604447181677E-9	7.818849759864132E-7	1.231897949076375E-7	2.3530441286260577E-7	2.0173487408224095E-9	1.423343983100367E-8	6.519460575494031E-8	1.0257879504216654E-7	3.633216426045402E-8	3.2711483647463666E-8	2.335828822609571E-8	3.2412348632265884E-12	4.4635377114158303E-13	2.6899752681079512E-11	1.134640537978661E-8	1.1348174657263495E-8	0.0	1.1348174657263495E-8	3.7553521606502464E-13	1.3747998248201305E-13	2.414574114470173E-12	2.445676832556973E-6
9.592323752972942E-5	1.0379813841388713E-4	1.7230911460454321E-4	5.955135014554875E-8	2.0469613510724273E-4	2.071789766429628E-5	1.964969080926378E-7	5.297789194010462E-10	3.455725716964181E-8	1.6845626794639698E-12	3.049824843858024E-6	3.61643366742462E-4	7.079684129157832E-5	1.367710551802137E-4	1.2753493126323241E-6	5.010264267849644E-6	1.8294087200468852E-5	4.968845036524765E-5	1.7366627119767024E-5	1.7764087782667614E-5	1.575696081358708E-5	3.060141615447102E-9	1.701757427781221E-10	9.526001309836725E-9	4.028464684752407E-6	7.890955095721325E-6	0.0	7.890955095721325E-6	2.827506564648751E-10	1.026438016000367E-10	4.703402498886335E-9	1.4646653832074182E-5
3.505837412648674E-4	8.528622120010292E-5	2.034678415343108E-4	1.5000032618384737E-7	1.562007061562997E-4	5.976988365205587E-5	1.8797231850068589E-7	1.7516746789155507E-9	5.972886390357863E-8	1.0220449073685618E-12	5.571844658794594E-6	9.065048095568735E-4	1.5763211405074394E-4	2.4591162580706554E-4	2.6190245459923807E-6	3.392206236617271E-5	2.188551174788727E-5	7.181670918187419E-5	3.449119466165691E-5	7.088549425860988E-4	0.0016635665271222985	7.1901234132775655E-9	1.1098354132471113E-9	2.0624849996184315E-8	6.06650407689184E-6	0.0020972315695172604	0.0020893349961710788	0.0010525625154476155	2.5570586427458015E-10	1.6000628363902913E-10	2.847601483032526E-9	3.6168998485072316E-5
1.05184905903101E-4	2.5594707926612526E-5	6.105829855051041E-5	4.5022986862117493E-8	4.687492298902856E-5	1.794262429598255E-5	5.64065292129601E-8	5.255702045391705E-10	1.792199640019056E-8	3.066630431989847E-13	1.6722352024345237E-6	2.719903868066555E-4	4.729755016016725E-5	7.378917270494725E-5	7.858512230171555E-7	1.017714306726375E-5	6.567573799067994E-6	2.1551798276638965E-5	1.0349351991098309E-5	2.1265914044854223E-4	4.990709579639237E-4	2.1572709963163003E-9	3.33063369255424E-10	6.194945831028484E-9	1.8208386745252274E-6	2.3699176827179328E-6	2.4099030232162707E-8	5.247044447175382E-4	2.5144605139251364E-8	8.324810441437214E-10	8.544182160668892E-10	1.0856298471274908E-5
3.3305319653999314E-4	8.102157986285857E-5	1.9329366151323528E-4	1.424997289872278E-7	1.4839006594962446E-4	5.67811580061301E-5	1.7857297463885793E-7	1.6640841614792053E-9	5.674218940392875E-8	9.70938704055162E-13	5.2932308484717276E-6	8.611760585716857E-4	1.497498979061129E-4	2.336150922056387E-4	2.48806317632528E-6	3.222582788215283E-5	2.079115140721977E-5	6.822559560722904E-5	3.276650135885563E-5	0.005635567229400746	0.001580381758480992	6.8305893983256226E-9	1.054339344664516E-9	1.9593527625108424E-8	5.76315538005869E-6	7.501714098801312E-6	0.0	7.501714098801312E-6	2.429195808208602E-10	1.5200534982083536E-10	2.7052103813322158E-9	3.4360408493680095E-5
1.8707115607485333E-8	9.533676796323454E-9	2.3130193221407138E-8	1.4202365116040677E-10	1.5561526879101186E-8	1.2490976801960749E-8	1.4035916776399829E-11	8.826606349652518E-14	5.9452432037000904E-12	1.4388109184745726E-14	3.967114745880244E-9	5.8564406398698115E-8	1.2397710387011461E-8	1.9442274692298594E-8	2.1257892807309193E-10	8.970953842451438E-10	2.5517461185859675E-9	9.612720029821679E-9	3.4381588014101867E-9	4.223218851077062E-9	1.7230855821603373E-9	5.744168059428015E-13	1.0648757950636085E-13	2.5328063613734705E-11	5.0600264742042134E-9	7.546442441411578E-10	0.0	7.546442441411578E-10	2.5722524723180557E-14	7.585630822985002E-9	4.025830527940067E-11	6.607638595212479E-9
4.869343683378941E-9	3.630916817984687E-9	5.636852843060113E-9	3.734878608356588E-12	4.49732944697447E-9	5.7452676318289045E-9	4.0178113646069686E-12	2.134133040647614E-14	1.5153313506098776E-12	2.1623247035968443E-17	1.8035282878659154E-10	1.4863922666525857E-8	3.146875101359348E-9	4.9461750480530746E-9	5.417038609443378E-11	2.2658716804331568E-10	6.493536009629751E-10	4.133272668111378E-9	8.153715846513507E-10	1.4930575504918092E-9	4.814975219078655E-10	1.4603346499711712E-13	1.3363132175328943E-14	3.783296160925344E-12	2.3633077097797224E-10	1.9330993688324316E-10	0.0	1.9330993688324316E-10	6.233593061686187E-15	3.5832519093218996E-15	6.013380098976807E-14	3.466342842283845E-9
3.971265356942591E-8	5.106371217427957E-8	9.609468892488182E-7	4.5879351370377054E-11	6.352134461390683E-8	1.0187981201753389E-7	4.9393014283227803E-11	2.527419746053824E-13	3.57838410704833E-11	8.232153516495315E-11	1.315549782401201E-9	1.4762728910441472E-7	2.345880673602561E-8	4.5067031333053066E-8	3.93811152302822E-10	3.5979093080697055E-9	1.7957845722146292E-8	7.499815648975216E-8	1.1711407585550371E-8	1.0685998717322317E-8	5.621726183977242E-9	6.583333022897917E-13	2.8057067582308285E-13	5.2776898052641707E-11	1.3682712283580491E-8	2.5780975546675962E-9	0.0	2.5780975546675962E-9	1.036855263675526E-11	2.8202902672834092E-14	2.3034600287921871E-7	2.4940022177901106E-8
9.138705413124852E-4	3.5956912632792323E-4	8.164230194697548E-4	5.339923302943208E-7	8.105545440650023E-4	1.4762337703055968E-4	8.312648665944126E-7	4.862643979360375E-9	2.047365342982641E-7	3.251912936918251E-12	1.8237711923163916E-5	0.01027668902948378	0.0013910853566735755	0.0026642538485910088	1.9646257746668645E-5	4.90628441026529E-5	8.545463143318777E-5	2.448646837886759E-4	1.352407235355665E-4	1.515770786291274E-4	1.4553713994667648E-4	1.9865274251059524E-8	1.6815151170794343E-9	6.769774243658755E-8	2.1363406948626495E-5	7.358420480050237E-5	0.0	7.358420480050237E-5	2.6449709985005913E-9	9.343127055878959E-10	9.05073923635651E-9	1.0987864502393652E-4
