32
NULL,rt_sigprocmask@__sigprocmask,exit_group@_exit,rt_sigaction@__libc_sigaction,sched_yield@sched_yield,open@__open_nocancel,mmap@mmap,munmap@munmap,write@__write_nocancel,read@__read_nocancel,syslog@syslog,time@time,getpid@__getpid,writev@__libc_writev,close@close,open@__libc_open,mprotect@mprotect,fstat@__fxstat64,read@read,close@__close_nocancel,mremap@mremap,stat@_xstat,socket@__socket,fcntl@fcntl,connect@__connect_internal,lstat@__lxstat64,openat@__openat64_nocancel,getdents@__getdents,lseek@llseek,getrlimit@__getrlimit,write@write,madvise@madvise
0.6065569851234991	0.06657560587493602	0.022513343578605176	0.044936022906694136	4.065301985921954E-4	0.051611260135055965	0.071683823523034	0.00512426357286561	0.0010703329573752277	1.6944032898430625E-5	0.0052312459598641385	0.03436411495493219	0.007635874980796033	0.004676332488563789	0.00388675879227912	0.0036651233034286235	6.192584552720397E-5	4.313588008123619E-4	6.690740075970072E-7	6.742017566147093E-8	3.21992245363628E-6	7.085789480236176E-4	0.0018460420908252022	0.0	0.0018460420908252022	1.1033791236799937E-5	1.1494004228344903E-10	1.063634313990539E-7	3.670537367096646E-8	3.183802548904952E-7	0.00479740110082543	1.0783736945602724E-7
0.08118907797836152	0.05444816518148242	0.05845374841826029	0.10801099018391154	7.321043600659737E-4	0.024419731687299065	0.025640578994091584	0.004095513015565516	0.0015459251858121385	1.7031352759758162E-5	0.002569195295252939	0.010013638337107354	0.006322843760196711	0.003408248744673238	0.002647602475808294	0.001952294338534511	2.4223173177667974E-5	4.203701358982428E-4	6.393330049987372E-7	9.727988238384632E-8	2.6730382377816693E-6	5.765491698282328E-4	9.595376278510722E-4	0.0	9.595376278510722E-4	8.35313181972763E-6	1.2283618293360866E-10	5.095795341067898E-8	2.1222376848019536E-8	3.4152313189813003E-7	0.004225899830524497	8.152475280696987E-8
0.05734517897379448	0.04512714495546236	0.009089882437198141	0.016651790101480695	1.3782264279765469E-4	0.01743166473979155	0.018241542760358692	0.002824426886198051	0.0016521370070979161	1.3599620348346312E-5	0.0018368804330567267	0.005344252330310815	0.004654674319937813	0.0025286485903919307	0.0013834438989094814	9.419052812339774E-4	1.6288149471521732E-5	2.94749643805432E-4	3.35976561020191E-7	1.0317501404924931E-7	1.7657850385685252E-6	4.441488091815079E-4	4.571342139642165E-4	0.0	4.571342139642165E-4	5.98121061392692E-6	8.806772149565348E-11	2.11504075950823E-8	8.438694796459616E-9	2.4467995015530155E-7	0.002986429102077269	7.467656151208439E-8
0.061499319137861136	0.04735558564232539	0.062391494028850976	0.047570888734377384	0.0010716428989071376	0.019453670086913885	0.020193947918034746	0.00312978755348225	0.0014998270512463874	1.3937878771632894E-5	0.0020434413425477046	0.006911225464613833	0.004986961647571487	0.0027129545692392426	0.0018530839631921885	0.0014203836579363381	1.9007195161054292E-5	3.213255043427112E-4	4.2085540450211894E-7	9.398981781692513E-8	1.9903967010990256E-6	4.6577541411662866E-4	7.004559709089611E-4	0.0	7.004559709089611E-4	6.505764072215327E-6	9.489627685119709E-11	3.6227537118373437E-8	1.3957545184217484E-8	2.6371254181800765E-7	0.003252773827183916	7.364629441777244E-8
6.442316058675289E-4	4.839560949042344E-4	6.91898415370472E-4	5.014832708797857E-4	3.768628739605326E-4	1.9653078877937777E-4	2.0557995175697592E-4	3.211781175381692E-5	1.631544548403148E-5	1.466843523103338E-7	2.0689497285123132E-5	6.754218116288844E-5	5.1682174490213454E-5	2.8022625578815045E-5	1.7717321779298973E-5	1.2668098483199138E-5	1.8820543097260755E-7	3.32701806774132E-6	4.245176372552136E-9	1.021091182857959E-9	2.039027010541402E-8	4.854196337226784E-6	6.194059771105402E-6	0.0	6.194059771105402E-6	6.708995882645111E-8	9.859643258764995E-13	3.078135457205372E-10	1.2397762004437758E-10	2.739975203490276E-9	3.3629700574905386E-5	7.735749350604143E-10
0.024368648190856105	0.02481951513233689	0.0059025023916896135	0.010856134420854225	9.450592005144759E-5	0.05324195701450995	0.039928058659127776	0.004275298184545833	0.0016263150774400775	0.017540946764312036	0.05669165166299318	0.004871025672215465	0.004025322301134211	0.0018376833372795664	0.001654516023804097	7.710079224410353E-4	1.9248152394329414E-5	7.807076417427073E-4	2.4454756819673925E-7	6.72855188985109E-5	2.9857160779071984E-6	4.7552879623254633E-4	3.4343356190841946E-4	0.0	3.4343356190841946E-4	6.371962941307209E-6	1.3968292145316596E-9	1.6947188765685415E-8	6.585329571648794E-9	3.81906178000886E-7	0.005227372621227511	9.381310912714964E-8
0.01423651961278276	0.013659565652776701	0.0038252653581063237	0.007410326004879978	6.554017618671357E-5	0.010385902963206881	0.21474426998677582	0.20519760689487934	6.102689493135552E-4	5.804044324326478E-6	0.0057389238473890105	0.0024048654470852572	0.0018037040472316445	0.0058090257847076415	9.837876110978115E-4	0.0011312283843935792	0.06534980114064588	1.1384737789878833E-4	1.665674794385771E-7	8.409064284135733E-8	9.176511548769754E-7	3.199489654173898E-4	5.756919371303233E-4	0.0	5.756919371303233E-4	3.46542074395464E-6	2.8460198348014134E-11	1.5146858322002143E-8	5.372078462462234E-9	7.88399406506667E-8	0.0016126114342960073	3.2043401860992325E-8
0.021931231417912183	0.019499865260553546	0.005913760660498653	0.011604802467681703	1.037298147488021E-4	0.01236937632115679	0.07921538428610538	0.06461339485763158	5.390238005893891E-4	1.5541627501422387E-5	0.003421027424841822	0.005377988156333425	0.005071228693771322	0.0018291045893755983	0.001233884524503254	9.805691631834274E-4	0.12198357854148299	2.540967122042715E-4	2.6762917126509874E-7	2.805760536295947E-7	5.186791022401268E-6	2.270637276872793E-4	4.838228323825057E-4	0.0	4.838228323825057E-4	3.546439802184347E-6	7.434999232388032E-11	2.5523235957481612E-8	8.895821715022144E-9	2.0714838348363748E-7	0.003883032896634274	3.6490560972682216E-8
0.001183459367104291	0.0037232180681087967	6.166075568138646E-4	0.0011742774800084083	8.839516329514039E-6	0.015891716155822484	6.427698906516969E-4	1.5195743973026344E-4	0.00630734486583728	5.428308657926801E-7	3.322357197296666E-4	2.1664116747622787E-4	2.5349544625645763E-4	4.741846042694204E-4	7.760350407395897E-5	5.4528441452233754E-5	6.073093281187565E-7	9.265631444581468E-6	1.076790164729804E-8	2.806619574116281E-9	1.0304607595563069E-7	2.9214877804598773E-5	2.6390823852984043E-5	0.0	2.6390823852984043E-5	5.043174401057166E-7	2.435142473743831E-12	1.3408073741403472E-9	4.820292952493344E-10	6.632030222858602E-9	1.6371923438504552E-4	2.1347371417392846E-9
0.0010216149551619531	0.003190329556164951	5.284128687196982E-4	0.0010118723463375535	7.600566749036986E-6	9.997889227688788E-4	0.002090476330911192	1.39047601414748E-4	0.006284637690104129	3.4830055429422565E-4	5.479705270294995E-5	1.9780879950272772E-4	1.2062740023943823E-4	5.3994083557024274E-5	8.612291027073418E-5	4.5971740644430224E-5	5.297154731647164E-7	9.48251068014534E-6	1.0224723928739959E-8	1.7006469514518426E-9	1.4414144553343628E-7	1.418967676339207E-5	2.112079140195407E-5	0.0	2.112079140195407E-5	1.5526944785615644E-7	1.103905382351462E-9	1.331453206308096E-9	4.212578805792623E-10	2.418331481318428E-7	2.2823320379879793E-4	1.4687089060404033E-9
0.010990599174539045	0.014401963783816548	0.0031637458532963072	0.005906994827307732	4.987197571818163E-5	0.00566707111997561	0.005167061352821979	8.065585333045189E-4	0.0014970878116016455	3.96131037658417E-6	5.941371998775861E-4	0.002555731132354217	0.001273103974662174	5.994488496428903E-4	4.3948342103039735E-4	3.3409114735668687E-4	8.795271358860156E-6	8.247980928070273E-5	1.1002169142656359E-7	5.186034991281169E-8	4.983301528426939E-7	1.0180448709676845E-4	1.6444350929993711E-4	0.0	1.6444350929993711E-4	1.586404282491114E-6	1.8904159486616594E-11	8.93026369218582E-9	3.3993780884370425E-9	5.245526028487987E-8	9.703837892014105E-4	3.69343342702228E-8
0.008003358444551342	0.008770596719069403	0.0024225914250121496	0.004715898572932115	4.148156790168171E-5	0.043133808650722534	0.02693902775625022	0.0011143115476930016	1.9928097625248844E-4	1.0179477339767232E-4	9.424912803445133E-4	0.001510040288989885	0.003365292231806582	7.441893263232531E-4	5.372182797360429E-4	3.8734784370448634E-4	4.143081633867914E-6	6.242882913315567E-5	9.038579220170873E-8	1.2140505058397046E-8	6.850223540067989E-7	1.821420502292817E-4	1.8857885866677994E-4	0.0	1.8857885866677994E-4	3.042895319905842E-6	1.5367804147277915E-11	9.648987621539592E-9	3.405940791149159E-9	4.1945136417967726E-8	0.001030004425596485	1.146210056341069E-8
0.00466369770800936	0.005511085955217569	0.0014872148173087683	0.0028608233136658816	2.5175137241815262E-5	0.004058650683577033	0.00254954719070532	0.005833286222574152	2.2778908991831902E-4	2.8944535217226494E-6	0.0017496263849468788	0.013020502145270956	7.903266950486232E-4	0.012837575554759041	9.68384674440471E-4	0.0016892971481543193	2.5618554408755535E-6	4.5549721344072135E-5	4.479899770413168E-8	1.4362808728127924E-8	4.765453361689172E-7	4.5913752073401746E-4	8.842337140553766E-4	0.0	8.842337140553766E-4	3.11484781037878E-6	1.0808598881512143E-11	5.561524767393708E-9	2.011211978515382E-9	2.9789671503606524E-8	6.897014495159319E-4	9.676604685719136E-9
0.005821224826088284	0.0054112426373116055	0.0018788958632153128	0.0037351615405312863	3.401559913463511E-5	0.0025376222932124793	0.002310190772776009	4.7726592159928993E-4	0.006413627996927253	1.3360311997988715E-6	2.6244140424772896E-4	0.001062089198474754	5.207149066262979E-4	2.9538369585251875E-4	0.002192089282465574	0.004916666600398643	2.7602948254100777E-6	3.438947188629815E-5	5.613305562929915E-8	8.284757837064995E-9	2.3251370641250262E-7	4.590492137193449E-5	0.0026007583222997853	0.0	0.0026007583222997853	7.178082246616122E-7	9.734006606320063E-12	8.85100764569037E-9	3.0753049435556694E-9	2.7048911161697568E-8	3.653956253350894E-4	7.877152237482831E-9
0.005465467262222382	0.0032347721842552763	0.0011596872535457505	0.0018464404600581992	1.9040256518538684E-5	0.0018388373921911594	0.0014520063090039355	5.891261427665071E-4	2.2724669657238228E-4	1.2943606686227898E-6	1.9279237103931346E-4	7.091196700149081E-4	4.2396249354144356E-4	2.403619117101571E-4	0.0015662821556002386	0.004124874007699776	1.737435746507363E-6	3.0075363418886502E-5	5.214058813167273E-8	1.1922408760837722E-8	1.958645926724952E-7	3.708386088446774E-5	0.003397970147908933	0.0	0.003397970147908933	5.904029019583794E-7	8.395019677505853E-12	2.1404983307998014E-9	1.2626328808660267E-9	2.3346626037080717E-8	3.341563573041867E-4	7.734103802592263E-9
0.004753597697950312	0.0032399932213691162	0.0010980072469260437	0.0018412225465753924	1.8256119572972525E-5	0.00255227740613716	0.0017054401593518456	0.004034970880757735	1.7864099893080988E-4	2.232675035156394E-6	2.879830982348545E-4	0.001156090381368052	0.0011934605374252422	2.720519098788793E-4	0.0021405950946577937	3.0163132857420594E-4	1.7656944284593942E-6	3.927705602338563E-4	4.546185340245677E-8	6.715247229076923E-5	2.743230252367552E-6	8.462319134348441E-5	5.147246278408819E-5	0.0	5.147246278408819E-5	6.683236610478983E-7	1.428956437049438E-11	2.6069113886251446E-9	1.2879755236500017E-9	3.9799037152454595E-8	0.0010574880100032095	8.019049127230777E-9
0.012950821059222028	0.009434948853542489	0.0033081823672241	0.006609975219284721	6.014171213319314E-5	0.005850673493146596	0.03181996406982305	0.0945138183113827	1.4747317578199686E-4	3.1408596651013614E-6	6.007457213233925E-4	0.0020750723508592846	0.0012922682405037027	5.943216827984994E-4	6.194143932745272E-4	5.491100620271771E-4	6.89526579789807E-6	8.430284925307702E-5	1.6850939336737795E-7	9.642736314115355E-9	5.91985235723319E-7	1.099714054503078E-4	2.7452990463865254E-4	0.0	2.7452990463865254E-4	1.7290089556359209E-6	1.7285106728623036E-11	1.6088150207389737E-8	5.490548262560196E-9	4.796602853646292E-8	8.792870927242752E-4	1.3717113332916987E-8
4.226902017408123E-4	4.1151108949908255E-4	1.299930148472958E-4	2.466192396920224E-4	2.260363708664656E-6	4.072048784320533E-4	2.6128026012927166E-4	2.8635674236673333E-4	7.681400863076812E-6	1.699531174901772E-7	4.1155106788073205E-5	7.817285282911733E-5	5.189307606703698E-5	4.652086799703223E-5	3.870093869837515E-5	2.0115484730529763E-5	1.764739430127153E-7	5.098564445845284E-6	4.057183246218939E-9	2.1812732463929425E-9	3.381266674196359E-8	5.6159128227551545E-6	9.777532554140276E-6	6.077108858088816E-7	9.777532554140276E-6	8.361187804423058E-8	1.3892888412254496E-12	2.2839421978059295E-7	7.318736621646285E-9	3.861815806549224E-9	5.7710373910499434E-5	1.1601638546057498E-9
1.4640334451305643E-7	3.175870200416521E-7	6.027469124441827E-8	1.1386295426081333E-7	9.097187403711759E-10	6.19855132635059E-7	9.413203265736395E-8	3.022126749602772E-6	7.261338179060958E-9	3.4487992735125637E-10	6.073620045576695E-8	3.266617466373642E-8	4.0066334002003197E-8	4.8170908344939774E-8	1.2010986521577729E-8	7.700090698001495E-9	7.651023027958484E-11	2.6704121668018224E-9	1.4035301186584247E-12	9.564529598925334E-12	2.0601599689381435E-11	4.703943645179446E-9	3.6062614673362386E-9	0.0	3.6062614673362386E-9	8.549935522612449E-11	1.3972618164769462E-15	1.5282101943936768E-13	5.658719571182612E-14	3.880363411621751E-12	6.761378149367961E-8	2.045178069816355E-12
6.744719883369957E-6	6.511155872759162E-6	2.0171552943625455E-6	3.765996662637979E-6	3.466584444682817E-8	8.111812854589295E-6	2.8158034120323117E-6	5.556987303655374E-6	1.3262202672110757E-7	2.201456113967774E-8	8.105362179708486E-7	1.2584373976954612E-6	9.556754267618723E-7	6.861551534792553E-7	3.9128089715949966E-7	2.789616380560556E-7	2.6956247906505737E-9	4.413512483362415E-5	6.470635840922893E-11	5.409787997142679E-11	6.163803808645406E-10	9.086900257529629E-8	1.3464964917980098E-7	0.0	1.3464964917980098E-7	1.4547707164452211E-9	8.536093742318982E-13	7.377223044604299E-12	2.7873631900578304E-12	2.3880498476648156E-9	9.310984886522095E-7	2.4938597243545648E-11
7.842541929165112E-7	1.2012998932066123E-6	2.814383063340686E-7	5.377145765231571E-7	4.577420361522505E-9	1.0214713141212274E-6	6.418985914048218E-7	1.1354013547621719E-7	2.4177797138243544E-8	3.9105389061527035E-10	1.2156456681802594E-7	2.4700929137817687E-7	1.7993412062490347E-7	7.379365181358038E-8	5.683355635483199E-8	3.794654924693735E-8	5.472636745686755E-10	6.370200177306721E-9	7.555973913697489E-12	1.4666961210801922E-12	8.029760191059221E-11	2.084022950029479E-8	1.821170907094164E-8	0.0	1.821170907094164E-8	3.5554644143778987E-10	2.268264208488175E-15	9.281650181485002E-13	3.3842972236682036E-13	6.2183076279701215E-12	6.1694459044694776E-6	1.258853225449167E-12
3.65411237481941E-4	3.23413810916704E-4	1.098368487173184E-4	2.1162310953161205E-4	1.9505764679720684E-6	2.595221528067664E-4	3.2701546227062835E-4	3.0286401437146987E-5	5.958029650455721E-6	9.512076642272604E-8	2.7127220099619574E-5	1.5848393364363696E-4	5.9657065005057186E-5	2.4075236601705878E-5	1.9745286105079743E-5	1.6641342831965825E-5	3.122140849182737E-7	2.902404127611857E-6	4.074653935804609E-9	3.684834810800467E-10	1.9063877738989453E-8	4.669376188028074E-6	8.282404716502605E-6	0.0	8.282404716502605E-6	6.90581572648375E-8	3.959316464322238E-12	4.6400914414561114E-10	1.6845861873273995E-10	1.1057281570426395E-8	2.8042327740493046E-5	4.784709827850018E-10
0.0012175663535337682	7.13359285560267E-4	2.5753269770806107E-4	4.09438416678206E-4	4.230930734898331E-6	4.0636988729820747E-4	3.2266516306162006E-4	1.2983810369491644E-4	5.0364492225887844E-5	2.838026390686591E-7	4.2586386612463894E-5	1.5662665142899334E-4	9.382962656540019E-5	5.131190705118457E-5	0.0010894107034695763	0.0026005350708711208	3.855173050646888E-7	6.615751977500992E-6	1.1624839907657742E-8	2.574808204389095E-9	4.343845761634045E-8	8.20361043522177E-6	0.003291213683135913	0.003281786508682591	0.0016503179847597242	1.3049263512604827E-7	1.860259512009966E-12	4.739288072155489E-10	2.8068888655237227E-10	5.173637083834129E-9	7.385381278002762E-5	1.7205520469629148E-9
3.653331565687075E-4	2.1407005044577344E-4	7.728036012067093E-5	1.2287206509525446E-4	1.2696465537870322E-6	1.2196061664614378E-4	9.68399859628675E-5	3.8985445692334235E-5	1.5110414335691346E-5	8.520160619372226E-8	1.2781136465623046E-5	4.701015198980796E-5	2.8162936049400875E-5	1.539836025924954E-5	3.2682833464726756E-4	7.801624763575974E-4	1.1569532831007314E-7	1.986205928665367E-6	3.4880638328880092E-9	7.728049161429175E-10	1.3053737230863713E-8	2.4628705525338502E-6	2.8297983960172957E-6	6.033300942193826E-8	8.232776475841118E-4	3.9159200826376736E-8	5.582241787985586E-13	6.290078821307228E-8	2.0481883284822526E-9	1.5524971491727481E-9	2.217225080324452E-5	5.162896400291689E-10
0.0011566833207407544	6.776885587453262E-4	2.446550655081184E-4	3.8896491026355317E-4	4.019367813559243E-6	3.860498192356632E-4	3.0653065536367973E-4	1.2334569570245034E-4	4.784607257434874E-5	2.6961140806838363E-7	4.045690236288893E-5	1.4879471230917857E-4	8.913778187491775E-5	4.8746112989446274E-5	0.008829158744305367	0.002470498246561947	3.662399468669973E-7	6.284938758634015E-6	1.1043552894217092E-8	2.4460578230332328E-9	4.126636651686329E-8	7.793398144368694E-6	8.955779223220337E-6	0.0	8.955779223220337E-6	1.2396749802730402E-7	1.7672393324160507E-12	4.502305315301922E-10	2.6665335523614937E-10	4.914935194347751E-9	7.016083613663946E-5	1.634517781648908E-9
2.0837864079757246E-6	3.0831672754824737E-6	7.312850026007085E-7	1.4004164784440704E-6	1.1949607343311726E-8	4.606258781773719E-6	1.7493325649971493E-6	5.77251962546288E-6	7.051160060797998E-8	3.836369023907609E-6	4.840396119234221E-7	1.4240045792633443E-6	1.708247066140455E-6	3.706448776037148E-7	5.354971340796401E-7	1.434483414790073E-7	1.501409428036698E-9	5.698280819023756E-8	2.0137303156327418E-11	6.045275675563886E-11	2.817637684158376E-9	9.32941703626034E-8	5.1098290395596175E-8	0.0	5.1098290395596175E-8	3.4572839163557145E-5	1.2964506806924701E-5	2.461349177423797E-12	8.929876403809572E-13	3.121085066354276E-11	2.4154963697745276E-6	1.2197433050359215E-11
2.1877184938816704E-7	3.475780732202387E-7	7.890989779462659E-8	1.5075958986227888E-7	1.2718512172114569E-9	5.39500264676532E-7	1.7762974085308706E-7	6.269663622935336E-7	7.943696113567017E-9	7.489243337870578E-9	5.655437409509471E-8	1.355012933226027E-7	1.6238921758122983E-7	4.350863496227649E-8	5.058782958114381E-8	1.4528701430852038E-8	1.5174797400553942E-10	6.670879946408947E-6	2.1146289091002485E-12	8.038324448821564E-12	2.575949030297867E-10	9.367475388268666E-9	5.361725357810864E-9	0.0	5.361725357810864E-9	9.598473968073012E-11	4.792546535321334E-15	2.9171668401440357E-10	9.238648025828831E-14	1.3377394703331228E-11	2.3421958091193878E-7	1.5369502823746665E-12
1.447127849788887E-7	7.094178357316668E-8	3.080526085585153E-8	4.906762164200024E-8	5.219662857896441E-10	5.972142590705757E-8	4.609768864814153E-8	3.46795450133342E-8	1.7058453122686583E-9	3.6163113308143916E-10	6.4812431816652605E-9	2.4541339236465807E-8	1.8579284358570965E-8	7.462283212078819E-9	7.648062515069423E-9	3.1020290938727663E-9	3.882441674956878E-11	9.41436529893909E-9	1.384879008526403E-12	3.438005456802392E-13	6.715276020233399E-11	9.669369970832734E-9	1.3473435532032324E-9	0.0	1.3473435532032324E-9	1.882961243221616E-11	3.6205996575023735E-14	7.041825862034332E-14	1.8990971163287327E-8	1.013038996961124E-10	1.8932676898489187E-8	1.3415021482935718E-13
3.692475512315539E-8	1.7338986354842E-8	7.788531253411842E-9	1.2419355640259365E-8	1.326698685274228E-10	1.3971986530356124E-8	1.3062275631042907E-8	1.545548887527894E-8	4.2751754161743E-10	1.0353703215366073E-11	1.5974472984537933E-9	8.821280380536695E-9	8.071533572867099E-9	1.7090893494087637E-9	2.7971093572685286E-9	8.697598437001999E-10	1.112545540017492E-11	3.222463608918597E-10	3.536567188408906E-13	4.857029673244336E-14	1.1604274358302904E-11	4.6415415557647985E-10	3.4127758177204453E-10	0.0	3.4127758177204453E-10	4.685720996142075E-12	5.948497003164066E-17	1.7128879525309304E-14	9.52566704378843E-15	1.6519353797799382E-13	9.576515617812343E-9	2.928133546490262E-14
1.9849161873393498E-7	2.8219552341788464E-7	6.82189772145807E-8	1.304757924109281E-7	1.119837286957026E-9	2.3985982987145898E-6	1.7521867749759548E-7	2.8408728853303355E-7	7.78173144794659E-9	1.403071624428304E-10	4.2539924696882604E-8	1.207521170383498E-7	1.5400018793104148E-7	2.9697906831201513E-8	2.2846619154845197E-8	1.1358611538982195E-8	1.4640727907302126E-10	2.700875000561943E-9	1.902528068697318E-12	1.0432201123667493E-12	1.7095500557853692E-10	2.7382835377614353E-8	5.124708382677454E-9	0.0	5.124708382677454E-9	1.225685761047605E-10	2.0701798290133124E-10	2.6110540655912895E-11	8.433166159012262E-14	5.79262325373339E-7	8.301955199420525E-8	4.519097438650078E-13
0.005652704976613773	0.022551156647574126	0.003541460402595099	0.006773113974637366	4.964517698701105E-5	0.002210395380998694	0.002308372980082299	3.345867036504215E-4	9.259031393824913E-5	1.4757017443577868E-6	2.2625900317492284E-4	9.405342416632351E-4	4.885985491178302E-4	2.8794683665167293E-4	2.722275359316166E-4	2.5186172602632677E-4	2.2991860626107777E-6	3.273820736689287E-5	5.0037102931030325E-8	5.99471048716063E-9	2.1494717729380387E-7	4.389550238472673E-5	1.2686858193543358E-4	0.0	1.2686858193543358E-4	6.673720090440432E-7	9.189594347731893E-12	7.1885884619354885E-9	2.5377814786157863E-9	2.5538146771300013E-8	3.3047923471572765E-4	6.183579928239009E-9
1.5541928375327192E-7	1.4096509710932665E-7	3.579517532082889E-8	6.267789761956328E-8	5.69152435294971E-10	9.406048653278457E-8	5.09186715682137E-8	1.5765597179118098E-8	3.342609415549776E-9	1.3625472392316664E-10	1.0851501741211556E-8	2.2548563895126735E-8	1.8453416024057142E-8	1.2355936381009073E-8	6.70461303098488E-9	4.0600128941643835E-9	4.5140614429871286E-11	1.931118600498744E-9	1.1790029299057204E-12	2.9572562549818573E-12	9.261293215186946E-12	1.9963274254855652E-9	1.9440488096712052E-9	0.0	1.9440488096712052E-9	3.460676630359092E-11	5.281987149247872E-16	8.300766257958597E-14	3.7578193996100426E-14	1.4668747229181131E-12	2.5226847855521123E-8	1.6463286607955078E-13
