32
NULL,open@__open_nocancel,mmap@mmap,munmap@munmap,write@__write_nocancel,read@__read_nocancel,syslog@syslog,time@time,getpid@__getpid,writev@__libc_writev,close@close,open@__libc_open,mprotect@mprotect,fstat@__fxstat64,read@read,close@__close_nocancel,rt_sigprocmask@__sigprocmask,exit_group@_exit,rt_sigaction@__libc_sigaction,sched_yield@sched_yield,mremap@mremap,stat@_xstat,socket@__socket,fcntl@fcntl,connect@__connect_internal,madvise@madvise,lstat@__lxstat64,openat@__openat64_nocancel,getdents@__getdents,lseek@llseek,getrlimit@__getrlimit,write@write
0.5485266252081855	0.2961269593821737	0.02326596356370166	0.005039604849901586	0.002903704631899326	1.52682371995535E-5	0.029310929463956817	0.004258693193310823	0.019820555954009965	0.005987718725084788	0.0033414454745193762	0.0024147762403776336	6.055060558540467E-6	4.11992663453114E-4	1.8724776261804005E-7	3.8234910297918325E-8	0.028557057076245295	0.006250049022824469	0.011904246707544463	9.985126399678922E-5	1.3638411857267288E-6	0.001774072804481712	0.0011742685285801493	0.0	0.0011742685285801493	2.8125728737149572E-8	1.1844067455184561E-5	3.4542737111652704E-11	1.5170097734366723E-8	5.5589820423598766E-9	9.216852346426882E-8	0.0026482502270687497
0.12013586966770647	0.043935972442444945	0.055489040399364066	0.00443310377654352	0.0038439733971885833	0.030202726481745688	0.12860485347850492	0.006015569097492955	0.009359445557444916	0.004260985913716625	0.0030036292845990738	0.002352294692660071	1.0144930583499553E-5	0.0012012109770437758	2.530982023543341E-7	1.5047261913262634E-4	0.030599518977916212	0.006814522874107575	0.012985151673644276	1.0947079677962768E-4	1.1465744164306886E-6	8.310391295388107E-4	0.0011595088768782589	0.0	0.0011595088768782589	5.6517682333956545E-8	3.974029069606313E-6	8.410300796548995E-10	1.70246990078732E-8	6.168719501593552E-9	2.3937989192260464E-7	0.0024495403769758933
0.017150108080707497	0.007744588781612357	0.07138907671756102	0.07470966109503492	0.001249400136282888	3.598769683440636E-6	0.011610399280477697	0.002132602052900724	0.0031911753476555177	0.013728446635586929	0.0021027787992081272	0.002613092102447372	0.02139683636695126	2.3727977744285818E-4	1.4248915853906526E-7	5.5510741487563977E-8	0.011617264578643687	0.0030580131933013927	0.0059007630012892194	5.1725209478623463E-5	5.007135463834323E-7	9.226277373069558E-4	0.0013395791590756164	0.0	0.0013395791590756164	1.6241057524213492E-8	1.7379973274444946E-6	1.6757583773622435E-11	9.079704796457114E-9	3.2401928932392658E-9	4.6651482958541116E-8	0.0010034940420923979
0.014322077443071072	0.0081122556924748	0.026633324843767146	0.02361998653161147	9.813958960241947E-4	1.1192508756126038E-5	0.0057194760104568535	0.006549164190053617	0.009995345084511496	0.003208971551935635	0.0019010139138812391	0.0015978987319188547	0.039938741210287204	5.080272995197391E-4	2.0228769070589807E-7	1.6546006094306621E-7	0.011921974655631596	0.0035772036211960886	0.00685139038888779	6.206672727014478E-5	2.881557511390441E-6	3.103577014539063E-4	7.977760435512354E-4	0.0	7.977760435512354E-4	1.6150278900128485E-8	1.3612768481543735E-6	3.973030126850004E-11	1.1176921928424705E-8	4.039386679142766E-9	1.1091941569810847E-7	0.002123241467231864
0.0026054571729435387	0.035415628416291214	9.225450365669219E-4	2.8244762138808645E-4	0.014466189393268885	7.134444851290732E-7	6.875082812066364E-4	3.9203236815729594E-4	8.766511198548398E-4	0.004082691733234006	3.0880976474509E-4	2.9047219772219697E-4	5.325107688072249E-7	3.92535857845965E-5	2.3804006280870108E-8	2.852119004157876E-9	0.007324856981006441	0.0012225641876716902	0.002344643047703868	1.7737610727625474E-5	7.835610347945356E-8	7.187330870244025E-5	1.4634186367080097E-4	0.0	1.4634186367080097E-4	2.3329468734043915E-9	4.085533847926893E-7	3.046266176775017E-12	2.2219862486089198E-9	7.869072730447052E-10	8.391346070547827E-9	1.4574978346837194E-4
0.0016627312398462312	8.454354650395208E-4	9.612863448166239E-4	1.7660231964947048E-4	0.014397883877322607	1.0565342358705789E-4	7.538110515194645E-5	3.1528265532052035E-4	4.1304484097293116E-4	2.0765139453718552E-4	2.568917528139634E-4	2.4062433144738705E-4	4.0484952528109556E-7	3.201843868261626E-5	2.0757472982553047E-8	1.6093743004137397E-9	0.006667795896484206	0.0010852761294875331	0.002084908710764199	1.5584118635971708E-5	6.821578274294034E-8	3.2005381268643565E-5	1.2119937297446345E-4	0.0	1.2119937297446345E-4	1.5002559611780941E-9	1.213439559017099E-7	6.628288855403098E-10	1.9978824749323475E-9	6.723009830543752E-10	1.4809751450615694E-7	1.2676926599311452E-4
0.04909694821278171	0.007934183206283687	0.00737029795056992	0.0016075059084728904	0.003614799254242002	4.215163973165906E-6	8.628424029319198E-4	0.004946527173193921	0.004154110229023707	0.002127590810265151	0.0018650063012605237	0.0018386569295214164	7.817355003039392E-6	2.8161120443107284E-4	1.7254460813874624E-7	3.427832305522628E-8	0.02633813906702969	0.005695188044984919	0.01100353801165312	9.134776091979743E-5	4.2833383364144477E-7	2.606345281068315E-4	9.319871387978549E-4	0.0	9.319871387978549E-4	2.5800247979097777E-8	1.1283784144691657E-6	1.9305678059032115E-11	1.4591092002654362E-8	5.184510110395E-9	5.378997702706779E-8	8.291435934202602E-4
0.011158957706855033	0.03345148438440482	0.01303216630433492	0.0023141784469296526	7.859111000172363E-4	8.127707681011399E-5	0.0025518195861803177	0.002816741749250672	0.01013890988450999	0.002584024372768847	0.0022174855848589134	0.0020542531109342165	3.4857779045669815E-6	2.6546113547757256E-4	1.7453463489866108E-7	1.281326687063685E-8	0.013497637370725141	0.004514749792442775	0.00881963578221737	8.077096825597076E-5	5.705136710928467E-7	5.156120651985242E-4	0.001033631557928196	0.0	0.001033631557928196	1.393586077737176E-8	2.8005216207466716E-6	1.993901015783628E-11	1.5672355203393115E-8	5.571566885048932E-9	5.489571901143897E-8	0.0010023274017556454
0.011183305611964818	0.007069397051798343	0.0036497184174723273	0.014172457872362296	6.821263554578953E-4	3.717140706921706E-6	0.0040506955067829056	0.029471397908235896	0.0027001856010400193	0.03255770796140338	0.0032986578486357714	0.005015742443109543	2.3885696560179655E-6	2.1966931630114413E-4	1.0307490720852401E-7	1.301727692606277E-8	0.0093627247092393	0.0030086875517580268	0.005874688362973843	5.342001481067494E-5	5.051050804847188E-7	0.0019225256705036628	0.002603463485843728	0.0	0.002603463485843728	1.052221830803567E-8	2.594592338047623E-6	1.374264062139112E-11	1.0227908514064717E-8	3.641773679129264E-9	3.821006910586874E-8	8.296594287841338E-4
0.0090696561005445	0.0053931642108006215	0.0030743273516377627	0.0015548356026999343	0.014926571554251415	2.673549575838827E-6	5.888900814071631E-4	0.0023588855489840342	0.003025776771862131	0.0016631990625338468	0.006404071014976248	0.012750736023352482	3.140688031318679E-6	2.2600095422005797E-4	1.5543926597570273E-7	1.0178872939895208E-8	0.011477226249299217	0.004494297528988442	0.008991749068465137	8.345996362977251E-5	3.5788738404969275E-7	2.1743866400144899E-4	0.006704460119588112	0.0	0.006704460119588112	1.1576386992918419E-8	9.04325400673497E-7	1.7320075956226817E-11	1.7727413006201105E-8	6.143673356853228E-9	4.8300642624361844E-8	6.169479235256293E-4
0.009946948154649023	0.003923565246216458	0.0017987522571138524	0.0017121085138983873	7.033813991259058E-4	2.3451656940226974E-6	4.2759923734778994E-4	0.0017344985609225962	0.00243212962482986	0.0013929919852101085	0.004216221732813651	0.009768463891678368	1.5252540130056471E-6	1.8870992767079046E-4	1.4304553750587458E-7	1.0872968777945617E-8	0.006056462870726094	0.002687245207507587	0.004089261560694178	4.4988235299211874E-5	2.7894983329188286E-7	1.7838151801870242E-4	0.007918730953094293	0.0	0.007918730953094293	9.979164844010643E-9	7.374546732786233E-7	1.4414046354903304E-11	3.5009246299616363E-9	2.3650400652321624E-9	4.02201389961196E-8	4.8696821776480234E-4
0.008863173950912004	0.005819648154240136	0.0023311213435014575	0.006060472410736097	5.880637383820057E-4	3.6059486265706767E-6	6.143607974356404E-4	0.002834410054837318	0.004363513573126033	0.0014590548294792082	0.009709274802772783	0.0015321268621246377	1.70848199416813E-6	0.0013314492243222099	1.3003424190182808E-7	1.5039816983248788E-4	0.0061908869748231645	0.0026534710560831946	0.004329790276654872	4.55076777068003E-5	2.6582757309070227E-6	2.7721789328037855E-4	3.449430208140333E-4	0.0	3.449430208140333E-4	1.037103305992155E-8	7.907400117662392E-7	1.9281217920475472E-11	5.055003866874959E-9	2.627009371469215E-9	5.380293678170397E-8	0.0011758748875814859
0.0020530577363203958	0.001890862732334381	0.009991285135708773	0.03126028318437398	1.32891242495543E-4	1.4426315329716336E-6	2.0889404218170292E-4	0.0011203160323758532	0.0016395888420962254	5.347920770581607E-4	6.601446426262497E-4	5.986999995355242E-4	1.4552366135573873E-6	1.2135201445953158E-4	1.0454750124630075E-7	2.614713967096201E-9	0.0030509554174036084	0.0012457846488353873	0.0024566382180494575	2.3113697479482062E-5	1.9492708901414668E-7	1.1841899350187712E-4	3.003821178052874E-4	0.0	3.003821178052874E-4	3.565748154700564E-9	4.683698935090052E-7	5.269464425995156E-12	4.893809709779237E-9	1.6902276113532426E-9	1.4689507475231309E-8	3.179260573443944E-4
5.230397604668815E-4	9.189755052068604E-4	3.0199665895432114E-4	6.820345382452852E-4	3.453775362850268E-5	2.3962352150946373E-7	9.531397185412483E-5	1.6463209119877114E-4	2.4259012837942836E-4	2.3998140358505386E-4	1.6554837184497E-4	1.2019553963712941E-4	1.9453017913399682E-7	1.7976770387344418E-5	1.0616942946134432E-8	2.0577701610770896E-9	7.550381098525102E-4	2.815469831922505E-4	5.332889345318952E-4	5.0549866855420085E-6	4.063232127471318E-8	1.980215174698923E-5	5.991434607128847E-5	3.7472552227839477E-7	5.991434607128847E-5	2.3669818212289735E-9	8.5356907375979E-8	1.6395940903171863E-12	1.4144099772576228E-7	4.741796513149902E-9	4.567634360463102E-9	8.050347980957946E-5
1.059149881939851E-7	5.080298873018577E-7	5.539322467910415E-8	2.543555860735617E-6	7.789732583479959E-9	1.5482735013956897E-10	5.078409698060413E-8	2.0774534844924695E-8	4.9338291500771634E-8	1.1176535879694971E-7	1.368889789149813E-8	1.1288595071412187E-8	2.3904747174629682E-11	2.483555657384874E-9	9.937861416791824E-13	5.45188620698162E-12	1.7162572226642784E-7	3.4852118352146706E-8	6.60676537784385E-8	5.42101718436542E-10	6.595542208828528E-12	4.117140748651141E-9	5.526493185395131E-9	0.0	5.526493185395131E-9	1.5590494325063823E-12	2.7202890686108592E-11	7.385293884164066E-16	7.692493411107203E-14	2.8376445014278058E-14	2.05819555964893E-12	3.153107880272606E-8
8.561707408120764E-6	1.828275408205168E-5	3.8158704300251025E-6	1.2602829261579183E-5	5.674236928311179E-7	1.4630924570283592E-8	1.8667960736429811E-6	2.5917724863696382E-6	4.079672682000279E-6	4.417447311447036E-6	1.9186308336057997E-6	1.6860025984114417E-6	2.840468010326644E-9	9.927557621678745E-5	1.7109374170647706E-10	4.819843879278931E-11	1.138204390001255E-5	4.315815115058938E-6	7.97826725349622E-6	7.681128206431478E-8	5.167793919267379E-10	3.046449229392435E-7	8.423936101615854E-7	0.0	8.423936101615854E-7	5.154267235560977E-11	1.464693678362049E-9	5.239457498041706E-13	1.3097734517752796E-11	5.09115791207223E-12	1.4657075335780598E-9	9.747394177089925E-7
0.05334819195964381	0.018710039009832202	0.01219271913998529	0.004893358229756369	0.00317261345353389	1.2358322759809027E-5	0.0020838667094549334	0.00897616553611071	0.012647698084665877	0.006588774061539577	0.005412051406542101	0.004308599539220481	9.127342376007222E-6	9.518163285191282E-4	6.558675038718241E-7	5.3826061236364555E-8	0.032960853859270126	0.04504770939993511	0.08297649685186402	5.704063941280111E-4	1.4084504618984763E-6	9.312499306652611E-4	0.0021450672143856196	0.0	0.0021450672143856196	4.354009997610821E-8	3.690170865293996E-6	7.383580472840737E-11	3.17372385840623E-8	1.3555266024125194E-8	2.0597098808345325E-7	0.0024764458392480715
0.058005024256981834	0.012439105019487133	0.008895504158182863	0.0027546118554561344	0.0033239707292242945	8.769678523206138E-6	0.0013939396467212105	0.005126160067782414	0.00783924757989784	0.004226025834395671	0.0021294338067161097	0.0016004840442496973	5.175191130839509E-6	5.705042046806913E-4	3.368914586276097E-7	5.476522851275343E-8	0.02259001707138496	0.004851269189894252	0.008925093394778526	7.563454110060214E-5	8.019461616214976E-7	5.858349914138508E-4	7.90509922617564E-4	0.0	7.90509922617564E-4	3.545890140837773E-8	2.249652706792585E-6	4.497751391011772E-11	1.0091141254793044E-8	3.891611266783506E-9	1.2539914314784953E-7	0.0015299401514965597
0.052099683568975104	0.014231972443646905	0.009704793361174297	0.0033618033860910467	0.0030284387483434693	9.420458149693567E-6	0.0015871120767907932	0.00624087001932927	0.009053495427710438	0.004819793832808515	0.0034351314789126406	0.0029387890455827835	6.662311405050521E-6	6.677434027867157E-4	4.232297377322734E-7	5.052684257451338E-8	0.026426612022051425	0.04726880289081499	0.03438254123475271	8.202295167762876E-4	9.715987414733308E-7	6.698669679069114E-4	0.001471734095896942	0.0	0.001471734095896942	3.659128006211596E-8	2.62262593548774E-6	5.219139741566666E-11	2.1354906872452136E-8	8.141841105265901E-9	1.4554147445158007E-7	0.0017777433812562052
5.689338549581018E-4	1.434987715320427E-4	9.9154185607599E-5	3.381964666138393E-5	3.2934645925880864E-5	9.827089560345904E-8	1.603888999754835E-5	6.261816711250632E-5	9.250876421810936E-5	4.925095897026395E-5	3.12112843077782E-5	2.4594680930184415E-5	6.396482267043569E-8	6.817908312562733E-6	4.285909782549046E-9	5.47176697547772E-10	2.5926427620516474E-4	5.22635180374874E-4	3.5750466353273014E-4	2.9492741060316795E-4	9.797706635370655E-9	6.8706909709500484E-6	1.221963504872925E-5	0.0	1.221963504872925E-5	3.803380320570879E-10	2.6725078402965626E-8	5.340426005994752E-13	1.7008231858504993E-10	6.84079536806594E-11	1.4892387468124011E-9	1.809049363253822E-5
7.624622820165395E-7	1.54633478542943E-6	5.006754499865614E-7	1.1361956440133189E-7	4.933330071982618E-8	2.8823780926021665E-10	1.867062591670489E-7	1.9550461689080752E-7	3.63656348630938E-7	1.3875821296128772E-7	1.1030999212601335E-7	9.110455058225306E-8	2.730918557224347E-10	1.3496011422535675E-8	8.028563624150334E-12	7.74214927853908E-13	1.0411073715723362E-6	2.559557246098162E-7	4.8571975451715E-7	4.218894379267259E-9	3.590336614946708E-11	3.07571786028981E-8	4.523266105252647E-8	0.0	4.523266105252647E-8	7.333433746526663E-13	1.8040058953348607E-10	1.4214707759737826E-15	6.713660296064411E-13	2.4911205960155213E-13	3.9156110145669526E-12	3.690520120198126E-6
4.942678379150991E-4	6.707220241472091E-4	6.670189706102098E-4	1.0250900865955642E-4	3.2403984954702544E-5	1.9639661805151744E-7	7.269485298845681E-5	3.9372436587498816E-4	2.8887651631063295E-4	1.4790584606408458E-4	1.256535164066408E-4	1.2199942005599056E-4	5.865641083211889E-7	1.5524219469203244E-5	1.0946009308534445E-8	5.742910919609317E-10	6.852179072914142E-4	2.7356859870155477E-4	5.275480463838496E-4	5.005784333192997E-6	2.7684382732766026E-8	1.833398069475317E-5	6.174986350344154E-5	0.0	6.174986350344154E-5	8.737099599921348E-10	8.32982610298179E-8	3.1412963009701543E-12	9.715611247543431E-10	3.5407010989398184E-10	8.769996795466326E-9	4.487906309092636E-5
0.0022079685554420914	8.679530394846933E-4	4.017209675039189E-4	3.7988463090705206E-4	1.563260517577661E-4	5.21312976099724E-7	9.453863742283903E-5	3.846915481358018E-4	5.434511964960207E-4	3.0416293206186076E-4	0.002654462503217241	0.006030331415044166	3.4166663129341705E-7	4.211075709873249E-5	3.211966896427354E-8	2.441251214099234E-9	0.0013556292487222133	6.025492666754496E-4	9.159748095769517E-4	1.0085843296945455E-5	6.249470713197495E-8	3.9858277825423397E-5	0.0075558730019943555	0.007499996058395988	0.0038058693873470866	2.2352962302123988E-9	1.64296009911493E-7	3.2342155674332743E-12	7.806561355860989E-10	5.296731870675948E-10	9.025070426904704E-9	1.0907673263230954E-4
6.62412843780573E-4	2.604170174822232E-4	1.2053471213143591E-4	1.1398545187531721E-4	4.6899246947921557E-5	1.5642666684732624E-7	2.836496873799084E-5	1.1542294211615914E-4	1.6305353843756732E-4	9.125626875213481E-5	7.963456622385866E-4	0.001809102273457256	1.0251600960494987E-7	1.2634658062920802E-5	9.636353151921281E-9	7.326239657498279E-10	4.067227618431825E-4	1.8077763424314267E-4	2.748180152873776E-4	3.0259897978545627E-6	1.8757401620576058E-8	1.1959441992517754E-5	1.6766207354970178E-5	3.720242469603086E-8	0.0018917680146786026	6.706475509430434E-10	4.929244472188249E-8	9.70340777197438E-13	3.893228266209445E-8	1.3699257410433582E-9	2.70773325838628E-9	3.273096430546049E-5
0.002097561577147421	8.245520262977132E-4	3.8163336343437714E-4	3.6088892823019243E-4	1.4850914378560724E-4	4.952453084714379E-7	8.981133944378738E-5	3.6545548098235994E-4	5.162765321160131E-4	2.889536075651751E-4	0.02033417365718677	0.005728791491384727	3.2458197659928675E-7	4.00050561667548E-5	3.0513561130251195E-8	2.3191791994672494E-9	0.0012878425365109403	5.724194699247956E-4	8.701725219174798E-4	9.58151207391934E-6	5.936972975997151E-8	3.786520958000476E-5	5.30828800308232E-5	0.0	5.30828800308232E-5	2.123522762350759E-9	1.560805731673917E-7	3.072492264321109E-12	7.416203056578065E-10	5.031874765153759E-10	8.573781955302521E-9	1.0362247359292855E-4
6.836918722954544E-8	5.9496391495495554E-8	1.7164733699949662E-8	1.3427883047926736E-8	4.655049287208753E-9	9.195184678991495E-11	6.86626068706148E-9	1.5492972083491385E-8	1.98057809975909E-8	1.8910597599008846E-8	7.997793682880141E-9	5.823267158240321E-9	1.0461330924813024E-11	3.7080748228872164E-9	6.71753321738062E-13	1.6875355770852666E-12	6.306904706658971E-8	1.7240169149677258E-8	2.9975208274429294E-8	2.7943402085873244E-10	2.6133369271782146E-12	1.5826401434235755E-9	2.8977908487239503E-9	0.0	2.8977908487239503E-9	4.9691750766050255E-14	8.719390862754213E-12	2.5343630208914034E-16	3.267749722959905E-14	1.4970943795306633E-14	7.069018406891628E-13	1.0753939667247768E-8
1.1187292015820683E-6	3.1382204912443552E-6	8.588880694707683E-7	3.206824071965998E-6	7.477172282609544E-8	2.1304982128701257E-6	3.2607055299082415E-7	1.2600580904972378E-6	1.9382827367004655E-6	5.748600302732849E-7	6.166492610380495E-7	2.0429291382497729E-7	5.558580284826841E-10	6.35666061476457E-8	1.3900784496239029E-11	4.404013117353261E-11	1.5217619557154E-6	4.1151411163410474E-7	7.890553846247384E-7	6.9827360802018454E-9	9.689380858805185E-10	8.90284943788517E-8	8.224670322777668E-8	0.0	8.224670322777668E-8	6.1700624001163225E-12	2.131796022838467E-5	7.994149352114628E-6	1.201208376171374E-12	4.3760990570404296E-13	1.8227193046416022E-11	1.2170731797142052E-6
1.1764732427108254E-7	3.495396222415895E-7	8.64124897509569E-8	3.501933934586051E-7	8.131510977571124E-9	4.140481005950058E-9	3.722807674363975E-8	1.1408673217159393E-7	1.8288480764617475E-7	6.915304648166087E-8	5.721638226952834E-8	2.0354533068251717E-8	5.49007681242638E-11	4.11615958472737E-6	1.439165618137382E-12	5.994472067691241E-12	1.712111520374898E-7	4.367511510711163E-8	8.353310122344237E-8	7.297341470749643E-10	8.80856613836815E-11	8.50712302997133E-9	8.384453208015013E-9	0.0	8.384453208015013E-9	7.945741122424388E-13	2.784574177562904E-11	2.880080405127509E-15	1.7483197232607752E-10	4.442908886035999E-14	8.050915822323252E-12	1.1960297985642267E-7
3.991355003968754E-8	4.018480500880355E-8	1.8237843422910726E-8	2.1965039877271283E-8	2.6232564804997014E-9	2.0042029445775497E-10	4.472088665631188E-9	1.8578729185972956E-8	2.7249258403343498E-8	1.1847749747463514E-8	1.176782578798915E-8	5.1267565615682535E-9	1.3315397084629299E-11	6.985075578252321E-9	1.1405407587284578E-12	2.125776186036124E-13	3.6681801094447175E-8	2.0728609256370636E-8	3.1651362455912075E-8	3.582853043609543E-10	3.533909851608605E-11	1.0961204498915323E-8	2.3048413011179128E-9	0.0	2.3048413011179128E-9	6.798309682611587E-14	6.745259112285435E-12	2.164257145914872E-14	3.511065770715885E-14	1.1710173616773682E-8	6.055743133928107E-11	8.993189662641676E-9
1.0583494398735373E-8	1.0104423667694774E-8	5.447806698090983E-9	9.134601461092616E-9	6.772533763031058E-10	5.880134603518403E-12	1.1696156833166133E-9	7.307858868529431E-9	1.0914761384585794E-8	2.796169467061421E-9	3.8224742313605164E-9	1.4086957417324605E-9	3.990341941109021E-12	5.154120495444667E-10	2.914561508949936E-13	1.9696220158106983E-14	9.175462850923463E-9	5.286983147146885E-9	8.094598915403994E-9	9.167360032726566E-11	4.095403309987294E-12	5.813522177423771E-10	6.006729958707482E-10	0.0	6.006729958707482E-10	1.3694781371876053E-14	1.7620325690975614E-12	3.064836136515511E-17	8.479899838610446E-15	5.2104471617677306E-15	8.542526806374361E-14	4.710905294365659E-9
1.0628793610967865E-7	1.4770980042957407E-6	8.171007968755858E-8	1.5094737387504058E-7	7.248322467856742E-9	5.709446380431383E-11	3.007992730342356E-8	9.478462451694996E-8	1.613959684699507E-7	2.777515704081177E-8	2.222567463911523E-8	1.4189514642704902E-8	4.915620608246556E-11	2.7710136819151185E-9	1.089006106487869E-12	4.1477037268767973E-13	1.0388124041932841E-7	3.106330323193652E-8	5.970315609493507E-8	5.395285907459101E-10	4.745680729575697E-11	2.725729860970353E-8	6.773400423957886E-9	0.0	6.773400423957886E-9	1.5001115397334687E-13	2.8516124739031206E-11	1.238514733806477E-10	1.5579147839430063E-11	3.520541978367769E-14	3.465520000430769E-7	2.2758585466815602E-8
0.0023512012089161117	0.0012837712968919678	8.638292073539907E-4	3.1690690519322196E-4	1.444100341822368E-4	8.077973128019973E-7	1.4043047493867875E-4	6.198147703193757E-4	7.675317993116259E-4	4.508700440446845E-4	4.7132122001325774E-4	4.7108220952960997E-4	7.163417774130226E-7	5.9236297602227035E-5	3.856858503572301E-8	2.596743374510029E-9	0.013116848066561305	0.0021399090141975105	0.004101060073094242	3.07165131694221E-5	9.253866926840413E-8	5.5786016302417963E-5	2.3932259959689368E-4	0.0	2.3932259959689368E-4	2.6045286362496723E-9	2.3185781094173653E-7	4.408153566415216E-12	3.727310799826066E-9	1.319820064245891E-9	1.229354840479585E-8	1.617339058271281E-4
