32
NULL,lstat@__lxstat64,openat@__openat64_nocancel,fstat@__fxstat64,time@time,open@__open_nocancel,read@__read_nocancel,mmap@mmap,munmap@munmap,mprotect@mprotect,rt_sigprocmask@__sigprocmask,exit_group@_exit,rt_sigaction@__libc_sigaction,sched_yield@sched_yield,write@__write_nocancel,syslog@syslog,getpid@__getpid,writev@__libc_writev,close@close,open@__libc_open,read@read,close@__close_nocancel,mremap@mremap,stat@_xstat,socket@__socket,fcntl@fcntl,connect@__connect_internal,getdents@__getdents,lseek@llseek,getrlimit@__getrlimit,write@write,madvise@madvise
0.4161093359959262	1.2284496449526067E-4	7.37024796071694E-10	6.17207966950513E-4	0.023061317299599874	0.05867677850359716	6.581106355296973E-5	0.07191596869625724	0.06801348796491229	4.362476706334451E-5	0.09065079982092807	0.031155241581363985	0.05915167200663084	5.487102030273568E-4	0.0013619317420874013	0.008281917004494115	0.013237736776895971	0.020562708875441486	0.006904184634400279	0.00462039292289896	1.1978359606992528E-6	5.09706174839834E-7	7.73406470561518E-5	0.0016656235548886972	0.0021617290201935823	0.0	0.0021617290201935823	4.1281433344265947E-7	1.5207603552270547E-7	2.0224948609671876E-6	0.10093350530203989	2.633862187056083E-7
1.1507043922922789E-5	2.2777451908240386E-4	8.540759673193424E-5	1.070147475227804E-7	4.531050299622667E-6	2.603812789028165E-5	2.3604813239460907E-5	1.412979114106895E-5	4.315179428494625E-5	7.823580671248636E-9	2.009932631890544E-5	5.846691879350244E-6	1.1300868176187372E-5	1.0055951588279504E-7	2.6255154568932793E-7	2.577604140457296E-6	3.2755081184868625E-6	1.5695556139618544E-6	1.050481746658349E-6	4.826837172990309E-7	1.5822960667738464E-10	2.7935170529496916E-10	2.8553509327968154E-8	2.7091551273821316E-7	2.087611313186033E-7	0.0	2.087611313186033E-7	7.565824592255736E-11	2.7120188172483353E-11	4.068407274198961E-10	2.0327998565979596E-5	7.784570346729728E-11
1.1890087838619112E-6	2.3081778359592195E-9	3.940403683280594E-14	4.3918901247303094E-5	4.2658558684430035E-7	2.9200586296441503E-6	4.636673787766223E-8	1.3924824224470966E-6	4.593254514219135E-6	7.573744805861045E-10	2.1523567695089907E-6	6.000317563911508E-7	1.157711855681094E-6	1.0214520672114441E-8	2.8358102821829774E-8	2.999015891650634E-7	3.203806402914366E-7	1.845994473812032E-7	9.892798441942246E-8	4.785321023215443E-8	1.5955369337997577E-11	3.303478145846687E-11	2.581160934473401E-9	2.8035556340892176E-8	2.0930386346474324E-8	0.0	2.0930386346474324E-8	2.03053984057009E-9	2.7055776304475584E-12	1.0943862869315645E-10	1.9177022574225427E-6	9.726076327955419E-12
3.5114149273865345E-4	4.7505911859917676E-7	7.96851332550382E-12	1.4075133718294041E-5	5.772721003972005E-5	3.304769507361793E-4	3.5336691388272185E-7	6.655262767983201E-4	2.927865176879643E-4	1.4869982702550227E-7	5.513613260351251E-4	2.2646580045893906E-4	4.1534271971498197E-4	4.038043669880936E-6	6.091262556951181E-6	3.038416305266162E-5	3.804561742060712E-5	3.1830614107246045E-5	3.2410881629120304E-5	1.6356363108783164E-5	7.349826683229129E-9	3.429269786759358E-9	1.4009776069708301E-7	4.585979266748858E-6	7.995986314554023E-6	4.003478650815221E-6	7.995986314554023E-6	1.5041427344618235E-6	4.8099131391412024E-8	2.2154372724838883E-8	1.8754669680324322E-4	8.443670135995538E-10
0.006501606790189061	1.2692529419898315E-5	7.610337920207363E-11	3.3683329282716995E-5	9.356736834496283E-4	0.030251184662483502	2.131685561081485E-4	0.022699153709688086	0.002143659166744896	2.7562304375402645E-6	0.009841243895326021	0.0033228980159460833	0.006430948289358535	5.888913343229116E-5	1.2117208266250482E-4	5.550485204575372E-4	0.002652751353691593	4.332895782671295E-4	3.306219905798537E-4	2.671117634260591E-4	1.309446493005707E-7	3.827394649510917E-8	2.2889257360384913E-6	1.1821265893812207E-4	1.3122133372278332E-4	0.0	1.3122133372278332E-4	4.670599833304674E-8	1.6663887868563013E-8	2.086904848644535E-7	0.002969320128245624	7.861212351226106E-9
0.015383998188700987	2.126169250032711E-5	9.563356961126942E-9	0.001798085608617726	0.002171271841053275	0.03664631743761501	0.016859736858722735	0.03539273605521364	0.00578760404717681	1.1870701458569307E-5	0.024620821783916762	0.006299670989565246	0.011686515861336696	1.0295039013441986E-4	0.001329437505341633	0.05460004555864415	0.001571361624847161	8.009781359891438E-4	5.455211369640732E-4	3.7872282752264943E-4	2.6606750330110395E-7	7.322197731862571E-5	4.751307414225742E-6	2.3721527109466273E-4	1.8180683069372774E-4	0.0	1.8180683069372774E-4	6.598587488110511E-8	2.4702597356109714E-8	2.2896485350872995E-6	0.01021872382364493	8.637059832170294E-8
6.520967726062951E-4	5.022308812408688E-7	7.658800918608055E-9	3.189930002895604E-6	8.110042258152421E-5	6.262310918668138E-4	3.0414705627347844E-4	0.001814061486639624	1.5122162783704277E-4	2.860412910611358E-7	0.0031561563929183266	5.837362366071079E-4	0.0011186698071482743	8.761045125378035E-6	0.006221032094186331	2.2909256889157035E-5	4.469822870655236E-5	2.4484863441838083E-5	2.992319070958025E-5	2.6227248872015317E-5	1.3146297316998784E-8	6.478924041017248E-9	1.8238733187765161E-7	4.68577464813745E-6	1.2980020072263326E-5	0.0	1.2980020072263326E-5	6.02102676793032E-9	1.7910031281979051E-9	1.6696164861803104E-6	2.640646671898349E-4	9.370668144710384E-10
0.022837082806643486	2.172185442573823E-5	1.5250805959595925E-10	7.616748227272657E-5	0.0017630179246448554	0.02277385484892303	1.7347148385975506E-5	0.16921071144418431	0.25698214656240814	0.049869704116859405	0.02146245150075158	0.006164658930493216	0.011747434499482705	1.0497893768326567E-4	5.764046875245854E-4	0.006398490757432492	0.0016721430304862356	0.0020159775989984927	5.84109654482357E-4	4.871297418662989E-4	2.714698705922612E-7	3.1973098504863715E-7	4.401154585521012E-6	2.026397977467518E-4	2.3885784229341045E-4	0.0	2.3885784229341045E-4	7.626895492588965E-8	2.763493019061967E-8	4.1987155867949613E-7	0.006981435668907951	8.94377972837107E-8
0.01738463120307638	2.4965242289626326E-5	4.93147169756098E-10	1.8405289550404974E-4	0.004662218353904618	0.018200217832961052	4.666877514321195E-5	0.07034464031442064	0.062093390531346694	0.09308919955734637	0.035983170953953286	0.010695191227839233	0.020634178668935254	1.8462032941180792E-4	5.196426918342745E-4	0.004174401265320532	0.004583802575688861	0.0018194875582259764	0.0010748644123918247	8.1554398732749E-4	4.511238970011278E-7	1.7660560329613278E-6	3.490161355963447E-5	2.37593833452198E-4	3.954098936521352E-4	0.0	3.954098936521352E-4	1.4076064896519724E-7	5.0077871477104564E-8	1.3731720045362292E-6	0.023687313644137488	6.268366278474644E-8
0.0056072274461533575	7.019806440544519E-6	7.517308438476737E-11	4.599837977470415E-5	9.81795689147222E-4	0.0028018657462100926	5.91858689892533E-6	0.025552374103546015	0.07359286908929595	3.8006890498272893E-6	0.009239259105245024	0.003879722847440346	0.007624478575889293	7.170026805846335E-5	8.064162483413097E-5	2.9572231544485177E-4	6.4566208253851E-4	2.9047394640418925E-4	3.8494770210501064E-4	3.2010953534545444E-4	2.3501636610447905E-7	3.0580766680898465E-8	2.5973990568128245E-6	6.0993714372621195E-5	1.5697318370621783E-4	0.0	1.5697318370621783E-4	6.260388440849326E-8	2.1733382921951184E-8	2.0904590126743476E-7	0.003523810292798929	6.683238349978987E-9
0.14239197094388165	6.717118240001809E-5	1.0986784718717298E-9	4.136183540472703E-4	0.009717167858308222	0.02505046529841609	5.518994387876647E-5	0.0812007699511982	0.017883299773500397	2.7280340523437786E-5	0.10300838963584175	0.1272148144424241	0.23275169671844753	0.0016557161791847291	0.0016832684576726267	0.00270385824986571	0.005957280466381776	0.003530157179998247	0.003429380444905919	0.0025315498088550018	1.7161477339575788E-6	6.499797067639849E-7	2.1433596560596166E-5	6.12173964027713E-4	0.0012294357867605435	0.0	0.0012294357867605435	4.54909726670366E-7	1.944663927295843E-7	3.0589104312892625E-6	0.0310983914357826	9.448882179642749E-8
0.15243691742185428	3.927247605276112E-5	5.719855665269919E-10	2.0394059221817064E-4	0.003958513696331247	0.01410042737995545	3.306409697627753E-5	0.06806504576673551	0.009092775090831614	1.3596560090653437E-5	0.06440796105700082	0.014574971053578908	0.0270251394574145	2.3012670793955156E-4	0.0015533091746240118	0.0015425908239538352	0.003360140005265343	0.0018751742291170082	0.0012288519081456906	8.550190092095868E-4	7.30562553603954E-7	6.245985725926003E-7	1.0514835820821649E-5	3.721059342214631E-4	4.09071271689225E-4	0.0	4.09071271689225E-4	1.3750262258813652E-7	5.1521820549207314E-8	1.5901564779064767E-6	0.017295356605862486	7.646328383919355E-8
0.1386881819839982	4.679973515315864E-5	7.232287879082693E-10	2.662740165363229E-4	0.006041704822166854	0.017710421981858078	3.86378668081803E-5	0.06911542316172935	0.01160893703851691	1.892629413353605E-5	0.0799425176048608	0.12777755473263824	0.09931687482762422	0.0022124326177438707	0.0014953685904549262	0.0019122680069050015	0.004083055257591455	0.002373405266210323	0.0020868018196796485	0.001676936691478087	1.0218312551662964E-6	5.915886151796533E-7	1.3644415928686194E-5	4.3536461228787393E-4	8.214563953909766E-4	0.0	8.214563953909766E-4	3.022314456889915E-7	1.1434217357487931E-7	2.0121050487184625E-6	0.0209600897463155	7.979583687462547E-8
0.0015075332672111704	4.75839375854507E-7	7.271941165569781E-12	2.656403108593596E-6	5.6853969873334496E-5	1.7450168626115595E-4	3.962436203324982E-7	7.250432888013089E-4	1.1673148519191322E-4	1.7846191514499162E-7	7.698333028083801E-4	0.001399869015529757	0.0010129526838784078	7.617198271128425E-4	1.6024161292614553E-5	1.8964783626310488E-5	4.1319927337725166E-5	2.368339985683065E-5	1.8939343118812754E-5	1.3891566684880937E-5	1.015893559387784E-8	6.3663926234380675E-9	1.3705769094279709E-7	4.4402371797138325E-6	6.720153579967098E-6	0.0	6.720153579967098E-6	2.3972988419647076E-9	9.540103843232997E-10	2.0229139443185138E-8	2.13561090511666E-4	8.255405397064864E-10
0.001073367515497591	2.0488178276434636E-6	1.11905968297744E-11	4.553278950525285E-6	1.2715050876347533E-4	0.015228044945368668	9.574612703841725E-7	8.467211233511517E-4	2.883284826862173E-4	4.03863644155765E-7	0.003830152950536199	7.272634752001513E-4	0.0013918500411701075	1.1016392563853661E-5	0.0062371237995289125	2.6735543030560006E-4	1.374134038506264E-4	4.2244143019759507E-4	4.285732126490583E-5	3.585732143446547E-5	1.3930376999817483E-8	1.179536669512965E-8	2.9608446221471637E-7	1.9060280155597252E-5	1.7619713039150045E-5	0.0	1.7619713039150045E-5	6.435420092959752E-9	2.299029065655009E-9	3.058142912301763E-8	4.3234833788566854E-4	1.7300402010932619E-9
0.006682081063390798	5.361463857724117E-6	8.69147196359259E-11	4.5076222460953935E-5	0.0012350607195072893	0.0027019038271874993	6.970504072469551E-6	0.00462944932772353	0.0013480733173329687	5.716231298917692E-6	0.0146555174525112	0.003424494458868837	0.006418354750993172	5.489322465527216E-5	0.0014090910176246965	2.826058693643652E-4	4.998920512795558E-4	2.775929117852873E-4	2.30419214398391E-4	1.8539409964502687E-4	1.1968359038315347E-7	3.1190670859035456E-7	1.5808557836078543E-6	5.078115196293804E-5	9.093735970860573E-5	0.0	9.093735970860573E-5	3.405840816043598E-8	1.276392167320527E-8	2.4185114662210275E-7	0.0038798959558144874	3.472630843434127E-8
0.030776129051419774	4.540931345719441E-6	3.684338249997211E-11	1.5441264080603366E-5	0.01255688307470143	0.0017238189279519106	5.005426588587387E-6	0.002203014294570637	0.001761308332010364	1.0383733476865605E-6	0.003506611545165416	0.0012417481333695773	0.002248213011400142	2.148985630796788E-5	6.141559008469983E-5	3.9737979262433146E-4	5.697944247933041E-4	0.001832068134165704	2.3143934603859261E-4	2.819537308618486E-4	6.308732546346684E-8	2.875390108220463E-8	1.0239739717195034E-6	4.941667239844333E-5	1.4477933186765238E-4	0.0	1.4477933186765238E-4	1.4154426018817714E-8	5.632512294576773E-9	1.0182325271285035E-7	0.001383411098906844	1.775263339764809E-8
0.0035329604195490703	2.898820187459969E-6	4.873825072809745E-11	1.9100528851774568E-5	5.559798037963012E-4	0.0013712773758482327	2.4082358696457297E-6	0.0029122818733097896	8.563347746318252E-4	1.8020660413698155E-6	0.0065271116081469065	0.0026604724997619897	0.0052851315550918035	4.921826643680587E-5	0.0063297781729612125	1.422929072580649E-4	2.5913941618994213E-4	1.6757888001366232E-4	0.00212266126592332	0.004812819280327713	7.5298209020728E-8	3.344203011980443E-8	9.337856406859304E-7	2.612232712561803E-5	0.002536246338766972	0.0	0.002536246338766972	4.302354294622904E-8	1.4996999690326106E-8	1.3571000871873243E-7	0.0013705092305022286	5.603304519842341E-9
0.002414477830195879	2.6071800156493903E-6	4.462991543813022E-11	1.7601777444658228E-5	3.7233789974748266E-4	0.0010843302030745137	2.519928524540576E-6	0.001877700847607161	9.116300023249156E-4	1.2042106636951064E-6	0.0034523880588725607	0.0016735891157458294	0.0025451646186117204	2.814074425073342E-5	2.05316267252E-4	1.1521686300207626E-4	2.2771430607139036E-4	1.4353242429002047E-4	0.0015358140664407424	0.004074318469684677	7.498691836439573E-8	5.124677849480532E-8	8.968441474944205E-7	2.294928339229209E-5	0.003353700717753399	0.0	0.003353700717753399	9.599755875439959E-9	6.2724333695075235E-9	1.2432932884524158E-7	0.0014391539372012971	6.577710096674781E-9
0.0022941065293566295	2.925814399034612E-6	6.494715495056168E-11	2.6599455329793126E-4	5.332038787388726E-4	0.0017779413970965205	4.122779339856276E-6	0.0021205023238070257	0.005487564558969768	1.2533296376924786E-6	0.003409431601647893	0.0014694777850136037	0.0023687266787849218	2.4907809834175363E-5	1.5459298817786338E-4	2.221636483796754E-4	4.3184366318692037E-4	1.6512273832862027E-4	4.8791515479635993E-4	1.0769140288162137E-4	6.072788869644704E-8	7.252167139384917E-5	4.8100434020753125E-6	6.886333729710445E-5	3.110082931758021E-5	0.0	3.110082931758021E-5	1.0914850079880308E-8	5.849388795829005E-9	1.8095777676384336E-7	0.002384495745875327	7.363146437505463E-9
2.9022101247116306E-7	6.115883337148375E-10	6.805649811934303E-15	2.730162068954221E-9	3.863555611553224E-8	9.561328694667594E-7	1.392287325695727E-9	3.0189908743341405E-7	5.507198084943992E-6	1.0210309913956997E-10	7.08262443482021E-7	1.5817883934684705E-7	2.979916203166129E-7	2.5087981803875275E-9	8.086136680244082E-9	8.991452820738999E-8	4.040072781278243E-8	6.338732869115473E-8	1.2260686941223653E-8	9.481700959144824E-9	3.875098901547298E-12	3.596731115937632E-11	1.0086001798353284E-10	5.60125897970925E-9	4.634184165401411E-9	0.0	4.634184165401411E-9	1.534124559801751E-12	5.72545172474415E-13	1.8829597974294925E-11	2.700641592834716E-7	3.5169623539610595E-12
5.100150255425703E-6	7.5796177847798E-9	5.8938310298565364E-12	4.8725275842810106E-5	1.0042768888019268E-6	6.78075768376139E-6	1.222625097290651E-7	4.760758842909252E-6	7.636699800518243E-6	2.386512250780041E-9	8.696225869868849E-6	3.37256548672226E-6	6.2450046965137335E-6	5.98833090295423E-8	9.957227455268226E-8	6.808663772531887E-7	7.226666665116249E-7	5.071372439024195E-7	3.2829891222458493E-7	2.359938852029282E-7	1.0640278152646996E-10	8.483655347812196E-11	3.651611582519213E-9	7.625584519630698E-8	1.1415578624824087E-7	0.0	1.1415578624824087E-7	4.346479676520523E-11	1.6556525922844812E-11	1.648934053705254E-8	3.5538956820571334E-6	2.194053437009499E-11
1.1510611545456683E-5	2.8617906431545633E-8	1.331219632051957E-13	5.3311986236948543E-8	2.212210285278876E-6	1.1704211725201893E-5	1.3062220750945102E-8	1.1262648663187845E-5	3.893830721198927E-6	5.4497596034413595E-9	2.3370686139742996E-5	6.024783972852635E-6	1.1382125109245848E-5	9.957609260044664E-8	2.755319741189526E-7	1.437553813777343E-6	1.878247211989531E-6	6.496128946987992E-7	5.055769633377047E-7	3.853744030951396E-7	1.5701276943930487E-10	9.723276662273778E-11	3.925579055468549E-9	2.681046371846289E-7	1.868767267769943E-7	0.0	1.868767267769943E-7	6.63280193287319E-11	2.4693474816539664E-11	3.6200198453862594E-10	4.731280813021478E-5	1.6455830665158843E-11
1.731656224227366E-4	2.1059251772557907E-7	2.5378246062726485E-11	1.7383433904803278E-6	7.803233848860326E-5	1.1636445536789339E-4	1.1555368903946859E-7	2.2671874892674372E-4	4.3207836064655294E-5	1.550959210279215E-7	2.457255952509803E-4	1.0089319461750015E-4	1.897143108939797E-4	1.8200249435384458E-6	2.6736810474651667E-6	1.20764109742363E-5	3.3542480690897085E-5	1.02896976855135E-5	8.52571612000136E-6	7.38043697182929E-6	3.843443458461202E-9	8.951051183959701E-10	4.6778473688761234E-8	2.315709107672238E-6	3.654968320984478E-6	0.0	3.654968320984478E-6	1.3796392240799237E-9	5.198108080508278E-10	7.094748747559052E-8	6.259163127594068E-5	1.8528305180173614E-10
5.458447621091724E-4	5.894093311763295E-7	1.0089556853168727E-11	3.979261966528919E-6	8.417503110949382E-5	2.4513613950847706E-4	5.696840790300169E-7	4.24494862371391E-4	2.060935785504502E-4	2.722376442434311E-7	7.804862999351151E-4	3.7835099211170454E-4	5.753893921932144E-4	6.361823788727456E-6	4.6416093862874725E-5	2.6047248961173193E-5	5.147973942963151E-5	3.244860181719697E-5	0.0010934169030283529	0.0025832764761795396	1.6952416348897853E-8	1.1585422464594572E-8	2.0275101451884284E-7	5.188180956345123E-6	0.0032592070289397894	0.0032528934773543867	0.0016327578677451239	2.170231609208279E-9	1.418019241498188E-9	2.810733162276449E-8	3.253517511759779E-4	1.4870312377918396E-9
1.6403990032003979E-4	1.7712571626793875E-7	3.030538413309179E-12	1.2011471513457551E-6	2.5342699447142196E-5	7.377397204527955E-5	1.7137244487640046E-7	1.2766616959631333E-4	6.21049490763572E-5	8.187193238934453E-8	2.346255758741588E-4	1.1369500069715311E-4	1.7299101908331018E-4	1.9120292913920193E-6	1.3929305253322588E-5	7.838488903385888E-6	1.5478072162349958E-5	9.754102035479035E-6	3.2804307996661344E-4	7.749970336030598E-4	5.0910691946347755E-9	3.478195664210291E-9	6.106543737694922E-8	1.5608840205547513E-6	1.9017334076321618E-6	3.974618865657863E-7	8.151263140049649E-4	4.140946930893307E-7	1.3364559166331692E-8	8.442385988792523E-9	9.779144957412481E-5	4.4675970258767213E-10
5.185504101792468E-4	5.599365820860098E-7	9.585039937950433E-12	3.7802834582143374E-6	7.99659535799462E-5	2.32878383225108E-4	5.411976689345198E-7	4.032684753648727E-4	1.9578810151020553E-4	2.5862470777072025E-7	7.414589624470732E-4	3.5943197731374275E-4	5.466176943453072E-4	6.043707962654962E-6	4.409510941995287E-5	2.474478564320426E-5	4.890555309902745E-5	3.082604606671151E-5	0.00876434384648612	0.0024541026484401394	1.6104729881958915E-8	1.1006106475954077E-8	1.9261267862450652E-7	4.928751816910967E-6	5.997849556434896E-6	0.0	5.997849556434896E-6	2.0617116243644333E-9	1.3471127880382249E-9	2.6701856193892595E-8	3.0908290366830736E-4	1.412673917263103E-9
4.383237147955161E-7	5.85792207783323E-10	2.5823520084007797E-13	5.8230697237229E-8	8.620010575154679E-8	2.881541576477591E-7	2.4453904085573146E-9	4.0100625380576876E-7	3.321363331898064E-7	1.8097520309035496E-10	5.113966719889644E-7	3.061615116604624E-7	4.66440496535051E-7	5.280943165588849E-9	7.911593422861725E-9	3.116111620538908E-8	5.7509241771518375E-8	3.120165513868246E-8	2.690753775446329E-8	1.2984842352647556E-8	1.3507005064460145E-11	3.5712722856694963E-12	6.115078966014501E-10	1.7871509440620294E-8	5.8425612227396886E-9	0.0	5.8425612227396886E-9	2.038392422006715E-12	1.2510974552106054E-7	7.22427286867843E-10	3.07307977252351E-7	7.316225410245036E-13
1.109513668998658E-7	1.4115654914599877E-10	2.031479771378683E-15	9.724191460334086E-10	2.9530503868367208E-8	6.532912949882449E-8	1.3501189021076733E-10	1.1155878646458393E-7	1.37335800027515E-7	5.57564388186297E-11	1.2933532535978609E-7	7.851670511586596E-8	1.2028763342191396E-7	1.3592827028529698E-9	2.003665968699768E-9	7.746835081334895E-9	1.8974269982401837E-8	7.442007041434878E-9	8.247815822520452E-9	3.5419312682032327E-9	3.4577001056642083E-12	8.844012017952017E-13	1.3948438592511426E-10	1.5498708391844474E-9	1.5334486503659667E-9	0.0	1.5334486503659667E-9	5.344216323568245E-13	3.23112710362534E-13	5.6501591088863594E-12	1.1686746410232236E-7	1.5714198348610175E-13
1.4624786807926775E-6	3.6481356835575115E-9	1.4406771845500059E-9	7.646211327869386E-9	4.4091208346614895E-7	1.5891213614676136E-5	1.561548198747866E-9	1.5431264927771179E-6	2.3022287962377274E-6	8.206003650927241E-10	2.1851926652913965E-6	6.319919083332986E-7	1.2137913771928818E-6	1.0821326469570445E-8	3.3986187785803113E-8	2.039431142026661E-7	3.739575501263324E-7	1.0226692162299165E-7	6.878961105873913E-8	4.8024813860130576E-8	1.73375096805319E-11	1.3762890682202462E-11	1.926730131422388E-9	6.597748905078993E-8	2.2903892993713404E-8	0.0	2.2903892993713404E-8	1.8806249414393354E-10	2.8856226939176573E-12	4.031194725920765E-6	1.060691226027465E-6	2.8461673968591474E-12
0.03835091395946331	1.7320466550446097E-5	2.8654200287005176E-10	1.1056542459793741E-4	0.003145424267743404	0.007516986549911298	1.4027988614398076E-5	0.02053731640735192	0.00463635923851993	9.452670242138173E-6	0.1579600308257676	0.02801939288069643	0.053867284564594956	4.1435627907502644E-4	3.61490479686507E-4	7.892651050917651E-4	0.0015526050674740128	9.764890888897434E-4	0.001214352595137337	0.0011888876742626906	4.4020388942007457E-7	1.3693112568244018E-7	5.500736203106285E-6	1.5748374997923E-4	5.963862851070132E-4	0.0	5.963862851070132E-4	2.3269768285582062E-7	8.181352682237632E-8	7.977668121482985E-7	0.0077406578491746834	2.4981725255790996E-8
9.685503798968344E-8	1.5550669994875714E-10	3.3882277679690826E-15	1.2095278212681759E-9	1.393683826849127E-8	6.264780660739358E-8	2.986872901814065E-10	8.085496748933393E-8	3.288637876235891E-8	3.406094398824995E-11	2.410227533283789E-7	6.208171716880134E-8	1.0995324655568462E-7	9.92714881320715E-10	2.235187836767968E-9	7.129590619629889E-9	1.0843584640539557E-8	7.45082697253089E-9	4.5634040526891665E-9	3.2213812558370284E-9	1.7765154892861875E-12	1.9327184484085765E-11	3.754883976124925E-11	1.3694829756960659E-9	1.56358881022174E-9	0.0	1.56358881022174E-9	5.061493642696229E-13	2.198720418800529E-13	9.434174685441159E-12	1.29750463559376E-7	1.2223540563555828E-13
