32
NULL,munmap@munmap,madvise@madvise,mmap@mmap,lstat@__lxstat64,openat@__openat64_nocancel,fstat@__fxstat64,time@time,open@__open_nocancel,read@__read_nocancel,mprotect@mprotect,rt_sigprocmask@__sigprocmask,exit_group@_exit,rt_sigaction@__libc_sigaction,sched_yield@sched_yield,write@__write_nocancel,syslog@syslog,getpid@__getpid,writev@__libc_writev,close@close,open@__libc_open,read@read,close@__close_nocancel,mremap@mremap,stat@_xstat,socket@__socket,fcntl@fcntl,connect@__connect_internal,getdents@__getdents,lseek@llseek,getrlimit@__getrlimit,write@write
0.757336881798827	0.01083693284720183	3.418062794591369E-8	0.006778373448975795	4.405171307709522E-6	3.454758839454968E-11	7.67283254304477E-5	0.0026799267127066936	0.011228554371688706	6.241860874987884E-4	6.2033373837808764E-6	0.12698543342710708	0.029958570208926262	0.05515524893366566	4.8091101008246437E-4	2.5053047703316324E-4	0.0013175387138680305	0.0015446294233572421	0.002506503421727478	8.302572204735043E-4	6.719075452805044E-4	1.0165804560077354E-7	2.075851422171514E-8	1.456108398845709E-6	1.943038038183393E-4	3.298410416049953E-4	0.0	3.298410416049953E-4	1.8822948978118124E-8	7.474736351146769E-9	9.532902322430303E-8	0.002143221897330307
0.011039513917359906	0.008574622442734752	4.825149350625017E-9	0.009411066089845533	3.561761351111116E-7	1.2636451030285497E-11	2.1943661704278634E-5	4.8079824598252574E-4	8.734312996660836E-4	5.1943209452421934E-6	0.01517736946037519	0.005617646873963842	0.0018570798406919095	0.0036012438145145475	3.3047788088968356E-5	5.0083911549843964E-5	4.4138329725485875E-4	5.626485806478525E-4	3.1504449745427954E-4	1.0661382909209832E-4	7.465798788953228E-5	1.931797761547836E-8	5.9139089066860694E-8	1.1509344669091562E-6	1.640798854397133E-5	3.589032794599895E-5	0.0	3.589032794599895E-5	1.8427123723622501E-9	6.412133731729273E-10	3.5300750028430614E-8	7.702693962105246E-4
5.01423318425316E-8	4.1647058222139354E-9	1.0568079330903725E-14	2.8143838226565865E-9	2.294387622993878E-12	8.715864553017238E-17	1.488547826984026E-10	1.1162832451205749E-9	3.5392485784933563E-9	2.2187317384884553E-11	2.466263356408509E-12	3.524681984133114E-8	1.0549719085507642E-8	1.832434341180648E-8	1.7458362200880298E-10	1.8862723994005374E-10	5.264642613126833E-10	7.482562223118475E-10	1.3782451166216873E-9	4.2078440834445406E-10	2.963562459139917E-10	4.885423150607624E-14	6.262028949275E-13	9.91594380489623E-13	8.548486541692958E-11	1.4454123193374228E-10	0.0	1.4454123193374228E-10	6.129529573027216E-15	2.772550835161874E-15	2.433035823651977E-13	3.976892304117733E-9
0.0033491070404120344	0.027104787098790602	4.611727783290137E-9	0.02635123484709425	2.2310087584613912E-7	3.1435665173484486E-12	7.73848852866911E-6	1.2999727193716866E-4	7.958042486165744E-4	2.6581694020158077E-6	0.008130801300217311	0.0032699877291962227	9.87887041510521E-4	0.0019088946507198684	1.7247206054855588E-5	6.40693172157826E-5	7.447660959701778E-4	9.553414386943692E-5	2.4129428393659597E-4	5.314928212406827E-5	4.484726831833536E-5	1.0895734696745549E-8	1.636440701319334E-8	1.1481780200940335E-7	9.976294737581025E-6	2.2025845159003546E-5	0.0	2.2025845159003546E-5	9.34018114412011E-10	3.2437479590512486E-10	8.75487618201697E-9	2.2611807527299008E-4
1.1879893997193869E-6	1.3493203078633775E-6	2.5673339394474937E-12	2.54006428840879E-7	8.026729196153947E-6	3.009997751099242E-6	8.644111416409637E-9	2.2158352316842503E-7	6.477843490289054E-7	1.7725118406568085E-8	2.015303678614793E-10	1.2322354216539322E-6	3.2505112953029793E-7	6.292901714077662E-7	5.5125999712759E-9	6.11015594844953E-9	6.973881308948253E-8	2.4771712701262683E-7	6.090231918977685E-8	7.920919784201592E-8	1.6000020812491212E-8	1.3414224830017759E-12	1.3196560961111179E-11	7.068499095590665E-10	6.652723939683512E-9	4.563695141674685E-9	0.0	4.563695141674685E-9	2.765960262043565E-13	9.86290163242706E-14	5.757852565241315E-12	5.518031072028018E-7
5.4062120123287336E-8	1.3929020860420465E-7	3.1360556750601273E-13	2.4314731990278282E-8	8.356030592009689E-12	1.0739264699660939E-15	1.5483014393704044E-6	2.060885604230938E-8	7.786643237531716E-8	4.143543570282885E-11	1.9108103487903042E-11	1.3144645210874624E-7	3.300194654851228E-8	6.390678225384399E-8	5.529541817451143E-10	6.716211294583609E-10	8.001153373079838E-9	2.2698844298062275E-8	6.097273282546868E-9	7.154326562106146E-9	1.4261860928211327E-9	1.3369098988996377E-13	1.7583504531955228E-12	6.384208527170116E-11	6.005736818639935E-10	4.0360190211925877E-10	0.0	4.0360190211925877E-10	6.969954018239894E-11	9.689154404803437E-15	3.0024754804319454E-12	5.220183269803927E-8
5.3649073794070275E-5	2.967974176879923E-5	9.508913572255531E-11	2.505213129777249E-5	4.470994435774083E-9	1.9194106259561834E-13	7.98985449688991E-7	3.948083661084277E-6	2.4465432610615456E-5	9.383594486354893E-9	9.122464466199236E-9	1.0372626999408493E-4	3.808980761606616E-5	7.176472782852535E-5	6.807448187669335E-7	4.5769304182225674E-7	2.275232454754251E-6	2.180418580103984E-6	3.894661804724525E-6	3.510842590235595E-6	1.108691992132021E-6	1.5986037371253794E-10	3.1952098802907785E-10	3.539084873595612E-9	1.819429289573056E-7	5.32550932596879E-7	1.4109355852698514E-7	5.32550932596879E-7	5.294462344870954E-8	1.6687889027829926E-9	5.358980611398489E-10	6.148046706357204E-6
0.001129015260982692	7.281494018418436E-5	8.565714291812522E-10	0.003068618245316462	1.8600079995329737E-7	1.2045591574032182E-12	2.90842468187855E-6	7.390325600656543E-5	0.004602980552522016	4.522460970004477E-7	2.265870417613594E-7	0.002668939016453668	7.604333588579913E-4	0.0014869349208538722	1.3191962600750374E-5	7.837383776743083E-6	3.5406724500813787E-5	3.4396171585981364E-4	4.042891280027661E-5	2.6518886067320555E-5	1.935916201425917E-5	5.427513072796669E-9	8.324486347521951E-10	4.7593862227389474E-8	5.464790990100131E-6	9.484127856031434E-6	0.0	9.484127856031434E-6	7.121895842242208E-10	2.469685427013905E-10	3.313719426098825E-9	6.578289939876799E-5
0.003999739660032809	5.48725114402412E-4	1.6679319029536438E-8	0.004907335691801881	3.9925788083334556E-7	3.2767929604745675E-10	1.1431194083727504E-4	3.3973900725024547E-4	0.005038913223560717	0.002039339432923165	1.8412900981613913E-6	0.005886759596244278	0.0015338281268982598	0.0028409579784018936	2.5358250742541327E-5	1.9989091565486897E-4	0.008579799433680792	2.1868568171459145E-4	1.1928745954204263E-4	9.96841610790936E-5	3.9556528136641407E-5	1.5439841782110463E-8	1.0521229169974928E-5	3.085791243048636E-7	2.1093777614645526E-5	1.6768425812850908E-5	0.0	1.6768425812850908E-5	1.1665970972975776E-9	4.217086624463604E-10	7.427292481650852E-8	5.939369482677089E-4
1.6658051757421734E-4	1.57366436563603E-5	1.3905684184158008E-10	2.3031075078362538E-4	9.457609248074505E-9	2.6360134570414416E-10	5.490270291095744E-7	1.0476880986517464E-5	8.02222313864234E-5	6.216686776914592E-6	3.229155587133392E-8	5.791551005577284E-4	1.1539352110030551E-4	2.2383216408362297E-4	1.8068452294803548E-6	9.754100616351455E-4	2.2772918118885696E-6	5.691009492232838E-6	2.9203431053593226E-6	5.362113986479591E-6	2.260019195300261E-6	5.175864918757212E-10	1.8183584996637538E-10	1.552783506934329E-8	5.235969264099756E-7	9.672596445896363E-7	0.0	9.672596445896363E-7	1.1321948999568189E-10	2.7802978984870176E-11	5.703336000762599E-8	2.369162410550451E-5
0.001174569952791601	0.01172457686830264	8.59205980959572E-10	0.003614500350377469	1.4486760202601544E-7	1.1665886462510747E-12	4.56443880028785E-6	9.388185628802773E-5	2.3196414344135637E-4	1.721062674832728E-7	4.066245220431449E-7	0.0023489887773603863	8.718925303555007E-4	0.001727780015452873	1.5991500725214676E-5	5.560676317129592E-6	2.3908842370935984E-5	6.883276530928198E-5	2.6653482054934727E-5	3.1209325054692336E-5	2.2540748297700165E-5	1.204380280271273E-8	6.062324079941258E-10	6.156228035006724E-8	4.06755605061362E-6	1.0898215478332747E-5	0.0	1.0898215478332747E-5	9.809008960766125E-10	3.2843445670797935E-10	3.245553392918131E-9	8.907550318312282E-5
0.08449705182953403	0.0013879985530464332	2.409181906706039E-8	0.006888967549508539	3.1949104043265593E-6	4.7818102417229286E-11	8.477479646099886E-5	0.0024024929068190925	0.005338448868545232	5.5331702388452945E-6	6.212647935063416E-6	0.08408481231852967	0.07343649212495128	0.13473206106699892	9.935969360381582E-4	3.161510426899224E-4	5.76989519483943E-4	0.0013667593332630085	8.56858058541617E-4	7.391710648384353E-4	5.579608143645115E-4	1.4557859013343366E-7	2.8507799846386765E-8	1.0364433883336401E-6	1.3227685620112163E-4	2.738529794906122E-4	0.0	2.738529794906122E-4	2.2137896407851413E-8	9.293942107329992E-9	1.3303456245458495E-7	0.0015681767076443308
0.08382535837664985	7.685349858151453E-4	1.7637557837120316E-8	0.004431359289023908	2.1277064436735205E-6	2.3189958485668215E-11	4.078595760260444E-5	0.0011105926898447936	0.0036693746860896144	2.3300827700244897E-6	3.219825483788095E-6	0.05974618305109029	0.011915784624223338	0.022985184305249557	1.860662479964031E-4	2.8002817524074833E-4	3.9662061490735364E-4	8.396837232950658E-4	4.3054199614916033E-4	2.856623091081789E-4	2.1797384854278367E-4	4.90933695612687E-8	2.469186584140775E-8	5.193713650080892E-7	1.065720091955573E-4	1.0660182955791844E-4	0.0	1.0660182955791844E-4	8.109296724171875E-9	2.833514319668184E-9	6.423704414626197E-8	8.424803915795487E-4
0.07833364583894824	9.365089841433196E-4	1.930951739175814E-8	0.005119898314645234	2.343088089561113E-6	3.014206679837886E-11	5.3519551654550545E-5	0.001545185205681196	0.004099168828297191	3.4304349898563715E-6	4.323916603728991E-6	0.06793148056338946	0.07095913519038065	0.06188091911531546	0.0012278787083932156	2.7278139337184496E-4	4.416735685644421E-4	9.690729927502747E-4	5.594763018822886E-4	4.564072527161321E-4	3.8016154978028007E-4	7.810268250254847E-8	2.4320177365396122E-8	6.631145547485996E-7	1.0808738812781913E-4	1.8827378622921517E-4	0.0	1.8827378622921517E-4	1.526850891716602E-8	5.590512049299097E-9	8.369486216509287E-8	0.001034847059233024
8.437947789910537E-4	9.48302910908869E-6	1.9648341617295345E-10	5.169873172894483E-5	2.4377447455118298E-8	3.026725203046226E-13	5.346940000292207E-7	1.4917667656034244E-5	4.174988505255068E-5	3.272307205694939E-8	4.1290842018085654E-8	6.753420570061467E-4	7.71637313960166E-4	6.262267349145363E-4	3.92246653288893E-4	2.9137026249789324E-6	4.5103084373398904E-6	9.933131117497676E-6	5.5492966103767464E-6	4.20849455152344E-6	3.25038774581084E-6	7.646099525454465E-10	2.587849362209575E-10	6.6810514746151756E-9	1.1429726866432795E-6	1.5957311818228427E-6	0.0	1.5957311818228427E-6	1.2590493402652036E-10	4.79372160984928E-11	8.400482084052706E-10	1.0514483083370178E-5
2.030863662396151E-4	8.036405649939661E-6	2.0227252227823837E-10	3.534238375212907E-5	2.831587554184593E-8	1.6845395126251136E-13	3.4109999894507256E-7	8.994517110242083E-6	0.0023159180790272966	2.9073163705934143E-8	3.310103814314711E-8	7.812361056778049E-4	1.4960342128904913E-4	2.899386461754906E-4	2.3087738574494316E-6	9.767332123760942E-4	3.416568928956873E-5	9.396879895773097E-6	6.297355751643716E-5	3.087443509448298E-6	2.469732365338109E-6	4.2598628622784156E-10	2.944568903965265E-10	5.262304688776116E-9	8.084456930201149E-7	1.2139067575324845E-6	0.0	1.2139067575324845E-6	9.829157446722363E-11	3.4345884703611524E-11	4.614795102720019E-10	8.848419331061462E-6
0.001399966624655369	1.055422218288038E-4	6.489155050428014E-9	3.2083416075497773E-4	9.801108229305567E-8	1.913560134685106E-12	5.478548231705449E-6	1.6740688955164777E-4	2.390511582283006E-4	4.2006498180225564E-7	7.871682611910029E-7	0.0026881049829143447	6.840873407103863E-4	0.001277436385423067	1.128912684713258E-5	2.149453025337514E-4	2.5687860713046395E-5	7.137784600688207E-5	3.917569972827291E-5	2.0218192889377097E-5	1.4272926095796524E-5	6.484143462462617E-9	9.928506601223311E-9	4.480100223079832E-8	3.760542346675442E-6	6.915665163508147E-6	0.0	6.915665163508147E-6	5.055521034923131E-10	1.8799292505187941E-10	5.336084264818372E-9	1.1690236040078456E-4
0.005010742586258324	2.9660529533296633E-4	6.805428786494533E-10	1.5534659410652878E-4	9.961231256708944E-8	7.281035828297443E-13	2.92094153308458E-6	0.0019268218849437858	1.1636139598573398E-4	6.015861854747926E-6	1.1656895501193647E-7	8.234976041636697E-4	2.472013044622877E-4	4.766375609962725E-4	4.305565962752932E-6	7.922967499223602E-6	7.019778352670805E-5	2.6184840600127068E-5	4.954519358302145E-4	5.508116745077114E-5	6.49781954489548E-5	1.1223171504893582E-9	1.168367053098372E-9	8.803189291599151E-8	1.1988253908183518E-5	3.305717589418171E-5	0.0	3.305717589418171E-5	2.2265109696442243E-10	8.030021474920125E-11	2.023886505646164E-9	1.328031270335638E-4
7.331237078685915E-4	3.310302010812863E-5	6.745756608237825E-10	9.837775957232317E-5	3.839571494963162E-8	6.98703550307164E-13	1.4149640611068426E-6	4.0939669997665105E-5	8.625424321166879E-5	1.0699776176054269E-7	1.3706194055776107E-7	0.0013920624016953529	5.372927685459664E-4	0.0010789357121040604	9.977884746862964E-6	9.88555030399218E-4	9.037315365810606E-6	1.870036052506899E-5	1.4321050846401742E-5	3.1405291693643655E-4	7.355459701889009E-4	2.1181117034671573E-9	9.41354721115804E-10	1.477544838414527E-8	1.4102939513967662E-6	3.8786923238665565E-4	0.0	3.8786923238665565E-4	6.07010669567868E-10	2.0897157948238316E-10	1.9470747479798565E-9	2.4985308659828144E-5
5.461451354461903E-4	5.338537053937436E-5	1.045947036319174E-9	7.337678715095356E-5	3.995755525817184E-8	7.787613520147275E-13	1.7275777048732944E-6	3.342078914875182E-5	8.576479451519669E-5	1.0464039796989995E-7	1.2782682189262212E-7	7.563622620500018E-4	3.616698880678946E-4	5.505941856727627E-4	6.1218450268431206E-6	2.9111986444979252E-5	8.999664686359718E-6	1.9542056099661697E-5	1.5237540930825284E-5	2.314321301006751E-4	6.346481680291624E-4	2.4809166309344054E-9	1.8667695158909217E-9	1.6129073902001615E-8	1.304662184009565E-6	5.239793436695679E-4	0.0	5.239793436695679E-4	1.442936319159457E-10	9.366377868728161E-11	2.1717464727062854E-9	3.194545323670882E-5
5.090968308437846E-4	6.41549057273519E-4	1.0809444728363546E-9	1.1987465264635121E-4	4.321675407970589E-8	2.040067532999119E-12	5.5252195094305097E-5	9.414719723357742E-5	1.675226927304886E-4	9.824526559879615E-8	1.3266727288084167E-7	7.917614354975558E-4	3.3149326188602565E-4	5.379397567779553E-4	5.654745179523322E-6	2.116201893677593E-5	2.1770797347161522E-5	1.1295679742350952E-4	1.9114724401526906E-5	2.3167549117769054E-4	2.7590965506818056E-5	2.089516318658628E-9	1.049565650369083E-5	4.791471452682083E-7	7.939906600456435E-6	2.5312687659126898E-6	0.0	2.5312687659126898E-6	1.740198505266482E-10	9.141868017286824E-11	5.698587387220658E-9	1.607555803004559E-4
2.2917294779109505E-8	4.089106898119943E-7	2.3250873065283094E-13	5.88916514507165E-9	4.818014903890804E-12	2.2871718160827224E-16	4.54132651937048E-10	2.118997474301049E-9	5.517130190714843E-8	5.002509872025996E-12	4.661321319811267E-12	7.074788774295808E-8	1.5441296109080758E-8	2.9358826924295705E-8	2.463657048213195E-10	5.519217281302681E-10	5.109661144742596E-9	1.5599548968806828E-9	4.9799501139296475E-9	6.411830450795641E-10	4.5644114602267003E-10	6.173304014103976E-14	1.8257545822683785E-12	1.6688744565613968E-12	1.2362477484521076E-10	2.2674811081142137E-10	0.0	2.2674811081142137E-10	1.0617479239474078E-14	3.878345575446072E-15	6.386692369334628E-13	9.475547372290184E-9
8.165056149387365E-7	5.65037349276186E-7	2.2361393589750706E-12	1.5029054406521428E-7	7.717564940391916E-11	2.0150030494116003E-13	7.328552380712573E-6	7.272575967321948E-8	5.349084649760105E-7	2.639958825178944E-10	1.4524030806871328E-10	1.6188064622078748E-6	5.908516312926825E-7	1.0938281172461277E-6	1.0462213776259202E-8	9.054815902245564E-9	5.134577761367173E-8	5.1328965792636016E-8	6.107948230215538E-8	2.3908348232151392E-8	1.5154059362053586E-8	2.594435689314481E-12	8.595276699405737E-12	8.27049667111209E-11	2.9060979106229507E-9	7.294194829781258E-9	0.0	7.294194829781258E-9	5.271804862034944E-13	1.9544446243783814E-13	5.638028884844027E-10	1.0587173391902775E-7
3.6666925254609127E-7	1.9211099542508153E-8	2.9857586140017806E-13	1.2566661018913068E-7	6.524363251008076E-11	4.806812391421624E-16	7.357198165166691E-10	4.168969530915481E-8	1.2701211946864536E-7	5.302826097889926E-11	9.511268997834378E-11	1.0253674356114274E-6	2.420161125563693E-7	4.6414261309255654E-7	3.968862914911584E-9	3.229826249951261E-9	1.8816551448424984E-8	2.1770761485230537E-8	7.918367133482913E-9	7.163314848794968E-9	4.769964160456321E-9	8.548249965216516E-13	3.755567422523368E-13	1.5136568669630444E-11	1.8613625198015202E-9	2.2803034555143573E-9	0.0	2.2803034555143573E-9	1.8328656690264011E-13	6.639046055948973E-14	1.3216419962005502E-12	1.4681832579643156E-6
2.9506178347515557E-5	1.455651270407699E-6	2.897198478576273E-11	1.9747733932197266E-5	2.863824192404729E-9	8.297787869417767E-13	1.9727619170655005E-7	1.009713039278703E-5	9.728629287442069E-6	3.987285739674184E-9	1.809937421217155E-8	5.836474808340907E-5	2.1252038090606603E-5	4.016133757986516E-5	3.798321015596586E-7	1.7384905708529059E-7	9.896866039658425E-7	4.003445745786038E-6	9.676569877351204E-7	5.993264270715601E-7	4.827529840615515E-7	1.9994963865332253E-10	1.6729966315636105E-11	9.033015879980944E-10	1.528438597809987E-7	2.383726429184967E-7	0.0	2.383726429184967E-7	1.952878980555266E-11	7.286534544394935E-12	2.3210013222241876E-9	1.1792704562852553E-6
1.2362818909704675E-4	1.2084567849993632E-5	2.3676550194478595E-10	1.6609942245484317E-5	9.04499474867853E-9	1.7628434733185595E-13	3.9106304864983876E-7	7.565298794207957E-6	1.9414139781213274E-5	2.368691909765384E-8	2.8935500316436995E-8	1.7121394197023627E-4	8.186945545880176E-5	1.2463531482210274E-4	1.3857723615601405E-6	6.58992507381566E-6	2.037208394492651E-6	4.42363801595113E-6	3.4492455562149334E-6	1.6979315076335046E-4	4.0448011575699864E-4	5.615929604439411E-10	4.2257069114999833E-10	3.6510587033534216E-9	2.9532994973965936E-7	5.10889917276123E-4	5.104059733828852E-4	2.5568655047159136E-4	3.2663035569909885E-11	2.1202214999778753E-11	4.916074847374382E-10	7.231330658994503E-6
3.710141433575116E-5	3.6324761297160114E-6	7.104903264416839E-11	4.987981730235372E-6	2.714434692163176E-9	5.290480139414028E-14	1.1757962678784594E-7	2.27247404817027E-6	5.829313808617406E-6	7.107924844680774E-9	8.685287604551423E-9	5.13888505490822E-5	2.456972763916327E-5	3.740829087713844E-5	4.1589436138421324E-7	1.9770471959241694E-6	6.116932575575444E-7	1.3286841554753228E-6	1.035251909768413E-6	5.093845038655336E-5	1.2134405910646592E-4	1.68512892554226E-10	1.2684418992494292E-10	1.100381331651888E-9	8.872709697852309E-8	1.4529792418487537E-7	1.4007646061256352E-8	1.2774698132645088E-4	1.4580589893953808E-8	4.6233834405918493E-10	1.475365602271374E-10	2.172585244899252E-6
1.1744630088283076E-4	1.1480292659105509E-5	2.2492630995551838E-10	1.5779380809972513E-5	8.592709983829238E-9	1.674694472910076E-13	3.715083817965849E-7	7.18700455731491E-6	1.8443357609451355E-5	2.2502481413413964E-8	2.7488613245736564E-8	1.62652581832991E-4	7.777566564030205E-5	1.1840306642146461E-4	1.3164783769755223E-6	6.260403300149552E-6	1.9353400855268854E-6	4.202438984286113E-6	3.2767699209440524E-6	0.001373513886539934	3.8425454358979573E-4	5.335111376112063E-10	4.014405201560457E-10	3.468491629189182E-9	2.805623085654653E-7	4.5974482446776287E-7	0.0	4.5974482446776287E-7	3.1029757301378083E-11	2.0142022142634193E-11	4.670252067139924E-10	6.869736122178588E-6
2.7149383400486826E-8	6.313698110443185E-9	1.7296933264767143E-14	3.757819117125644E-9	1.675136808493342E-12	8.628162033516137E-15	2.0080782086950387E-9	2.0718413533150427E-9	4.851645963874186E-9	4.548440119667292E-12	3.173928111999256E-12	2.7938845468936905E-8	1.4866388094385848E-8	2.2742002369362415E-8	2.555133714356907E-10	1.1637454680330669E-10	5.257968651387142E-10	1.7139630642875066E-9	6.329980559202651E-10	7.169077167740838E-10	2.2878491862062645E-10	8.850440569134964E-14	6.113043771168071E-14	1.4627456595583703E-11	8.039950884550108E-10	9.070099970141896E-11	0.0	9.070099970141896E-11	7.538257540642302E-15	4.409170537480027E-9	2.4142319752218334E-11	3.2183825234129822E-9
5.4690104428271365E-9	3.3906164435176024E-9	3.940031710664515E-15	1.3711355217117028E-9	4.4522519714946883E-13	7.767964762756806E-18	3.617324407556239E-11	1.0504158013475656E-9	1.1103096779836169E-9	7.776314543853816E-13	1.1522961559249035E-12	7.302711794143968E-9	3.87412029989241E-9	5.976221595908841E-9	6.67853065285473E-11	3.138241073517866E-11	1.4433282146970125E-10	1.0508938199870368E-9	1.5475199985010626E-10	3.6043063812095426E-10	7.875602835932552E-11	2.3186804321459265E-14	8.570318657168916E-15	2.8197337587769468E-12	3.057714188062351E-11	2.4633095010621768E-11	0.0	2.4633095010621768E-11	1.7645279206634848E-15	1.0694765604485526E-15	2.163606178011619E-14	2.0658452419408616E-9
7.036277901215744E-8	6.009441387477143E-8	6.691650470765417E-14	2.221454073351982E-8	1.028811813057033E-11	4.949737249954616E-11	2.345085516726759E-10	1.8005303921725817E-8	5.13171640717153E-7	9.701735250414167E-12	1.7971496862965436E-11	1.3469418444854083E-7	3.269246048502633E-8	6.348025104243122E-8	5.437368964301061E-10	4.992749177735576E-10	3.366205570896921E-9	1.9721709049824807E-8	2.1162708530572575E-9	1.959345948314406E-9	8.397164343895619E-10	1.1657559620887273E-13	1.8682936178754095E-13	4.029148041948579E-11	2.188684908809808E-9	3.6285161078473733E-10	0.0	3.6285161078473733E-10	6.214176826853022E-12	9.4188815951346E-15	1.3849987408045253E-7	1.4463820857985222E-8
0.0014076414573120331	2.5672239053602923E-5	4.6276557322303865E-10	1.6452091972284368E-4	5.274920960742396E-8	8.610859341718183E-13	1.7023567038869737E-6	5.275780073797063E-5	1.0469442398610923E-4	1.1691999430372037E-7	1.415564508098533E-7	0.006024807804652905	0.0011297856938928973	0.0021972977588360365	1.7336043517597052E-5	4.681491661410504E-6	1.0692618486043686E-5	2.3953105537731165E-5	1.9355181232905467E-5	1.799943611672387E-5	1.7367122442541784E-5	2.561019808781451E-9	4.5395597402505206E-10	1.8714403771016714E-8	2.0613903649169204E-6	8.754446160790063E-6	0.0	8.754446160790063E-6	7.350689860178085E-10	2.552635007128414E-10	2.3975510171365103E-9	2.783379164949239E-5
