32
NULL,munmap@munmap,madvise@madvise,mmap@mmap,lstat@__lxstat64,openat@__openat64_nocancel,fstat@__fxstat64,time@time,open@__open_nocancel,read@__read_nocancel,mprotect@mprotect,rt_sigprocmask@__sigprocmask,exit_group@_exit,rt_sigaction@__libc_sigaction,sched_yield@sched_yield,write@__write_nocancel,syslog@syslog,getpid@__getpid,writev@__libc_writev,close@close,open@__libc_open,read@read,close@__close_nocancel,mremap@mremap,stat@_xstat,socket@__socket,fcntl@fcntl,connect@__connect_internal,getdents@__getdents,lseek@llseek,getrlimit@__getrlimit,write@write
0.7831715664517729	0.06270618775380873	3.6380671813109643E-7	0.00852585625403239	4.213372580277422E-6	1.4902009819809992E-11	1.927290638134431E-4	0.002139553202659176	0.09148693804534505	6.079102114130292E-6	2.755925278975986E-6	0.021061314733463368	0.004493267584658783	0.008468637647842326	6.876991418712935E-5	0.0010741440639484845	0.009191964323737402	0.007598664956483152	0.005719199823286779	0.0016044368687629295	0.0012604475971447733	1.1181534154706662E-7	0.0	5.772606314510784E-7	6.726961281764214E-4	6.196327497192353E-4	0.0	6.196327497192353E-4	8.903554702259035E-9	3.258355304398016E-9	4.015343687845677E-8	0.0010043902987628638
0.06463397794588652	0.029816078551685977	1.591260349871493E-7	0.022095631866811027	1.624547217669484E-6	1.827847185845661E-11	2.269370821375263E-4	0.004802430949927982	0.022651908687190407	4.436485698147065E-6	0.03129241878244768	0.011171571380197011	0.003381628124334489	0.00643171348791497	5.707243274987312E-5	7.544317423043013E-4	0.006076738724719793	0.008645779511430113	0.0023112543610886043	0.001487681403165449	0.0012181229656905278	1.621643601524246E-7	0.0	2.2926942152844523E-6	3.326909062972288E-4	6.017495093750618E-4	0.0	6.017495093750618E-4	9.129268277103217E-9	3.2815015743579833E-9	5.0701114243749786E-8	0.0012073258238712728
8.421250368992323E-7	1.8753753093451868E-7	2.650785337260662E-12	1.117896327272095E-7	5.302432732789101E-11	4.1661603298588603E-16	5.46487640439094E-9	5.2419295047375306E-8	5.399173528462168E-7	9.907555014122414E-11	5.358212916124344E-11	3.024409556025693E-7	1.0312561097228936E-7	1.70869904785048E-7	1.6655009819629589E-9	1.5380396134942966E-8	6.038450105799955E-8	1.1537363147517968E-7	4.733260136749402E-8	3.579974773981265E-8	2.279483488999366E-8	3.902664377902737E-12	0.0	1.1481024544652111E-11	9.839160917966948E-9	1.0996073456751677E-8	0.0	1.0996073456751677E-8	1.5919197621355936E-13	8.052427512320425E-14	1.1494968560481727E-12	1.9538654589609724E-8
0.005112560140653522	0.0585910209501094	9.189385139904063E-8	0.05599122788196539	1.3984599800316976E-6	8.464859129078783E-12	1.714014072560066E-4	0.0015818529031950345	0.006549573243789415	2.000118026677564E-6	0.016764505197703505	0.008995952476113154	0.0025991085589287697	0.004951351488706524	4.346069634851563E-5	9.586862280792256E-4	0.009089323764715454	0.00251523359715228	0.010325108005002321	0.0016387196885791957	0.002006578434749301	1.1112073736680208E-7	0.0	3.8583714985509707E-7	7.50346093630827E-4	0.0010230464151518616	0.0	0.0010230464151518616	6.856779776326775E-9	2.4624274861829245E-9	2.3476135363957896E-8	6.103827185749454E-4
2.5842084509427323E-7	1.4296123179531096E-6	7.0666893253697866E-12	5.688911396241474E-7	1.6925806203686768E-5	6.347137070400094E-6	4.09561498384625E-8	8.9500421498972E-7	1.2807381885973356E-6	1.8257179523995809E-6	3.5942439901611766E-10	6.620764379397222E-7	2.4246683230284696E-7	4.6241614828948583E-7	4.247853908549162E-9	3.679805824464511E-8	1.4017999765429906E-7	1.3459829532746398E-6	1.1601504015652541E-7	4.5191459162909646E-7	1.2609003252389856E-7	7.888599960798214E-12	0.0	7.330781125040649E-10	6.241715150709574E-8	4.6737489140278235E-8	0.0	4.6737489140278235E-8	7.111574534323981E-13	2.590312366990277E-13	2.946475881558135E-12	7.91006885779467E-7
2.3002427993881276E-8	1.2847775019421077E-7	6.243620452381729E-13	5.072598425563484E-8	1.130001400779167E-11	1.7356823181877934E-15	3.2667493791407376E-6	7.747246830439499E-8	1.0432990829457301E-7	3.435587022892874E-9	3.2208251854065304E-11	5.836053248394889E-8	2.145558375658539E-8	4.095201319310703E-8	3.7628438797137815E-10	3.275158789490797E-9	1.2539944656432256E-8	1.2084887848040787E-7	1.0137951017265116E-8	3.991330803881735E-8	1.121769751408359E-8	6.973736434651562E-13	0.0	6.534303691497924E-11	5.434081723123504E-9	4.142665944768133E-9	0.0	4.142665944768133E-9	1.3895616901214628E-10	2.2992208112818982E-14	4.853024062903368E-12	7.104229017535233E-8
1.4655182165097816E-4	1.723104877766323E-4	4.184893351912146E-9	2.0171233230530095E-4	4.977504284950183E-8	1.0516003769112053E-12	1.2516671684237252E-5	1.1139146524532243E-4	3.2172080667737264E-4	1.4467184774263967E-7	1.3348392029510835E-7	4.972363765191414E-4	2.2227183783336786E-4	4.1467038316480486E-4	3.969934467006792E-6	2.089436613196887E-5	3.5651553785531376E-5	1.5372489499425763E-4	7.619268205212622E-5	1.1985643487932355E-4	8.304211531284564E-5	7.607418035461255E-9	0.0	2.859015042794204E-8	1.2967025796158505E-5	4.1267359554765366E-5	2.975218688646245E-7	4.1267359554765366E-5	1.1222081129389085E-7	3.737480448476947E-9	2.932367844877678E-9	5.127681382912278E-5
0.0038606225427907093	0.0018516881190060819	9.92631603169166E-8	0.010596729214935673	2.451778316561146E-6	1.5393531988869304E-11	2.0895109721589408E-4	0.0021990057428932217	0.0286269772655782	6.929695289729118E-5	2.7687643303859748E-6	0.011462540582387269	0.00408545561558325	0.007853041392669713	7.152616939121168E-5	6.48386514586741E-4	0.0022749946031269718	0.008246618427503195	0.0017291839243160035	0.0017671780892465465	0.0015826398697750513	1.4062295957361162E-7	0.0	4.7576502085112885E-7	4.507995769262033E-4	7.916483829186261E-4	0.0	7.916483829186261E-4	1.2194713029045271E-8	4.3775447190733175E-9	4.227093263558888E-8	7.960780049298501E-4
0.03691365225966404	0.009128926825666323	5.074433755819893E-7	0.04740908008884521	3.9286368150490155E-6	6.629872089587489E-10	9.006654970049041E-4	0.004704472540586973	0.0472117089745168	0.02353242228727482	8.39684971998618E-6	0.026574428668915066	0.006338169826246564	0.011939098645135211	1.0035737909532321E-4	0.0031309871074641947	0.10188376280191377	0.008576233553866143	0.0028714460179496224	0.0024967057326648855	0.001890600322245861	2.2408525097546876E-7	1.1671534147052214E-4	9.768041090939367E-7	8.066627943760916E-4	9.253845308736058E-4	0.0	9.253845308736058E-4	1.4029099895696583E-8	5.105308328598122E-9	1.742599786828341E-7	0.0017845462506050054
5.618288865033312E-4	2.0088726645089964E-4	1.192039901182143E-8	7.670278017821879E-4	1.0386854903516637E-7	5.270852632814946E-10	2.3704835953367203E-5	2.376311034085096E-4	8.40510511401802E-4	8.817904304532665E-5	3.100935627863838E-7	0.005243307159824405	9.120833489070458E-4	0.001732855155816469	1.2978514845258045E-5	0.011171705695221572	7.779086922168959E-5	3.295797083853002E-4	1.3206470106635448E-4	1.971503436144306E-4	1.805844433960932E-4	1.6057621428681226E-8	0.0	5.3720455224819574E-8	2.654567308509655E-5	9.040898689745355E-5	0.0	9.040898689745355E-5	1.5287599275248228E-9	5.16849899928764E-10	1.181322573395416E-7	9.466980648524466E-5
7.433438706028825E-4	0.024521199715464403	2.6945533239797203E-8	0.007868607958942597	3.9039015041784946E-7	4.017860468590349E-12	9.522083365538837E-5	8.648212733426921E-4	0.0017985285614503903	1.2059272599815063E-6	1.131215507756432E-6	0.0025636929015190367	0.0011136124244422523	0.0021626538792268914	2.0203133399074897E-5	1.0520066162525373E-4	1.9869225532495404E-4	0.0013037317827995266	3.169851569786824E-4	5.131239649424368E-4	4.537843807882294E-4	8.20523505825498E-8	0.0	1.5580843702232788E-7	9.716548822914268E-5	2.2624300901755842E-4	0.0	2.2624300901755842E-4	3.76825839191957E-9	1.3102540658694712E-9	1.119074460273074E-8	2.457720988944653E-4
0.02175331028428048	0.0070332898158676415	3.8920470422491984E-7	0.011164370110344084	3.5424606600899227E-6	6.050863115935992E-11	7.800842989080968E-4	0.007582624920349532	0.022829267213316067	1.1208885912466575E-5	7.913008447367064E-6	0.03017706987406525	0.042496465282476616	0.07735701547616423	5.319892654890454E-4	0.002654572902963475	0.002497856441283212	0.011310989645965797	0.004953923360835601	0.004720414396245595	0.0036996553909476124	5.698903889073414E-7	0.0	1.2467702813691598E-6	8.657243309282611E-4	0.001831911645553746	0.0	0.001831911645553746	2.7884011462689445E-8	1.1967150470235026E-8	1.68624103068548E-7	0.0020110821987912313
0.02283340572573449	0.005993531656280256	3.189104627975216E-7	0.007647452440747173	2.07981153642589E-6	3.191563654912684E-11	3.9810415974460674E-4	0.003908077680963648	0.016411980754214003	7.363225813575169E-6	4.136179318682376E-6	0.018791717891872943	0.004340163194951652	0.00790476406011118	6.683468783390027E-5	0.0025970273738958344	0.0017770113386772852	0.006567334809053234	0.003095671228490702	0.0016973045944238601	0.0012476255631173926	2.6707833960983015E-7	0.0	6.506655658005629E-7	5.138733324312607E-4	6.114687031243678E-4	0.0	6.114687031243678E-4	8.11660987241451E-9	3.130348453834193E-9	8.881873747354459E-8	0.0010773081448506017
0.020998862479254164	0.006012872728969611	3.319580139445315E-7	0.008684454374997572	2.500025814844516E-6	4.036002830951168E-11	5.128890184163495E-4	0.00508277170787114	0.018163647631032332	8.29350754031674E-6	5.62893689189939E-6	0.023462889520682283	0.04340092725118742	0.0325371441505608	7.417197181894989E-4	0.0024561388039625546	0.001974890155768764	0.007927621875595094	0.0035917128760223445	0.0029307858382057613	0.002473177783264283	3.565497513154271E-7	0.0	8.346005440072868E-7	6.119325921586149E-4	0.0012316283635727466	0.0	0.0012316283635727466	1.8474739853427174E-8	7.064622858842056E-9	1.1239191721638263E-7	0.0013642974329251475
2.2904885305797168E-4	6.398681161482861E-5	3.460470529539569E-9	8.838787821664888E-5	2.5414556652702966E-8	4.0731856498471783E-13	5.154428017588356E-6	5.052527709472185E-5	1.8629891310187324E-4	8.598404285040389E-8	5.3701827870813504E-8	2.272615898486172E-4	4.7828198610165064E-4	3.3657041651434527E-4	2.6256853752018453E-4	2.6577334249750924E-5	2.0244415963056596E-5	8.058926825836115E-5	3.688039060788026E-5	2.6458962091829167E-5	2.056103331111865E-5	3.584118094040376E-9	0.0	8.355421155954271E-9	6.247403558635887E-6	1.0155299329777677E-5	0.0	1.0155299329777677E-5	1.4669261950309624E-10	5.912909198151452E-11	1.1341881635586355E-9	1.3683655417787366E-5
0.0010121020147836899	3.580337161947995E-4	1.876092165281951E-8	9.335374532735174E-4	4.3294735495019E-7	2.42869156390533E-12	3.1308590406633325E-5	3.2385344429387456E-4	0.02972900672011606	6.820776668530131E-7	4.4607936695749024E-7	0.006003481788200382	0.0010851508527654824	0.002057751229923796	1.5676476197548594E-5	0.011247541340372508	7.653728984332687E-4	8.505351738247308E-4	9.776418997911708E-4	2.6422648682455235E-4	2.3711548234943048E-4	1.9910574500887125E-8	0.0	7.286727013693207E-8	7.427382847977161E-5	1.1845696553585783E-4	0.0	1.1845696553585783E-4	1.819295535466935E-9	6.493426826130723E-10	6.647920011703627E-9	1.2622793697807542E-4
0.014429455496783783	0.003680369166845904	2.307936993200739E-7	0.006097925646937911	1.0716926590010537E-6	1.267132280476728E-11	2.1020412201924228E-4	0.003776799444611018	0.010603712470868084	2.858699364869725E-6	6.095784615259181E-6	0.021369215903129228	0.004963551733835829	0.009475311818570125	7.856702218862112E-5	0.0028097551483237753	0.0011241748662607707	0.0035168092523380234	0.0012763333146506386	0.0014565103364151356	0.0013908113779227684	1.5399639527032374E-7	0.0	3.5152283169421736E-7	2.5584443266901723E-4	6.998375105847921E-4	0.0	6.998375105847921E-4	1.128582063860456E-8	4.032672705455431E-9	3.5196494752645715E-8	5.682504376454088E-4
0.003614705830990118	0.011225590334059267	7.233588348299401E-8	0.0031164947916742756	2.1445539209907345E-6	1.0191911723039002E-11	1.728053637130663E-4	0.022868079210208635	0.006621272464186215	3.145815722216604E-6	1.8924606284268595E-6	0.007835979986693994	0.0027108471062503403	0.005215238554116364	4.7232833268209076E-5	5.426683759801194E-4	0.003324601569210643	0.002244794946759167	0.025380191256449344	0.0026426060727781837	0.003940162205029514	8.347973027029761E-8	0.0	4.1121950721765016E-7	0.001567256471914902	0.0020351457363354713	0.0	0.0020351457363354713	7.997535993235472E-9	2.870988313554985E-9	2.8291123627634084E-8	6.311702604662567E-4
0.0030679100877828054	0.0012160057514796498	8.117372355669751E-8	0.002469126330186047	7.556001112968807E-7	1.2893779832421113E-11	1.6978542435437297E-4	0.0017786934162199676	0.005000361717619267	2.111203417201282E-6	2.3927669390527183E-6	0.009465126376604403	0.003959647051760656	0.007798512748249558	7.195923285576702E-5	0.011580766194708268	5.462165362429608E-4	0.0023951227560184054	9.942021650888458E-4	0.005020302979305522	0.009869490881545373	1.20790449179855E-7	0.0	2.8140111407903573E-7	1.7878854256748886E-4	0.005165409102168553	0.0	0.005165409102168553	1.3460009880241576E-8	4.701291384210438E-9	3.593016881390097E-8	4.5381697936372207E-4
0.0030240212638019725	0.001056238899348152	5.543946360255371E-8	0.0014201476322622604	5.829879469775836E-7	1.0376678810440531E-11	1.3782922619056965E-4	0.0012765225113260323	0.003189570397038631	1.7038031446497775E-6	1.161062624763495E-6	0.004692218812085151	0.002342187115927419	0.003513471099113231	3.848589628665639E-5	5.305782341527362E-4	3.5088025797716874E-4	0.0018649455648336727	7.721277307065534E-4	0.0033084580792845097	0.007586944996259112	1.09743180423732E-7	0.0	2.1461530327312832E-7	1.4113331429737894E-4	0.006134112499495729	0.0	0.006134112499495729	2.6374994051337826E-9	1.8120541823669192E-9	2.89417636833706E-8	3.4228057986754193E-4
0.0027461330652947136	0.004314800598028808	5.4119964260241985E-8	0.0018846845885824564	6.276439547996174E-7	1.3834277811293626E-11	0.0010634579274233366	0.0021162591194718032	0.0045965451845611386	2.7659734080327043E-6	1.3017478891592356E-6	0.004809919679448307	0.0023086156301399146	0.0037141412608176602	3.8889362564454906E-5	4.4254802392208135E-4	4.982115025638735E-4	0.003340139890826263	7.835934635873308E-4	0.007594775675453371	0.0011747242982665955	9.981607948897815E-8	1.1671534147052214E-4	2.11627260983298E-6	2.2330165839063874E-4	2.5438201355721117E-4	0.0	2.5438201355721117E-4	3.825656925809502E-9	2.010904361286096E-9	3.858604886048028E-8	8.719966459175426E-4
1.2962493421405698E-9	1.6800633834657382E-6	3.4453769774993056E-14	1.499820345480564E-9	6.20884800809459E-13	2.6768455370594055E-17	1.5561092928535516E-10	9.486533638750406E-10	4.251578057522299E-9	1.1593162956741843E-12	1.1270523377775965E-12	3.920273560245837E-9	1.6483498155074312E-9	3.1428210087226444E-9	2.95022035780387E-11	1.990536049448374E-10	5.948603271804761E-10	1.583163875640112E-9	1.7194568896465957E-9	9.364267109983535E-10	7.939296015013763E-10	5.399897205153895E-14	0.0	3.7213803255222184E-13	2.024486644854988E-10	3.928406656254535E-10	0.0	3.928406656254535E-10	5.077021095774156E-15	1.8553089094639347E-15	7.474817661620054E-14	6.299235765552695E-10
2.0824295637680496E-6	1.0839928603015497E-6	5.877619198669944E-11	2.0434449334415223E-6	6.886339726077697E-10	4.132576181437717E-13	7.915016217666177E-5	1.6270752547077486E-6	4.100866723508619E-6	1.1048935572626714E-8	1.7900674035815347E-9	6.3119768023316915E-6	3.1641893389384814E-6	5.732602671818718E-6	5.655747125684435E-8	2.937621976686925E-7	4.532010247151959E-7	2.2703202939118017E-6	8.99433077056955E-7	1.248129689717712E-6	1.0853900788532313E-6	1.167140832373365E-10	0.0	3.2063512647371014E-10	1.683779555478525E-7	5.42488826134572E-7	0.0	5.42488826134572E-7	8.745016471095545E-12	3.4544062383285465E-12	1.1562200814416045E-9	4.789835317381883E-7
2.749460482627716E-7	1.1712982523453524E-7	6.054313030290707E-12	5.331891496463022E-7	1.669726774619614E-10	1.1665837531713427E-15	1.139145567884851E-8	1.624549938129827E-7	1.4501793657275298E-6	2.691591984885797E-10	2.2917631266354996E-10	9.290997030933358E-7	2.47574436346366E-7	4.6271559245535496E-7	4.020841297861985E-9	4.3622273655672425E-8	1.7486559278311473E-7	3.2438911752154993E-7	9.74655781265726E-8	9.532760489082844E-8	7.636869654738963E-8	7.067132224108571E-12	0.0	3.1720920997500845E-11	2.8722496998032528E-8	3.767417537371868E-8	0.0	3.767417537371868E-8	5.686623499704933E-13	2.1343966326704026E-13	3.2063849185218917E-12	2.9370004447513664E-6
1.8175729099991031E-4	9.45895089163605E-5	7.079069996901936E-9	5.365678996065832E-4	7.443332774627859E-8	2.490355988788863E-12	1.5015786743254099E-5	3.202153331530906E-4	6.422214318497949E-4	1.907025062422921E-7	4.573149475500591E-7	5.855644591461444E-4	2.4823190985912865E-4	4.706895998036504E-4	4.435856659815916E-6	2.6722620578540835E-5	6.994763951609736E-5	2.6236931221764994E-4	8.230914972715239E-5	1.0046421921176977E-4	9.35714843578615E-5	1.0842714576422755E-8	0.0	2.3625680099436076E-8	1.841508996116939E-5	4.700495422283244E-5	0.0	4.700495422283244E-5	7.534971197824925E-10	2.775289629789575E-10	6.949407206699074E-9	3.563013698806102E-5
6.874704089630608E-4	2.4012178628487013E-4	1.2603419093747916E-8	3.228517674884676E-4	1.3253459801052056E-7	2.359001042257522E-12	3.133365539836106E-5	2.9020052860607076E-4	7.251063837875953E-4	3.8733713533027213E-7	2.639521521540083E-7	0.0010667128934189936	5.324652073026321E-4	7.987410048266272E-4	8.749259097552584E-6	1.2061977186228872E-4	7.976795971169494E-5	4.239707200252919E-4	1.7553303547679066E-4	0.0021028909264542896	0.00469911857669421	2.494866399580779E-8	0.0	4.878995388153615E-8	3.208479365156566E-5	0.005861840185297171	0.005820097054757893	0.002951787323535031	5.9960041542746E-10	4.1194655511517696E-10	6.579528192399286E-9	7.781296543455108E-5
2.0624860911595518E-4	7.204705368561495E-5	3.781276116911318E-9	9.686990029487336E-5	3.9763081414808756E-8	7.077385637192276E-13	9.401183429301381E-6	8.707179788527362E-5	2.175532818750532E-4	1.162249718216623E-7	7.91978637652486E-8	3.2003964407800267E-4	1.5975054068859568E-4	2.3964387638192671E-4	2.624977530212471E-6	3.618696407397572E-5	2.3932778921564293E-5	1.2720485646086876E-4	5.266315065833125E-5	6.308725292520806E-4	0.0014097375575489331	7.484943263861833E-9	0.0	1.464404256071955E-8	9.627033864358632E-6	1.2525240141203768E-5	2.9537712976047064E-8	0.001467551671022271	3.090510546032461E-8	1.0851033121288074E-9	1.9739648466268013E-9	2.3349259791080507E-5
6.530942262345828E-4	2.2811476708113764E-4	1.1973199331382033E-8	3.067079288465459E-4	1.259073548598995E-7	2.241041854737535E-12	2.9766851286530386E-5	2.7568937835262123E-4	6.888482565697765E-4	3.679687785718734E-7	2.5075352237195335E-7	0.0010133731178229718	5.058398849263551E-4	7.588008614013064E-4	8.311762260517912E-6	1.1458831616013031E-4	7.577925281874931E-5	4.0277054216585897E-4	1.6675570393820673E-4	0.015820432982918624	0.0044641444501730635	2.3701134180459183E-8	0.0	4.6350267244731645E-8	3.0480429718235946E-5	3.96558123589313E-5	0.0	3.96558123589313E-5	5.696180726588517E-10	3.913476320657232E-10	6.250526303066698E-9	7.392201582632342E-5
1.3761245289958825E-8	1.3291156973485596E-8	3.418594127750417E-13	1.48736930673659E-8	5.4455703885241235E-12	1.7311664279659882E-14	5.5676547487076045E-9	1.423834680267147E-8	3.2019422362432884E-8	1.6958183179103448E-10	1.0350134348363259E-11	2.856390913123604E-8	1.850963922726916E-8	2.7878093156762965E-8	3.1385146128924815E-10	2.017420667172579E-9	3.6378449883616385E-9	2.134668345585529E-8	6.869300911010916E-9	9.322694183722131E-9	3.9200298124929205E-9	8.955708073697287E-13	0.0	2.88673936998524E-11	9.221768095313403E-9	1.7410419317060742E-9	0.0	1.7410419317060742E-9	2.7203475536454186E-14	9.29755901998276E-9	4.8439177563210554E-11	6.465973449429178E-9
3.731709055691503E-9	6.92709588038848E-9	9.38120741679476E-14	4.6177182622401976E-9	1.4983234715116111E-12	2.319588926039704E-17	4.0945090597945455E-10	5.603287437657856E-9	9.257233054795137E-9	4.819215897344292E-12	3.166868791181679E-12	7.656553105760453E-9	4.8257029143910245E-9	7.32385571444762E-9	8.18544401832544E-11	5.409559688007209E-10	1.0730517544574028E-9	8.512668776785568E-9	1.8039207096089861E-9	3.0430354912117346E-9	1.1032666282919276E-9	2.3101208141451936E-13	0.0	3.215406762575543E-12	4.84309307144587E-10	4.663434649141457E-10	0.0	4.663434649141457E-10	6.730192044529766E-15	4.148914850058588E-15	6.459974140548487E-14	3.682867363385976E-9
3.722137693785851E-8	1.1385144995794478E-7	8.767375421428623E-13	7.085663290639163E-8	2.6036034648490142E-11	9.916996099894076E-11	2.272501220374812E-9	7.472920847380328E-8	1.201490560274374E-6	4.569142383805965E-11	4.007011005788701E-11	8.968282251113948E-8	2.89207052007836E-8	5.4782915445687314E-8	4.934044198137013E-10	6.282581538864269E-9	2.7286961584378792E-8	1.3134462734249522E-7	1.7253010339073994E-8	1.8483671199961155E-8	1.1442510124647156E-8	9.1799885984623E-13	0.0	3.8227739656315904E-11	2.2907558830849894E-8	5.417659050164858E-9	0.0	5.417659050164858E-9	1.2475394747701688E-11	2.876466979867536E-14	2.7749002275337737E-7	1.7439141724323384E-8
8.660849241166381E-4	3.281424584776721E-4	2.050722289876333E-8	7.102845716110267E-4	2.0031708590598196E-7	3.340357702785209E-12	4.5212995147651526E-5	4.778527254338093E-4	0.0013087079925061757	7.82453653491774E-7	5.59213136819173E-7	0.010553610141238852	0.001840148134168577	0.0034873800449248633	2.617129095488768E-5	1.1200709384794065E-4	1.4233316549937906E-4	6.230960124676806E-4	3.004307097745822E-4	3.6885263435548814E-4	3.616826399472832E-4	3.046829682526609E-8	0.0	7.435827922834182E-8	4.708021827651069E-5	1.8275585081662434E-4	0.0	1.8275585081662434E-4	2.9121492556621434E-9	1.0378384821082425E-9	9.307350023162296E-9	1.2179329484680817E-4
