32
NULL,rt_sigprocmask@__sigprocmask,exit_group@_exit,rt_sigaction@__libc_sigaction,sched_yield@sched_yield,time@time,open@__open_nocancel,read@__read_nocancel,mmap@mmap,munmap@munmap,mprotect@mprotect,write@__write_nocancel,syslog@syslog,getpid@__getpid,writev@__libc_writev,close@close,open@__libc_open,fstat@__fxstat64,read@read,close@__close_nocancel,mremap@mremap,stat@_xstat,socket@__socket,fcntl@fcntl,connect@__connect_internal,madvise@madvise,lstat@__lxstat64,openat@__openat64_nocancel,getdents@__getdents,lseek@llseek,getrlimit@__getrlimit,write@write
0.7105693385317038	0.15552701655197734	0.03529732596641304	0.06805039556430804	5.68319113872315E-4	0.012676329237302063	0.031929560509384926	8.014746690153352E-6	0.029055886216684014	0.003349204988610383	3.0462615767240817E-5	7.427970907484814E-4	0.003436846914144939	0.004747353261071026	0.0024526016354091094	0.001846798115494626	0.0014211007970445701	1.5108408225652785E-4	2.173402636691897E-7	4.443807999473966E-8	2.1772946046464308E-6	5.785692674286927E-4	6.973052662046016E-4	0.0	6.973052662046016E-4	2.274730839743735E-8	1.0144419501986301E-5	5.656797687430643E-11	3.813468265821506E-8	1.3582148314796153E-8	1.5473154030523064E-7	0.0033291174791680585
0.152479087845431	0.05983250054640641	0.07395756467190986	0.13487007804002327	9.673982557031172E-4	0.0053004137444117696	0.008508838103602962	6.994131949395764E-6	0.013497334672797639	0.0018619114782009	1.625082255195753E-5	5.90774545434068E-4	8.530126076807854E-4	0.0017795252445459082	0.0014831186355237403	0.0012796733962609007	9.635223445313817E-4	1.1965855239390545E-4	2.704381563137352E-7	4.1741762600862456E-8	1.119791854094412E-6	1.5109827904741244E-4	4.758496615647255E-4	0.0	4.758496615647255E-4	1.879742789975021E-8	2.7715502728521053E-6	6.092677839638157E-11	2.6768369135055417E-8	1.1624086434471003E-8	1.7000264070191805E-7	0.00178913997915859
0.1454563463410227	0.03401419533619176	0.007674667051886343	0.01415753461894689	1.2046456693986377E-4	0.0018648226969735777	0.004157859434728994	3.949049128091077E-6	0.006876214267898033	8.778648712255338E-4	7.302326720411513E-6	5.375966781818411E-4	4.152812477197545E-4	9.516377586803916E-4	7.53548361579613E-4	3.92566054282168E-4	2.888638865862401E-4	5.798261150557162E-5	7.379534924730186E-8	3.649535186164913E-8	4.6904673649831705E-7	9.175844282786017E-5	1.419197673889689E-4	0.0	1.419197673889689E-4	1.3333837754068145E-8	1.3493823204237075E-6	2.911242804784998E-11	6.852001447321392E-9	2.6439209955517155E-9	8.11351672258392E-8	8.433195051502856E-4
0.1382577518027735	0.04465309270182058	0.0730958107890505	0.05693499660440567	0.0012649159956929351	0.003157213702861995	0.005759716416717002	4.790054194621298E-6	0.009190531954865442	0.001183839923175089	1.085887352175368E-5	5.210797572413639E-4	5.740801087795939E-4	0.001201649816313326	9.83803869190438E-4	7.465557068178977E-4	6.2084464089657E-4	7.720572207453161E-5	1.3756039419241046E-7	3.607939927505211E-8	6.739027671468014E-7	1.0755222409638243E-4	3.09463186809468E-4	0.0	3.09463186809468E-4	1.4891728343454257E-8	1.771513148575632E-6	3.86538913087627E-11	1.7174748797748285E-8	6.5977876336209345E-9	1.077954284726765E-7	0.001128238313306295
0.0014872554330558321	4.2336688113560794E-4	7.983138350451121E-4	5.760965076402979E-4	4.341165577798866E-4	2.896821788894364E-5	5.495173874328124E-5	4.8572649770262174E-8	8.900964970992251E-5	1.1692253803949851E-5	1.0073084753858856E-7	5.575302814917035E-6	5.49350486999808E-6	1.1998131504174843E-5	9.722501477187447E-6	6.607668651471689E-6	5.0357214711368166E-6	7.63127979952684E-7	1.3041734648941518E-9	3.833693510806946E-10	6.599112348155189E-9	1.0965405006636926E-6	2.487325740422204E-6	0.0	2.487325740422204E-6	1.509865803306823E-10	1.7686348084446636E-8	3.8486212043962964E-13	1.3247370057717344E-10	5.396466248567776E-11	1.073167215998856E-9	1.1217707518730041E-5
0.007744780338111803	0.004233309206403989	0.001372525294037621	0.0026425143235748795	2.4033343600156846E-5	3.004817920277747E-4	0.016462961412221467	3.7469105234169276E-5	0.011043038056998286	1.972525999217434E-4	1.0707973628061877E-6	2.3620462907038748E-5	1.0362108673223252E-4	8.120872765700594E-4	1.2881324047166694E-4	9.071396323061633E-5	6.985800328956054E-5	7.101141048567459E-6	1.7284046666728375E-8	1.9408398960858517E-9	9.981430434940419E-8	1.9413696159417112E-5	3.453798134662621E-5	0.0	3.453798134662621E-5	1.1478445692673468E-9	3.239983042852745E-7	2.8033191994875703E-12	1.8549938673813086E-9	6.641024551825048E-10	7.75271818306119E-9	1.453762966762681E-4
0.01690308240770866	0.010677856072347452	0.0030933131250666596	0.0055462535766002225	5.1089120331176736E-5	0.0011762661164143274	0.01758743945387458	0.006803224801471595	0.013925729495349202	0.0011947196115256907	6.910213720295779E-6	4.8545679424347014E-4	0.020170751010743948	5.832708465266255E-4	3.4342264588389446E-4	4.2926592811902425E-4	1.4589333065562337E-4	2.642428226741407E-4	4.842755190950012E-8	2.456510832325148E-5	9.005979008538576E-7	8.319389351272521E-5	5.924648492486433E-5	0.0	5.924648492486433E-5	1.610149770507653E-8	7.4508407890129E-7	5.163008942160544E-10	3.064345231998569E-9	1.2205340285362736E-9	1.258906224216623E-7	0.0016359824504075095
6.434459420560073E-4	0.0012631179547095421	2.5354888710509607E-4	4.8444200292288407E-4	3.905629550078599E-6	4.990061236547453E-5	2.946382577821097E-4	1.5534029462288171E-4	8.39803170958271E-4	4.443236288187956E-5	1.6086393957781514E-7	0.002290199144457839	8.347095269343736E-6	1.9325842900283204E-5	9.719815511046631E-6	2.5956717919007473E-5	9.621012003866596E-6	2.3685610520103925E-6	1.884681633453255E-9	4.962168904671829E-10	5.23055820073542E-8	3.107354899758987E-6	3.994758431306962E-6	0.0	3.994758431306962E-6	1.783073468767243E-10	2.0305665277986084E-8	4.1260497544041245E-10	2.878838928212587E-10	8.455605411064524E-11	8.938858161264715E-8	8.297733885192787E-5
0.009755997863875734	0.007340250938308577	0.002552027126816146	0.004865215766287696	4.5039667440886685E-5	6.097299722486473E-4	0.0020478237893950444	2.062775098168744E-6	0.09478309925271189	0.09003125211534718	0.029146478910832607	1.7676982479982608E-4	0.001899993090614146	2.601967239184323E-4	0.0019522823958226553	2.5357977531989876E-4	3.271272696618433E-4	1.976446870876607E-5	3.839604240918091E-8	4.776079440324335E-8	2.2045565266566554E-7	7.869366979165489E-5	1.6794802882705027E-4	0.0	1.6794802882705027E-4	6.563129736737571E-9	6.758851939698773E-7	9.724153957702872E-12	3.457496223936148E-9	1.2529682261028604E-9	2.713532975210597E-8	4.898502969344738E-4
0.015383870972397249	0.0112047163933396	0.004161369213147775	0.008031275420157304	7.470770244976836E-5	0.0015789625471436279	0.002424335055002089	5.130328030313234E-6	0.03392571447674088	0.028320758803599355	0.05440585651161958	1.4046039968235687E-4	0.0010207289584948423	0.0013347883313443798	4.8282554408690453E-4	3.0530613343809806E-4	2.3160142868335952E-4	6.354041639596275E-5	6.337227027598796E-8	1.1075554453136934E-7	1.7836193267270793E-6	3.335512636022734E-5	1.139927712004979E-4	0.0	1.139927712004979E-4	6.0996129940364686E-9	6.324497176861187E-7	2.4671908695294697E-11	6.027007984032751E-9	2.1466289943581465E-9	6.894552341052118E-8	0.0012535366796902383
0.008244958712500222	0.00614040428078551	0.00253343416515921	0.004945584530394481	4.6468383358507614E-5	5.676172385292396E-4	0.0011290010912602384	7.624182385054767E-7	0.013502084280824545	0.04199137808267023	2.381988197146343E-6	2.911907271657411E-5	1.1103949675220403E-4	2.0354200545900155E-4	1.3406249230432323E-4	1.5075683701129983E-4	1.2961871952352997E-4	1.2447508829793534E-5	4.2061733938129416E-8	2.39261015740452E-9	1.445648170844269E-7	1.516586466237473E-5	6.458960296003525E-5	0.0	6.458960296003525E-5	1.736482528007538E-9	3.3376271546661933E-7	4.474475980700729E-12	3.9478410216357136E-9	1.3848276826826843E-9	1.2478313174654417E-8	2.1802245178339152E-4
0.0012277130928802968	0.0014442779262955644	2.728024121305551E-4	5.199323426205095E-4	4.1046832371198305E-6	3.6479078919221406E-5	0.005412450999167946	1.0744417692056097E-7	1.1122619527663664E-4	1.8666185347910513E-5	1.4486542826353478E-7	0.002292937334445687	7.807826933782057E-5	2.282065154081353E-5	1.4448219743713354E-4	1.0484118106793114E-5	8.456390749518203E-6	9.797187647148429E-7	1.492018011365265E-9	5.819475948930685E-10	1.1295358891338396E-8	2.5925800944570822E-6	4.181966035408775E-6	0.0	4.181966035408775E-6	2.1786407432659797E-10	4.6073325238372766E-8	3.7453786392521666E-13	2.328109930678867E-10	8.388905750576815E-11	1.033090087665779E-9	1.91081809822538E-5
0.004596322410718379	0.005173030128174031	0.001325793148892721	0.002387568506467431	2.1302692044429246E-5	4.137459822564355E-4	7.036400352035673E-4	9.337619010073072E-7	8.256341576620362E-4	1.4682628215721883E-4	2.673260788848944E-6	5.108456055569151E-4	7.114652637760222E-5	1.5527078295588423E-4	9.746923113645103E-5	6.412346789613976E-5	4.4451937174157314E-5	1.3634405289285709E-5	1.848523338869781E-8	1.7397434682327523E-8	8.249967311042773E-8	9.423809220158018E-6	2.1706428630187013E-5	0.0	2.1706428630187013E-5	5.9013743459898015E-9	1.8086066059064757E-7	3.942175985240346E-12	1.1864207798366623E-9	4.827528297231161E-10	1.100078804854516E-8	2.0779742499491243E-4
0.00358225989610547	0.002434708173890951	7.879432061093264E-4	0.0015017794666922848	1.3723482448966994E-5	0.004601377065512245	5.081116953515744E-4	7.985318866700613E-7	5.542302672800648E-4	0.002010803699759998	7.220399378370834E-7	5.83368123771585E-5	5.241428639863961E-4	9.577668359779209E-5	0.004561112407072494	2.9954456149382594E-4	5.709655249235735E-4	9.627778224813365E-6	7.153350087831415E-9	4.443917645466841E-9	1.057781868821646E-7	1.5321165589013145E-4	2.9956446140583503E-4	0.0	2.9956446140583503E-4	1.4179043912525923E-9	7.741090352694567E-7	2.459712466007113E-12	1.017257487321314E-9	3.734879945755811E-10	6.844383722051431E-9	1.462449797192542E-4
0.0028206452563819388	0.002554412673104844	0.001065170678187433	0.0021012763921412366	1.966604905749479E-5	2.1380321536426924E-4	3.670653014573431E-4	2.3345362252958151E-7	4.76270823897805E-4	1.0134239580182669E-4	7.56065319044762E-7	0.0023242304044077773	3.604049242952894E-5	5.706504320366364E-5	5.013886790361604E-5	7.516998272969416E-4	0.0017445896587774197	4.056220170355604E-6	8.923849199338108E-9	1.9206995100171825E-9	3.6474666562683874E-8	4.291281716147184E-6	9.216671637316534E-4	0.0	9.216671637316534E-4	9.718946873313671E-10	8.47733338570223E-8	1.8790611352482113E-12	1.68700408444772E-9	5.935989472918426E-10	5.244051350207611E-9	6.0567316083908834E-5
0.0022058803462714936	0.0013766617514875843	6.943623886136019E-4	0.0010535727473014293	1.169833459638827E-5	1.4886646958698935E-4	3.173047679642169E-4	2.714986653479858E-7	3.1923434074230536E-4	1.5897679198918264E-4	5.752619973266238E-7	7.097710384828552E-5	3.14960865995782E-5	5.28871658591954E-5	4.5989387899599624E-5	5.487230704571652E-4	0.0014921351947048904	4.01886276702299E-6	9.469687126509993E-9	3.2634853538170754E-9	3.59583498541592E-8	3.945590891839714E-6	0.001232390953212818	0.0	0.001232390953212818	1.3639167871248742E-9	8.395928370127785E-8	1.849684674450754E-12	4.00923405128558E-10	2.611337108002069E-10	5.163413712938178E-9	6.74818353642401E-5
0.002235093436328892	0.0014206311487685672	6.446494018217134E-4	0.0010386495480334814	1.098151923603788E-5	3.1701129596362033E-4	5.065416214989198E-4	6.809624802704249E-7	4.066318527936041E-4	0.0014416182467626517	5.626732664263754E-7	5.203420995301976E-5	5.823170423071502E-5	3.2899511577162303E-4	5.591118590003743E-5	7.57873201550126E-4	9.003871122625151E-5	1.5347423686975996E-4	8.079507648993992E-9	2.4517435860132575E-5	9.881288383807419E-7	2.15947834121052E-5	9.406418541846025E-6	0.0	9.406418541846025E-6	1.534856873792689E-9	8.74635842958639E-8	4.334311429370565E-12	4.893830735146211E-10	2.5993333400519374E-10	1.211221734216366E-8	3.427261061918589E-4
2.4556303408002474E-4	1.7883138217572998E-4	7.064628316017669E-5	1.319962727325471E-4	1.2608465705287116E-6	1.5123797011321889E-5	8.596757588005213E-5	3.460441431572107E-8	6.57778929291992E-5	9.400006277916107E-5	4.3664260293662594E-8	1.0456059525312802E-6	8.164410431902171E-6	5.7564815124488586E-6	1.1201567013345464E-5	9.766860662948644E-6	3.7913590236685952E-6	1.1608674455558668E-6	6.25362866161216E-10	4.67973999064684E-10	7.449199291542689E-9	7.017852626026392E-7	1.8346526145582676E-6	2.2690510940734845E-7	1.8346526145582676E-6	2.864754846732087E-10	8.99387965663706E-9	3.5634507884462444E-13	8.518177912965419E-8	2.697984054789786E-9	9.950926992043717E-10	1.2644030747533188E-5
1.877825926878948E-7	1.4967246667668392E-7	3.219764299927494E-8	6.051115859708309E-8	5.029459968324692E-10	6.136416839971192E-9	1.6891588502478348E-7	1.9020123411686808E-10	1.922877982249885E-8	1.0906188646266788E-6	1.8420096188767446E-11	1.0758787347572238E-9	1.5652912359851237E-8	4.041164461074983E-9	1.2729539648223579E-8	1.923405126785011E-9	1.3405241874296757E-9	5.003024655710987E-10	2.3629448488885936E-13	6.4670084042526945E-12	5.067018082644202E-12	4.840431553803596E-10	6.534867159873519E-10	0.0	6.534867159873519E-10	6.676835529353854E-13	1.1417152046762032E-11	7.845269294066619E-16	2.9715788118092225E-14	1.1074421248046267E-14	2.1927095214896183E-12	3.256573750311034E-8
4.045548299576221E-6	2.7683482681701257E-6	1.08451685554085E-6	1.9870650785033597E-6	1.9153199103234103E-8	2.442655217427423E-7	1.8634649090396794E-6	7.846597847843763E-9	5.45386114886474E-7	1.826159982110991E-6	6.549165739229373E-10	1.7757829977333704E-8	1.7557249272562892E-7	1.242828996083617E-7	1.4731874129845546E-7	7.030847398023267E-8	4.745170751564798E-8	1.799185772418129E-5	9.979957422293634E-12	1.4294559530851533E-11	1.4286569125561744E-10	9.721770303320697E-9	2.2960061330423425E-8	0.0	2.2960061330423425E-8	6.813700133519508E-12	1.531185417006334E-10	3.1548658680284906E-13	1.3578741432282038E-12	5.205586044583276E-13	8.827352528356402E-10	1.9700310388006213E-7
9.212478095947436E-7	5.63586580764516E-7	1.528958762980294E-7	2.903052417289328E-7	2.55992580114746E-9	6.417342203475339E-8	1.2657437790796995E-7	9.277772760233272E-11	1.6200462825392573E-7	1.7567549429798554E-8	1.5588912563996363E-10	3.1101368732225584E-9	1.6986445240192213E-8	1.9092765837463618E-8	1.0783980591164146E-8	9.198417197975153E-9	6.5193060758035504E-9	7.843241598318302E-10	1.1862858095067918E-12	2.906938972537611E-13	1.213630034121247E-11	2.227648396441428E-9	3.1647087018311818E-9	0.0	3.1647087018311818E-9	1.2748988115672272E-13	3.685743681648674E-11	5.16948436647448E-16	1.7633265822572956E-13	6.506154810068836E-14	1.4343958998886379E-12	2.280647113493747E-6
9.309770007048392E-5	5.222576501556589E-5	2.12221803959778E-5	3.796887722517685E-5	3.7274618852031666E-7	1.1623363413005686E-5	1.4506499070741722E-5	6.508440322725106E-9	2.348864375378086E-5	2.280820984258016E-6	2.4342382401233158E-8	3.3129874434227225E-7	1.4906963692888751E-6	6.489912097521057E-6	1.6904204703872108E-6	1.2015712481636552E-6	8.880289702423249E-7	2.2578835917721678E-7	3.0023390946508334E-10	2.53586050783426E-11	1.1947616993250372E-9	2.809901926791228E-7	4.365768856242855E-7	0.0	4.365768856242855E-7	1.5812650375573848E-11	3.5560277555600536E-9	1.2913416290693336E-12	2.4162912718940412E-11	9.906484727356336E-12	3.6123794755558473E-9	1.7150178011410193E-6
4.970787288501511E-4	3.102203016908883E-4	1.5646942125581537E-4	2.3741478473541513E-4	2.6361331612924986E-6	3.3545951380805243E-5	7.150221275407347E-5	6.118016543644744E-8	7.193708502572661E-5	3.5824188499616166E-5	1.2963091006838295E-7	1.599413357546098E-5	7.09740354190713E-6	1.1917726727480515E-5	1.0363363520570429E-5	3.9658619158822953E-4	9.482948723249871E-4	9.056205352969665E-7	2.133923902489846E-9	7.354009449370091E-10	8.10294630563576E-9	8.891094801570787E-7	0.0011995943574723462	0.0011978609506281817	6.006629900789109E-4	3.0734802235646763E-10	1.8919599042360943E-8	4.1681266452742386E-13	9.034509031397738E-11	5.884455053762957E-11	1.1635368227244854E-9	1.5206523145891946E-5
1.491613227777925E-4	9.309655599578823E-5	4.6952712973753516E-5	7.124770626674549E-5	7.910564956196108E-7	1.0070007001606172E-5	2.146064689045362E-5	1.8376314639230572E-8	2.1591728514946865E-5	1.075899652787325E-5	3.890107440270471E-8	4.798397642622006E-6	2.1302336921960007E-6	3.5786299630110494E-6	3.1100231795938093E-6	1.189770803898205E-4	2.844885896756886E-4	2.72140098609968E-7	6.402755836389309E-10	2.208401636519518E-10	2.438507697850116E-9	2.672210282936528E-7	5.203309024223819E-7	2.2526942372503082E-8	2.9998601459914017E-4	9.222924699441357E-11	5.67725150406235E-9	1.2508951231090925E-13	2.3459692004952414E-8	7.509527055565605E-10	3.4918867891248804E-10	4.5673901027023466E-6
4.7222286743326964E-4	2.9470808525513647E-4	1.4864534425354503E-4	2.2554312609222003E-4	2.5043162946060033E-6	3.186852390257147E-5	6.792682521872912E-5	5.812092023988087E-8	6.833995219272436E-5	3.4032840342799085E-5	1.2314886255961645E-7	1.5194364958215247E-5	6.742505879588312E-6	1.1321794238822726E-5	9.845155211645346E-6	0.0032216677442866103	9.008764563662639E-4	8.603360014491916E-7	2.0272194435862163E-9	6.986280497952649E-10	7.697767611091312E-9	8.446505630065882E-7	1.6467297892096805E-6	0.0	1.6467297892096805E-6	2.919794310105526E-10	1.797354582268745E-8	3.959704171629867E-13	8.5827485930192E-11	5.590209513084644E-11	1.1053554757053146E-9	1.4446138100204661E-5
5.481245504271482E-8	3.154926134663857E-8	9.078436611216386E-9	1.5724743588315125E-8	1.4720983738930416E-10	2.570041100250789E-9	5.517678446097104E-9	3.8189035882896996E-11	4.494680225120956E-9	2.302704915156469E-9	5.994087527916339E-12	4.537081298352584E-10	6.315228578516707E-10	1.0603931442910782E-9	2.078264717804632E-9	6.889136595662779E-10	4.602059820197358E-10	4.859961002521394E-10	8.702336738769056E-14	1.0604995683376789E-12	1.0205189609181649E-12	1.0750774815783311E-10	2.2855652913476612E-10	0.0	2.2855652913476612E-10	9.205100346009845E-15	2.2253775024935894E-12	1.353381324729664E-16	7.248145527884625E-15	3.3017224162306923E-15	3.7824242205693944E-13	5.683407799350189E-9
2.113834156149813E-6	1.496387447432752E-6	4.091453795872217E-7	7.782221446619843E-7	6.869183820796978E-9	4.537651034944344E-7	1.1181720355802574E-6	1.4598962446550086E-6	4.6309744590619175E-7	2.1014973760763256E-6	4.4315062699064117E-10	1.0721573208328127E-8	1.1325836440923526E-7	5.156396236252502E-7	9.208771913375627E-8	1.719719635873146E-7	3.350479367975835E-8	1.7668304463167192E-8	3.3516850871431804E-12	4.0326208262874825E-11	1.0295278692978873E-9	2.2717624088878232E-8	9.536737380338629E-9	0.0	9.536737380338629E-9	3.609284482132286E-12	1.2908479203416612E-5	4.840645288565046E-6	4.789062913071654E-13	1.7566210987574132E-13	1.525024676319686E-11	9.248527722615837E-7
2.3272032944024708E-7	1.7025596643608342E-7	4.4378218196474744E-8	8.422572226075777E-8	7.356873402795212E-10	4.24423029577883E-8	1.3591127284924853E-7	2.896108073898278E-9	4.609170977166509E-8	2.2807381469837085E-7	4.421719940358945E-11	1.2189245030048466E-9	1.3679891206918917E-8	4.7343914237971156E-8	1.1051767728521574E-8	1.5863302940025784E-8	3.31191528510239E-9	2.490310846786634E-6	3.5738548170016227E-13	5.415866443546739E-12	9.375405730895058E-11	2.141262370160123E-9	1.0024803533045127E-9	0.0	1.0024803533045127E-9	4.7390442403503E-13	1.2330156089715044E-11	1.979517727658349E-15	1.090932858465835E-10	1.836737432679454E-14	5.536072206382872E-12	9.204734473094353E-8
6.535232802546231E-8	3.322106857105823E-8	1.93017706895586E-8	2.9425489485092037E-8	3.3124516883729323E-10	5.699920182935444E-9	1.0600744208839017E-8	1.3275380730638707E-10	1.0285186696925397E-8	1.1400599474943727E-8	1.0850747056650023E-11	2.804512040061051E-10	1.1243358430031772E-9	3.712863362632272E-9	1.6263391334604797E-9	1.937518083136195E-9	6.257336938842877E-10	3.313387862820068E-9	2.4438176540345027E-13	1.85716665100673E-13	2.3251291981368506E-11	3.36336960694569E-9	2.5214557749000864E-10	0.0	2.5214557749000864E-10	2.409485290618691E-14	2.5829123328582567E-12	1.3469716064358268E-14	1.4067890694944604E-14	7.090780770715315E-9	3.7689515724271304E-11	5.721712164481873E-9
1.6536555201019588E-8	8.174913364548623E-9	4.9079019046119176E-9	7.500750459897622E-9	8.46029523926133E-11	2.4267173711247433E-9	2.3023396938386936E-9	2.6890819825891503E-12	3.1538970299940776E-9	5.417512416331948E-9	3.276436118422268E-12	7.107497684888835E-11	2.730728672479738E-10	2.1901948152952103E-9	3.4819715657535864E-10	8.173613849492673E-10	1.8881108404867996E-10	7.683404290681838E-11	6.260902776973345E-14	2.024940456068404E-14	4.097187187198048E-12	9.994413538353822E-11	6.316333018520453E-11	0.0	6.316333018520453E-11	4.084428354088663E-15	6.301190967392813E-13	1.4208794216274593E-17	3.2486985850745473E-15	1.9876794961395708E-15	3.9647383188112565E-14	3.1981259974701516E-9
2.6150478546131505E-7	1.2460224991799527E-7	3.387450057854338E-8	6.459081775602453E-8	5.686840313371256E-10	3.488700619377105E-8	8.060389329260721E-7	3.769952259283454E-11	3.905745962847104E-8	9.297207413192967E-8	3.762920332008152E-11	8.757319852755412E-10	5.5797400691577445E-9	3.857241401384155E-8	5.355899545096741E-9	4.636054627172985E-9	1.9729698427380284E-9	5.746874738193755E-10	2.603726450787829E-13	4.79464071298168E-13	5.5289698051847045E-11	8.718900910098244E-9	8.568638846626304E-10	0.0	8.568638846626304E-10	6.644182061407146E-14	1.137963241647522E-11	7.716369049139621E-11	9.685897452753199E-12	1.4563012044968486E-14	2.1591371370187196E-7	2.1516069707336635E-8
0.003169971903847303	0.008766307819587933	0.0016116941908875981	0.0030872930121464094	2.4069439600852427E-5	1.8391881216076468E-4	2.9622945009599E-4	2.699686285193324E-7	4.877471079870311E-4	5.436468612755061E-5	5.689189790402558E-7	1.258263221459518E-5	2.764585743881792E-5	4.9736328483472986E-5	4.935132113241608E-5	4.818026647845333E-5	4.602556676176493E-5	3.759628860544859E-6	7.399455003200639E-9	1.0070773990496692E-9	3.2151016421520003E-8	3.977818288108095E-6	2.327952063046904E-5	0.0	2.327952063046904E-5	5.305333849150536E-10	7.61226056827604E-8	1.6488006312546587E-12	1.3630493834136328E-9	4.85139316604595E-10	4.600904627388742E-9	5.012489984481873E-5
