32
NULL,munmap@munmap,rt_sigprocmask@__sigprocmask,exit_group@_exit,rt_sigaction@__libc_sigaction,sched_yield@sched_yield,madvise@madvise,mmap@mmap,lstat@__lxstat64,openat@__openat64_nocancel,fstat@__fxstat64,time@time,open@__open_nocancel,read@__read_nocancel,mprotect@mprotect,write@__write_nocancel,syslog@syslog,getpid@__getpid,writev@__libc_writev,close@close,open@__libc_open,read@read,close@__close_nocancel,mremap@mremap,stat@_xstat,socket@__socket,fcntl@fcntl,connect@__connect_internal,getdents@__getdents,lseek@llseek,getrlimit@__getrlimit,write@write
0.8635301970928272	0.017742544676468932	0.033085909549201424	0.01199520777627176	0.02289678021676699	2.1423207457355454E-4	6.344724485234577E-8	0.009917948737446391	1.075273728105435E-5	1.2761842134510702E-10	1.3409897505236361E-4	0.002827575714264199	0.013207387117496685	7.732935155783466E-6	6.165059978117714E-6	3.080084562816649E-4	0.0013890650865488357	0.002155076666338796	0.0015064487466090403	0.001372939822420489	0.0010186102380003762	2.3608120712023793E-7	6.26975709929006E-8	4.947215125790453E-6	2.3585159114697344E-4	4.969123367972261E-4	0.0	4.969123367972261E-4	9.018603358050791E-8	3.323554016729427E-8	3.5408310359310654E-7	0.006878461478351257
0.016402569868180582	0.011475013278806246	0.007062622588212245	0.0022086058081016175	0.004179609032019266	3.823908905980122E-5	1.6522742077145033E-8	0.00873011526242868	2.637329773892605E-6	5.0997441256441746E-11	3.9448461773625115E-5	8.980710698038764E-4	0.0030447370404843243	4.600287157475577E-6	0.011265350603589522	1.0101606021083545E-4	7.392809557806177E-4	0.001003919693821094	3.931244755401542E-4	2.663395228759379E-4	1.872827292452741E-4	6.131834216819203E-8	1.7435327254137476E-7	3.6234916775642975E-6	5.5241973820999895E-5	8.987837101280236E-5	0.0	8.987837101280236E-5	1.5251911591289968E-8	5.627833788483275E-9	1.420122612637039E-7	0.0028254685766143503
0.02961782924880686	0.0033638251512466194	0.01756851959607296	0.019924667524354126	0.036742643595259895	2.505455006555016E-4	3.1291039690485404E-8	0.007549848850601371	5.979659778442617E-6	8.144836864241054E-11	7.65847941910903E-5	0.0013784468510780687	0.004506533280221619	4.922287630070526E-6	3.010824692674204E-6	2.9215493837294205E-4	5.055110653711637E-4	0.001227635890248862	7.235962761908547E-4	5.692248760625152E-4	3.930538561965342E-4	1.4973068257434032E-7	5.834279980472442E-8	2.273159393162849E-6	1.267109639935181E-4	1.890005123471983E-4	0.0	1.890005123471983E-4	3.202092364354821E-8	1.3355680975608837E-8	2.2636811613649177E-7	0.0033326682650995443
0.021911340970840663	0.0021939947367600244	0.013622682032506899	0.002803001488881185	0.005127874842607174	4.2728644003317364E-5	2.73084648451079E-8	0.0070716863482754855	4.5450023763330684E-6	5.556109767442662E-11	4.947817136396778E-5	8.231590220668168E-4	0.0032516104419758503	3.74013252720887E-6	1.9407741427359146E-6	3.06448276164679E-4	3.7161902647961137E-4	8.94128416953152E-4	5.238491418763829E-4	2.9198723245721565E-4	1.8074035783714504E-4	8.653138702028012E-8	6.107478693426188E-8	1.4992794090967516E-6	9.924359469732909E-5	8.484448054825997E-5	0.0	8.484448054825997E-5	1.220818111860391E-8	4.757439295339888E-9	1.5418434234498058E-7	0.0023456606574213386
0.023178647706804608	0.0025517342202149205	0.014832580022575405	0.02106262819919858	0.015944892121651212	3.6246333238817643E-4	2.7569968671412975E-8	0.00685367415381033	4.790335307995111E-6	6.128066376343051E-11	5.654454839203477E-5	0.0010064945364470226	0.0035889659276194647	3.923998410937636E-6	2.33013153948282E-6	2.8024323177737275E-4	4.054073655964994E-4	9.644560026154882E-4	5.675552141405606E-4	3.985611399758902E-4	2.8335302824383926E-4	1.0278967398446128E-7	5.6003165300330035E-8	1.7212931668976213E-6	1.0375225101533808E-4	1.3643327861517755E-4	0.0	1.3643327861517755E-4	2.250628613361353E-8	8.547067750330301E-9	1.7016620180714993E-7	0.0026013689318568
2.4256938963186208E-4	2.5576476393635556E-5	1.496266495372186E-4	2.3311930443454686E-4	1.6692844029380096E-4	1.278268825537778E-4	2.874361707202367E-10	7.27035966712237E-5	4.991714217083719E-8	6.336185212200606E-13	5.767172813885241E-7	9.941225496185316E-6	3.65010831229927E-5	4.1050122275159566E-8	2.2827938175559888E-8	3.0433449882290863E-6	4.1420888706331726E-6	9.972900240047617E-6	5.856930356422503E-6	3.7774503694165925E-6	2.4921092730400705E-6	1.0507541394169714E-9	6.070505574838721E-10	1.7382297708219042E-8	1.07985897253799E-6	1.1857783690693912E-6	0.0	1.1857783690693912E-6	1.8636196371780453E-10	7.421590901198543E-11	1.7592812464344096E-9	2.6536089216680106E-5
1.0473098643571738E-7	2.0005441619016275E-8	4.1560965961760585E-8	1.0320548439721658E-8	1.8235844030256525E-8	1.6365326452980354E-10	4.749871219202268E-14	1.0033569405027787E-8	1.8144644726084075E-11	3.0704332467642202E-16	1.8483374920727917E-10	2.303062934578546E-9	1.4631190146698857E-8	3.0468022757946424E-11	4.6662269250623324E-12	4.3389600823559106E-10	1.7748632685521528E-9	2.730792193773206E-9	1.8677103084224312E-9	9.430627789097931E-10	6.414344681076473E-10	1.9973838175496407E-13	1.731481750196727E-12	4.591063967578334E-12	3.346261126368562E-10	3.0818298553431843E-10	0.0	3.0818298553431843E-10	4.4086887730570285E-14	1.9383002401486398E-14	8.533672116583946E-13	1.3360981338580439E-8
0.002284811171059843	0.028008635154894507	0.0030191336574100103	7.008199002478257E-4	0.0013483982736072068	1.1397886114730474E-5	1.1974623606780248E-8	0.020119292051234288	1.6779254937074268E-6	1.3762311337430111E-11	1.345556242145204E-5	2.0710296699435888E-4	0.0024217914411724284	1.581357859581657E-6	0.0060348077561217005	1.0155343493530385E-4	0.0010935027812879329	2.634483706270752E-4	9.130349477273636E-4	1.1386161827692257E-4	1.4029231531498368E-4	2.2607089238938704E-8	6.01356668051126E-8	4.0107729940719556E-7	3.881445637572641E-5	7.142857167327572E-5	0.0	7.142857167327572E-5	4.3364968928283725E-9	1.5206064471392925E-9	3.801649086713197E-8	7.793300102454738E-4
1.4252695283232516E-6	3.8500614466735715E-6	2.049214959271417E-6	4.7678054054612964E-7	9.22491289151625E-7	7.782516592111437E-9	8.869151621886458E-12	1.0050321114347062E-6	2.096915119788885E-5	7.86303358822492E-6	1.5517532507352258E-8	4.885317190708446E-7	2.3577881045938473E-6	2.225469274584714E-6	5.843721353925573E-10	2.6555725885240236E-8	2.437218752905924E-7	4.819492410786961E-7	1.8672168452905486E-7	1.4124124229001947E-7	5.0229962765917924E-8	8.30060008762457E-12	5.131611739807315E-11	2.358128014382217E-9	3.2354050649419845E-8	1.996268828727279E-8	0.0	1.996268828727279E-8	2.961557197349337E-12	1.0478141967520397E-12	3.051255883496765E-11	1.8256806476394958E-6
1.471045630774474E-7	4.1029712652679215E-7	2.2742393818770576E-7	5.059189931267375E-8	9.768039999854086E-8	8.141635088486716E-10	1.0653492946315781E-12	9.909097566250319E-8	1.1952341257230202E-10	3.4777604736727753E-15	4.0439700137704655E-6	4.5281287126500965E-8	2.665648469292007E-7	4.328108204589711E-9	5.652770324308548E-11	2.925023333663999E-9	2.835194063811488E-8	4.6332238139520703E-8	2.1745618759902E-8	1.320060243577538E-8	5.066842517954816E-9	8.518816746286306E-13	6.618438099134184E-12	2.1337052727912983E-10	3.2886459618059735E-9	2.0639730714569054E-9	0.0	2.0639730714569054E-9	1.857981726726635E-10	1.065008943605968E-13	9.689498870609986E-12	1.7721270815245798E-7
9.18135601209703E-5	4.0131390655464865E-5	7.683452985461577E-5	2.62998181852465E-5	4.948982220909992E-5	4.6188782857933297E-7	1.5239823032354292E-10	5.9257566799655854E-5	3.1296166357370113E-8	3.5620160671796244E-13	1.4458451122962247E-6	6.651735004463967E-6	3.949659486333592E-5	2.8219282512566444E-8	1.399946885577514E-8	8.049594615088483E-7	3.953066001387459E-6	5.827990112195656E-6	4.741843510874286E-6	3.1597368127706332E-6	2.275116070966928E-6	5.23479298677143E-10	5.483213803295118E-10	1.3187257128295098E-8	6.790595622349904E-7	1.1017363402326726E-6	3.68579474379534E-7	1.1017363402326726E-6	1.3840104689987891E-7	4.394592389887617E-9	9.871791256694323E-10	1.9346795936868793E-5
0.0014782638761361106	3.6303885728780215E-4	0.0017903808629632643	4.830190555842639E-4	9.404918092605681E-4	8.217930894983032E-6	2.9349263203087738E-9	0.002674098549705384	1.2502369050806088E-6	5.7790116197128156E-12	6.7575418987505765E-6	1.384790896196905E-4	0.004029686654788427	2.3407730317478785E-5	3.1535576014738607E-7	2.2919990870023332E-5	1.105982173535301E-4	5.245343461619964E-4	1.173390157347071E-4	5.799911864330384E-5	4.67090145736587E-5	1.2778813282621587E-8	4.161414525983996E-9	2.5181469539243175E-7	2.401908150866495E-5	2.2846913884120134E-5	0.0	2.2846913884120134E-5	3.421364812379467E-9	1.1966219467259076E-9	1.5739299320173374E-8	3.380503167129078E-4
0.00519817365887016	0.0013930848529732805	0.004279933167736586	9.275170384440827E-4	0.0017425919293633174	1.4590148877493545E-5	2.9011049148218206E-8	0.005520920674424521	2.117021276605662E-6	8.757904927733816E-10	1.9965749962801168E-4	4.04945432698821E-4	0.005012196897507007	0.0028474140955372703	1.575865339874363E-6	2.5344567210001164E-4	0.0103053347075115	3.96850248975506E-4	2.072764229606674E-4	1.051807511325886E-4	6.955567350680783E-5	2.9510973306548562E-8	1.2942777398193187E-5	5.725226776537652E-7	4.85149525777356E-5	3.3022877110403286E-5	0.0	3.3022877110403286E-5	4.9709495356083626E-9	1.7858902771888345E-9	2.0676840241963396E-7	0.0011585484891145266
1.7906850220415638E-4	3.2851986787905994E-5	5.700079640519012E-4	9.334296270100052E-5	1.7900262045640708E-4	1.3350637740216629E-6	3.2614373719849874E-10	2.0748541340078023E-4	4.6090547181886915E-8	7.021180702201304E-10	6.620469028074536E-7	1.2781665474206136E-5	8.654874212842115E-5	3.5539523635577213E-5	3.391878949459777E-8	0.0011658172620399188	4.250984146799916E-6	1.0106401192985976E-5	5.1552610505025594E-6	5.594853576066338E-6	4.216637446483001E-6	1.267682836063764E-9	6.088147239125322E-10	2.3890560969134203E-8	1.0301287312294657E-6	2.0448513767003793E-6	0.0	2.0448513767003793E-6	4.6350963648118767E-10	1.3080979146752778E-10	1.5267544865048096E-7	3.4626097528321956E-5
0.0011429171822525958	0.008915625902824933	9.812976697247723E-4	3.5470387046795514E-4	7.017070473069214E-4	6.442907669062952E-6	1.8184176990723522E-9	0.002843460391123949	4.883784399955385E-7	3.83139974163948E-12	7.692441034578123E-6	1.1135619550750368E-4	3.338445833114764E-4	4.5987768216481924E-7	3.451835539553316E-7	9.051910673392775E-6	3.6674295546286434E-5	1.1175656406718258E-4	4.094065956454617E-5	4.788929400223347E-5	3.396483131312762E-5	2.042646305456237E-8	2.062929578198E-9	2.2078470411319477E-7	9.484846477662293E-6	1.6279015362024256E-5	0.0	1.6279015362024256E-5	3.113497739490969E-9	1.0487561716446165E-9	1.0634913159842902E-8	3.060626679901795E-4
2.605747948112771E-4	5.643215984324947E-5	7.262543538232385E-4	1.2070481477721372E-4	2.3132084228162154E-4	1.737372619624697E-6	5.604707648862138E-10	9.950410720627389E-5	2.0870595528605995E-7	9.324752252400655E-13	9.089410908200101E-7	1.8739872686439753E-5	0.0028647524134010785	1.0601034549058535E-7	4.8671410002119235E-8	0.0011692003610846227	5.25045554943711E-5	2.9896478861988544E-5	8.681180214957004E-5	8.159779133972987E-6	6.725521074860789E-6	1.3446904677543408E-9	1.1919656424033778E-9	3.455095960339407E-8	3.9464504652999314E-6	3.2939564245167935E-6	0.0	3.2939564245167935E-6	4.92759166834309E-10	1.7317902009396538E-10	2.5332295406684223E-9	5.113245791856123E-5
0.0024026477583364734	4.712952154848938E-4	0.002528345111278742	5.281580602743998E-4	0.0010030307835761508	8.258543681674196E-6	1.2045518272848873E-8	6.356203744403732E-4	5.039941446124481E-7	7.175289431312882E-12	8.84184385941514E-6	2.597806173196324E-4	4.994735572163823E-4	7.08006162376867E-7	8.094064278061144E-7	2.6268124486462235E-4	5.390323283045883E-5	1.3826470187556996E-4	5.910327184282533E-5	4.304288471964794E-5	3.250625977781642E-5	1.4073029858592916E-8	2.794953062108567E-8	1.901718715033085E-7	1.077610946341207E-5	1.5791208058006996E-5	0.0	1.5791208058006996E-5	2.782728308137811E-9	1.0057252450762313E-9	1.994924417233402E-8	4.1243720197878985E-4
0.0010841528412683528	0.0010228333932709116	0.0013387662275615804	3.2291624556702204E-4	6.248491963263868E-4	5.324050644921666E-6	2.6601337533656643E-9	4.4368195354263485E-4	1.1765341180508728E-6	4.170818350647808E-12	4.604908389395706E-6	0.0023357915573570666	7.190051995946201E-4	6.475271158765722E-7	2.2506173052790247E-7	3.532318184412903E-5	2.757213902171979E-4	1.316883301439833E-4	0.0019011541956842498	1.2665402325781622E-4	2.446849695561922E-4	5.700593753989219E-9	6.200750716578864E-9	1.755808109383119E-7	4.038570156657583E-5	1.2815442962703228E-4	0.0	1.2815442962703228E-4	2.0589015326698317E-9	7.302485035052464E-10	1.1343869005312245E-8	2.5026902534066843E-4
0.0012021747505811908	1.967172773711791E-4	0.0010156622727546041	3.6655513615607775E-4	7.33900728615332E-4	6.695930282197571E-6	1.865309150159012E-9	2.769024500068915E-4	2.5490273230118993E-7	3.6159091309787665E-12	3.6649909540320327E-6	7.861012580553787E-5	2.3595164148924514E-4	2.196749684553311E-7	2.010524304249822E-7	0.0011849972195366947	2.5631365774902146E-5	5.550384061136655E-5	3.29041045152487E-5	3.919487046651219E-4	8.940736271250427E-4	6.762737319971485E-9	3.170214435566476E-9	1.1626622782541933E-7	5.455582238659931E-6	4.718730108003195E-4	0.0	4.718730108003195E-4	3.204927030552476E-9	1.1017612922548864E-9	1.005324019980324E-8	1.7058094229479063E-4
0.0010431230894456574	1.522039583072433E-4	5.719397715539122E-4	2.181197240263603E-4	3.4021351331569997E-4	3.5841051664172544E-6	1.990975018522369E-9	1.6097758389733277E-4	1.9984413351411451E-7	3.1366271217862035E-12	2.8860552441164764E-6	4.8615820293918235E-5	1.6107322027836366E-4	2.1011667586856872E-7	1.2920781999988555E-7	3.686420748987355E-5	1.762039969436559E-5	4.3126571908839114E-5	2.4698394658134335E-5	2.8109340251395907E-4	7.603759130087625E-4	6.3148004305306564E-9	4.86026313610768E-9	7.678353301728687E-8	3.874625841383044E-6	6.275546841494612E-4	0.0	6.275546841494612E-4	6.70491467512878E-10	4.210012961999448E-10	8.731808462386753E-9	1.2809924267553094E-4
8.911714860915604E-4	9.443938104045037E-4	5.896671146399289E-4	2.007711871067596E-4	3.323794884573751E-4	3.3178291068045574E-6	2.0906158518642197E-9	2.3002770202763839E-4	2.486663009152491E-7	5.722787159826139E-12	5.361356426420447E-5	9.774720140613084E-5	2.953110048485822E-4	4.4176380564502506E-7	1.4798169383566667E-7	2.7984586339615432E-5	3.8697540639888177E-5	1.1220897693006288E-4	3.301430757151899E-5	1.478814585832318E-4	2.4794777281866892E-5	5.321747037403819E-9	1.2874302747049334E-5	7.435613246615877E-7	1.2820615928793612E-5	5.1760032742768755E-6	0.0	5.1760032742768755E-6	8.032479033028832E-10	4.1067655691520796E-10	1.594365565221327E-8	3.1417533295919356E-4
3.121136376152359E-8	5.947731318189767E-7	6.639380950166148E-8	1.2425927605429114E-8	2.3598151163848362E-8	1.8687664210884055E-10	3.6097289736919567E-13	2.0006920513471273E-8	3.1501112408355904E-11	4.862910478634275E-16	2.5641654880356903E-10	2.932236471159394E-9	8.951203830515114E-8	9.770275302741561E-11	6.217970656741027E-12	7.786123582027313E-10	8.65772752949123E-9	4.4088959710757215E-9	7.1251512149368175E-9	1.159166946442698E-9	9.172333117238783E-10	1.8724536654433192E-13	3.2741438872973285E-12	6.3293113638323434E-12	5.70314008245875E-10	4.4846355071993883E-10	0.0	4.4846355071993883E-10	5.715329901566743E-14	2.07612690041277E-14	1.3498423885094033E-12	2.1408531255238135E-8
1.3401345324014748E-6	8.039610407474018E-7	1.1642881910250439E-6	3.917806603722444E-7	7.326172785722178E-7	6.838615843703087E-9	3.204254777300824E-12	3.781455207064018E-7	4.85273879928808E-10	5.383603077671368E-13	8.637815011058008E-6	1.1573121871464103E-7	7.509131809509046E-7	1.1385196333908751E-8	2.14650808523356E-10	1.2811738297870121E-8	7.819196127599407E-8	1.1159081210047471E-7	7.326594068695464E-8	4.598739647835425E-8	3.213081149755964E-8	7.903955359589143E-12	1.574918141811404E-11	3.1791190278608495E-10	1.0592641140744256E-8	1.541522731011539E-8	0.0	1.541522731011539E-8	2.7213894259573247E-12	1.011596067334689E-12	1.5062520610190583E-9	3.580805233551212E-7
1.3095247499464827E-6	3.2865017031840016E-7	2.2179845503533235E-6	4.6440677373435603E-7	8.844294493956648E-7	7.278411083447696E-9	2.658049882701534E-12	7.045043246406399E-7	1.3953179560552413E-9	5.544394147787192E-15	5.153634459543673E-9	1.696258578781932E-7	1.1079300539887573E-6	7.161408442911995E-10	3.5737465643018446E-10	2.6548118914940967E-8	1.4425905285537956E-7	1.945300848041698E-7	1.0785968098430557E-7	4.711983733732091E-8	3.656768774904929E-8	7.202609568141325E-12	5.128710882136771E-12	2.1731595814106794E-10	2.6307760012802992E-8	1.7741866340008933E-8	0.0	1.7741866340008933E-8	2.4510616972055125E-12	8.917934357449665E-13	1.499501012920383E-11	4.153733948084029E-6
6.16329966189915E-5	1.1149085259640781E-5	5.430317119548843E-5	1.8534787202714146E-5	3.555251962444544E-5	3.283917039020507E-7	1.2543648943133454E-10	4.278134312987294E-5	2.4481101011149447E-8	2.332838492210531E-12	4.415265359050344E-7	1.89397894173054E-5	2.771134380846401E-5	1.5824252075463645E-8	3.322219747191757E-8	5.939815162178708E-7	2.976924939201166E-6	8.635811984016186E-6	3.0258274035311272E-6	1.957286416205472E-6	1.6231846890294139E-6	5.673013552067581E-10	1.1405462618309268E-10	7.16226815692255E-9	5.949634939806428E-7	7.986181392934544E-7	0.0	7.986181392934544E-7	1.387621131289088E-10	5.0486318668406776E-11	6.51990094214047E-9	9.635692448865772E-6
2.3509776848782047E-4	3.430351513679808E-5	1.2890297098209545E-4	4.915954944966803E-5	7.667688360905938E-5	8.077811760703051E-7	4.4872279658303687E-10	3.6280925308224565E-5	4.504061558202405E-8	7.069290287310296E-13	6.50455489277795E-7	1.0956971802938729E-5	3.630246525225623E-5	4.735580892585959E-8	2.912067245834947E-8	8.308393177104558E-6	3.971262089100036E-6	9.719811247927746E-6	5.566492680074356E-6	2.0230840763598896E-4	4.828749662229539E-4	1.4232219556486815E-9	1.0953981188250903E-9	1.7305375811149074E-8	8.732582403895276E-7	6.106032492689134E-4	6.096452758879986E-4	3.0578015730564086E-4	1.511144851325554E-10	9.488475580821328E-11	1.9679638797001005E-9	2.887083517115199E-5
7.05718121776081E-5	1.0316987493025047E-5	3.871081103423718E-5	1.476124900634987E-5	2.302960284657351E-5	2.4257462943899716E-7	1.347147861664907E-10	1.090417202470284E-5	1.3526558886647716E-8	2.1224332934765584E-13	1.9585326758115078E-7	3.295097869231205E-6	1.0911879466812448E-5	1.424163792904428E-8	8.750295784848927E-9	2.4929116015732435E-6	1.1936740018161818E-6	2.9204061507779228E-6	1.6721146716912602E-6	6.0694285119125967E-5	1.4486349742143465E-4	4.2721577457358927E-10	3.289392928383769E-10	5.2106502353369304E-9	2.6253951210546455E-7	2.880086074840214E-7	3.6592250393663235E-8	1.5269955458912027E-4	3.810877687401217E-8	1.2196481166627135E-9	5.908454679001408E-10	8.675892938655172E-6
2.2334196962982319E-4	3.2588206537042684E-5	1.2245732324664158E-4	4.670138160317057E-5	7.284274249166778E-5	7.673889890740646E-7	4.262849190414578E-10	3.4466738542229744E-5	4.278841037978675E-8	6.715798396591989E-13	6.179301958766111E-7	1.0409080781102996E-5	3.448720140564482E-5	4.498783509067194E-8	2.7664526063460504E-8	7.892941343378386E-6	3.7726836056370213E-6	9.23378304483887E-6	5.2881464894134315E-6	0.001640095988374815	4.587293479425602E-4	1.3520553463332985E-9	1.0406239708730926E-9	1.644004000423579E-8	8.295919466125202E-7	9.100710020460009E-7	0.0	9.100710020460009E-7	1.4355817567383684E-10	9.014015056952363E-11	1.8695580646285015E-9	2.7427181608136407E-5
8.892872791283562E-8	2.7574797108707257E-8	4.481854064701367E-8	2.0023400328480216E-8	3.142603331592446E-8	3.3815642911941745E-10	9.932778006035181E-14	1.9442952931711204E-8	2.4221284492107275E-11	2.3220820801526078E-14	5.375546792253181E-9	6.32463439077573E-9	2.4567007612439906E-8	2.0900301345541546E-10	1.0095657465038287E-11	6.295011414628518E-10	2.7700626797289124E-9	6.032114951843885E-9	3.3846816757826114E-9	2.3602794024675656E-9	1.106955860093447E-9	5.512026176709577E-13	3.188259405572569E-13	4.721036066393538E-11	2.5506564496030853E-9	4.927490776603463E-10	0.0	4.927490776603463E-10	7.493275839193973E-14	1.1518132064566946E-8	6.496814467376112E-11	1.775084797768285E-8
2.2497549943482775E-8	1.174817250241354E-8	1.1063707302363368E-8	5.099701947042756E-9	8.03031403009137E-9	8.662015056671285E-11	2.472176247290531E-14	5.843699085684345E-9	5.834533992012802E-12	7.256037791336172E-17	9.80734592658085E-11	2.536916687451927E-9	5.541029555219698E-9	6.453512195297503E-12	3.3991888866645487E-12	1.5812257815762567E-10	6.867323624302075E-10	2.3500037553115673E-9	7.377565727511758E-10	8.219822699748923E-10	3.014753876128747E-10	1.42191224922633E-13	5.6180625708671435E-14	1.0105384335367234E-11	1.5963109285222157E-10	1.233166446057394E-10	0.0	1.233166446057394E-10	1.9095834000856732E-14	1.0996212574241236E-14	2.014765796664642E-13	7.878488232896394E-9
1.5382119609263026E-7	2.0293023103700821E-7	2.1762612142385937E-7	4.968226903194112E-8	9.587250869719188E-8	8.054298967636272E-10	4.1856557767756675E-13	1.0287855805845721E-7	1.8054573895295396E-10	1.3198087535034316E-10	8.628937806830362E-10	4.301180698593956E-8	1.4608846545939108E-6	9.22032990459168E-11	5.855616492700265E-11	3.3578998148193407E-9	2.0342782463711018E-8	4.854770437049882E-8	1.7488027027058368E-8	7.2497894981939705E-9	4.961445318802173E-9	8.368506143039071E-13	1.1936722135122301E-12	1.4880739131930715E-10	8.622343354253474E-9	2.351727260667068E-9	0.0	2.351727260667068E-9	1.6799186628629395E-11	1.0682519842835057E-13	3.6929903237568504E-7	7.45684235307252E-8
0.004280896359660117	5.710587551429474E-4	0.014182042309660825	0.00228527876717843	0.00437344685267846	3.240162466013421E-5	4.593414929409755E-9	0.001078941348736962	8.50237094888212E-7	1.1562764310199557E-11	1.1813683755404376E-5	2.4354191287184564E-4	7.317633361622059E-4	7.259225223420084E-7	5.582666080331216E-7	3.306181110689838E-5	8.052210805459107E-5	1.8024552093558668E-4	1.0987759932831391E-4	1.1283655794914834E-4	9.640648685582623E-5	2.1333119877823936E-8	6.77687826651233E-9	3.805295935864345E-7	1.8530544250020286E-5	4.765159516689164E-5	0.0	4.765159516689164E-5	8.752463907685765E-9	3.082526024349641E-9	3.2133674758223446E-8	5.397809488895738E-4
