32
NULL,lstat@__lxstat64,openat@__openat64_nocancel,fstat@__fxstat64,time@time,open@__open_nocancel,read@__read_nocancel,mmap@mmap,munmap@munmap,mprotect@mprotect,rt_sigprocmask@__sigprocmask,exit_group@_exit,rt_sigaction@__libc_sigaction,sched_yield@sched_yield,write@__write_nocancel,syslog@syslog,getpid@__getpid,writev@__libc_writev,close@close,open@__libc_open,read@read,close@__close_nocancel,mremap@mremap,stat@_xstat,socket@__socket,fcntl@fcntl,connect@__connect_internal,getdents@__getdents,lseek@llseek,getrlimit@__getrlimit,write@write,madvise@madvise
0.4665621645791671	1.7393062208893626E-4	7.034836349638282E-10	5.024108729541035E-4	0.016603385058314515	0.0751003745357331	6.929420129034452E-5	0.06441116235355057	0.0650926440767269	3.322135264944231E-5	0.09550020380347872	0.0277572300032645	0.052590978902805244	4.7260578371832257E-4	0.0015914156188370483	0.008953913116378524	0.014553048047020185	0.008913488028956267	0.005086479992925306	0.0028313687679651935	1.0094487845032803E-6	5.10837625506581E-7	5.519421855297401E-5	0.002006781965544582	0.0012831570930798646	0.0	0.0012831570930798646	3.346656633003907E-7	1.2352726403964514E-7	1.9052000349922952E-6	0.06963161578931157	2.0849764979424907E-7
2.2470557009366887E-5	1.7138957383856324E-4	6.42683952912752E-5	7.462393466831677E-8	3.274742613022673E-6	1.6271357852659293E-5	1.723008201857868E-5	9.422690306820922E-6	3.3165913450367095E-5	5.733426068898566E-9	1.1992815406418262E-5	3.86870659937743E-6	7.483657791985473E-6	6.798058987527006E-8	1.35258360815911E-7	1.5785592838744707E-6	1.7034334764902726E-6	1.2230110999077592E-6	7.52473975712112E-7	3.527820766899201E-7	1.228711804113131E-10	1.9288962124388784E-10	1.7545256718823253E-8	1.092998013859722E-7	1.5384071877144496E-7	0.0	1.5384071877144496E-7	5.2748076160601626E-11	1.8928072976034027E-11	2.5760415349274723E-10	1.505372739542082E-5	5.980965510851295E-11
2.290011716780975E-6	7.956195685819459E-10	2.7595280284237368E-14	3.304800677513312E-5	3.0954430446207844E-7	1.8218507468774204E-6	3.398732655277729E-8	9.153868401240582E-7	3.5274463649943345E-6	5.522734810496275E-10	1.2781010242422673E-6	3.9320743294500143E-7	7.592984833080038E-7	6.839824372158693E-9	1.4508079107297292E-8	1.8664163194880104E-7	1.6410351560508223E-7	1.4391316729867168E-7	7.125731157030316E-8	3.4943414167530647E-8	1.2286087645190356E-11	2.3155408135316498E-11	1.5938780933410562E-9	1.1208314585717381E-8	1.536961539182323E-8	0.0	1.536961539182323E-8	1.5259025252455052E-9	1.8728037143501187E-12	7.697753387560509E-11	1.428269920436857E-6	7.433778069385188E-12
4.3480414914159383E-4	1.9894180301599085E-7	5.678011366925691E-12	1.0547288736370624E-5	4.4966707110281186E-5	1.9182052038130756E-4	2.790473012224713E-7	4.845337669424055E-4	2.3753054623246552E-4	1.1119020029234543E-7	3.640814115148075E-4	1.629301848268724E-4	2.985115865896758E-4	2.9392300096424458E-6	3.538016630258017E-6	1.7334957541317413E-5	2.0519954948192324E-5	2.905118396783039E-5	2.466969459443457E-5	1.2882865701817611E-5	5.8013940502410256E-9	2.3566162605576438E-9	1.0297857390151614E-7	1.7315401161730646E-6	6.334584804764255E-6	3.0125791895623223E-6	6.334584804764255E-6	1.131812470491437E-6	3.617882661655866E-8	1.5844824195972247E-8	1.501370627169627E-4	6.576406302433457E-10
0.010093359884311297	4.7693735152781345E-6	4.8328537800473405E-11	2.5137638579064373E-5	7.500938278824279E-4	0.020901008031810712	1.8136461575565056E-4	0.01653307329295428	0.002047101875281624	2.0316621845790406E-6	0.005813912125329694	0.002246222259150882	0.0043575962511179294	4.0761926320645804E-5	5.7990291333699595E-5	2.4444608435810947E-4	0.0017882014525182253	3.7261032285578225E-4	2.5831802350340105E-4	2.02870736369762E-4	1.0215537870095014E-7	2.167400974120958E-8	1.8640146281248819E-6	4.564108310780791E-5	9.92095429097517E-5	0.0	9.92095429097517E-5	3.346476007546677E-8	1.1926633443919632E-8	1.3395057239705613E-7	0.002503497296521059	6.653682725990588E-9
0.01970574208208037	8.328845505787913E-6	7.1705319796565895E-9	0.0013661931195394267	0.0016896384231648257	0.025227198667939106	0.012785717778943098	0.02535365780285239	0.00536466037680505	8.693612912979411E-6	0.015912347437349275	0.0043037093662187855	0.007982376724331969	7.131236377969364E-5	9.517794218494843E-4	0.041425790002679125	8.006687668205397E-4	7.106933972142142E-4	4.1855509809023204E-4	2.8886326447151076E-4	2.0448372056867093E-7	5.603027653607567E-5	3.6956611224118937E-6	1.0829679268524261E-4	1.3843432032321952E-4	0.0	1.3843432032321952E-4	4.690705033093102E-8	1.7525288122432537E-8	1.6731473182492162E-6	0.007956632226202824	6.714676248848781E-8
6.568900593046669E-4	2.4854977348362284E-7	5.755952330241109E-9	2.3298847442708253E-6	6.259852207871809E-5	4.272808919171161E-4	2.232940008403835E-4	0.0013535953372926705	1.2677917964487513E-4	2.1575640399383005E-7	0.002367658359137851	4.3769882234856585E-4	8.391137975428565E-4	6.570606032919453E-6	0.004764454782968756	1.243082317133581E-5	2.7036807768980878E-5	1.991409027900248E-5	2.208733672181343E-5	2.0067188510247298E-5	1.0477872863634801E-8	4.66475225759256E-9	1.284045051247397E-7	1.7085587847490471E-6	9.989154378683147E-6	0.0	9.989154378683147E-6	4.514234404384684E-9	1.3409642198933548E-9	1.251842007102203E-6	2.0559076164052633E-4	7.453184460627485E-10
0.01894292912694994	9.862469295211243E-6	1.0341614883146297E-10	5.8313605663699277E-5	0.0014127808339070846	0.014769371230479418	1.3810320357776295E-5	0.12701324924163038	0.19525141420445538	0.03763880728942025	0.014251588739868235	0.004383180245119012	0.008396975322356856	7.593749976434204E-5	4.092723317026384E-4	0.004802880767593653	8.642742002404779E-4	0.0033634892112762442	5.578964324790923E-4	5.914503590831132E-4	2.096287306280422E-7	2.3669363421942564E-7	3.6762001100869626E-6	8.782111266366835E-5	2.971516803473798E-4	0.0	2.971516803473798E-4	5.719764054185662E-8	2.058119139392037E-8	2.8699470652308057E-7	0.005982438139057768	6.591076201946598E-8
0.03348017896326079	1.2370749636928048E-5	3.700306346645613E-10	1.5584437820175375E-4	0.004069306274154276	0.012003971889754453	4.4944289479612185E-5	0.05371288130816791	0.050799036568925385	0.07025904198852634	0.026035199713449503	0.008204377368675155	0.01581501562340005	1.432683064431742E-4	3.6412368102014603E-4	0.0030806107845121203	0.003340502666194169	0.0015700600958136071	9.947839088709934E-4	6.788787737059634E-4	3.8104999623892324E-7	1.3363204945514983E-6	2.8326795747203058E-5	1.535141841919359E-4	3.232119551170121E-4	0.0	3.232119551170121E-4	1.105982223061004E-7	3.9462711931129433E-8	1.0330826829062382E-6	0.020355193291401178	5.568449169716892E-8
0.006108966034649271	3.7731797342447926E-6	5.282982234041652E-11	3.3057130888931E-5	7.461629846900737E-4	0.0015461943916684519	4.859596214195326E-6	0.019058954110646398	0.05565306142467734	2.839187055052428E-6	0.006414547857085096	0.0028240115625615056	0.00555770819678288	5.256662821666827E-5	5.034512852687689E-5	1.6439383771691717E-4	4.0531622510099976E-4	2.3220038134448494E-4	2.7501655284521947E-4	2.4095202007880755E-4	1.8596309187893787E-7	2.0135625559472784E-8	1.7587611872924169E-6	2.197768346986889E-5	1.1918351158925682E-4	0.0	1.1918351158925682E-4	4.631624146086865E-8	1.6060429681459523E-8	1.4745139734017865E-7	0.002688021398689501	5.2554674598183235E-9
0.12720413374380984	3.284367332662934E-5	7.845873927283152E-10	3.006393241435313E-4	0.0074237469268535776	0.012420610831308201	4.513856492301781E-5	0.05862331761823952	0.014942878636634455	2.0272168375820297E-5	0.0713022937938031	0.0947499717414402	0.1733110061080969	0.0012312969393277566	0.001156183912519558	0.0013701640341863776	0.0035770299064329506	0.002823964439561296	0.002500939502078441	0.001903408241300592	1.3555620879328357E-6	4.578114907940334E-7	1.5038034828752255E-5	2.2279616111757383E-4	9.302119686579813E-4	0.0	9.302119686579813E-4	3.3359023062457885E-7	1.4302367575819664E-7	2.190916000210532E-6	0.024047074466539958	7.48552790920612E-8
0.12727589694992314	1.7737074216439065E-5	4.053346803606102E-10	1.4954571292283075E-4	0.0030752789571343764	0.0063768950558363915	2.7074987676822176E-5	0.049654263026295394	0.007910177732361244	1.0099003183978733E-5	0.0444349020592436	0.010290617067609427	0.019047567635666524	1.6347414305576123E-4	0.0011022591860602544	7.235165709519916E-4	0.0019414722375603593	0.0015227077888642065	9.007432721063186E-4	6.397199397043188E-4	5.802159414610047E-7	4.504670419502151E-7	7.680101895264706E-6	1.3418158992535307E-4	3.0747388622171754E-4	0.0	3.0747388622171754E-4	9.842197301735646E-8	3.6944805986487014E-8	1.1311498706388722E-6	0.01358214893242208	6.071967035729786E-8
0.11891015670034323	2.191582119873186E-5	5.143578776549598E-10	1.9444947821368447E-4	0.0046426722395004495	0.008536045523128422	3.161012144339837E-5	0.0501953682945429	0.009900048226628754	1.4070749122232836E-5	0.05555024453320246	0.09551582499102597	0.07330245351384021	0.0016562442959861497	0.0010460998201146155	9.440086652127082E-4	0.00240240602313404	0.0019130253690353017	0.0015317448626313433	0.0012624631956406089	8.086887836874238E-7	4.2246214900054136E-7	9.7662665489755E-6	1.5803695778851876E-4	6.213717270320943E-4	0.0	6.213717270320943E-4	2.211858607576664E-7	8.37451054468999E-8	1.4358549373967007E-6	0.01634055691490026	6.32686928031341E-8
0.001282633164455133	2.218588843226578E-7	5.1695575174701254E-12	1.9404144278289327E-6	4.379659822944079E-5	8.226763530827565E-5	3.242767858619732E-7	5.271284590736096E-4	9.982184626680749E-5	1.3258839334993373E-7	5.322832120939376E-4	0.001047146200396583	7.477896961885157E-4	5.743242545706482E-4	1.1258516680678864E-5	9.204235971380482E-6	2.4250068678644772E-5	1.91102732867202E-5	1.3856429043729302E-5	1.0426975313892662E-5	8.046236700048257E-9	4.5593944946134E-9	9.837310552935803E-8	1.6074350451601634E-6	5.071170332655354E-6	0.0	5.071170332655354E-6	1.742025856025881E-9	6.950811208099299E-10	1.443039394144746E-8	1.666538973638836E-4	6.549509841338241E-10
0.0016528186974397116	7.174017499607576E-7	6.869874134492548E-12	3.4287501760734045E-6	1.0231995814958801E-4	0.011355738579030352	7.666707900243928E-7	5.326568496787379E-4	2.902971290108567E-4	2.9336724274351857E-7	0.0026359995490271783	5.053544469571265E-4	9.677347131110609E-4	7.68628087711234E-6	0.0047716548224153044	1.7259261894931742E-4	6.359476242138255E-5	3.289398323959503E-4	3.434125339599978E-5	2.714776558998975E-5	1.0680175637269097E-8	7.595213781965677E-9	2.551268054053825E-7	7.419835736388945E-6	1.3215978547945437E-5	0.0	1.3215978547945437E-5	4.529935047299603E-9	1.6165075508607495E-9	1.9003868345674374E-8	3.7002967844953247E-4	1.434125313379371E-9
0.006914246205517745	2.5096716609836725E-6	6.235697525616102E-11	3.371044187307455E-5	9.568072642749651E-4	0.0015092551561314777	5.926854487428195E-6	0.003327959292389993	0.001173301735079945	4.324012717812645E-6	0.010640527876849206	0.002517740103122589	0.004720074771612014	4.051486085640106E-5	0.001068256977896998	1.5789481966380818E-4	2.9975655442677975E-4	2.2590020526905782E-4	1.7207244573464136E-4	1.416273920385225E-4	9.466116185155861E-8	2.321159745723989E-7	1.1549631715811193E-6	2.0545666472054E-5	6.975882725407972E-5	0.0	6.975882725407972E-5	2.529235838688844E-8	9.473326372434226E-9	1.7408304740113206E-7	0.0029985946524570544	2.7191252620448404E-8
0.008776579442067068	5.329045834779593E-6	3.516441371776793E-11	1.7023900690565496E-5	0.009710058541872684	0.0018280925739717312	4.7384984538846165E-6	0.002384732862366562	0.003962480753256133	1.3728246856700087E-6	0.004103981620900378	0.0013642276157326211	0.0026171809103352644	2.4008024811718558E-5	1.0125932301545893E-4	7.995416071067644E-4	3.394821060657012E-4	0.005845182009569674	4.644297845384581E-4	7.810359852714249E-4	4.5991022221858435E-8	3.443127540676108E-8	1.4398567956785052E-6	4.573283866162835E-5	4.065736025124238E-4	0.0	4.065736025124238E-4	1.8339884204469396E-8	6.667750186941065E-9	9.714692267044984E-8	0.001997456325199357	7.316912508062901E-9
0.0035958054067987775	1.4323581835676913E-6	3.5292610224607E-11	1.4115188229985665E-5	4.288343041683611E-4	7.642583997216374E-4	2.000006299012218E-6	0.0021128830244672215	7.185906297474762E-4	1.3625381841636096E-6	0.004708372358987094	0.0019819535730254047	0.003943035543025406	3.686258422905323E-5	0.004843295026378428	7.939148240733614E-5	1.5750097336284273E-4	1.3577091780421434E-4	0.0016210578069343177	0.003686490439518904	6.014454571825219E-8	2.397029629008089E-8	6.641708392745134E-7	9.839677785641767E-6	0.0019434524963873765	0.0	0.0019434524963873765	3.2429160613889766E-8	1.1293102633818424E-8	9.855646415462138E-8	0.0010718943795609273	4.442573747870014E-9
0.0026132041445937715	1.3394545212941137E-6	3.239160030552927E-11	1.2922017653488588E-5	2.8712673833929564E-4	5.886540064596485E-4	2.1023508786869152E-6	0.001339476651163182	7.462086779724062E-4	9.044888130820247E-7	0.002403021767048698	0.0012350922754191687	0.0018634746052485125	2.085963167022081E-5	1.5271666866797432E-4	6.315945210138629E-5	1.397266061424538E-4	1.1516567284833766E-4	0.0011705005904275366	0.003119450787460168	5.988597375758997E-8	3.7521696869024026E-8	6.293895644269184E-7	8.55991736370198E-6	0.0025688203502253868	0.0	0.0025688203502253868	7.002524593327288E-9	4.660122398786664E-9	9.04743149235148E-8	0.0011142954791875752	5.164346467081807E-9
0.0036067633073109022	1.3269533211435805E-6	4.629683701393293E-11	1.9742592071969763E-4	3.922704989872446E-4	9.359238958304011E-4	3.409482219054271E-6	0.001480639883163266	0.004248090117200005	9.335033777183577E-7	0.0022464934311733197	0.001057213272111019	0.0016847369502774857	1.8056771171628537E-5	1.1160743530743362E-4	1.2654811576909554E-4	2.488396477342462E-4	1.292400216857511E-4	2.9820451162269754E-4	7.286978950308567E-5	4.857322878324698E-8	5.553028220180901E-5	2.832040108621277E-6	4.652990140780887E-5	2.3335198816518122E-5	0.0	2.3335198816518122E-5	7.785868655966257E-9	4.2654831977692194E-9	1.293184970780658E-7	0.0017199235083470705	5.767830696620364E-9
4.870425418924762E-7	2.283401905869919E-10	4.706060928646453E-15	2.0965725433522885E-9	3.2104021907625056E-8	6.703835750549311E-7	1.0541832652258283E-9	2.0107920490156694E-7	4.394509737729461E-6	7.613024356532238E-11	4.625820875341613E-7	1.0808313427802135E-7	2.0347345048575071E-7	1.7368595141087205E-9	4.549077140906918E-9	6.22249777176453E-8	1.9532484955231647E-8	5.3487158432747656E-8	1.0285665049181424E-8	7.473888792476796E-9	3.016194762215623E-12	2.671455891599443E-11	8.972636090580279E-11	2.3456144114545716E-9	3.6094964977051314E-9	0.0	3.6094964977051314E-9	1.0860218536693269E-12	4.059898812009866E-13	1.3101244062953268E-11	2.2109947907987103E-7	2.8286815867195197E-12
7.125865424428088E-6	3.0534351451480967E-9	4.416250884084818E-12	3.7377567597167283E-5	7.638065712999289E-7	4.131021002578152E-6	8.974010155489858E-8	3.2470853772645466E-6	5.986533022681895E-6	1.769628295333449E-9	5.655269857099653E-6	2.401852431738118E-6	4.439053607491121E-6	4.319338396434011E-8	5.664406583056597E-8	4.1145386081646927E-7	3.8543891463605167E-7	4.055682090024651E-7	2.468214146720916E-7	1.7890906670749634E-7	8.402252101692536E-11	5.985383726678518E-11	2.434097448577075E-9	2.9479634602999426E-8	8.67332455973391E-8	0.0	8.67332455973391E-8	3.1789305769813557E-11	1.2135085589546283E-11	1.2356533643453774E-8	2.7642330331602256E-6	1.695507485881712E-11
2.0405655601660564E-5	9.567874244458028E-9	7.661667419380449E-14	3.9527598575094316E-8	1.7364261825860878E-6	4.6006722927608394E-6	1.0242004473228382E-8	6.855408730708246E-6	3.915135168545739E-6	3.885970474744419E-9	1.3410122426000797E-5	3.812395431956579E-6	7.1923355376224E-6	6.445601026639256E-8	1.2215019923783399E-7	6.39369854470853E-7	8.299754483741281E-7	5.832296520760038E-7	4.037320730128145E-7	2.842244963929117E-7	1.1667404006556342E-10	5.374581063119988E-11	3.3934654319644352E-9	1.0284606688481904E-7	1.3579942904838838E-7	0.0	1.3579942904838838E-7	4.441576375646465E-11	1.6592276006085532E-11	2.1128452404298283E-10	3.613727383133333E-5	1.3821597258112535E-11
2.1291331957344018E-4	8.69658229220774E-8	1.891907640879691E-11	1.3297036027820915E-6	6.0985267934755525E-5	6.312000822641956E-5	9.380531587400923E-8	1.653287965127491E-4	3.932811099533711E-5	1.190701570436819E-7	1.6354625100015134E-4	7.326396269308132E-5	1.378392287568309E-4	1.3381561753485044E-6	1.5383949094752065E-6	6.550167933420202E-6	2.2018332634096013E-5	8.580233485694916E-6	6.575345513239476E-6	5.707264021618223E-6	3.0488294607631124E-9	5.675173198966592E-10	3.606508794287996E-8	1.0023909429488093E-6	2.8285696802206115E-6	0.0	2.8285696802206115E-6	1.0313204060394717E-9	3.883328954036133E-10	5.291873554416732E-8	5.142847197445176E-5	1.5209742928901024E-10
5.90478516229078E-4	3.026626548802336E-7	7.319194246151693E-12	2.9198542104537474E-6	6.487905458553119E-5	1.330119547409431E-4	4.750462473333983E-7	3.0266766580667033E-4	1.6861297209058989E-4	2.0437781143265896E-7	5.429854545682642E-4	2.7908100547205833E-4	4.2106999009589984E-4	4.713435096897982E-6	3.450773753815848E-5	1.4271478441110598E-5	3.157257457133542E-5	2.6022789637516835E-5	8.355004393347477E-4	0.001978111120804009	1.353181516657552E-8	8.478374443756971E-9	1.4221664057165663E-7	1.9341955609857774E-6	0.0024965500138372783	0.002491749791822339	0.0012506732622528578	1.5822874130396126E-9	1.0529996574034361E-9	2.0443543367300675E-8	2.517857236922601E-4	1.166932070867764E-9
1.7750083863805937E-4	9.092481411377474E-8	2.1982704704004755E-12	8.813772736444584E-7	1.9531100539421945E-5	4.003929051807241E-5	1.4287157823267052E-7	9.102401924018104E-5	5.0798899925124916E-5	6.146234651905702E-8	1.632189308862133E-4	8.386024314107174E-5	1.265896412559367E-4	1.4165503810423868E-6	1.0354967599804499E-5	4.295619994776292E-6	9.490486714467355E-6	7.822067664832119E-6	2.506633213152142E-4	5.934438798416153E-4	4.063725065694567E-9	2.5452433151093874E-9	4.282080994845431E-8	5.815406432109436E-7	1.445841306042253E-6	2.9908624787307085E-7	6.243842170982519E-4	3.1158697895938683E-7	1.0052467121037914E-8	6.140068199352767E-9	7.567624799794606E-5	3.505820136852362E-10
5.609523037456222E-4	2.875283500525646E-7	6.953206189719636E-12	2.773850192578313E-6	6.163485060728696E-5	1.2636084190520145E-4	4.5129209531477914E-7	2.8753311041327415E-4	1.6018167051977657E-4	1.9415812939273977E-7	5.158340790882652E-4	2.651258744364905E-4	4.0001485996622906E-4	4.477745088924858E-6	3.27822170274686E-5	1.3557849251692608E-5	2.999382357562374E-5	2.4721549380451304E-5	0.0067116126281041195	0.0018791979043812686	1.2855172005285385E-8	8.054422888433065E-9	1.3510525779854833E-7	1.8374782926202206E-6	4.560192324974471E-6	0.0	4.560192324974471E-6	1.503166914861859E-9	1.0003455967137194E-9	1.9421287029792387E-8	2.3919546244869234E-4	1.10858094829308E-9
6.277901027203262E-7	2.4992538670287434E-10	1.9314310346907987E-13	4.310350612343252E-8	6.515497204412042E-8	1.3852547600456073E-7	1.7973713170287747E-9	2.683015514084707E-7	2.5258902248777696E-7	1.3262563127568294E-10	3.120797468531382E-7	2.169246977297065E-7	3.258826763551286E-7	3.775501819493822E-9	4.570107329967755E-9	1.531025205018225E-8	3.182908001832825E-8	2.307436040741077E-8	1.9523054740756947E-8	9.390003923234459E-9	1.0594496111616617E-11	2.2428240546672485E-12	4.209690155453638E-10	2.726322940469036E-9	4.235683434154917E-9	0.0	4.235683434154917E-9	1.432400183698181E-12	9.414384066908768E-8	5.404039820043656E-10	2.3621211545277873E-7	5.661251822377257E-13
1.478682376311664E-7	6.62528431228208E-11	1.4246836875010151E-15	6.866453072465559E-10	2.1656441512960232E-8	3.273918659654352E-8	1.1005358450005001E-10	7.796133990307235E-8	1.0617131213000044E-7	4.115567189749681E-11	8.241427940975741E-8	5.633873523987504E-8	8.537634034073213E-8	9.824341695895065E-10	1.2240436295418684E-9	4.136867392573819E-9	1.0887217218035935E-8	5.804762922222971E-9	5.8238531346029975E-9	2.5962886524934403E-9	2.722156444491402E-12	5.711386286399765E-13	8.64371933012438E-11	5.950019877410933E-10	1.1418513653196364E-9	0.0	1.1418513653196364E-9	3.809870542051388E-13	2.3487946090411414E-13	3.97670554071121E-12	8.656658921880885E-8	1.2375269098104982E-13
3.0841760172422774E-6	1.1306565340370316E-9	1.0806904735521509E-9	5.547085408727798E-9	3.2405941023741453E-7	1.1326206114002352E-5	1.1768982735342231E-9	9.227171650353737E-7	1.795749832252642E-6	5.846034675062182E-10	1.0578606819929363E-6	3.732755822583911E-7	7.180625437005368E-7	6.647771975087482E-9	1.388439772955566E-8	8.954940641802806E-8	1.7396582689939254E-7	8.648108433933801E-8	5.745402667171549E-8	3.529513818674073E-8	1.2791718609443787E-11	7.2455804735049225E-12	1.2079893381658674E-9	1.6474021204967146E-8	1.6389148868938003E-8	0.0	1.6389148868938003E-8	1.4028809754289662E-10	1.8828381177840813E-12	3.0239075849102385E-6	8.215447796168435E-7	2.2779285933881747E-12
0.03398092243626191	8.376317078996186E-6	2.0382032193146787E-10	8.034299240683738E-5	0.002387974814171373	0.003969365665995573	1.1403733826317536E-5	0.014754967659186567	0.003873498108784299	7.02189228962774E-6	0.11704982152554903	0.020744177578839316	0.039892745296774314	3.0676665786588317E-4	2.4121913213531865E-4	4.1958029360137603E-4	9.279603328965502E-4	7.792613917028187E-4	8.957549121690458E-4	8.976561564704473E-4	3.4597664691966066E-7	9.454642150072137E-8	3.856786072795715E-6	5.7976176447268975E-5	4.5191832610667085E-4	0.0	4.5191832610667085E-4	1.7201482262007437E-7	6.043219835233552E-8	5.691486575315268E-7	0.005976135989802208	1.9686681460128312E-8
1.3465377880586238E-7	6.583807507522076E-11	2.4590343070880597E-15	9.176172294366528E-10	1.1218770128774757E-8	2.999882254501786E-8	2.5976086128847323E-10	5.5256702749417007E-8	3.155308573984983E-8	2.5575324472771753E-11	1.6541593679616405E-7	4.458977238770396E-8	7.844081791942208E-8	7.189968880244774E-10	1.3391167060069108E-9	3.575569374820281E-9	5.7594121692403835E-9	6.237965484712688E-9	3.6012373809668072E-9	2.468925901952276E-9	1.4235520219601057E-12	1.4459307519514199E-11	3.028324287370568E-11	5.654310192659679E-10	1.1924214303861702E-9	0.0	1.1924214303861702E-9	3.654365184486044E-13	1.6095257994354374E-13	6.866474424560049E-12	1.0149679638454969E-7	1.0564861631301258E-13
