37
NULL,access@__access,open@__open_nocancel,lseek@llseek,dup2@__dup2,alarm@alarm,fcntl@__fcntl_nocancel,ftruncate@ftruncate64,write@__write_nocancel,read@__read_nocancel,rt_sigaction@__libc_sigaction,lstat@__lxstat64,openat@__openat64_nocancel,fstat@__fxstat64,time@time,mmap@mmap,munmap@munmap,mprotect@mprotect,rt_sigprocmask@__sigprocmask,exit_group@_exit,sched_yield@sched_yield,syslog@syslog,getpid@__getpid,writev@__libc_writev,close@close,open@__libc_open,read@read,close@__close_nocancel,mremap@mremap,stat@_xstat,socket@__socket,fcntl@fcntl,connect@__connect_internal,getdents@__getdents,getrlimit@__getrlimit,write@write,madvise@madvise
0.022682017596225346	0.24111249613644595	0.0634055963893715	1.2091528055720837E-7	0.0	0.2511159102149305	0.003983487256168137	0.0	9.366323252320927E-4	4.89433986955195E-5	0.046536588146090144	8.625525308084866E-5	5.491199222539781E-10	5.100549327384614E-4	0.018628168323494447	0.05934826016746022	0.054704003646177654	3.755898497775295E-5	0.07068931386725703	0.02393235730648939	4.250962942456548E-4	0.005581377891869015	0.008206606579345218	0.005369140586064461	0.005451160422189831	0.0024781000931350704	7.21265245522183E-7	3.781548545910804E-7	6.981710608684313E-5	0.0012506322554324122	0.0010585025377999938	0.0	0.0010585025377999938	3.3874563231495387E-7	1.5067991097926515E-6	0.09134339408816818	1.0443437895602248E-7
0.0	0.110510022655869	0.24111249613644595	0.0	0.0	0.0	0.0	0.0	0.0	0.0	0.0	0.0	0.0	0.0	0.0	0.0	0.0	0.0	0.0	0.0	0.0	0.0	0.0	0.0	0.0	0.0	0.0	0.0	0.0	0.0	0.0	0.0	0.0	0.0	0.0	0.0	0.0
0.1351365460856399	0.0	0.03730255320905357	0.12859335867716312	0.0	2.54056273417971E-4	8.424406683232167E-5	0.0	0.0013556532387579488	0.01686150424283208	0.012748741465881036	2.3703655066941944E-5	9.579987373332989E-9	0.0018089466014073752	0.002651383822389457	0.03643613997716712	0.006763841623261973	1.2380313349286516E-5	0.02607607322301618	0.00693126672147293	1.1382034192177738E-4	0.05473178204366618	0.002097911922505536	0.001479187112492522	6.448069497366347E-4	4.8628080496406867E-4	3.1913780247676626E-7	7.323089723454124E-5	5.48672917138526E-6	2.625417950681573E-4	2.3593142024202563E-4	0.0	2.3593142024202563E-4	7.189225784397272E-8	2.3356378146546695E-6	0.011118636552237443	1.0552704367847547E-7
0.06429674356533122	0.0	6.768870808402402E-8	0.1285933312731036	0.06429666563638559	1.2783398319287493E-9	0.011337508631555124	0.022674913540660244	0.07936225094352939	1.4043025304045385E-10	1.24137236633852E-7	1.5057458485843658E-10	2.0889840276874554E-15	1.0089304646879038E-9	3.108280235570173E-8	1.1526638356187144E-7	1.4105872074165901E-7	5.755553674146371E-11	1.3476022947654945E-7	8.071307557049895E-8	1.3968563750128624E-9	8.316883150647407E-9	2.0699864337151144E-8	1.0669454123668981E-8	8.640935773795203E-9	4.022483849168317E-9	3.6264145459197562E-12	9.19539367268153E-13	1.4199226177467276E-10	1.6516417081007847E-9	1.7780145486820152E-9	0.0	1.7780145486820152E-9	5.556649575284359E-13	5.808686930830999E-12	1.1992102772164105E-7	2.1666517625864107E-13
0.03215711974177761	0.0	2.4178702337864224E-4	3.775989683096932E-11	0.0	0.03126070931713165	4.552152324984785E-4	0.0	1.054181189257095E-6	5.073557685773462E-8	1.8275633443446375E-5	7.847259614763863E-8	2.775183553950546E-13	1.2214473133743317E-7	3.447465305172845E-6	2.5388131004922803E-5	1.1736411642538735E-5	1.0624669079015354E-8	3.9866859298522E-5	9.678768729359116E-6	1.5730026608459133E-7	2.241468794666015E-5	5.118974597252678E-6	3.8135559132917337E-6	1.0793683957823194E-6	9.231970490808653E-7	2.911776644332716E-10	4.287673812444958E-10	9.252623233168359E-9	7.459990166162161E-7	4.528596006408736E-7	0.0	4.528596006408736E-7	1.0165287126189169E-10	7.471288895114499E-10	1.3508556870752912E-5	6.97720603935953E-11
0.21700091860980383	0.0	0.0	0.0	0.0	0.378903729044801	0.39727032234086074	0.0	0.0	0.0	0.39726980796753564	0.0	0.0	0.0	0.0	0.0	0.0	0.0	0.0	0.0	0.0	0.0	0.0	0.0	0.0	0.0	0.0	0.0	0.0	0.0	0.0	0.0	0.0	0.0	0.0	0.0	0.0
0.0	0.0	0.0	0.09069975703730604	0.0	0.39727032234086074	0.0	0.0	0.0	0.10793519838379431	0.0	0.0	0.0	0.0	0.0	0.0	0.0	0.0	0.0	0.0	0.0	0.0	0.0	0.0	0.0	0.0	0.0	0.0	0.0	0.0	0.0	0.0	0.0	0.0	0.0	0.0	0.0
0.0	0.0	0.0	0.022674913540660244	0.0	0.0	0.019840613644743352	0.0	0.0	0.0	0.0	0.0	0.0	0.0	0.0	0.0	0.0	0.0	0.0	0.0	0.0	0.0	0.0	0.0	0.0	0.0	0.0	0.0	0.0	0.0	0.0	0.0	0.0	0.0	0.0	0.0	0.0
6.408675361135511E-4	0.0	0.015255291818362035	2.4001760966977716E-9	0.0	2.6873899966263057E-5	0.05953064933970917	0.019840613644743352	0.0062386841041321495	1.0048341676938952E-6	0.001434090505219674	2.178861069590643E-6	1.1793206362927124E-11	4.890025026084633E-6	1.4011028080440575E-4	8.874455793707797E-4	3.3609757448774307E-4	4.2353750598774026E-7	0.0038989818120784042	7.507023243260022E-4	1.1414898311028834E-5	2.765775592113349E-4	1.52467783447163E-4	4.846059959244917E-4	4.821231234606418E-5	4.434811588219189E-5	1.5282513274599097E-8	1.2235762833307713E-8	3.197428427570642E-7	2.0584239404472525E-5	2.2015897619401173E-5	0.0	2.2015897619401173E-5	6.684576842547223E-9	3.22304346756146E-8	4.622556814848477E-4	2.1560944303224195E-9
5.288224435913049E-4	0.0	0.0013590945695166469	1.949965539159891E-9	0.0	0.004101270755950267	0.10254921383033247	0.0	0.006224623482206528	3.04345402893339E-4	0.001191535416324984	7.780485948474087E-7	7.659918348326668E-9	3.7396598679892326E-6	9.96518769887259E-5	0.0019080439575118666	2.0303931488897158E-4	3.265731015853752E-7	0.0033001194578396566	6.235216100062916E-4	9.417032541086809E-6	9.209763951568286E-5	6.904229561898047E-5	4.716713536471164E-5	3.484534883452442E-5	3.078587946550135E-5	1.49262728732384E-8	7.92193236034529E-9	2.227186054907785E-7	7.341896359015006E-6	1.5238382814682932E-5	0.0	1.5238382814682932E-5	6.425522446190427E-9	1.6726691912407293E-6	3.1989331800905677E-4	1.474805062105821E-9
0.19891953045960847	0.0	0.01858556145280555	1.1790827622370177E-7	0.0	0.32537069620890974	1.4405999536856886E-4	0.0	0.0015336396395924	4.075507362400512E-5	0.10075116703390982	5.0227379309469154E-5	7.451932278654404E-10	2.801685390911832E-4	0.00664841544293179	0.07052669367229335	0.012966605391455518	1.9608221730761545E-5	0.08195199396011739	0.12862201108405377	0.0022267746384547825	0.002112627248162881	0.004753767196807353	0.0034588616160504443	0.0022273130522475365	0.0018421876599962858	1.0882273122404409E-6	6.046536567275651E-7	1.4599842508105553E-5	4.7180516988165106E-4	9.052767897033493E-4	0.0	9.052767897033493E-4	3.101948182687255E-7	2.0727217946453274E-6	0.02213088314689559	1.03433115966197E-7
5.786071376695507E-6	0.0	2.6425147707831184E-5	2.8627398094864193E-11	0.0	2.7582611970799186E-7	9.146286273573395E-8	0.0	2.8330546478053056E-7	2.360563560619763E-5	1.1943097346961058E-5	2.2777591167538904E-4	8.54074948144494E-5	1.1257510782258556E-7	4.759254495056226E-6	1.4727572928411151E-5	4.379060330637499E-5	8.11355595387539E-9	2.1024769981378025E-5	6.197136404785532E-6	1.0655566095148314E-7	2.685226460535992E-6	3.532210233525189E-6	2.235050926517415E-6	1.1199714747856706E-6	5.777377683714343E-7	1.828094663063962E-10	2.852811082670484E-10	2.8938664721782977E-8	2.895412494887078E-7	2.575243188388455E-7	0.0	2.575243188388455E-7	7.917502088671447E-11	4.319583295116659E-10	2.0801889237089748E-5	8.623327076044899E-11
5.900740710106019E-7	0.0	2.9599711362177005E-6	2.86035059604141E-12	0.0	3.028672592022284E-8	1.0042959885339241E-8	0.0	3.0557797118552934E-8	4.644643817223116E-8	1.22403765052154E-6	2.483281329872249E-9	4.03399619063388E-14	4.39194116674215E-5	4.494761587489054E-7	1.4539843764980567E-6	4.6599821880202894E-6	7.871951012727558E-10	2.2489149211901115E-6	6.359866906408111E-7	1.0829304307435141E-8	3.113993480768307E-7	3.462368246491853E-7	2.5695959515441914E-7	1.0622506583829943E-7	5.810194304100806E-8	1.8411209356163122E-11	3.365293155245726E-11	2.6202103228538936E-9	3.00110028016307E-8	2.619718740744511E-8	0.0	2.619718740744511E-8	2.0309015737340776E-9	1.1201026194584441E-10	1.965925596354927E-6	1.0555969022664206E-11
2.2363209518222577E-4	0.0	3.3990336623844356E-4	4.813036143073607E-8	0.0	5.359047905569249E-6	1.7770393300685705E-6	0.0	6.551992670760944E-6	3.6908408530988416E-7	4.283892440151055E-4	5.133032257159584E-7	8.158391655535457E-12	1.4183863991320992E-5	6.201499465284255E-5	6.781295351746387E-4	3.069958119504767E-4	1.5478644396714774E-7	5.71951435606319E-4	2.3373602422121064E-4	4.161824740811628E-6	3.310633048924237E-5	4.297049674595617E-5	4.891413560428462E-5	3.399193102295595E-5	1.8728800687358274E-5	7.801873207615419E-9	3.5626761141163834E-9	1.4768155289621213E-7	5.026753400241069E-6	9.221040188898372E-6	4.00347387300783E-6	9.221040188898372E-6	1.504216543967964E-6	2.2674968242765432E-8	1.9704061384308828E-4	9.918748062950937E-10
0.0033227760641579376	0.0	0.03046277512439206	1.7501494621685292E-8	0.0	1.5744861691769797E-4	5.2209345700545475E-5	0.0	1.3188040072841062E-4	2.1365398191907045E-4	0.006770807707257063	1.3616460343745943E-5	8.118547525697175E-11	3.6717384060275574E-5	0.0010625487593205532	0.023031936085399735	0.002495915347090937	2.9175265614629278E-6	0.010355578188533611	0.0035176655346153	6.222150245489692E-5	6.146123076784232E-4	0.0027954762541627758	8.031804661618383E-4	3.686008479011606E-4	3.1995078145312E-4	1.4461002293397603E-7	4.1592593302003205E-8	2.5001120410175763E-6	1.2855958483095397E-4	1.5835169105780458E-4	0.0	1.5835169105780458E-4	4.866045864501986E-8	2.2266504072732313E-7	0.0032320512958662465	1.252612728715277E-8
0.006463846308431833	0.0	0.024387065705558954	3.083403404910904E-8	0.0	2.988247862016795E-4	9.90891306136422E-5	0.0	6.47679015972472E-4	1.8513238401550427E-5	0.013222909836647154	2.7056558565553517E-5	1.7100873327662874E-10	8.481300074414552E-5	0.002020323367326505	0.17055844846164497	0.25878212975978326	0.04987028893493477	0.024094071776371764	0.006897064108136807	1.1733395468535606E-4	0.006869609598873454	0.0020082343211748318	0.005016962390234792	7.987970638197162E-4	8.831161218778088E-4	2.9493067036036493E-7	3.3699545388187875E-7	5.028825653602999E-6	2.6851276319049826E-4	4.455499019501548E-4	0.0	4.455499019501548E-4	8.499677399534171E-8	4.699592655516971E-7	0.007817209153096595	9.405587643662267E-8
0.011000608235208384	0.0	0.018653001414395645	5.189308899754147E-8	0.0	2.5089188723870275E-4	8.319476874893618E-5	0.0	5.405575879604806E-4	4.766285645886107E-5	0.021370423812746838	2.678388784571803E-5	5.042786265963616E-10	1.9106465267223138E-4	0.004962201482678354	0.07105980703310413	0.06280680969512392	0.09308943607739759	0.037029821298151126	0.011119333931636258	1.918877938417359E-4	0.004283923268689675	0.004916988883678017	0.002442163253778218	0.0011497011045697096	9.08163453949009E-4	4.838179818752042E-7	1.7727807855636E-6	3.538217596430085E-5	2.5724079743680365E-4	4.425780401924773E-4	0.0	4.425780401924773E-4	1.4486066071296613E-7	1.4038609784328704E-6	0.024276652825675694	7.420809401282188E-8
0.0038792761097369275	0.0	0.0029329541550252663	2.2267328037706498E-8	0.0	4.934355736363888E-5	1.6362130674285666E-5	0.0	8.588111726568601E-5	6.251621925760789E-6	0.007835475211863627	7.501135293371878E-6	7.848194386204762E-11	4.81472122445641E-5	0.001077373205904524	0.025762121165561973	0.07378792458089133	3.9025513078474075E-6	0.009527818208910827	0.004005043461829949	7.385119701260042E-5	3.2236095941727804E-4	7.507183400695836E-4	4.215212136256221E-4	4.046871813376638E-4	3.40998417515944E-4	2.455205371488701E-7	3.2464384446755394E-8	2.7448723380430284E-6	6.596584147858098E-5	1.6747691668420644E-4	0.0	1.6747691668420644E-4	6.377097681933322E-8	2.181914097994719E-7	0.003703002554869654	1.048303793974885E-8
0.1260256235518378	0.0	0.02624165494004511	1.9930329029406484E-7	0.0	5.758464704072492E-4	1.909484378617722E-4	0.0	0.0017349658536943873	5.807659458215947E-5	0.23469970640676094	7.180318530862109E-5	1.128482491581161E-9	4.325669154979764E-4	0.010543546693544997	0.08311437132608229	0.019723533252795394	2.8205514839909574E-5	0.10572842869898386	0.1283624033476667	0.0016751805176353103	0.0029740033135191844	0.0068707933362865195	0.004984058030302955	0.0036197308606092135	0.0027534673331366683	1.8065327408681371E-6	6.676710230095554E-7	2.273466466989225E-5	6.613327905781838E-4	0.0013419425902758788	0.0	0.0013419425902758788	4.657025956332204E-7	3.141170086309372E-6	0.0326896049187819	1.2671563590484454E-7
0.14224895198559923	0.0	0.014824235791836438	5.4472352795563506E-8	0.0	3.8643834171231785E-4	1.2814144302677636E-4	0.0	0.001585709216915621	3.479030319455593E-5	0.028203156163350732	4.216331238612108E-5	5.90113927698117E-10	2.153335558561667E-4	0.004454040645788397	0.06923233586625246	0.010231967486046316	1.4161154945208697E-5	0.06608761801858004	0.015264526190611253	2.4195226267982234E-4	0.0017139806158086288	0.003909186142075852	0.0028258640137948004	0.001347307204098821	9.981765780999253E-4	7.846782616721561E-7	6.354923846716844E-7	1.1299814277322729E-5	4.0307513358010035E-4	4.818158832553234E-4	0.0	4.818158832553234E-4	1.4412380369364775E-7	1.6401630941486606E-6	0.018258925605455292	9.564653905505752E-8
0.0013866092006756588	0.0	1.831988364020068E-4	9.894441301881692E-10	0.0	4.446657100238884E-6	1.4744941067314092E-6	0.0	1.6408696197430353E-5	4.171372273145906E-7	0.0010272370755554704	5.101628214483656E-7	7.489917444206948E-12	2.793936022768416E-6	6.284207754492874E-5	7.390766641932454E-4	1.3029878038992235E-4	1.8523897090572548E-7	7.899044303408608E-4	0.0014082676150167124	7.618614309446834E-4	2.0984322038924506E-5	4.794595079233865E-5	3.473632363263796E-5	2.0347229462250833E-5	1.5566581758966843E-5	1.0813596189011695E-8	6.49676459643516E-9	1.4651779246883798E-7	4.806385105724703E-6	7.570447222468768E-6	0.0	7.570447222468768E-6	2.476651678239519E-9	2.083058246205746E-8	2.2515927102458955E-4	1.0580618407185159E-9
0.003402803677246328	0.0	0.002965621000626782	1.3885815947348374E-8	0.0	5.35714665945228E-5	1.7764088842906046E-5	0.0	0.0014180795566342134	7.713194808101913E-6	0.006851475037691928	6.241860642325525E-6	9.391917828228509E-11	4.9729428771450356E-5	0.001451271373775952	0.005065678833649022	0.001714136296669192	5.928559028069268E-6	0.015213479209332578	0.0036880515280186313	5.943899262011227E-5	3.24322072711187E-4	7.340007389830007E-4	4.2912401742655095E-4	2.6580728834312E-4	2.1418126032991564E-4	1.4386481217706912E-7	3.155664763214838E-7	1.8994234910709038E-6	5.9276391836886234E-5	1.0499055185749402E-4	0.0	1.0499055185749402E-4	3.641663691090155E-8	2.6126584074113197E-7	0.004267964908017184	4.367768076442186E-8
0.00214292405727466	0.0	0.004924211144381095	1.0364510560501016E-8	0.0	1.5842067680536606E-4	5.2531676958262534E-5	0.0	1.8912401818658298E-4	6.1585994393210754E-6	0.004419962568634888	1.4324354342554078E-5	6.327838037035935E-11	2.5078896611427972E-5	0.0126975639790613	0.004276025405340276	0.004949223975837913	2.0201581379622098E-6	0.008100960773789016	0.0023126718850734456	3.937033629669816E-5	0.0013478750043448477	8.4556729652433E-4	0.007942836472580558	6.223057577461745E-4	0.001072267823457413	6.750724759819336E-8	5.9127416877612164E-8	1.7621626218525678E-6	1.7452338322402434E-4	5.591203226692687E-4	0.0	5.591203226692687E-4	2.839609640916863E-8	1.7253094045216646E-7	0.0024417538732240444	1.0682661784743698E-8
0.00264183452334335	0.0	0.0014385034773612246	1.5272664561859085E-8	0.0	2.5302589734792476E-5	8.390239815656106E-6	0.0	0.006332433667465494	2.5805568271749264E-6	0.005393984215770125	3.1460156319301253E-6	5.0449120755994095E-11	2.0207429432233766E-5	6.055226345957354E-4	0.003020673067087575	9.560742616326416E-4	1.8546486177035056E-6	0.006675456957388675	0.0027252803789139402	5.0329473041760655E-5	1.5585244125988326E-4	3.134937501490452E-4	2.3378676574343436E-4	0.0021320109988127956	0.004823050441528895	8.076175250213834E-8	3.4408105671779074E-8	1.009757107336771E-6	2.866846850114188E-5	0.0025415722522703545	0.0	0.0025415722522703545	4.362496544765115E-8	1.4043947815349414E-7	0.0014632213517771656	7.585028266630092E-9
0.0016524122467200609	0.0	0.0011420854041278496	6.510697645769209E-9	0.0	2.0969721152967727E-5	6.9534775366849916E-6	0.0	2.075861238018301E-4	2.6689081723683877E-6	0.0026391452913955503	2.8179530000561762E-6	4.610460664910747E-11	1.856247369057773E-5	4.154212942023068E-4	0.0019711483089292748	9.97061138627875E-4	1.2495920644505056E-6	0.0035796389988189863	0.001729509562052391	2.910085260390395E-5	1.2663849846902288E-4	2.7492383882409097E-4	1.9828057639105482E-4	0.0015438880268482003	0.004082918404544617	7.974091661883293E-8	5.207507499341217E-8	9.62715615869544E-7	2.5108581614617735E-5	0.003358144554248645	0.0	0.003358144554248645	1.0118497009614447E-8	1.2840687642738063E-7	0.0015194100901703411	8.306061725380298E-9
0.0014569898601308896	0.0	0.001840284296450202	6.098512473285722E-9	0.0	2.904998809808887E-5	9.632862459520093E-6	0.0	1.5733917210089825E-4	4.2708813315309035E-6	0.002470170920919533	3.163116525769955E-6	6.648355699190048E-11	2.672442351415415E-4	5.759067018029035E-4	0.0022186120595525357	0.005587458446079811	1.3010420520047489E-6	0.0035489999433783574	0.0015277325558006685	2.5907041104520206E-5	2.359933454742257E-4	4.7893989092394324E-4	2.3874870163850367E-4	4.985367049676856E-4	1.1902397100027109E-4	6.538348609273973E-8	7.25224922153073E-5	4.882030818765948E-6	7.13944909380708E-5	3.6812476403034886E-5	0.0	3.6812476403034886E-5	1.1470382569132381E-8	1.8519869466183768E-7	0.0024677060588974217	9.024970917048868E-9
1.4681501017281025E-7	0.0	9.655684306672953E-7	6.070610514201475E-13	0.0	7.887367971025737E-9	2.6154203773155223E-9	0.0	8.604491556150072E-9	1.4068950626140846E-9	3.1242101136910154E-7	6.544365480733762E-10	7.012198416179369E-15	2.8485558638041913E-9	4.325376008608639E-8	3.157488983766631E-7	5.523022615953985E-6	1.0880122370709826E-10	7.311873627713622E-7	1.6617529497099765E-7	2.645090222609702E-9	9.291389280282407E-8	4.571815351558736E-8	8.308040220203569E-8	1.4020206480293759E-8	1.2198410010327248E-8	4.3616629382285004E-12	3.6114144341362E-11	1.0907793834707798E-10	6.098311973940612E-9	6.038384021355906E-9	0.0	6.038384021355906E-9	1.6180328008695818E-12	1.939547975421724E-11	2.804223386072464E-7	3.673922314499926E-12
3.321290659191778E-6	0.0	6.899859753459605E-6	1.702395570265571E-11	0.0	8.667626220943183E-8	2.8741509619540434E-8	0.0	1.0580802053890983E-7	1.2251353059947534E-7	6.439913787540737E-6	8.097378183511428E-9	5.896782915005056E-12	4.876781220240872E-5	1.07511997263312E-6	4.94669535263794E-6	7.834650310275476E-6	2.476585392251236E-9	8.983930270632208E-6	3.4815076711024474E-6	6.17438043194733E-8	7.144070097793927E-7	8.024914100036496E-7	7.147474147513294E-7	3.4970569828597456E-7	2.656053027851034E-7	1.1401753344619999E-10	8.668892735290312E-11	3.770260577261803E-9	8.205509657170589E-8	1.2936013760799584E-7	0.0	1.2936013760799584E-7	4.455643070048207E-11	1.6497462290297696E-8	3.7007446483765732E-6	2.453951182636593E-11
5.734144060728149E-6	0.0	1.2035829226638238E-5	2.5985315184745965E-11	0.0	3.845664931345258E-7	1.2752074535784672E-7	0.0	2.967494881152041E-7	1.3630187030447872E-8	1.1925642296088085E-5	3.035813057112757E-8	1.4075775127687897E-13	5.746967606937382E-8	2.36699971522143E-6	1.1783286698793577E-5	4.529114503702907E-6	5.701448309379713E-9	2.4278300307125023E-5	6.322833804243575E-6	1.0464335681467816E-7	1.562592154389542E-6	2.0603855042746E-6	1.5237253924354039E-6	5.776739180702395E-7	5.039361143539244E-7	1.7293810856695064E-10	1.0300582862024321E-10	4.219060709768391E-9	2.8879678404483126E-7	2.483906152553879E-7	0.0	2.483906152553879E-7	6.956950304257774E-11	3.8286148532531024E-10	4.768587414133E-5	2.127860847786863E-11
1.0167668786227806E-4	0.0	1.215630456081256E-4	5.412484708887411E-10	0.0	2.4081488801337145E-6	7.985327520978063E-7	0.0	2.893230375900175E-6	1.286442280365156E-7	1.9819153642396494E-4	2.3061541594951623E-7	2.55108079230719E-11	1.8229151926177744E-6	8.176336797352106E-5	2.3514729567277652E-4	5.117166582090055E-5	1.5918947542999917E-7	2.5755957537166164E-4	1.0590962242807575E-4	1.9061699646310132E-6	1.3215171568737995E-5	3.764860559345448E-5	1.6252012564847444E-5	9.341217384015056E-6	8.304646510804096E-6	4.253632632076827E-9	9.721176956469898E-10	5.2565132653725315E-8	2.5259942580756267E-6	4.122136817985031E-6	0.0	4.122136817985031E-6	1.4270239565093352E-9	7.13135918443254E-8	6.969560457032485E-5	3.325594807996079E-10
3.73506931277524E-4	0.0	2.5815383889451565E-4	1.4716610796525566E-9	0.0	4.739939190876111E-6	1.571745301169414E-6	0.0	4.69221366604849E-5	6.032727418728143E-7	5.96545381164128E-4	6.369626071548467E-7	1.0421363916618957E-11	4.195812402066096E-6	9.390073144523642E-5	4.455531769294493E-4	2.2537298242993105E-4	2.824543001041312E-7	8.091315481210909E-4	3.9093379412120835E-4	6.577880528711062E-6	2.862501928845605E-5	6.214305187539492E-5	4.4818811816647574E-5	0.0010949520669027014	0.002585073925844629	1.802442928144317E-8	1.1770893779705879E-8	2.1760970980557908E-7	5.675477024031774E-6	0.003260207553343167	0.00325288958590427	0.0016337603378764564	2.2871577331262677E-9	2.9024752355970212E-8	3.4344335307809364E-4	1.877477704816329E-9
1.1224154034725239E-4	0.0	7.768644557128167E-5	1.338066499638265E-8	0.0	1.4252374863143904E-6	4.7260317737348385E-7	0.0	1.4081428723607655E-5	1.8146627636385342E-7	1.79349393523144E-4	1.914190592413167E-7	3.130257520438203E-12	1.2662250554288157E-6	2.826533833839346E-5	1.3399497579523424E-4	6.789961873103712E-5	8.494241954126034E-8	2.4323519972859763E-4	1.1747656753569006E-4	1.9769616575561767E-6	8.61341048326352E-6	1.8682503316355246E-5	1.3473625137200687E-5	3.285047513539518E-4	7.755375640494687E-4	5.413214147838264E-9	3.533941292179635E-9	6.553079590837432E-8	1.707362570064844E-6	2.203714358172434E-6	3.974614122292145E-7	8.154273220915269E-4	4.1412934134372434E-7	8.718100766297596E-9	1.0322840754917901E-4	5.64086980215582E-10
3.54830138280257E-4	0.0	2.45245147229835E-4	1.3980723265528654E-9	0.0	4.5029238755650066E-6	1.493151949410283E-6	0.0	4.457584811799414E-5	5.731067685605812E-7	5.667158019395336E-4	6.051120101120002E-7	9.900255363280604E-12	3.986005533366978E-6	8.920533123540329E-5	4.2327379264513746E-4	2.14103460534786E-4	2.683304912736251E-7	7.686718372928947E-4	3.7138559049493394E-4	6.248961028943584E-6	2.719365747151555E-5	5.903565862803162E-5	4.2577697661630685E-5	0.00876579300405159	0.002455810218661217	1.7123138016427104E-8	1.1182303507058342E-8	2.0672838160550267E-7	5.391681194122997E-6	6.952040727578586E-6	0.0	6.952040727578586E-6	2.1727909892814046E-9	2.757340233765796E-8	3.262698554142425E-4	1.7835965489033643E-9
3.0291625034940577E-7	0.0	2.9803107589499673E-7	1.2510963181132278E-7	0.0	5.524776505938157E-9	1.8319942859044225E-9	0.0	8.387433115917276E-9	2.4647322245055746E-9	4.812248565075885E-7	6.255815492691861E-10	2.584559130319804E-13	5.8366009188406744E-8	9.156805835721712E-8	4.152246354302844E-7	3.473608348941332E-7	1.8785558210539577E-10	5.334725129958829E-7	3.144648252413805E-7	5.422558223918168E-9	3.3810965256055767E-8	6.357373107186593E-8	4.7186659921911E-8	2.8553374891732237E-8	1.5264112318311533E-8	1.4080956742321941E-11	3.714236873412524E-12	6.206836055237788E-10	1.8320229512227827E-8	7.012892795316348E-9	0.0	7.012892795316348E-9	2.1218695109447763E-12	7.230341954731487E-10	3.1848996956096994E-7	9.271159104019721E-13
6.279027759021953E-7	0.0	1.5945280578796627E-5	3.0750576617076368E-12	0.0	4.9977047163436764E-8	1.6572193414771384E-8	0.0	3.7190018291277435E-8	1.646389962087886E-9	1.2952520808454123E-6	3.904939966433249E-9	1.4407060491255566E-9	8.255875517331023E-9	4.635896075105904E-7	1.6199845273028522E-6	2.3966345707727984E-6	8.576719751099745E-10	2.318996943407676E-6	6.757031260386193E-7	1.1564627835030014E-8	2.226484664676396E-7	4.0071216266535364E-7	2.2898942254733197E-7	7.930356831554341E-8	6.52399491013116E-8	1.9656103322754E-11	1.4619478999757762E-11	1.971293305958517E-9	6.901705005311072E-8	3.183307103067285E-8	0.0	3.183307103067285E-8	1.8854173595047385E-10	4.031275417457655E-6	1.1158865455790154E-6	3.545796024713819E-12
0.03360141338022577	0.0	0.00786922043511584	8.324846834289941E-8	0.0	1.5154825174970089E-4	5.0252807682961974E-5	0.0	3.76149858179559E-4	1.4905027829525961E-5	0.05443987308038796	1.8653045696883613E-5	2.954262497805752E-10	1.1625396437849153E-4	0.003396614818014093	0.02110348204802923	0.00516934593483272	9.726874778890318E-6	0.15875040731693899	0.028358706681715466	4.2013804435924595E-4	8.648749956143612E-4	0.0018292225169316534	0.001366294743758987	0.0012688809707341717	0.0012495870215458234	4.678014127190039E-7	1.420843089714608E-7	5.891184876113757E-6	1.7143318200585767E-4	6.270567433194697E-4	0.0	6.270567433194697E-4	2.3586334265865583E-7	8.223064049295409E-7	0.008217877131978267	3.490107913532006E-8
6.520725574663209E-8	0.0	6.465663110048425E-8	2.2780823919371774E-13	0.0	1.715842338333877E-9	5.689666099546162E-10	0.0	2.3466052058956187E-9	3.022439173602192E-10	1.1325009190534795E-7	1.6481056658769952E-10	3.4361092943256398E-15	1.2382121705583032E-9	1.5071043708756136E-8	8.402261778308966E-8	3.639256445288948E-8	3.559453514551673E-11	2.4609513916025107E-7	6.392780031971496E-8	1.0241798134705428E-9	7.752040691023947E-9	1.2134640701927728E-8	1.1478188190441472E-8	4.9477026335668935E-9	3.785836918615959E-9	1.8971991876692323E-12	1.9359680287748064E-11	3.95024887557528E-11	1.4757096159682053E-9	1.854500197927646E-9	0.0	1.854500197927646E-9	5.250649072487025E-13	9.565602902722287E-12	1.321874481245847E-7	1.6240236903558698E-13
