32
NULL,munmap@munmap,madvise@madvise,mmap@mmap,lstat@__lxstat64,openat@__openat64_nocancel,fstat@__fxstat64,time@time,open@__open_nocancel,read@__read_nocancel,mprotect@mprotect,rt_sigprocmask@__sigprocmask,exit_group@_exit,rt_sigaction@__libc_sigaction,sched_yield@sched_yield,write@__write_nocancel,syslog@syslog,getpid@__getpid,writev@__libc_writev,close@close,open@__libc_open,read@read,close@__close_nocancel,mremap@mremap,stat@_xstat,socket@__socket,fcntl@fcntl,connect@__connect_internal,getdents@__getdents,lseek@llseek,getrlimit@__getrlimit,write@write
0.8514980786993291	0.04337928814516777	2.465341699946269E-7	0.005485862858032846	2.7152115083770378E-6	9.658220376009987E-12	1.2514172469862796E-4	0.001395969774693713	0.060427746207909847	3.87673850384146E-6	1.7904632165054206E-6	0.014030652474114282	0.0029259808438329036	0.0055401601501516165	4.511714164285469E-5	6.906327095790083E-4	0.006040360272204777	0.004913364531085395	0.0036458952892310637	0.0010398530744672257	8.216433858926254E-4	7.288501620804969E-8	0.0	3.73542596332011E-7	4.325690814318726E-4	4.0448458122990095E-4	0.0	4.0448458122990095E-4	5.83097864474154E-9	2.1314804796555742E-9	2.603069493009215E-8	6.490452908796133E-4
0.044728177054203	0.008249955921186212	4.207474917453506E-8	0.007603365572472183	3.990571136191516E-7	5.9104666294672786E-12	7.29854058697495E-5	0.001636908294512781	0.004284576808698914	1.3193425392445956E-6	0.011318044032108407	0.0031199580617624454	0.0010048092411990238	0.0019232918469937633	1.741640960663876E-5	2.2370692916946075E-4	0.0018014367082686861	0.002783354343346695	5.811442356206397E-4	4.6182225828894435E-4	3.809936758631306E-4	5.331031626897197E-8	0.0	8.027353120687825E-7	8.979406415954141E-5	1.8849299042221664E-4	0.0	1.8849299042221664E-4	2.88141783259614E-9	1.0322408363093935E-9	1.6446163296880515E-8	3.9077428267596584E-4
5.810289995799501E-7	3.455388293007964E-8	7.40576066736054E-13	3.4357306302315515E-8	1.6237675549667817E-11	1.3914320781826107E-16	1.8271944019427248E-9	1.7352711099560898E-8	1.4016636760739776E-7	3.125063584729357E-11	1.736242926738549E-11	9.583914896584594E-8	3.364157865595613E-8	5.5269708174726675E-8	5.508454954825914E-10	4.776658400763186E-9	1.6149675767646215E-8	3.633036171787764E-8	1.3495074609896842E-8	1.1726164121695314E-8	7.317020929092455E-9	1.3222674762285863E-12	0.0	3.730422189521476E-12	3.07406367212382E-9	3.5249384129858774E-9	0.0	3.5249384129858774E-9	5.1102977024207716E-14	2.6674282271140203E-14	3.8452660971508956E-13	6.337637744454485E-9
0.0034925415090807576	0.02098511643013527	3.14682664022812E-8	0.020197898938905383	4.800480839535778E-7	2.936700462340964E-12	6.0315005267132434E-5	5.546240847727239E-4	0.0019691358156041193	6.81926824385278E-7	0.006063541760453262	0.0031339026880813953	8.952751113549505E-4	0.001713877919389967	1.513790130414966E-5	3.392349189590334E-4	0.0032440842230541146	8.603263495112683E-4	0.003692398882474504	5.771321686257897E-4	7.129419419880409E-4	3.917373350479369E-8	0.0	1.3536942675411564E-7	2.657089376629547E-4	3.6395930032288507E-4	0.0	3.6395930032288507E-4	2.402246439505871E-9	8.615979887486116E-10	8.150163553779536E-9	2.1386004570650148E-4
1.7083546492732786E-7	5.059720263241968E-7	2.4108175463661E-12	1.993278728722955E-7	6.121901346653265E-6	2.295699471843929E-6	1.4629650527739865E-8	3.2209129208654027E-7	4.289174003882637E-7	6.603730638277073E-7	1.2782179447897275E-10	2.2846528802158294E-7	8.345405003247823E-8	1.59958142044412E-7	1.4805287119737428E-9	1.2504567538112434E-8	4.6688572095391426E-8	4.817886661063296E-7	3.9369865402316835E-8	1.6162043307262595E-7	4.44979583340741E-8	2.752311256950476E-12	0.0	2.6474996806171194E-10	2.205890391505312E-8	1.638308466726851E-8	0.0	1.638308466726851E-8	2.496662940241113E-13	9.08531845750531E-14	1.030893862193329E-12	2.8537129780472965E-7
1.5205177499118326E-8	4.548097624247777E-8	2.129205019725623E-13	1.777298401058608E-8	3.842728282708695E-12	6.26923661802165E-16	1.1815360134854188E-6	2.7876897725111924E-8	3.467352846211102E-8	1.242165947310258E-9	1.1455525507615043E-11	2.0128885473874307E-8	7.383434654273106E-9	1.4163993612341933E-8	1.31132144576658E-10	1.112838416814808E-9	4.177418067438897E-9	4.32609448644829E-8	3.4361123766839255E-9	1.4272925524303835E-8	3.958827512532719E-9	2.432693126923702E-13	0.0	2.359862593767576E-11	1.919498907320597E-9	1.4519965439743829E-9	0.0	1.4519965439743829E-9	5.025846107035651E-11	8.06397548769903E-15	1.7529833439994557E-12	2.5630473171494235E-8
9.79671947569759E-5	5.604671188061985E-5	1.4368112160947262E-9	7.044350171627805E-5	1.6909332959045527E-8	3.7268675718184253E-13	4.4278659603887896E-6	3.9259698311076645E-5	1.0179247750497816E-4	5.024356615108826E-8	4.707891955933235E-8	1.7413005511054798E-4	7.747138995840963E-5	1.4514997382651394E-4	1.4000364341954761E-6	7.189395972054568E-6	1.1321346901610145E-5	5.3225990593669314E-5	2.6296491633240896E-5	4.248317811025878E-5	2.9376236964912202E-5	2.68606834952821E-9	0.0	1.0121845289906616E-8	4.482389833878808E-6	1.4611619860927375E-5	1.0761084716503336E-7	1.4611619860927375E-5	4.058444218525922E-8	1.3499860114433576E-9	1.0395098213121734E-9	1.818776447819606E-5
0.0025539968633205372	4.996887088855076E-4	3.373429967874854E-8	0.00373982014711903	8.400466125233314E-7	5.357659438598274E-12	7.288454087691506E-5	7.674341974602166E-4	0.009803512307291429	2.4998273045906235E-5	9.664270432280252E-7	0.003965561479401557	0.001407760564330399	0.0027202447734180073	2.4954305713476536E-5	2.2110314696552403E-4	7.611416197142368E-4	0.0028950170821546895	5.865837116379361E-4	6.157893504145442E-4	5.545070663959202E-4	4.9238076898061956E-8	0.0	1.649088937374289E-7	1.54893170441875E-4	2.7773376600154513E-4	0.0	2.7773376600154513E-4	4.286398252105497E-9	1.5368137621070827E-9	1.4717900307996795E-8	2.756452166942663E-4
0.0247749662199367	0.0017889218665178997	1.6908960259805754E-7	0.016374928720698383	1.2339694632393965E-6	2.390915330639208E-10	3.162305102879999E-4	0.001595520059573006	0.01411850846406596	0.008511085170525394	2.884192009433045E-6	0.008801202426560385	0.0020718871129826	0.003921166162696923	3.315982780441899E-5	0.0010756808168145412	0.03643731073401578	0.002755555429476173	8.434466009337433E-4	8.253711876495517E-4	6.245141786892403E-4	7.531277468154916E-8	4.221483557067159E-5	3.2610961837894077E-7	2.6057024628236387E-4	3.058414949471344E-4	0.0	3.058414949471344E-4	4.662954437439676E-9	1.6938916281838479E-9	6.112385984523749E-8	5.982463481488602E-4
3.7959359740704913E-4	4.939948056603984E-5	4.074044052144265E-9	2.704576642026132E-4	3.4528318554534225E-8	1.9062907018879176E-10	8.317782687032331E-6	8.324541134342711E-5	2.5815122375976997E-4	3.1929516147891224E-5	1.0891836008649067E-7	0.0018798127186074203	3.2049337569026637E-4	6.116711906967341E-4	4.594618375500773E-6	0.004039628817998375	2.3297280748540444E-5	1.1272164568856576E-4	4.404797286707985E-5	6.915974405721303E-5	6.357410335553364E-5	5.641517697739727E-9	0.0	1.8859793644672486E-8	9.040426661855138E-6	3.1861530753408514E-5	0.0	3.1861530753408514E-5	5.402353309925382E-10	1.8223289577648194E-10	4.2692825827871624E-8	3.330027841125739E-5
4.961732636690483E-4	0.008837144541076735	9.329151069961674E-9	0.0028326154100749364	1.354900403077562E-7	1.4152369924087747E-12	3.393372989726475E-5	3.073904436210638E-4	5.731605763482104E-4	4.24979414190306E-7	4.028541532964585E-7	8.973327452020822E-4	3.8794905382946417E-4	7.573749022702083E-4	7.122544733543095E-6	3.6146751349929006E-5	6.346897492723651E-5	4.590427764316574E-4	1.0787604986676105E-4	1.8115939803436495E-4	1.606175064630138E-4	2.934506399797055E-8	0.0	5.521778706263388E-8	3.4048491791875036E-5	8.01541009410696E-5	0.0	8.01541009410696E-5	1.3374024657843441E-9	4.6433140076399334E-10	3.943158503381202E-9	8.70429290182219E-5
0.014700453703306379	0.0016474996313125623	1.3197705734911404E-7	0.003785142839638743	1.1718405790277048E-6	2.117890547065836E-11	2.729660149693924E-4	0.002646522026713636	0.006570047333574776	3.851221296558093E-6	2.750200507379879E-6	0.010325621610282986	0.014986346201915846	0.027387617639437527	1.8882540657718123E-4	9.196909692249535E-4	7.264900921341609E-4	0.0038577766959799562	0.0016565301758186442	0.0016369763034174204	0.0012828798485814898	2.001239316037867E-7	0.0	4.304134719945286E-7	2.9294406779187623E-4	6.357919668125634E-4	0.0	6.357919668125634E-4	9.687070643762245E-9	4.176040298586702E-9	5.9048986228464986E-8	6.931771012883214E-4
0.015738204578837674	0.0012625357575491037	1.0908840958203431E-7	0.0025937648285319858	6.69306790054759E-7	1.1200057130942883E-11	1.3957952080341968E-4	0.001365449382959143	0.0044094451167611525	2.5385958774756817E-6	1.4369128629809878E-6	0.006409962821079663	0.0014571199453333487	0.0026600190970115165	2.2638854470918892E-5	9.167866281734994E-4	4.852550749014933E-4	0.0022198299218423017	0.0010168999238451847	5.771461545429425E-4	4.2314802548980995E-4	9.395707170146933E-8	0.0	2.2304072357295457E-7	1.719257092686788E-4	2.0751997539377034E-4	0.0	2.0751997539377034E-4	2.7392405861930523E-9	1.0587692796678969E-9	3.119348327297657E-8	3.68649597261674E-4
0.014304936042630608	0.001324057421717014	1.127578491390291E-7	0.002936106442935796	8.128720054510752E-7	1.4084423085270009E-11	1.7888399641594676E-4	0.001768094720851219	0.005051067615543095	2.841859463922888E-6	1.951551879949111E-6	0.00800879320397416	0.01542778016710084	0.011345202544276714	2.6567528922713876E-4	8.569612413607012E-4	5.563547139419568E-4	0.002681073817170749	0.001185437574347221	0.0010078874063093857	8.529616850324811E-4	1.247620028325396E-7	0.0	2.8606983347150295E-7	2.050510039861039E-4	4.252625527243341E-4	0.0	4.252625527243341E-4	6.383399836138647E-9	2.4439795753657664E-9	3.9245669234923036E-8	4.668663268804127E-4
1.5616825947492767E-4	1.3887166099000052E-5	1.1738694568652527E-9	2.9809453104118826E-5	8.225577346475922E-9	1.4200372604132248E-13	1.7958279730040759E-6	1.754763843932452E-5	5.1084726429095724E-5	2.9444302551947486E-8	1.8552109238007898E-8	7.718258910236098E-5	1.7012825959981581E-4	1.172745786783973E-4	9.494164329199993E-5	9.280686255259005E-6	5.630408509648196E-6	2.7190236241251207E-5	1.2132543336010017E-5	9.03894170787667E-6	7.0161883627718E-6	1.2531149136450011E-9	0.0	2.8572027008995515E-9	2.0882138022684506E-6	3.4681636003234224E-6	0.0	3.4681636003234224E-6	5.0044995984737107E-11	2.026202643165708E-11	3.9567180828880086E-10	4.671212616423275E-6
6.681652575672021E-4	8.535451943341057E-5	6.250744985139215E-9	3.1213842171074076E-4	1.4462674609097295E-7	8.311677125863843E-13	1.0721179106702027E-5	1.1084675008183471E-4	0.010558123654805636	2.265528043420248E-7	1.53042639027296E-7	0.0021281392071008415	3.7590582899196E-4	7.16142387128374E-4	5.465727841033001E-6	0.004064739845869472	2.5596415284214976E-4	2.859803818500297E-4	3.3453803695572857E-4	9.046206803822448E-5	8.187878856095368E-5	6.849211761954405E-9	0.0	2.465455893924364E-8	2.4852772081603117E-5	4.0971125673159086E-5	0.0	4.0971125673159086E-5	6.313379359428115E-10	2.2496831643714343E-10	2.2765662026009534E-9	4.268962521905453E-5
0.009925815251950718	7.563129529920043E-4	7.92128584331101E-8	0.0020910239371213783	3.338611967699397E-7	4.3355123264716404E-12	7.278568894835894E-5	0.001330356881122144	0.002850455131323547	9.466349697222043E-7	2.161628063820737E-6	0.007463898146792813	0.0017046736446165995	0.003270454460520753	2.724458469469703E-5	0.001000859311670113	3.051652868999285E-4	0.0011672634380615614	3.918922231064261E-4	4.996185289046699E-4	4.815298155506542E-4	5.368851494744232E-8	0.0	1.1862047793082581E-7	8.338963609694271E-5	2.4270068174986158E-4	0.0	2.4270068174986158E-4	3.928110471847554E-9	1.4015163393200073E-9	1.2056411297380282E-8	1.911311876104101E-4
0.002424592336236343	0.0038942038068464657	2.4511581412996642E-8	0.0010625438196685982	7.496780155129305E-7	3.548638711661093E-12	6.058895741723078E-5	0.008252194263781956	0.002057535243367109	1.0762736727260188E-6	6.606402917083522E-7	0.0027136887469488414	9.327410737799862E-4	0.0018039382195357294	1.644854563818824E-5	1.883542421178215E-4	0.001159948008008086	7.627732197086662E-4	0.00911951100538497	9.359486374189445E-4	0.0014078732241806261	2.9062408563658402E-8	0.0	1.4415747203684186E-7	5.592592352262447E-4	7.28071575219583E-4	0.0	7.28071575219583E-4	2.804596003479937E-9	1.0055603274650781E-9	9.855616423619493E-9	2.208411569617501E-4
0.0020639655586233282	3.1073195666097425E-4	2.7895784359493456E-8	8.477952705431262E-4	2.538150310190666E-7	4.528824039201066E-12	5.96342592062994E-5	6.246176027082387E-4	0.0015333505095021032	7.266773880530814E-7	8.43146849610645E-7	0.003315196687924314	0.0013790740230035237	0.002731591282674521	2.5363009190887056E-5	0.004181964527228269	1.68259533660462E-4	8.237606369476303E-4	3.3616481581707954E-4	0.0017950267053942414	0.003554464421427201	4.250986580566133E-8	0.0	9.790483746927046E-8	6.101509683430134E-5	0.0018622789989661767	0.0	0.0018622789989661767	4.776396103861025E-9	1.665955535512237E-9	1.2624885130450957E-8	1.5774831997343713E-4
0.0020581628753419358	2.5821726006974713E-4	1.8918825757286004E-8	4.806178226444222E-4	1.958934178215797E-7	3.6578882113597885E-12	4.85867273973706E-5	4.4869174598171485E-4	9.222812627679625E-4	5.885532252260411E-7	4.0592597276883363E-7	0.0016237598807996153	8.121877044744869E-4	0.0012149177655122094	1.3497730672172651E-5	1.8706431298029494E-4	1.0260959932559666E-4	6.427339660083506E-4	2.6080946723824655E-4	0.001183371254253979	0.002735665654029537	3.883598938825486E-8	0.0	7.480456713794457E-8	4.828830584658776E-5	0.0022155410181688164	0.0	0.0022155410181688164	9.086722180590291E-10	6.358668257239232E-10	1.0206311615322193E-8	1.1914319314868947E-4
0.0018573183474563143	0.0014449070355037567	1.844090266889231E-8	6.431094611595089E-4	2.1122970570865472E-7	4.906796281718653E-12	3.829826429857401E-4	7.518878951472647E-4	0.0014306106488392403	9.646609395579143E-7	4.558767252545395E-7	0.0016639543848529627	8.000916829364072E-4	0.0012864513521620856	1.3635542391751615E-5	1.5504252745116346E-4	1.5460954886483742E-4	0.0011744979860944412	2.6501063778479865E-4	0.0027287039930041254	4.1729481166305867E-4	3.526146623535863E-8	4.221483557067159E-5	7.613488519334549E-7	7.781511934441366E-5	8.857595055931684E-5	0.0	8.857595055931684E-5	1.3333035894187778E-9	7.06686804766424E-10	1.369022282025415E-8	3.102424413314917E-4
8.632811489602855E-10	6.07606155672723E-7	1.1767623676952583E-14	5.166411638236898E-10	2.1254690998526216E-13	9.567468639695985E-18	5.534540385106925E-11	3.3382093274047454E-10	1.387539317248832E-9	3.9881678515762335E-13	3.964392232022505E-13	1.3635414542832896E-9	5.717111570712139E-10	1.0954519460343625E-9	1.0358406798090001E-11	6.827785038568328E-11	1.9848301416160097E-10	5.483284840748667E-10	6.084807804840137E-10	3.305099803613057E-10	2.809746392292399E-10	1.8966966806865365E-14	0.0	1.3225968632170152E-13	7.0859345074873E-11	1.3915523787319618E-10	0.0	1.3915523787319618E-10	1.7940628538782872E-15	6.550428195800467E-16	2.671957361702302E-14	2.2391548506724183E-10
1.393189209322057E-6	3.0318860026804014E-7	2.017667585469621E-11	7.044110908793437E-7	2.3410751916875844E-10	1.4942640576800255E-13	2.8629783943171378E-5	5.738918845297633E-7	1.2824680651340363E-6	3.967886442589856E-9	6.306950387852274E-10	2.2037325139677663E-6	1.1029317245709635E-6	2.0053099339113554E-6	1.994978365398235E-8	1.0115058296698468E-7	1.4231319217521453E-7	7.88205565054095E-7	3.0777645414187735E-7	4.397705284857759E-7	3.835273156895986E-7	4.1270326175368155E-11	0.0	1.1293498284010064E-10	5.805116849515335E-8	1.9189292103516607E-7	0.0	1.9189292103516607E-7	3.0974816675462727E-12	1.2238858544715372E-12	4.1807282704321744E-10	1.6824710662297407E-7
1.815450136967851E-7	3.030962018775194E-8	2.0399136294576307E-12	1.8575584533710194E-7	5.7074476432331914E-11	4.084141637081808E-16	3.946566378462767E-9	5.695858783534302E-8	4.850076678896007E-7	9.14896059181458E-11	8.057980550007297E-11	3.2396417428439703E-7	8.512199850384133E-8	1.597647443392602E-7	1.3967823978845203E-9	1.4839887074737214E-8	5.866064910492102E-8	1.1125873871804945E-7	3.259164319431225E-8	3.300009817222456E-8	2.6515006800704435E-8	2.4537176016574648E-12	0.0	1.0989291448777898E-11	9.81953041544272E-9	1.3094083256653975E-8	0.0	1.3094083256653975E-8	1.981079235500077E-13	7.435273203920179E-14	1.1230611054603318E-12	1.0614495879177468E-6
1.2089515743688972E-4	2.63154864054938E-5	2.4534532559262237E-9	1.904107614348213E-4	2.526301143800379E-8	8.914238798247091E-13	5.3044155321338825E-6	1.1445046741075381E-4	2.1026458811190094E-4	6.599701685696562E-8	1.6382862757779987E-7	2.041425819842471E-4	8.623711326763356E-5	1.6429666430488077E-4	1.5597478972977402E-6	9.145485810491197E-6	2.2896106196570783E-5	9.141889166558337E-5	2.7894695565388508E-5	3.526346695113171E-5	3.3004497927011916E-5	3.839607026156334E-9	0.0	8.243547296047935E-9	6.357141391246481E-6	1.6599724849646517E-5	0.0	1.6599724849646517E-5	2.6652088522992756E-10	9.809870509549946E-11	2.4880307231999305E-9	1.2389441422071321E-5
4.670948500858698E-4	5.860180040113692E-5	4.293581534556502E-9	1.0907513084116292E-4	4.4457571369509096E-8	8.301496182024448E-13	1.1026649682548823E-5	1.0182958801116834E-4	2.0930960822259663E-4	1.3357083966373816E-7	9.212395709949004E-8	3.685082961383019E-4	1.8432415064406762E-4	2.757227872126721E-4	3.0632794309816524E-6	4.245376243284829E-5	2.3287012720153577E-5	1.458670326821398E-4	5.919012656122585E-5	7.553811799479392E-4	0.0016966024958194245	8.813741502294899E-9	0.0	1.6976729301200022E-8	1.0958922956069252E-5	0.002119440650841016	0.002105074080891136	0.0010669020426900234	2.0622104745882458E-10	1.443085452330296E-10	2.316299790555334E-9	2.7039280520145066E-5
1.401334403475652E-4	1.7584022510383426E-5	1.2881608258665003E-9	3.272759198844271E-5	1.3338186572278001E-8	2.4905833197780105E-13	3.3083829021724186E-6	3.055303248884936E-5	6.279978324956389E-5	4.00797549686281E-8	2.7641541234646023E-8	1.1056149961979816E-4	5.5301066586407996E-5	8.27243878042432E-5	9.190542190198699E-7	1.2736481933599844E-5	6.986877742100217E-6	4.376491287217115E-5	1.775813904191215E-5	2.2661620817552257E-4	5.089814311552297E-4	2.644243565275193E-9	0.0	5.095562857085493E-9	3.288242687706353E-6	4.310785941881788E-6	1.0683511530765186E-8	5.305800900173767E-4	1.1174889576211894E-8	3.910649229677819E-10	6.949273504831318E-10	8.113707307063739E-6
4.4373829872200427E-4	5.5671483441246395E-5	4.078885830614625E-9	1.0362095189754237E-4	4.223452063577963E-8	7.8863892247614E-13	1.0475274496899798E-5	9.673771426795146E-5	1.9884331724443047E-4	1.268917804175334E-7	8.751740248763503E-8	3.500814542555828E-4	1.7510722930287205E-4	2.619355800950237E-4	2.9101035966549786E-6	4.033090990585109E-5	2.2122571903455934E-5	1.3857311616709227E-4	5.623039101499406E-5	0.005717147204227415	0.0016117658008090127	8.373020295310202E-9	0.0	1.612782709249225E-8	1.0410934369020996E-5	1.3648185816773693E-5	0.0	1.3648185816773693E-5	1.9590919647952857E-10	1.370925591257962E-10	2.2004758309842313E-9	2.5687211782511517E-5
9.202122343554599E-9	4.2217275286148745E-9	1.166704517625553E-13	5.142840071451817E-9	1.8645290145844085E-12	6.263716673580856E-15	2.0055835575808306E-9	5.0576539874919276E-9	1.0201881713992938E-8	6.117791928810239E-11	3.6428760018898185E-12	9.846897917602611E-9	6.437834114606947E-9	9.676350316616236E-9	1.1045730023950357E-10	6.952985572909746E-10	1.1648967844609554E-9	7.498275512985504E-9	2.3658744858352566E-9	3.300761737609725E-9	1.3700801076410879E-9	3.1763321676021913E-13	0.0	1.0453351958146205E-11	3.318121570395381E-9	6.069169616994775E-10	0.0	6.069169616994775E-10	9.508228001306804E-15	3.3628390540879266E-9	1.7526326174571384E-11	2.3066393066606953E-9
2.492148336401372E-9	2.3462644060315056E-9	3.201419851632618E-14	1.6025564589950476E-9	5.125081050294121E-13	8.20105557915519E-18	1.4552369154642512E-10	2.0015942711767464E-9	2.9645466810158913E-9	1.6830058341431047E-12	1.1176559157347911E-12	2.635880650607165E-9	1.6768268188172661E-9	2.539690135352678E-9	2.8781487941372982E-11	1.8614723351099147E-10	3.4560394410469876E-10	3.017341683121215E-9	6.201303443042015E-10	1.0803004716859603E-9	3.859086765681061E-10	8.18716100289847E-14	0.0	1.1575507600201031E-12	1.695330702986404E-10	1.6242705764295144E-10	0.0	1.6242705764295144E-10	2.3435070523459144E-15	1.4617839659895895E-15	2.2846786909966374E-14	1.322891924341248E-9
2.466535811042778E-8	3.988372771249069E-8	2.9733345364671835E-13	2.472675605708511E-8	8.980188042604945E-12	3.58858172565763E-11	7.990305146177528E-10	2.6962540487353297E-8	4.292781607427004E-7	1.5831919609989917E-11	1.4199994080316468E-11	3.083651479856392E-8	9.90006954701836E-9	1.884322994589906E-8	1.7101277335262746E-10	2.1476898440195847E-9	9.262306738129505E-9	4.6992631741130364E-8	5.873457992402643E-9	6.490076938340366E-9	3.9931366976147E-9	3.1878750950300284E-13	0.0	1.3877465591878522E-11	8.195343242706195E-9	1.889559929519146E-9	0.0	1.889559929519146E-9	4.513365783101408E-12	1.0033147780821833E-14	1.0041302993896871E-7	6.2309531309236935E-9
5.807850776020831E-4	8.225166795595443E-5	7.0040640525775725E-9	2.4437507355740254E-4	6.713330963888011E-8	1.1713633509099733E-12	1.587200830509378E-5	1.677762532922073E-4	3.9750757918614947E-4	2.730887088307657E-7	1.9623238047330106E-7	0.003787376083862379	6.473874412841299E-4	0.0012324279727852555	9.277283569248787E-6	3.855660583925749E-5	4.342549761378617E-5	2.1375380918776162E-4	1.0223873652320746E-4	1.2940231072305536E-4	1.2754263227043465E-4	1.0703854165437162E-8	0.0	2.584452476758924E-8	1.6029642918052538E-5	6.452677577552089E-5	0.0	6.452677577552089E-5	1.0293543053861153E-9	3.6647852686736293E-10	3.2650980853478715E-9	4.231310908254718E-5
