0.0
0.04081355320556586
0.10886627186033461
0.10986887237769558
0.13136074906698214
0.1545267954612584
0.17449295742923354
0.1902112842490341
0.19647197702860636
0.19903039478364074
0.21536976222264095
0.23064176533200834
0.2458513226797406
0.2511030637433615
0.252041184751158
0.25242960526101454
0.25376600898602086
0.2538818403136586
0.2538818403136586
0.2538818403136586
0.25514496020672384
0.255469810445844
0.25674743205246897
0.25755641467519486
0.25755641467519486
0.25755641467519486
0.25755641467519486
0.25755641467519486
0.25755641467519486
0.25755641467519486
0.25755641467519486
0.25771261297996123
0.2628567535379294
0.2628567535379294
0.2628567535379294
0.2636068552176832
0.26398924738672896
0.2643147454240866
0.26436600973374463
0.26511913151721256
0.2675540162925526
0.2681991771962393
0.2681991771962393
0.268607128076175
0.268607128076175
0.26948434802740834
0.26948434802740834
0.26948434802740834
0.2702172535342341
0.27142411245026404
0.27158908424970646
0.27158908424970646
0.27263746267478056
0.27263746267478056
0.27263746267478056
0.27263746267478056
0.27300871201194776
0.27300871201194776
0.27300871201194776
0.2738946550452676
0.2741857907228685
0.2741857907228685
0.2744144308464564
0.2745847446738737
0.2745847446738737
0.2745847446738737
0.2745847446738737
0.2745847446738737
0.2745847446738737
0.2745847446738737
0.2746031491761485
0.2757074648160943
0.2763367984683515
0.2769099983587299
0.27766598014783805
0.27766598014783805
0.2779967592270881
0.27809396126084285
0.27809396126084285
0.2785080999962854
0.2789658524607559
0.2793140579644341
0.2793140579644341
0.2793140579644341
0.2793140579644341
0.2793140579644341
0.27936838766797956
0.2798367209278076
0.27983875714679274
0.2803784254813755
0.2803784254813755
0.28060747111851697
0.28060747111851697
0.28060747111851697
0.28060747111851697
0.28060747111851697
0.28060747111851697
0.28060747111851697
0.280984961278568
0.28128536468531923
0.2818976916883063
0.2821175970824846
0.2822880831586369
0.282585385974891
0.28268724401357576
0.28268724401357576
0.28268724401357576
0.28268724401357576
0.28268724401357576
0.28302973232044026
0.28302973232044026
0.28302973232044026
0.28302973232044026
0.2837390075283864
0.2838620768547593
0.283946712593566
0.2842842866123147
0.2850224751322449
0.2850224751322449
0.2850224751322449
0.2850224751322449
0.2850224751322449
0.2850224751322449
0.2851673351193609
0.2851673351193609
0.28517516126555364
0.2856672976784533
0.28690290511717575
0.2874303901705128
0.2874303901705128
0.2878575109124036
0.2878575109124036
0.2881814462443258
0.2889017987318759
0.2889017987318759
0.2889017987318759
0.2889017987318759
0.288912839651249
0.2890152775541478
0.2891351543936537
0.289454277183209
0.289454277183209
0.2905768877081678
0.2906634925117012
0.2909169920429331
0.2919470606401564
0.29226562655715677
0.2932451655997874
0.29344562657077655
0.29344562657077655
0.2937184252273628
0.2937184252273628
0.2937184252273628
0.2937184252273628
0.2937184252273628
0.2939934473802689
0.2941814747233583
0.2943690808820715
0.2943690808820715
0.2943690808820715
0.2949334220322322
0.2950709152939126
0.2950709152939126
0.2950709152939126
0.2950709152939126
0.2950709152939126
0.2950709152939126
0.2952284709614691
0.29537014123295774
0.2954126433403166
0.2954404956180772
0.29589839642887267
0.29590352088686667
0.29590352088686667
0.29590352088686667
0.29590352088686667
0.29590352088686667
0.29590352088686667
0.2960134437798299
0.296225816417363
0.29624458084324573
0.2963987032873152
0.2963987032873152
0.2963987032873152
0.2963987032873152
0.2963987032873152
0.2965089293372426
0.2969051413184709
0.2969149949843814
0.29729660936006097
0.29782466092179083
0.2978704387925742
0.2982238773482749
0.29839061278591333
0.2989162169998858
0.2991487159812696
0.2991487159812696
0.29929378039947646
0.2993958687472556
0.2993958687472556
0.299404409776338
0.299404409776338
0.2995146060078296
0.2995738003587317
0.3006744717381523
0.3006991883403589
0.3007208866429822
0.3007782461677622
0.3011138322536089
0.3011138322536089
0.3011256740052672
0.3011256740052672
0.301623401348236
0.301623401348236
0.3017868607795807
0.3017868607795807
0.30203270850920616
0.30206407735491564
0.30228477966410183
0.30228477966410183
0.30228477966410183
0.30228609545539575
0.3023459783065492
0.3031000990693909
0.30321327527189523
0.3035005869364907
0.3038309076964978
0.3039375490290616
0.3044158805764425
0.3044158805764425
0.30491997822868383
0.30519398148278315
0.30519398148278315
0.30578460824095033
0.3061129846197972
0.3066221774917118
0.30670063700970335
0.30678612123754484
0.3069702615852836
0.3069933983960733
0.30739137913666725
0.30769464978040695
0.30769464978040695
0.30769464978040695
0.30769464978040695
0.30805789132965444
0.30817746460559897
0.30836014847330784
0.30836562215090524
0.3086332516038714
0.3086479923912915
0.3089415499301174
0.30899844539652777
0.3092381570973442
0.3092381570973442
0.3092381570973442
0.3092381570973442
0.30937872664751254
0.3095183280395821
0.3095183280395821
0.3099766157675133
0.3099956291627697
0.31009195923184985
0.3103750395610155
0.31062607567904343
0.3109558448770292
0.31101050649700107
0.31101050649700107
0.3111724955415952
0.3112028188737637
0.3112028188737637
0.3112028188737637
0.3112306683107027
0.31129772953156487
0.3118801765891184
0.3120466568809002
0.3120466568809002
0.3120466568809002
0.3120466568809002
0.31213539062655554
0.3121356126501062
0.31225887240394645
0.31225887240394645
0.31280810439928514
0.3128856395349116
0.3134397001148903
0.3138675022970975
0.3139850986630036
0.31421114061314775
0.31431333626517743
0.3150001921480116
0.31527385581700007
0.3152906215815602
0.31531735375241143
0.31582340231905065
0.3158724618044338
0.31588410471396267
0.316136745713667
0.3165189151395421
0.3165189151395421
0.3165189151395421
0.3165189151395421
0.3165189151395421
0.3165189151395421
0.3165189151395421
0.31694168066616246
0.31694610303667364
0.31710637844876566
0.3173013256878191
0.31742245370251987
0.3175125186856246
0.3178825061985149
0.3178825061985149
0.3179239148230905
0.3181840086653321
0.31866794138708826
0.3186753361708859
0.3188864976611283
0.3188864976611283
0.31902502030544116
0.31914833431788087
0.3192148022355931
0.3193247919606116
0.3193247919606116
0.3193495802611264
0.31956605564687524
0.3197377505016678
0.3197377505016678
0.3197377505016678
0.3197377505016678
0.3197377505016678
0.3199538708217326
0.31998278287176235
0.3199956147780513
0.320003345593362
0.320003345593362
0.320003345593362
0.320003345593362
0.320003345593362
0.3200058627396557
0.3200058627396557
0.3200058627396557
0.3200058627396557
0.3200058627396557
0.3201335707803553
0.3201335707803553
0.32046113248000474
0.32046113248000474
0.32046113248000474
0.32046113248000474
0.32046113248000474
0.3207096787178502
0.3209777684036817
0.3210151188627344
0.3215152362938775
0.322701574519621
0.32316872134721775
0.32318628527200866
0.32326000830288354
0.32326000830288354
0.32326000830288354
0.3236192540107179
0.3236192540107179
0.32373665866179624
0.3237431883156689
0.32374697781579387
0.32389710504653285
0.32391559052506147
0.32399452089241315
0.3240447053839709
0.3240447053839709
0.32409161337833914
0.32419974693047815
0.324825553889425
0.32507051480923305
0.3252445708328746
0.32554054273409
0.32554054273409
0.32563678774565225
0.32563678774565225
0.3257670600158378
0.325835699420889
0.32587168374602427
0.32611073175853145
0.32611073175853145
0.32611073175853145
0.3266226999779403
0.3266226999779403
0.32666858668658655
0.3268789510301459
0.3268789510301459
0.3270531069597309
0.3270531069597309
0.3270531069597309
0.32711205282941275
0.3272257759351618
0.32775035913380873
0.3278966088781194
0.3280087025037616
0.328056482474752
0.32856650284045835
0.32886365642663556
0.3290605368118126
0.3291044815667047
0.32923060333130033
0.32933917637669446
0.32933917637669446
0.32936338230781076
0.3295113603411238
0.3296883194168482
0.32968850922494564
0.32984599887711974
0.32993873890014147
0.33006098943707907
0.33006098943707907
0.33006098943707907
0.33006098943707907
0.33026670895329474
0.33029357414669563
0.33029357414669563
0.33029357414669563
0.33029357414669563
0.3305724743179675
0.330632746840553
0.330632746840553
0.330632746840553
0.330632746840553
0.330632746840553
0.330632746840553
0.3307589454183411
0.3307589454183411
0.33125983764038075
0.33125983764038075
0.33125983764038075
0.33125983764038075
0.33134594237619247
0.3315606170556015
0.3316358802572393
0.33172260746295473
0.33220365475067126
0.3322780745637239
0.3333185932889961
0.3333185932889961
0.3333185932889961
0.33350870504825986
0.33385809610328826
0.33385809610328826
0.33405905712784584
0.33451975195573785
0.334523791649676
0.3347667626503084
0.3348611804580856
0.3350479308735996
0.3350788421372639
0.33525217709356175
0.33557266115411255
0.3358678506577742
0.3358678506577742
0.3358678506577742
0.3358678506577742
0.3358678506577742
0.3358678506577742
0.3359393785367917
0.3359393785367917
0.33596295376663465
0.33688108780042486
0.33689879696318475
0.33689879696318475
0.33689879696318475
0.3370932300960856
0.33726966695357957
0.3375663756091635
0.3375663756091635
0.3375980372159966
0.3376442615621042
0.3376442615621042
0.33769540278654436
0.33788392514534965
0.338002446649097
0.33816385720609776
0.33816385720609776
0.33841307958962724
0.33841307958962724
0.33841307958962724
0.33841307958962724
0.338835385273842
0.33906154422094725
0.33906154422094725
0.33914187738437257
0.33914187738437257
0.33914187738437257
0.33914187738437257
0.3394158750684487
0.3394429089666655
0.33952279487490444
0.33952279487490444
0.33952279487490444
0.3395723336083396
0.3399120131199247
0.3399120131199247
0.3400247156164941
0.34029847600434576
0.3403195017947026
0.34056389007446863
0.3406262812299281
0.34065685199359597
0.34065685199359597
0.3407784889767496
0.34084917259671504
0.3409300736891864
0.3409599301408501
0.34098256126994886
0.34111308244062893
0.3413446493170518
0.3413446493170518
0.34167809725684833
0.3417344885611936
0.3417344885611936
0.3419428507139813
0.342098937352581
0.342169588214507
0.3422768690203246
0.3424566283930513
0.34251411727439574
0.34267869472660334
0.34297496259799054
0.34313943490649385
0.34316503459709796
0.34316503459709796
0.34316503459709796
0.34316503459709796
0.3435492918431636
0.34363265220294953
0.34371275668090856
0.34397616908913947
0.34400160242569494
0.3440439633556702
0.3441002191879119
0.34410732656958043
0.34410732656958043
0.34464270638187516
0.34472514587254083
0.34515135525972385
0.34527912653410936
0.3453257382092495
0.3454391259244428
0.34552942066108067
0.3460716520209391
0.3460716520209391
0.3460716520209391
0.34613802933891624
0.34620059774785383
0.34620059774785383
0.34620059774785383
0.34620059774785383
0.34620059774785383
0.34620059774785383
0.34620059774785383
0.34620059774785383
0.34620059774785383
0.3462636948121031
0.34634181788331736
0.3465489035970814
0.34672040925286846
0.34690611777856845
0.34714155294396504
0.3472825584612271
0.3472825584612271
0.3475301451257744
0.3477108677345987
0.3477108677345987
0.34804234166210485
0.34834584344036224
0.3484235384732118
0.3489654313246614
0.34911288647779504
0.34933500852572774
0.34971857592573913
0.34971857592573913
0.34971857592573913
0.35011593461927454
0.3502858252167903
0.35071217025708945
0.35071217025708945
0.35087211440353977
0.35087214485769996
0.35089150216925047
0.3509870264288796
0.35101405607382025
0.3511039646632298
0.3511240290814632
0.35126517249215705
0.35151044231880096
0.3515473597154119
0.3515473597154119
0.3515473597154119
0.351652698124857
0.35178940183423574
0.3519799569900131
0.35207752697022365
0.35207752697022365
0.35207752697022365
0.35207752697022365
0.35207752697022365
0.35207752697022365
0.35207752697022365
0.35212351060838704
0.3521289349209932
0.35219407044226136
0.35219407044226136
0.35219407044226136
0.35219407044226136
0.35219407044226136
0.35221602537004265
0.3522719601456479
0.3522719601456479
0.3522719601456479
0.3522788261851997
0.35250062982755737
0.3528909362205678
0.3529367858223945
0.35297363970662554
0.35297363970662554
0.3530993956257915
0.35313196309643496
0.35313196309643496
0.35313196309643496
0.3532858748865855
0.3533859801552627
0.3534442378807209
0.35347723350496923
0.35347723350496923
0.3535875522074822
0.35373913155712544
0.3538023857700467
0.3538023857700467
0.3538023857700467
0.3538023857700467
0.3540211972540641
0.35431930518776195
0.35431930518776195
0.354378002027797
0.354378002027797
0.354378002027797
0.354378002027797
0.354378002027797
0.354378002027797
0.3545098921897401
0.35494335016190054
0.3550887001659231
0.35545397911791726
0.35590694763747405
0.35590694763747405
0.35590694763747405
0.35590694763747405
0.35590694763747405
0.35596243643673875
0.3560807595701298
0.3561242668052157
0.35622666910211287
0.3564601464352026
0.3564601464352026
0.3564601464352026
0.3564601464352026
0.3564601464352026
0.3564601464352026
0.3564601464352026
0.3565339518000621
0.3565781273943438
0.3565781273943438
0.3565781273943438
0.3567919001333068
0.35679926674311485
0.35688331012822905
0.3570136798538805
0.3570584525123483
0.3571314597774124
0.3574524666321857
0.3574524666321857
0.3574524666321857
0.3574941539552655
0.3577286654983598
0.35807285411911877
0.3588613522050217
0.3588837896784115
0.3590083920987661
0.3590083920987661
0.3590083920987661
0.3590083920987661
0.3590083920987661
0.3590343810771981
0.3590343810771981
0.3590343810771981
0.3590452630349144
0.35929658658679414
0.35931512086944123
0.35931512086944123
0.35931512086944123
0.35931512086944123
0.35967368508160685
0.35972690514742467
0.3598753206167483
0.359921776642907
0.35996285526496874
0.3600754406310336
0.3600754406310336
0.3604078964098147
0.3604078964098147
0.3605245819360107
0.36055375482203494
0.36055375482203494
0.3608202289588735
0.3608942890324648
0.3608942890324648
0.3608942890324648
0.3608942890324648
0.3608942890324648
0.3608942890324648
0.3609911976998215
0.36134550228365614
0.36163308313284576
0.3617746921631556
0.3617746921631556
0.3617746921631556
0.3617746921631556
0.36179569898525543
0.36179569898525543
0.36179569898525543
0.36194115386020986
0.3621468925143107
0.36235950915814114
0.36236762663081395
0.3624862188388904
0.3625765825213869
0.36266775426974357
0.3627172785945097
0.3627364511296979
0.3627638269668212
0.3628651711136131
0.3631295398828184
0.36343860455988514
0.36343860455988514
0.36343860455988514
0.36347221398748286
0.363559262556985
0.36388291240025794
0.3640212023573729
0.3640261774827119
0.3644094097100912
0.3644094097100912
0.3644636261795829
0.3645084427426976
0.3645084427426976
0.3645084427426976
0.3645084427426976
0.3646515800484619
0.36469060603506925
0.36478038962599746
0.3649597495073625
0.36561472507031223
0.36567558022144336
0.3657769576222705
0.3662360449288703
0.3662360449288703
0.3662360449288703
0.36664950331311996
0.36679229975717953
0.367117929163152
0.3672411956434427
0.36744990441830744
0.36759127560289206
0.36759277564072024
0.36764861322668285
0.36764861322668285
0.36764861322668285
0.3679019837421354
0.3680550784724242
0.36815899031558563
0.3681905612537166
0.3683458416497474
0.3683458416497474
0.3683458416497474
0.3683458416497474
0.3683458416497474
0.36873754100345885
0.36873754100345885
0.368773909144857
0.36882794329236024
0.3690255223226808
0.3690255223226808
0.3690255223226808
0.3690255223226808
0.3690255223226808
0.3690255223226808
0.36916953776119465
0.3691808809485792
0.3691826666508259
0.3691826666508259
0.3691826666508259
0.3691826666508259
0.3691826666508259
0.3691826666508259
0.3691826666508259
0.36946040762967675
0.36946040762967675
0.36946040762967675
0.36964891924126936
0.36964891924126936
0.36977779997531346
0.36979301097994816
0.3699385227492464
0.3699385227492464
0.3699385227492464
0.3699385227492464
0.3699385227492464
0.370047297269405
0.37015659601903694
0.37031150770729293
0.37061980670349215
0.37061980670349215
0.37061980670349215
0.37061980670349215
0.37069675666654467
0.37073860603740255
0.3707415252344023
0.37075786260867194
0.37075786260867194
0.37075786260867194
0.37075786260867194
0.37092315640117235
0.37092315640117235
0.3710075882427997
0.3710075882427997
0.3710075882427997
0.3710327343840666
0.3710327343840666
0.3710327343840666
0.3710327343840666
0.3710327343840666
0.3710327343840666
0.3710327343840666
0.37112676460118327
0.37152172542203227
0.3716430627804826
0.3716488352032302
0.3716488352032302
0.3716488589278658
0.3716488589278658
0.3718498444707632
0.37207746516484935
0.37240480410240545
0.3724261529494741
0.3726489548097059
0.37281501034566883
0.37281501034566883
0.372892755999493
0.3730011803757343
0.3730992932993307
0.37313254534220486
0.37313840726777886
0.37313840726777886
0.37313840726777886
0.37313840726777886
0.37313840726777886
0.37326564156916925
0.3735464785698274
0.3735464785698274
0.3735464785698274
0.373834062721944
0.373834062721944
0.373834062721944
0.373834062721944
0.373834062721944
0.3738362069806063
0.3740320029046961
0.37415382821502324
0.374179092874987
0.374179092874987
0.374179092874987
0.374179092874987
0.374179092874987
0.374179092874987
0.374179092874987
0.374179092874987
0.37418554810484045
0.37418554810484045
0.37418554810484045
0.37418554810484045
0.37418554810484045
0.37418554810484045
0.37418554810484045
0.37418554810484045
0.37418554810484045
0.3742710605300094
0.3742827137783188
0.37434511572238793
0.374406489754369
0.3744434997297156
0.37456341688986433
0.37459809194078136
0.37506848669768394
0.3753977040971152
0.3754142441383736
0.3754992507297701
0.3755312427147919
0.375926583487104
0.37605431351352964
0.3763007116662355
0.3764350746919791
0.3765330694669162
0.37681066777662414
0.37681066777662414
0.37737735561144403
0.3773783897303356
0.37758436976021464
0.3776149070881003
0.3777250081855122
0.37804032811624705
0.3780879167231225
0.3781898488289472
0.3781898488289472
0.3781898488289472
0.3781898488289472
0.3781898488289472
0.3781898488289472
0.37822436416273697
0.3783239471065106
0.37848836142924597
0.3784935666413616
0.3786447842781078
0.37878709705169583
0.37890611213181286
0.37890611213181286
0.37890611213181286
0.37890611213181286
0.37890611213181286
0.37894100683835774
0.3790764320508934
0.3790764320508934
0.37937681292531206
0.37937681292531206
0.37947020108508706
0.3795827991822073
0.37983221885749163
0.37983591408870104
0.37985097638127774
0.37985097638127774
0.37985097638127774
0.37985097638127774
0.37985097638127774
0.3800027463602195
0.380030794336058
0.380030794336058
0.38044938466389006
0.38045913423154676
0.3804851431645475
0.381186532008363
0.3811931797308181
0.3811931797308181
0.3811931797308181
0.3815213617996414
0.3815284332235109
0.3815284332235109
0.38157740271931634
0.3817105924640443
0.38185444229215365
0.3818627346677913
0.38206070252314006
0.3821067895084078
0.3822320952330162
0.3822320952330162
0.3822320952330162
0.3822320952330162
0.3822320952330162
0.3822320952330162
0.3822320952330162
0.3822906528596406
0.3823615635226682
0.38238261682188895
0.38238261682188895
0.3824431245060747
0.3826102628366004
0.3828055962116674
0.3829096045842561
0.38318557305258705
0.38331074751445043
0.3833212745430928
0.3833212745430928
0.3833212745430928
0.3833212745430928
0.38337367231657427
0.38344754069159387
0.38350654867225237
0.38360937776533527
0.38360937776533527
0.38360937776533527
0.38360937776533527
0.38360937776533527
0.38360937776533527
0.38360937776533527
0.38375546722971016
0.383762961414001
0.383762961414001
0.383762961414001
0.383767554901553
0.3837863445070831
0.3837863445070831
0.3837863445070831
0.38398706663735815
0.38398706663735815
0.38398706663735815
0.38401930659163175
0.38416170981559145
0.38416170981559145
0.3844154356274487
0.3844154356274487
0.3844154356274487
0.3844154356274487
0.3844154356274487
0.38454022707762303
0.3845850786628011
0.3846095895870747
0.3846490236714621
0.3846490236714621
0.3848423520552149
0.3848423520552149
0.3848718202739294
0.3848718202739294
0.3848718202739294
0.3848718202739294
0.3848718202739294
0.3848718202739294
0.38499284160457914
0.38499284160457914
0.38499284160457914
0.3850260572892272
0.3851466845065232
0.38516730219151396
0.38519506373718576
0.3853230800310257
0.3853513132789233
0.38536153597938855
0.3854725449213533
0.3854725449213533
0.3855388676560838
0.38564276680579096
0.38564276680579096
0.38564276680579096
0.38564276680579096
0.38564276680579096
0.38574647946795476
0.385855384729685
0.385855384729685
0.385980630201115
0.38598768874977074
0.38598768874977074
0.38598768874977074
0.38598768874977074
0.38648792194611903
0.38654271028602866
0.3867070777451989
0.3868568854302095
0.3870773588958121
0.3871593500161495
0.3871961379110383
0.3871961379110383
0.3871961379110383
0.3871961379110383
0.3871961379110383
0.3871961379110383
0.38719811414375704
0.3872434970084119
0.3872434970084119
0.3872434970084119
0.38730770832553063
0.38730770832553063
0.38730770832553063
0.38730770832553063
0.38730770832553063
0.38733338763251274
0.38733338763251274
0.3875477923941832
0.3875477923941832
0.3875477923941832
0.3875477923941832
0.3875477923941832
0.3875477923941832
0.3875591154381058
0.3875591154381058
0.3875591154381058
0.38771365764076443
0.3877172080871274
0.3877172080871274
0.3877172080871274
0.38781406929382944
0.38791238073371703
0.38799500835834977
0.38799500835834977
0.38799500835834977
0.3880613898026979
0.3880986257636945
0.3880986257636945
0.3880986257636945
0.3880986257636945
0.3880986257636945
0.38819352922619044
0.38819352922619044
0.38819352922619044
0.38819352922619044
0.38819352922619044
0.3884163439220327
0.3884163439220327
0.3884163439220327
0.38845018905373013
0.3884568543699457
0.3885086817078703
0.3885086817078703
0.3885086817078703
0.3885086817078703
0.3885086817078703
0.3885720818014968
0.3888654490445727
0.38894490990009195
0.3889789426844234
0.3890318956889828
0.3891376220303187
0.3891376220303187
0.3891376220303187
0.3891376220303187
0.3891376220303187
0.3891376220303187
0.3891376220303187
0.3891376220303187
0.38926732477579207
0.38926732477579207
0.38926732477579207
0.38926732477579207
0.38926732477579207
0.38926732477579207
0.38926732477579207
0.3895108695465873
0.3895378172207237
0.3895396824614423
0.3895649800225917
0.3895649800225917
0.3895649800225917
0.3895649800225917
0.3895649800225917
0.3895649800225917
0.3895649800225917
0.389641844774097
0.3898310682516345
0.3899690270555401
0.389993478575081
0.39018512823376883
0.3902516929174637
0.3902620870915705
0.3903365413252529
0.3903926307716457
0.3903926307716457
0.3903926307716457
0.3903926307716457
0.39040164511919395
0.39040164511919395
0.39040164511919395
0.3904165766986266
0.39050535307302275
0.3905078688002437
0.391115091185448
0.3913255522156166
0.39132770771248343
0.39138462810310254
0.39138462810310254
0.39138462810310254
0.39138462810310254
0.39138462810310254
0.39138462810310254
0.39138462810310254
0.39138462810310254
0.3914664133528906
0.3914664133528906
0.3914664133528906
0.3914664133528906
0.3914664133528906
0.3914664133528906
0.3914936129064952
0.3918195710569425
0.3918195710569425
0.3918195710569425
0.3918195710569425
0.3918195710569425
0.3918195710569425
0.39182510889767025
0.39185460428429214
0.3921193017695682
0.39213478206115254
0.3923237035182869
0.39233333439532075
0.39259358157318763
0.3926021606973292
0.3926021606973292
0.3926021606973292
0.3927201622175027
0.39297097120748287
0.39297097120748287
0.39297097120748287
0.39297097120748287
0.39297097120748287
0.39297097120748287
0.39297097120748287
0.39297097120748287
0.39297097120748287
0.39297120100895755
0.39297120100895755
0.39297120100895755
0.39297120100895755
0.39297120100895755
0.39297120100895755
0.39297120100895755
0.39297120100895755
0.39297120100895755
0.39297120100895755
0.39297120100895755
0.3932591082398611
0.3933893343275315
0.3935573171137603
0.39358406098317344
0.39358406098317344
0.39358406098317344
0.39358406098317344
0.39358867372265893
0.3938089840270857
0.3938089840270857
0.3938089840270857
0.39382680898991496
0.39382680898991496
0.39382680898991496
0.39382680898991496
0.39391097312119766
0.3939717753194928
0.3939932778069022
0.39410377696572413
0.39412428927206894
0.39420313496349785
0.39431013662381487
0.3944053143901296
0.39460068256026454
0.39495915431991435
0.3950834012861575
0.39508721899045207
0.39521550864661203
0.39521550864661203
0.39521550864661203
0.39521550864661203
0.39521550864661203
0.39521550864661203
0.3952619116129839
0.3952843728623306
0.39535332107811205
0.3954084555281167
0.39542314748975427
0.3955315733112175
0.3956000867852329
0.3957993407655
0.39593245707242763
0.39594817205545557
0.39637594081263816
0.396398248456236
0.3967079626191614
0.39673778725569675
0.3970013365195155
0.3970013365195155
0.3970013365195155
0.39706719914261396
0.39706719914261396
0.39706719914261396
0.39710541036125213
0.39710541036125213
0.39710541036125213
0.39710541036125213
0.39710541036125213
0.3972187156075671
0.3972301645442152
0.3972301645442152
0.3972301645442152
0.3972301645442152
0.397336099059106
0.397336099059106
0.3973848872730722
0.3976218048541775
0.39781664858644783
0.3980168257714454
0.3980351483983348
0.3980351483983348
0.3980351483983348
0.3980351483983348
0.3980351483983348
0.3980351483983348
0.3980351483983348
0.3980351483983348
0.3980351483983348
0.3980351483983348
0.3980712414843874
0.3981266351444485
0.398537730656902
0.3986139042648721
0.3991425705888285
0.3991879575115972
0.399208120285799
0.3993137994111911
0.3993137994111911
0.3995835881308244
0.3996745904727725
0.3997721736763517
0.39977920665756894
0.39977920665756894
0.39977920665756894
0.39977920665756894
0.39977920665756894
0.39977920665756894
0.39977920665756894
0.39977920665756894
0.3998312089683622
0.3998312089683622
0.3998312089683622
0.3998312089683622
0.3998312089683622
0.3998312089683622
0.3998312089683622
0.3998312089683622
0.3998610602210618
0.3998610602210618
0.3998610602210618
0.3998610602210618
0.3999416876959972
0.40007962139082404
0.40007962139082404
0.40007962139082404
0.40007962139082404
0.40007962139082404
0.40007962139082404
0.40009126176690607
0.40011607911718106
0.40011607911718106
0.40011607911718106
0.40011607911718106
0.40011607911718106
0.40011607911718106
0.4002189906691898
0.4002189906691898
0.4002189906691898
0.4002437454730161
0.4003355193841566
0.4004553860776367
0.4005452018887581
0.4005492182086867
0.40075309159773814
0.40076280961055943
0.4007653707676456
0.4007653707676456
0.4007653707676456
0.4008471820521672
0.4008613588536384
0.4008613588536384
0.4008750584650094
0.4008750584650094
0.4008750584650094
0.40092883958424447
0.4014040972941976
0.4015264420400772
0.40157875446342617
0.40171550881398416
0.40171550881398416
0.40185457686572634
0.4021080495410066
0.4022216443741901
0.4023329837036729
0.4023329837036729
0.4024455122729266
0.4024911988472713
0.4024911988472713
0.4025150938101566
0.4025150938101566
0.4025150938101566
0.4025331464938956
0.4025521409515165
0.4026257431355598
0.40274188022717244
0.4027430473479452
0.40274948174967673
0.4029114926739619
0.40291314311911475
0.4029372570109474
0.4029372570109474
0.4029372570109474
0.4029372570109474
0.4030486079338892
0.40334355544471084
0.40334355544471084
0.40334355544471084
0.40334355544471084
0.40334355544471084
0.40336087724188063
0.4035236830262222
0.4035236830262222
0.4035236830262222
0.403640490761161
0.40370306560413877
0.40370306560413877
0.40370306560413877
0.40370306560413877
0.40370306560413877
0.40370306560413877
0.4037883332080965
0.40385070858184696
0.40391897825780976
0.40407277613659537
0.4041386516747215
0.40428368119176067
0.4042856325520019
0.404307778395655
0.4044610493269292
0.40464297492192824
0.40464297492192824
0.40468583375760353
0.40474505482287787
0.4047519971371951
0.4047650202371347
0.4047650202371347
0.4047850349507013
0.4048157777044686
0.4048157777044686
0.4048157777044686
0.4048786854380973
0.4050444027657255
0.405046878099726
0.40508702861968143
0.40508703247404876
0.40513337865548316
0.40533111496531055
0.40536969728032685
0.40551947454643045
0.40551947454643045
0.4058745953389422
0.4058745953389422
0.4058745953389422
0.4059083526841283
0.40593984347592227
0.4059439762552964
0.4060305514843226
0.4060892379987273
0.4061382751106774
0.406151510827453
0.4064399651900659
0.40650337281646176
0.4065193693880814
0.4065539371356462
0.4066243604138446
0.4066910137341479
0.4066910137341479
0.4066910137341479
0.4066910137341479
0.4067658893265868
0.4067658893265868
0.4067658893265868
0.4067779905274185
0.4067779905274185
0.4068886267506753
0.4069441911884698
0.40704080906128853
0.40711957598785936
0.40718637650333084
0.40718637650333084
0.40728289169412246
0.40734488465392465
0.40734488465392465
0.40734488465392465
0.40734488465392465
0.4073740710538853
0.4073740710538853
0.4073740710538853
0.4073740710538853
0.4073740710538853
0.4077244198482728
0.4077244198482728
0.4078260855672657
0.4078260855672657
0.4078260855672657
0.4078605086264286
0.40788524402308785
0.40793989495981753
0.40797611983620374
0.4081448258039976
0.40833170088397336
0.40851641387959825
0.40851641387959825
0.40851641387959825
0.40851641387959825
0.40851641387959825
0.40851641387959825
0.40851641387959825
0.40852199128233224
0.40871625932219785
0.40871625932219785
0.4087521730301296
0.4087521730301296
0.4087521730301296
0.40907093716419285
0.40927137861851337
0.40927137861851337
0.40927137861851337
0.4093403951869236
0.4093403951869236
0.40936930354536494
0.4096032653590642
0.4097926578085894
0.40984810364141444
0.40984810364141444
0.40984810364141444
0.4099232826037965
0.41020893725989205
0.41026056771089875
0.41026056771089875
0.41026056771089875
0.41026056771089875
0.41026056771089875
0.41026056771089875
0.41026056771089875
0.41026056771089875
0.41026056771089875
0.4103045052121767
0.41032227934165083
0.4103881897220416
0.41038818977270436
0.41041952309984464
0.4104743916384951
0.41055691431267993
0.41055857012843416
0.4106019600983529
0.41080755884452475
0.41082799854391616
0.4108745603137028
0.41088534862655435
0.41088534862655435
0.41088534862655435
0.41088534862655435
0.4109351164120258
0.4109351164120258
0.41097221108008775
0.41097221108008775
0.41097221108008775
0.41097221108008775
0.41097221108008775
0.41108847253883474
0.41108847253883474
0.41108847253883474
0.41108847253883474
0.41108847253883474
0.41108847253883474
0.41108847253883474
0.41112639026392894
0.41114197750251985
0.4111569466443178
0.4111569466443178
0.4111569466443178
0.41127279148322754
0.41127279148322754
0.41129550775740165
0.41129550775740165
0.41129550775740165
0.41129550775740165
0.41129550775740165
0.41129550775740165
0.41129550775740165
0.41145332882835833
0.41145332882835833
0.41145332882835833
0.41145332882835833
0.41145332882835833
0.41145332882835833
0.41145332882835833
0.4114737475230616
0.4115282940384692
0.4116231936933942
0.41169172360499345
0.41196126234021435
0.41196126234021435
0.41196126234021435
0.41196126234021435
0.41196126234021435
0.4119730850210027
0.41201589127844984
0.41219951984678227
0.4123042652770493
0.4123631500700634
0.41237353569525415
0.4123822732574184
0.4123864661675568
0.4123864661675568
0.4123864661675568
0.4124653563131404
0.4124653563131404
0.4124653563131404
0.4124653563131404
0.4124653563131404
0.4124653563131404
0.4124653563131404
0.4124653563131404
0.4125305383255099
0.4125464536043331
0.4125464536043331
0.4125464536043331
0.4125464536043331
0.4125741738533764
0.412576676581436
0.4128818146014007
0.4128818146014007
0.4128818146014007
0.4128818146014007
0.4128818146014007
0.4128818146014007
0.4128818146014007
0.4128818146014007
0.4128818146014007
0.4129938858989272
0.4129938858989272
0.4129938858989272
0.4131660150977188
0.41356520305646133
0.41366903604530647
0.4136841107059899
0.4136927816521851
0.4136927816521851
0.4136927816521851
0.4136927816521851
0.4136927816521851
0.41370870799188986
0.41370870799188986
0.41370870799188986
0.41397370675658796
0.4141662097477312
0.4141662097477312
0.4141662097477312
0.4141662097477312
0.4141662097477312
0.4141662097477312
0.4141662097477312
0.4141662097477312
0.41418157483596246
0.4142321131422481
0.4143163392448201
0.41434509997059393
0.41434509997059393
0.41442795638434865
0.41463146510631993
0.41463146510631993
0.41463146510631993
0.41463146510631993
0.41463146510631993
0.41463146510631993
0.41463146510631993
0.4146620835080229
0.4146991948997457
0.4149491829556739
0.4149992374688149
0.4149992374688149
0.4150388946476606
0.4150388946476606
0.4150388946476606
0.4150388946476606
0.4150388946476606
0.4150388946476606
0.41510012911049426
0.4151540178421813
0.4151540178421813
0.4152544879958661
0.4152544879958661
0.4152544879958661
0.4154849065366877
0.4154849065366877
0.4154849065366877
0.4154849065366877
0.4154849065366877
0.41550239862953264
0.41550239862953264
0.41550579246677954
0.41557934694181364
0.41558928893062136
0.41558928893062136
0.41558928893062136
0.4157158632494317
0.41571962080840746
0.41571962080840746
0.41571962080840746
0.4159196578645954
0.41596396282786186
0.41597526719047706
0.41597526719047706
0.41601009910265124
0.41609957777744566
0.41609957777744566
0.41609957777744566
0.4161172148384435
0.4161515111303846
0.4161515111303846
0.4161515111303846
0.41631405007578126
0.41636464450579613
0.41636464450579613
0.41636464450579613
0.41638770779328094
0.41638770779328094
0.41638770779328094
0.41638770779328094
0.41638770779328094
0.41638770779328094
0.41655626382605
0.4167060313546777
0.4167750565863794
0.41677806593400346
0.4168680804700543
0.41697474675691454
0.41697474675691454
0.41697474675691454
0.41697474675691454
0.41697474675691454
0.41697474675691454
0.4170309064917961
0.41708528871598544
0.4171470529586463
0.41734464639192626
0.41734464639192626
0.417392591652404
0.41740731945895
0.4174160989866629
0.4174938756621573
0.4175012922808476
0.41761558707472646
0.41761558707472646
0.41761558707472646
0.41762593614800997
0.41774818325409874
0.417821417603664
0.4179080680473905
0.4179080680473905
0.4179118098389885
0.4179118098389885
0.4179118098389885
0.4179118098389885
0.4179118098389885
0.4179118098389885
0.4180280638800845
0.4180680828458028
0.4182364710052429
0.41831289638659397
0.4183230420966036
0.41834613648785635
0.41841571243041875
0.4185231683386024
0.41852504298333315
0.41852504298333315
0.41852504298333315
0.41852504298333315
0.41852504298333315
0.41852504298333315
0.4186007399485484
0.4186007399485484
0.41863707250880944
0.41863707250880944
0.41864435268449524
0.4186660175658479
0.41868962914726215
0.41918392216420775
0.4192853013397934
0.4192853013397934
0.4192853013397934
0.4192853013397934
0.41936366265869424
0.4194208691729833
0.4194208691729833
0.41959224749982377
0.41959224749982377
0.41959224749982377
0.41959224749982377
0.41959224749982377
0.41959224749982377
0.41959224749982377
0.419643437276802
0.419643437276802
0.419643437276802
0.41967571056952785
0.4197098689885323
0.41973320812339465
0.41973320812339465
0.41973320812339465
0.41973320812339465
0.41973320812339465
0.41973320812339465
0.41979705312153504
0.41979705312153504
0.41979705312153504
0.41979705312153504
0.4198243249963899
0.4198243249963899
0.4198243249963899
0.4198243249963899
0.4199400890709097
0.4199876252331104
0.4199880413477105
0.4199880413477105
0.4199880413477105
0.42011054559733657
0.4202008226695455
0.4202008226695455
0.4202232474233368
0.4202232474233368
0.4202232474233368
0.42025898537417383
0.42025898537417383
0.42025898537417383
0.42025898537417383
0.42025898537417383
0.42028228316935595
0.4203096207543572
0.4203608843109408
0.42036380102710785
0.42036380102710785
0.4203666983154086
0.4203666983154086
0.4203889468475142
0.42042121401666505
0.42042121401666505
0.42042121401666505
0.42042121401666505
0.4204904391392895
0.4206271745403815
0.4206271745403815
0.42069511697230616
0.4209797672162491
0.4209868524071775
0.42100521375642014
0.42100521375642014
0.42100521375642014
0.42100521375642014
0.42100521375642014
0.42114059572282786
0.42114059572282786
0.42114059572282786
0.42114059572282786
0.42114059572282786
0.42114059572282786
0.42114059572282786
0.42114059572282786
0.42116287688228776
0.4211667983303476
0.4213401979808028
0.4213401979808028
0.42141915311518746
0.421428970960193
0.42158857928459015
0.42158857928459015
0.42158857928459015
0.42158857928459015
0.42161529086479366
0.42161529086479366
0.42163448817341853
0.4216501555648643
0.4216501555648643
0.4216501555648643
0.4216501555648643
0.4216501555648643
0.4216501555648643
0.4217312418480746
0.4217995319225945
0.42181253742874947
0.4218334543080422
0.4218334543080422
0.4218613889222901
0.4218718251156809
0.42189057121785356
0.4221012607924622
0.42215455679234215
0.42215455679234215
0.42215455679234215
0.42215455679234215
0.42215455679234215
0.42215455679234215
0.4222192880245568
0.4222192880245568
0.4222192880245568
0.42226419802475645
0.42226419802475645
0.4222777301058082
0.4222934661940366
0.4224209753263688
0.4224676043598552
0.42257405318977725
0.42257405318977725
0.4226280867951739
0.42266768507989144
0.4226907340922855
0.4227934205257025
0.42283069298338843
0.42288722634830256
0.4230577272569263
0.4230640935257681
0.4231098987800285
0.42311266040468765
0.42311266040468765
0.42311266040468765
0.42323023983949626
0.42323023983949626
0.4232942192797799
0.4232942192797799
0.4232942192797799
0.4232942192797799
0.4233034505843162
0.4233853322903998
0.42338533307572596
0.42341109861803217
0.42341109861803217
0.4234618068638284
0.4235189334572657
0.4235443983830854
0.42354834710150585
0.42369287479900064
0.42369287479900064
0.42375875081505593
0.42375875081505593
0.4238136154769971
0.4238136154769971
0.4238475678614558
0.4238475678614558
0.4238475678614558
0.42396011729765837
0.4239955717947689
0.42403070686180977
0.42403070686180977
0.42406486035177976
0.42406486035177976
0.4240918946758953
0.4240918946758953
0.4240918946758953
0.42434232984734127
0.42434232984734127
0.42435066998743126
0.42446912790112246
0.4244746429990731
0.4244746429990731
0.4244746429990731
0.4244746429990731
0.4244746429990731
0.4244746429990731
0.4244746429990731
0.4244746429990731
0.42457956162186355
0.42457956162186355
0.42457956162186355
0.42457956162186355
0.42457956162186355
0.4245932837841345
0.42466394677390673
0.42466394677390673
0.42466394677390673
0.42476176139534033
0.4247966822329228
0.4247966822329228
0.4247966822329228
0.4247966822329228
0.4247966822329228
0.4247966822329228
0.42481013183081157
0.4248618996656887
0.42491747893492665
0.4249405007973724
0.4249405007973724
0.4249405007973724
0.4249405007973724
0.42494505521263193
0.42504037802443895
0.4251370443613558
0.4253525343509325
0.42562731014427435
0.42566937733976407
0.4257485306192067
0.4257485306192067
0.4257485306192067
0.4257485306192067
0.4257485306192067
0.4257644913916465
0.4257889197461478
0.4257889197461478
0.4257889197461478
0.4257889197461478
0.42600163477879366
0.42612083232373354
0.42613236944944777
0.426154716275707
0.426154716275707
0.4261558136467078
0.42621457120130907
0.42623692094645954
0.42623692094645954
0.42627093423732326
0.42627093423732326
0.42627093423732326
0.42627093423732326
0.42627093423732326
0.42627093423732326
0.4263406903389084
0.42639096417512384
0.4263926529510329
0.4263926529510329
0.42643997419799695
0.42656188709744064
0.4266268014029837
0.4266296374475682
0.4267738746924908
0.42683293393046856
0.42684293136772267
0.42684293136772267
0.42684293136772267
0.42684293136772267
0.42684293136772267
0.426993715643807
0.4269956603167712
0.42709858600061806
0.42710971766290295
0.42721049117320326
0.42721049117320326
0.4274692886849237
0.4275593377825256
0.4276412184793153
0.4276412184793153
0.4276977464849071
0.4277550282042627
0.4277951027210512
0.42779604932883764
0.4278117112157521
0.4279594612889832
0.4279738341055259
0.428120839410659
0.42821004750980496
0.42827952523420004
0.4284179254344452
0.4284179254344452
0.4284745416530292
0.42848118240446853
0.42854691761175734
0.42855437452530637
0.42857378815029323
0.4285805067342775
0.4286196382760854
0.4286497358440728
0.4286497358440728
0.4286497358440728
0.4286497358440728
0.4286585040073571
0.4287719902435625
0.42877834361299616
0.42884148085335183
0.42884148085335183
0.42887783245951305
0.42887783245951305
0.42888665260992115
0.42892226206893075
0.4289232479360277
0.42902012844256865
0.42907729818401147
0.42907729818401147
0.42907729818401147
0.42907729818401147
0.42907729818401147
0.42907729818401147
0.42907729818401147
0.42912662026340664
0.42912662026340664
0.42912662026340664
0.42912662026340664
0.42912662026340664
0.42912662026340664
0.42912662026340664
0.42912662026340664
0.42919275858459094
0.4292196970160603
0.42926044920403167
0.42926044920403167
0.4292637573615291
0.4292651671628347
0.42935759856336425
0.42937377662261106
0.4295101572516308
0.42971477477087505
0.42972109070384934
0.42972109070384934
0.42972109070384934
0.42972109070384934
0.42982192836247873
0.42994715982488296
0.43020141658476857
0.4302491791062385
0.4302491791062385
0.4302587788782395
0.43059845318351625
0.43059845318351625
0.4309411537510926
0.4310857461694912
0.43120393575368593
0.4313203717475417
0.43142366775062013
0.43142366775062013
0.43142366775062013
0.43158436451979626
0.4316759456969901
0.4316759456969901
0.43171476724333135
0.43171476724333135
0.43171476724333135
0.43171476724333135
0.43172022123338266
0.43172022123338266
0.43172022123338266
0.43180000456929535
0.4318127201213423
0.4318127201213423
0.4318127201213423
0.4318127201213423
0.4318224028715205
0.4318224028715205
0.4318224028715205
0.4318224028715205
0.43185069118409514
0.43189987039925926
0.43191112914065133
0.43218470571230644
0.43219614853823296
0.4322071063752179
0.4322071063752179
0.4322071063752179
0.4322071063752179
0.4322430360379017
0.4322430360379017
0.4322430360379017
0.4322430360379017
0.4322430360379017
0.43231558807495163
0.4323363353183311
0.4323363353183311
0.4325485999729208
0.4325485999729208
0.43261063268196065
0.4326900362061225
0.4326900362061225
0.4326900362061225
0.4327423396214132
0.4327423396214132
0.4327423396214132
0.4327423396214132
0.4328937484004403
0.4328937484004403
0.4329050453345594
0.43308377421429023
0.43308377421429023
0.43308377421429023
0.43308377421429023
0.43308377421429023
0.43308377421429023
0.4331043754434893
0.43310438820317004
0.43314232783958506
0.4332003581796415
0.43321297394310604
0.43322687162150003
0.4334806878479779
0.4334806878479779
0.4334806878479779
0.4334806878479779
0.4334806878479779
0.4336216436380152
0.4336216436380152
0.4336216436380152
0.4336216436380152
0.4336216436380152
0.4336216436380152
0.4336216436380152
0.4336216436380152
0.4336216436380152
0.4336216436380152
0.4336216436380152
0.43362777687598586
0.4336313429345618
0.4336750969498936
0.4337075334737597
0.4337075334737597
0.4337075334737597
0.4337075334737597
0.4337075334737597
0.4337075334737597
0.4337075334737597
0.4337075334737597
0.4337874268229395
0.4337874299154398
0.43378743120921787
0.4338976261582978
0.4338976261582978
0.43391331648637765
0.43401943659259734
0.43401943659259734
0.43401943659259734
0.43402258044744074
0.434039515474077
0.434039515474077
0.434039515474077
0.43406869333485854
0.4341549595900884
0.4341549595900884
0.4341549595900884
0.4341600148179217
0.4341600148179217
0.4341600148179217
0.43437345358431073
0.4345393971917587
0.4347469638691035
0.4347469638691035
0.4347469638691035
0.43475227094636176
0.4347761546388035
0.4347761546388035
0.43485219665784275
0.4350777174348188
0.43510504992020355
0.43513895922006196
0.4351642843357179
0.4351801217271278
0.4351801217271278
0.43518596546328203
0.4352193592080646
0.4352193592080646
0.43523329897837837
0.4352886018182933
0.4352886018182933
0.4352886018182933
0.43539378763119807
0.4355934818473869
0.43568279517324493
0.43573338631449643
0.43573338631449643
0.43573338631449643
0.43573338631449643
0.43573338631449643
0.4357872548927824
0.4359015381447834
0.4360283285094491
0.4360962013222444
0.4361035550227807
0.4361077511954164
0.4362072571735393
0.43629753391373893
0.43629753391373893
0.43629753391373893
0.43629753391373893
0.43629753391373893
0.43634463320916494
0.4365126804050739
0.43652696438737837
0.43652696438737837
0.43652696438737837
0.43652696438737837
0.43652696438737837
0.4365370148075906
0.4365370148075906
0.43664658574634785
0.43664658574634785
0.43666724848621585
0.43666724848621585
0.43666724848621585
0.436753339620759
0.43678750375361014
0.43678750375361014
0.4368570890564768
0.4369098361100304
0.4369483395407834
0.4370523007884087
0.437052300867312
0.43707498351934315
0.43707498351934315
0.43708767691527467
0.4371886444777235
0.43722368466462685
0.43722368466462685
0.43724377956029553
0.43724377956029553
0.43754274829587475
0.43754274829587475
0.43754274829587475
0.43754274829587475
0.4375471656334557
0.4375471656334557
0.43769262752733823
0.4377305865809615
0.43775955915259707
0.4378901623106035
0.4378901623106035
0.43790175320764174
0.43814327444597395
0.43819138347858433
0.43824669294820195
0.43824669294820195
0.43824669294820195
0.43828808881631537
0.43848004862421186
0.43848004862421186
0.438541803443824
0.438541803443824
0.4385569961696662
0.4387180647087687
0.4387180647087687
0.4387193482956668
0.4388164206829093
0.43885482990341457
0.4388935266962599
0.4388935266962599
0.4388935266962599
0.43891856375757016
0.43891856375757016
0.43891856375757016
0.43891856375757016
0.43891856375757016
0.43891856375757016
0.43891856375757016
0.4389657438638317
0.43906453990603694
0.43906453990603694
0.43906453990603694
0.43906453990603694
0.43912304778962574
0.43912304778962574
0.4391416215736039
0.43914379774189977
0.4392169021888064
0.4393916265173937
0.4394390845858408
0.4394390845858408
0.4395251231126628
0.43955951917158537
0.43955951917158537
0.43955951917158537
0.43955951917158537
0.43955951917158537
0.43955951917158537
0.43955951917158537
0.43955951917158537
0.4396754025798819
0.43969797266151806
0.43969797266151806
0.43969797266151806
0.439816419816546
0.440034018664789
0.440034018664789
0.440034018664789
0.440034018664789
0.440034018664789
0.440034018664789
0.440034018664789
0.44004187751648555
0.4401060035284205
0.4401060035284205
0.4401060035284205
0.4401060035284205
0.4401060035284205
0.4401060035284205
0.4401580763368946
0.4401590102621759
0.44023096088032126
0.440343663050373
0.4403884103126819
0.4403884103126819
0.44041534464456444
0.44041534464456444
0.44041534464456444
0.44041534464456444
0.44041534464456444
0.44057610759538135
0.44064509557329795
0.4406603348336232
0.4406603348336232
0.4406603348336232
0.4406603348336232
0.4406603348336232
0.4406603348336232
0.4406603348336232
0.4406603348336232
0.4406603348336232
0.4406603348336232
0.44073751940563355
0.44073751940563355
0.44074221470847796
0.44081736019686707
0.44081736019686707
0.4408236077328846
0.4408236077328846
0.4408236077328846
0.4408236077328846
0.4408236077328846
0.4408236077328846
0.4408236077328846
0.44082377558632196
0.44082377558632196
0.44082377558632196
0.44085851122622244
0.4408877151177967
0.4408877151177967
0.4408877151177967
0.4408877151177967
0.4408877151177967
0.44089152317139874
0.44108422631662586
0.44108422631662586
0.44110714420756836
0.44110714420756836
0.44110714420756836
0.44110714420756836
0.44110714420756836
0.44110714420756836
0.44110714420756836
0.44110714420756836
0.44110714420756836
0.44110714420756836
0.44114463608416343
0.44114463608416343
0.44114463608416343
0.44114463608416343
0.44114463608416343
0.44126803144820004
0.44126803144820004
0.44126803144820004
0.44126803144820004
0.44126803144820004
0.44157360112082195
0.44157360112082195
0.44158319713914973
0.4416958394667869
0.4416958394667869
0.44189639453560603
0.44189639453560603
0.44189639453560603
0.44189639453560603
0.44189639453560603
0.44189639453560603
0.44189639453560603
0.44189639453560603
0.44189639453560603
0.44189639453560603
0.44189639453560603
0.44189639453560603
0.44189639453560603
0.4419152281018554
0.4419152281018554
0.4419152281018554
0.4419152281018554
0.4419152281018554
0.4419152281018554
0.44195778725656626
0.4419772066107575
0.4422342146930226
0.44227068426405086
0.44227068426405086
0.44235315444703066
0.44236519870743635
0.4424131183369392
0.4424291234602604
0.4424291234602605
0.4424291234602605
0.44252348106711975
0.44279239658726416
0.4428063125223298
0.4429247312857076
0.4429247312857076
0.4429319764923789
0.4429319764923789
0.4429319764923789
0.4429319764923789
0.4429319764923789
0.4432489270471394
0.4432489270471394
0.443260770449498
0.443260770449498
0.44330038445636516
0.443356859881039
0.44337560521033614
0.44337560521033614
0.44337560521033614
0.4434489308923453
0.44353011726203856
0.44365823353451644
0.4439359247379436
0.4439359247379436
0.4439359247379436
0.4439359247379436
0.4439359247379436
0.4439359247379436
0.4439359247379436
0.4439836133577332
0.4440886570646223
0.4443201000303849
0.4443361254028303
0.44447379226762246
0.44450810270930335
0.44450810270930335
0.44450810270930335
0.4446068367188543
0.4446068367188543
0.44476092138897066
0.44476092138897066
0.44478049702301986
0.4447988032062162
0.44503636909769256
0.44515693287890923
0.44520761632122635
0.44529799598598513
0.4454296981058865
0.44557704965736966
0.44557704965736966
0.44557704965736966
0.4456290306030462
0.44595452846039846
0.44595452846039846
0.446067240483397
0.4462363761544206
0.4462363761544206
0.4463151113611298
0.4463407269057704
0.44634763507026964
0.44634763507026964
0.44634763507026964
0.44634763507026964
0.44634763507026964
0.4465702238916105
0.4465702238916105
0.4469139792850428
0.4469139792850428
0.4469139792850428
0.4469139792850428
0.4469139792850428
0.4469651207333072
0.4470767510335036
0.4470974358408966
0.4471019300681531
0.4472956542825046
0.4473408112811481
0.4473603914339498
0.4474435373669552
0.44759446720463225
0.44759446720463225
0.44759446720463225
0.44759446720463225
0.44759446720463225
0.447601253422985
0.447601253422985
0.44761257328087267
0.4477545761589149
0.44784184403487776
0.4478619512724378
0.4478619512724378
0.44788198717223177
0.44788198717223177
0.44794137806942463
0.44794137806942463
0.44794137806942463
0.448258564349368
0.4483121133843016
0.44840857617966334
0.44869219939031363
0.44869219939031363
0.44869219939031363
0.448829348235853
0.4488559278570683
0.4489113530555434
0.4489113530555434
0.4489113530555434
0.44894246206715666
0.4489678324055981
0.4491042662868279
0.44914471486524365
0.4493274435934902
0.4493274435934902
0.4493274435934902
0.4493274435934902
0.4493274435934902
0.4493274435934902
0.4493274435934902
0.4493427499780281
0.44945485583895733
0.4494612254076948
0.4494612254076948
0.44954261654164585
0.4496703925499727
0.4496703925499727
0.4496703925499727
0.4497201214747899
0.4498379527651862
0.4498379527651862
0.4498379527651862
0.4498379527651862
0.4498550501060331
0.4498550501060331
0.4498550501060331
0.4498550501060331
0.4498550501060331
0.4498550501060331
0.4498550501060331
0.4498550501060331
0.4498550501060331
0.4498550501060331
0.4498563357629088
0.4498563357629088
0.4498563357629088
0.4498563357629088
0.4498563357629088
0.4498563357629088
0.4498563357629088
0.44989639855284214
0.44991266330180196
0.44991266330180196
0.4500383136557128
0.4500383136557128
0.4500383136557128
0.4500383136557128
0.4500383136557128
0.4503428853758974
0.45057542212423457
0.45060165745474673
0.4506885542018047
0.4506885542018047
0.4506885542018047
0.4506885542018047
0.45069768317100967
0.450822561355654
0.45085807018472207
0.45096872466765725
0.45096872466765725
0.45096872466765725
0.45096872466765725
0.45097972683087534
0.4511158325819977
0.4511487667419201
0.45116138856693966
0.45116581968902353
0.4511979577553868
0.4512192837434746
0.4512298347228914
0.45159452344193346
0.45159452344193346
0.45159452344193346
0.45159452344193346
0.45159452344193346
0.45159452344193346
0.45159452344193346
0.45162686031533417
0.45162686031533417
0.45180772247135914
0.45180772247135914
0.45180772247135914
0.45180772247135914
0.45180772247135914
0.4518141273246544
0.45183936422754634
0.45185864467116316
0.45188138316730503
0.4520699519632137
0.45209076776318496
0.45209076776318496
0.4521851516744541
0.45222719213864593
0.45222719213864593
0.45222719213864593
0.45236014435331295
0.45236014435331295
0.45236014435331295
0.45236014435331295
0.45236014435331295
0.4524235735312494
0.4524235735312494
0.4524235735312494
0.4524235735312494
0.4524235735312494
0.4524235735312494
0.4524235735312494
0.45276957004682594
0.45278859597711507
0.45278859597711507
0.45278859597711507
0.45278859597711507
0.45278859597711507
0.45278859597711507
0.45278859597711507
0.45278859597711507
0.45278859597711507
0.45278859597711507
0.4528023451102081
0.4528081638325697
0.45297853690179773
0.45298293291538033
0.45298293291538033
0.45298293291538033
0.45298293291538033
0.4530813744679499
0.4530813744679499
0.4530813744679499
0.4530813744679499
0.4530813744679499
0.4531606697900142
0.45316256149562084
0.4531720074815136
0.45327364486564425
0.45334374439283276
0.45340301385563686
0.45340301385563686
0.45345529445030325
0.4534673113440485
0.45383356416645887
0.4539075248990444
0.4539210491694114
0.4540850975905256
0.45426848918814833
0.45427485127633954
0.4546062205425027
0.4547821970603677
0.4548700765015658
0.4548700765015658
0.4548700765015658
0.4548700765015658
0.45500770549408887
0.45500770549408887
0.4551447109094136
0.4551447109094136
0.4551447109094136
0.455494670282451
0.455494670282451
0.45551250245322433
0.45570685395554644
0.45570685395554644
0.45570685395554644
0.45570685395554644
0.45570685395554644
0.45570685395554644
0.45572543472820687
0.4558975409461739
0.4558975409461739
0.4558975409461739
0.4558975409461739
0.4558975409461739
0.4558975409461739
0.45618347485888666
0.4562343287575215
0.456250048842936
0.45642412892319173
0.45642412892319173
0.4569485436813146
0.4571888570726432
0.4572328621841776
0.4572328621841776
0.4576550948389219
0.4577029723203258
0.4577029723203258
0.4577298384698841
0.4577298384698841
0.45785079764057623
0.45789303301957135
0.45820950689741746
0.45820952983594204
0.45820952983594204
0.45855217957079375
0.45855217957079375
0.45855217957079375
0.45855217957079375
0.45855217957079375
0.4585741059577592
0.4585876536857921
0.4585876536857921
0.4585876536857921
0.4585972761499314
0.4585972761499314
0.4585972761499314
0.45870521081649224
0.4587996418997234
0.45891100076134556
0.45895153845925846
0.45895153845925846
0.4591041903576039
0.45940094058791836
0.45940116835137995
0.45943217348519444
0.45943217348519444
0.45943217348519444
0.45980336546791184
0.4598184538257543
0.4599620484956845
0.4601669192540695
0.4601669192540695
0.4602749013537679
0.46038903160771816
0.46041279458890494
0.46041279458890494
0.46041279458890494
0.46041279458890494
0.46041279458890494
0.46041279458890494
0.46041279458890494
0.46041561715870294
0.4604156171859829
0.46074302922704047
0.4609491929944652
0.4609491929944652
0.4609491929944652
0.4609491929944652
0.4611167761284142
0.4611167761284142
0.4611167761284142
0.4611428880064428
0.46127632996466417
0.46140328532192526
0.46140328532192526
0.46140328532192526
0.46140328532192526
0.46140328532192526
0.46171315135815316
0.46171315135815316
0.46171315135815316
0.46171315135815316
0.4620208689566524
0.4620261364584435
0.46224223715743473
0.46234750544399883
0.4623557288523619
0.4623557288523619
0.4625454213040383
0.46261722630173774
0.46273614686288744
0.46273614686288744
0.46273614686288744
0.46275866443198693
0.4628514719540929
0.4633894558619264
0.46371200659791845
0.46391140565626376
0.46391140565626376
0.46391140565626376
0.46391140565626376
0.4639276168301652
0.4639276168301652
0.4639276168301652
0.4639276168301652
0.4639276168301652
0.46394762474819845
0.46394762474819845
0.46394762474819845
0.46394762474819845
0.46394762474819845
0.46394762474819845
0.46394762474819845
0.463977245368172
0.4640294258352376
0.46434251228107465
0.46447003068735615
0.46464231565472325
0.4646635768065731
0.46481221077899076
0.4658044364211321
0.46584456059416646
0.46584456059416646
0.46584456059416646
0.4659025794156861
0.4659025794156861
0.46596929836748113
0.46596929836748113
0.46596929836748113
0.46596929836748113
0.46596929836748113
0.4666697661403349
0.4666697661403349
0.4666697661403349
0.4668334019039872
0.4668334019039872
0.4670587382242652
0.4672259403586548
0.4672259403586548
0.4672259403586548
0.4672259403586548
0.4672259403586548
0.4672259403586548
0.4672259403586548
0.4672259403586548
0.4672259403586548
0.4672259403586548
0.4672259403586548
0.4672259403586548
0.46755499621338237
0.46755499621338237
0.46755499621338237
0.4675731343030651
0.4677081194280043
0.4677081194280043
0.46798957691111376
0.46813084844636443
0.46813084844636443
0.46813084844636443
0.46813084844636443
0.46813084844636443
0.46820378092771603
0.46838348944048575
0.46874347467443883
0.4687690461276546
0.46887217643117834
0.4691343772328416
0.4696779286076914
0.4696779286076914
0.4696779286076914
0.4696779286076914
0.4696779286076914
0.4696779286076914
0.4696779286076914
0.4696779286076914
0.4697094467203878
0.4697094467203878
0.4697576916061732
0.47016541828072667
0.47058435604004406
0.47075926103484717
0.47075926103484717
0.47075926103484717
0.47075926103484717
0.4707646236833647
0.4707646236833647
0.4707646236833647
0.4707904463203719
0.4707904463203719
0.4707904463203719
0.4707904463203719
0.4707904463203719
0.4707904463203719
0.4707904463203719
0.4707904463203719
0.4710468524362235
0.47116130618496677
0.47118363558500936
0.4711842377562894
0.4713174597102132
0.47132436172893866
0.471417555551918
0.47151639599712974
0.47151639599712974
0.47151639599712974
0.47151639599712974
0.47151639599712974
0.4716411941996822
0.47171916960315635
0.4720758397442844
0.4720758397442844
0.4720970424804999
0.4721573331453493
0.4721573331453493
0.4724306380095202
0.4727419586267811
0.4728070053436741
0.4728620840171135
0.4729274189856713
0.47298546747639286
0.47298546747639286
0.47298546747639286
0.47298546747639286
0.47298546747639286
0.47298546747639286
0.47298546747639286
0.47298546747639286
0.47313585929803864
0.47337906002824215
0.47368058336058
0.4739133063253592
0.47421867612544055
0.474218753359777
0.4742814290053144
0.47461921248689976
0.4746567631116699
0.47491929879695116
0.47491929879695116
0.47491929879695116
0.47491929879695116
0.47491929879695116
0.4749233495450492
0.47493434528741374
0.47493434528741374
0.4750414935658102
0.47532964633191355
0.47541883414064445
0.4754910036994893
0.4754910037542976
0.4754910037542976
0.4755565323918894
0.4755565323918894
0.4755565323918894
0.4755565323918894
0.4755565323918894
0.4755565323918894
0.4755565323918894
0.4755565323918894
0.4755565323918894
0.4755565323918894
0.4756373195950861
0.47567269391673717
0.4761560354240401
0.47656116673848803
0.47705731058111916
0.4773368359873277
0.47754557267915065
0.47780762325228654
0.4779542167226106
0.4781572034120153
0.4785204573833641
0.4785408605626767
0.47889863587155607
0.47910269340224265
0.47910269340224265
0.47914258242321894
0.47914258242321894
0.4792061338413322
0.4792109633590863
0.47955493857893905
0.4796829681415964
0.4796829681415964
0.4796829681415964
0.4796829681415964
0.4796829681415964
0.4796829681415964
0.4796829681415964
0.4797019130519148
0.47976035918820265
0.4800294941677545
0.4800294941677545
0.4800294941677545
0.4800294941677545
0.48057486673517535
0.48070094440946765
0.4807796788038434
0.480941769382779
0.480941769382779
0.480941769382779
0.480941769382779
0.480941769382779
0.480941769382779
0.4811556612667491
0.4811556612667491
0.4811556612667491
0.4811556612667491
0.4811556612667491
0.48172757948646483
0.48172757948646483
0.48172757948646483
0.48172757948646483
0.48172757948646483
0.48172757948646483
0.4817371385915994
0.4818990983854039
0.4819753580829667
0.4819982607013613
0.48202691232020894
0.48217730345855925
0.48217730345855925
0.48217730345855925
0.48217730345855925
0.48220314371781864
0.48220314371781864
0.48220314371781864
0.48232457646093774
0.4827169249358843
0.48275070101868517
0.48275070101868517
0.48275070101868517
0.48275070101868517
0.48275070101868517
0.48275070101868517
0.48275070101868517
0.48275070101868517
0.4828942922992316
0.48349194544205526
0.48398036311598325
0.4840452955242949
0.4840452957065062
0.4840490280384158
0.4840490280384158
0.4840490280384158
0.4840490280384158
0.4840490280384158
0.4840490280384158
0.4840490280384158
0.48445066706837137
0.48445066706837137
0.48445066706837137
0.48445066706837137
0.48445066706837137
0.48445066706837137
0.48445066706837137
0.48445066706837137
0.48445066706837137
0.48445066706837137
0.48452702056685815
0.4850454158443143
0.4850454158443143
0.4850454158443143
0.4850454158443143
0.4850454158443143
0.48508009209232333
0.4852871448962189
0.4852871448962189
0.4852871448962189
0.4852871448962189
0.4853254623292438
0.4862444143670361
0.4864415379142575
0.4865180893295446
0.48658787860001496
0.487580712832134
0.48779830650008926
0.48785718573797554
0.48817437524034224
0.48817438792910056
0.48884887535198013
0.48919543046747727
0.48919543046747727
0.48919543046747727
0.48919543046747727
0.48919543046747727
0.48919543046747727
0.4894742535355664
0.48979717239892895
0.48979717239892895
0.48979717239892895
0.48979717239892895
0.48979717239892895
0.48979717239892895
0.48990620388687794
0.48990620388687794
0.48990620388687794
0.48990620388687794
0.48990620388687794
0.4901067347351318
0.4901067347351318
0.4901067347351318
0.4901067347351318
0.4901067347351318
0.4901067347351318
0.4901067347351318
0.4901067347351318
0.4901067347351318
0.4901067347351318
0.4901067347351318
0.4903376457428865
0.49035341789000525
0.49073722797546254
0.49164075593185175
0.4923651989318996
0.4930944058081991
0.49329651313135087
0.49330206263401616
0.49330206263401616
0.49330206263401616
0.49330206263401616
0.4933118853282001
0.49334504357932574
0.49334504357932574
0.49334504357932574
0.49339629393202994
0.4936877392703063
0.4936929129820975
0.4936929129820975
0.4936929129820975
0.4936929129820975
0.4936929129820975
0.49403730608476176
0.49403730608476176
0.49403730608476176
0.49403730608476176
0.49403730608476176
0.49403730608476176
0.49403730608476176
0.49403730608476176
0.49443477696618204
0.4944896453413595
0.49455852080947255
0.4947341660436871
0.4947701580351274
0.49493437144619534
0.4950649658825536
0.49580328797981565
0.49580328797981565
0.49580328797981565
0.49580328797981565
0.49611503323562134
0.4970360807053401
0.4970857318727299
0.49713899246992954
0.49713904519198715
0.49713904519198715
0.49760578643779085
0.4978771085989325
0.4978771085989325
0.4978771085989325
0.4978771085989325
0.4978771085989325
0.4978771085989325
0.49801651023539034
0.4982401124366786
0.49831558854355446
0.49840672285459797
0.49888690830489774
0.49888690830489774
0.499012733548401
0.4991246703761307
0.4991246703761307
0.4991246703761307
0.4991246703761307
0.4991246703761307
0.4991246703761307
0.4991246703761307
0.49971407706487686
0.4997216088335508
0.4997216088335508
0.49973094268024726
0.49973094268024726
0.49973094268024726
0.49990198908506384
0.50044305608705
0.5006881189343484
0.5010295887801085
0.5011515769865338
0.5011515769865338
0.5011515769865338
0.5011515769865338
0.5011515769865338
0.5011515769865338
0.5013636519518526
0.5013636519518526
0.5013636519518526
0.5013636519518526
0.5013636519518526
0.5013636519518526
0.5013636519518526
0.501434032315232
0.5015786862318964
0.5015786862318964
0.5017137954240694
0.5017140075626718
0.5022120669033762
0.5022120669033762
0.502235939806282
0.503591641459529
0.5039726236622293
0.5040210529993788
0.5040260346737201
0.5040260346737201
0.5040791847021384
0.504150898999795
0.504150898999795
0.504150898999795
0.5042751566897861
0.5048643265566531
0.5048723298546202
0.5055548498647459
0.5059058121855046
0.5062000278282521
0.5062000278282521
0.5062000278282521
0.5062000278282521
0.5078690695250849
0.5081513893380543
0.5082785139211319
0.5083614234332745
0.5083614234332745
0.5083614234332745
0.5085492550804792
0.5089419418069476
0.509525197505881
0.509525197505881
0.509525197505881
0.509525197505881
0.5099093432158862
0.5103627499869835
0.5106928064676051
0.5106928064676051
0.5106928064676051
0.5106928064676051
0.5106928064676051
0.5109688597993057
0.5115253890979478
0.5115253890979478
0.5115253890979478
0.5117711594797097
0.5119274145140396
0.5123628585210327
0.5124810327859829
0.5127933943206583
0.5129271903518485
0.5129271903518485
0.5129271903518485
0.5129271903518485
0.5129271903518485
0.5129271903518485
0.5131588439800746
0.5131588439800746
0.5131588439800746
0.5131588439800746
0.5131588439800746
0.5134716254098288
0.5134881436560889
0.5134881436560889
0.5134881436560889
0.5135391743465442
0.5138308887601751
0.5138308887601751
0.5138308887601751
0.5138308887601751
0.5143777064109658
0.5151523631411157
0.5160075333034543
0.5160075333034543
0.5160075333034543
0.5160075333034543
0.5160075333034543
0.5160075333034543
0.5160075333034543
0.5161298384201612
0.5164090477407395
0.516409103294035
0.5164151153425276
0.5164703947373888
0.5171340659556788
0.5180970937008393
0.5180970937008393
0.5180970937008393
0.5180970937008393
0.5180970937008393
0.5180970937008393
0.5180970937008393
0.5180970937008393
0.5180970937008393
0.5185705739317726
0.518744772576762
0.518744772576762
0.5188260466200819
0.5188260466200819
0.5188260466200819
0.5188260466200819
0.5188260466200819
0.5188260466200819
0.5188260466200819
0.5193086751743439
0.5195537396500765
0.5195563502865811
0.5207048377879763
0.5207558375251728
0.5208499686043101
0.5208499686043101
0.5208499686043101
0.5208499686043101
0.5214138756458171
0.5217449525173764
0.5220439963550355
0.5220439963550355
0.5220439963550355
0.5220439963550355
0.5220439963550355
0.5222886721982961
0.5233568623313999
0.5233568623313999
0.5233568623313999
0.5233568623313999
0.5233568623313999
0.5233568623313999
0.5233568623313999
0.5233568623313999
0.5236716934123724
0.5236716934123724
0.5236716934123724
0.5248699652057119
0.5265812316118927
0.5265812316118927
0.5273176527061085
0.5273687680047218
0.5274812546529206
0.5278677627541883
0.5286743748844678
0.5286743748844678
0.5286743748844678
0.5286743748844678
0.5286743748844678
0.5286743748844678
0.5286743748844678
0.5294267842316502
0.5307006616188338
0.5307006616188338
0.5307574720864313
0.5307574720864313
0.5313223010948658
0.5317023187459212
0.5320083068990481
0.5328927017900857
0.5332930654157444
0.5338506052074303
0.5338506052074303
0.5338506052074303
0.5338506052074303
0.5338506052074303
0.5338506052074303
0.5338506052074303
0.5340607498560542
0.5347529314176692
0.5361296065360306
0.5363883346092105
0.5366753093582172
0.5366753093582172
0.5403668311081912
0.5404674650309128
0.5431928546508721
0.5432517727908596
0.5432517727908596
0.5432517727908596
0.5432517727908596
0.5432517727908596
0.5459149882267844
0.5459374562921109
0.5459567005524539
0.5459567005524539
0.5459567005524539
0.5459567005524539
0.5459567005524539
0.5459567005524539
0.5467374633377942
0.5498311208661061
0.5498311208661061
0.5498311208661061
0.5498311208661061
0.5498311208661061
0.5498311208661061
0.5498311208661061
0.5498311208661061
0.5502392510179093
0.550887946841555
0.5514705742777007
0.5521973262254488
0.5533747062862487
0.5540804804868239
0.5568806022482801
0.5568806022482801
0.5590141889717901
0.5617587048431316
0.562167803410868
0.5622204665035919
0.5641972985568351
0.5641972985568351
0.5641972985568351
0.5641972985568351
0.5642079815895193
0.568427630475873
0.5702142399716074
0.5709140783460621
0.5710792741238405
0.5743457114658592
0.5801625395339732
0.5832041645076247
0.5869410914024988
0.5900192181434231
0.5902242305814878
0.593419464579716
0.593419464579716
0.5955334162979209
0.6063321333825009
0.6096740725965797
0.610784790329154
0.6143739849265532
0.6207825487531944
0.6258170901723576
0.6273790939610763
0.6303488544104899
0.6325229346346521
0.6332483936771822
0.6332883256506256
0.6334601061547376
0.634119789120961
0.6346370105014479
0.6370263589846912
0.6373412529413398
0.6373412529413398
0.637792352735951
0.637792352735951
0.6438946254124408
0.6455252046492586
0.647253406497201
0.6496865761866671
0.6547292811223674
0.6547292811223674
0.6547292811223674
0.6584423920822502
0.6595753348018928
0.6614793396686351
